# Made in Blockbench 4.1.3

o cube
v -0.13927822534316997 0.35788357331843973 -0.19243941495410066
v 0.04821919830123807 0.022641449680593048 0.01699717369624982
v -0.13927822534316997 0.35788357331843973 -0.19243941495410066
v 0.04821919830123807 0.022641449680593048 0.01699717369624982
v -0.04735375418425672 -0.051093442532867656 -0.015467829360498585
v -0.23485117782866477 0.284148681104979 -0.22490441801084904
v -0.04735375418425672 -0.051093442532867656 -0.015467829360498585
v -0.23485117782866477 0.284148681104979 -0.22490441801084904
vt 0 1
vt 0.1875 1
vt 0.1875 1
vt 0 1
vt 0 1
vt 1 1
vt 1 1
vt 0 1
vt 0 1
vt 0.1875 1
vt 0.1875 1
vt 0 1
vt 0 1
vt 1 1
vt 1 1
vt 0 1
vt 0 1
vt 0.1875 1
vt 0.1875 0
vt 0 0
vt 0.40625 0.3125
vt 0.5 0.3125
vt 0.5 0
vt 0.40625 0
vn 0.4285655397586472 -0.7662677111722209 0.4787122026293723
vn 0.7645836198839586 0.5898791377076856 0.25972002445398734
vn -0.4285655397586472 0.7662677111722209 -0.4787122026293723
vn -0.7645836198839586 -0.5898791377076856 -0.25972002445398734
vn 0.48139740998111136 -0.2547084563027366 -0.8386776114523118
vn -0.48139740998111136 0.2547084563027366 0.8386776114523118
g Leaf
f 4/4/1 7/3/1 5/2/1 2/1/1
f 3/8/2 4/7/2 2/6/2 1/5/2
f 8/12/3 3/11/3 1/10/3 6/9/3
f 7/16/4 8/15/4 6/14/4 5/13/4
f 6/20/5 1/19/5 2/18/5 5/17/5
f 7/24/6 4/23/6 3/22/6 8/21/6
o cube
v -0.3814203089096574 0.7111036667436142 -0.28184065923619045
v -0.1392687783000144 0.3578684352034237 -0.19243284401763688
v -0.3814203089096574 0.7111036667436142 -0.28184065923619045
v -0.1392687783000144 0.3578684352034237 -0.19243284401763688
v -0.2348417307855092 0.284133542989963 -0.22489784707438526
v -0.4769932613951522 0.6373687745301536 -0.3143056622929389
v -0.2348417307855092 0.284133542989963 -0.22489784707438526
v -0.4769932613951522 0.6373687745301536 -0.3143056622929389
vt 0 1
vt 0.1875 1
vt 0.1875 1
vt 0 1
vt 0 1
vt 1 1
vt 1 1
vt 0 1
vt 0 1
vt 0.1875 1
vt 0.1875 1
vt 0 1
vt 0 1
vt 1 1
vt 1 1
vt 0 1
vt 0 1
vt 0.1875 1
vt 0.1875 0
vt 0 0
vt 0.40625 0.625
vt 0.5 0.625
vt 0.5 0.3125
vt 0.40625 0.3125
vn 0.5534892128220414 -0.8073948149490072 0.2043607204995509
vn 0.7645836198839586 0.5898791377076857 0.2597200244539873
vn -0.5534892128220414 0.8073948149490072 -0.2043607204995509
vn -0.7645836198839586 -0.5898791377076857 -0.2597200244539873
vn 0.3302447266721753 -0.012498627552481968 -0.9438125898792222
vn -0.3302447266721753 0.012498627552481968 0.9438125898792222
g Leaf
f 12/28/7 15/27/7 13/26/7 10/25/7
f 11/32/8 12/31/8 10/30/8 9/29/8
f 16/36/9 11/35/9 9/34/9 14/33/9
f 15/40/10 16/39/10 14/38/10 13/37/10
f 14/44/11 9/43/11 10/42/11 13/41/11
f 15/48/12 12/47/12 11/46/12 16/45/12
o cube
v -0.541433176614863 0.8731122998266168 -0.1787384633614143
v -0.3813949847300928 0.711072785890838 -0.28184507353607785
v -0.541433176614863 0.8731122998266168 -0.1787384633614143
v -0.3813949847300928 0.711072785890838 -0.28184507353607785
v -0.4769679372155876 0.6373378936773773 -0.3143100765928262
v -0.6370061291003578 0.799377407613156 -0.21120346641816268
v -0.4769679372155876 0.6373378936773773 -0.3143100765928262
v -0.6370061291003578 0.799377407613156 -0.21120346641816268
vt 0 1
vt 0.1875 1
vt 0.1875 1
vt 0 1
vt 0 1
vt 1 1
vt 1 1
vt 0 1
vt 0 1
vt 0.1875 1
vt 0.1875 1
vt 0 1
vt 0 1
vt 1 1
vt 1 1
vt 0 1
vt 0 1
vt 0.1875 1
vt 0.1875 0
vt 0 0
vt 0.40625 0.78125
vt 0.5 0.78125
vt 0.5 0.625
vt 0.40625 0.625
vn 0.6401527675390807 -0.6481580557431152 -0.4124264406986544
vn 0.7645836198839586 0.5898791377076856 0.2597200244539873
vn -0.6401527675390807 0.6481580557431152 0.4124264406986544
vn -0.7645836198839586 -0.5898791377076856 -0.2597200244539873
vn -0.0749421271195215 0.4815949934047715 -0.8731837950341611
vn 0.0749421271195215 -0.4815949934047715 0.8731837950341611
g Leaf
f 20/52/13 23/51/13 21/50/13 18/49/13
f 19/56/14 20/55/14 18/54/14 17/53/14
f 24/60/15 19/59/15 17/58/15 22/57/15
f 23/64/16 24/63/16 22/62/16 21/61/16
f 22/68/17 17/67/17 18/66/17 21/65/17
f 23/72/18 20/71/18 19/70/18 24/69/18
o cube
v -0.7213932483823499 1.0119609328071935 0.035687094810958934
v -0.5414197750155995 0.8731002598648427 -0.17875057071052786
v -0.7213932483823499 1.0119609328071935 0.035687094810958934
v -0.5414197750155995 0.8731002598648427 -0.17875057071052786
v -0.6369927275010941 0.7993653676513821 -0.21121557376727623
v -0.8169662008678447 0.9382260405937328 0.0032220917542105593
v -0.6369927275010941 0.7993653676513821 -0.21121557376727623
v -0.8169662008678447 0.9382260405937328 0.0032220917542105593
vt 0 1
vt 0.1875 1
vt 0.1875 1
vt 0 1
vt 0 1
vt 1 1
vt 1 1
vt 0 1
vt 0 1
vt 0.1875 1
vt 0.1875 1
vt 0 1
vt 0 1
vt 1 1
vt 1 1
vt 0 1
vt 0 1
vt 0.1875 1
vt 0.1875 0
vt 0 0
vt 0.40625 1
vt 0.5 1
vt 0.5 0.78125
vt 0.40625 0.78125
vn 0.5759151147736018 -0.44435415341552253 -0.6862005296687576
vn 0.7645836198839586 0.5898791377076857 0.2597200244539873
vn -0.5759151147736018 0.44435415341552253 0.6862005296687576
vn -0.7645836198839586 -0.5898791377076857 -0.2597200244539873
vn -0.28936770514425375 0.6742343726328492 -0.6794662184243869
vn 0.28936770514425375 -0.6742343726328492 0.6794662184243869
g Leaf
f 28/76/19 31/75/19 29/74/19 26/73/19
f 27/80/20 28/79/20 26/78/20 25/77/20
f 32/84/21 27/83/21 25/82/21 30/81/21
f 31/88/22 32/87/22 30/86/22 29/85/22
f 30/92/23 25/91/23 26/90/23 29/89/23
f 31/96/24 28/95/24 27/94/24 32/93/24
o cube
v 0.28760732907094866 0.21838638871024743 -0.24287707174014722
v 0.023347362783235147 -0.061943530830764613 -0.03554145871685059
v 0.28760732907094866 0.21838638871024743 -0.24287707174014722
v 0.023347362783235147 -0.061943530830764613 -0.03554145871685059
v -0.019405152103726238 0.03124500501654793 0.035964619748369994
v 0.24485481418398722 0.31157492455756 -0.17137099327492666
v -0.019405152103726238 0.03124500501654793 0.035964619748369994
v 0.24485481418398722 0.31157492455756 -0.17137099327492666
vt 0 1
vt 0.1875 1
vt 0.1875 1
vt 0 1
vt 0 1
vt 1 1
vt 1 1
vt 0 1
vt 0 1
vt 0.1875 1
vt 0.1875 1
vt 0 1
vt 0 1
vt 1 1
vt 1 1
vt 0 1
vt 0 1
vt 0.1875 1
vt 0.1875 0
vt 0 0
vt 0.40625 0.3125
vt 0.5 0.3125
vt 0.5 0
vt 0.40625 0
vn -0.6040227800862026 -0.6407541018080276 0.47390997262467793
vn 0.34202011909569124 -0.7455082867785006 -0.5720486277217648
vn 0.6040227800862026 0.6407541018080276 -0.47390997262467793
vn -0.34202011909569124 0.7455082867785006 0.5720486277217648
vn -0.719846316425044 0.18344365718326922 -0.6694547821686859
vn 0.719846316425044 -0.18344365718326922 0.6694547821686859
g Leaf
f 36/100/25 39/99/25 37/98/25 34/97/25
f 35/104/26 36/103/26 34/102/26 33/101/26
f 40/108/27 35/107/27 33/106/27 38/105/27
f 39/112/28 40/111/28 38/110/28 37/109/28
f 38/116/29 33/115/29 34/114/29 37/113/29
f 39/120/30 36/119/30 35/118/30 40/117/30
o cube
v 0.6343252123774372 0.4615966479451237 -0.35253693089912697
v 0.28759389470559044 0.21837487695078506 -0.24287010154803135
v 0.6343252123774372 0.4615966479451237 -0.35253693089912697
v 0.28759389470559044 0.21837487695078506 -0.24287010154803135
v 0.244841379818629 0.31156341279809757 -0.1713640230828108
v 0.5915726974904758 0.5547851837924362 -0.2810308524339064
v 0.244841379818629 0.31156341279809757 -0.1713640230828108
v 0.5915726974904758 0.5547851837924362 -0.2810308524339064
vt 0 1
vt 0.1875 1
vt 0.1875 1
vt 0 1
vt 0 1
vt 1 1
vt 1 1
vt 0 1
vt 0 1
vt 0.1875 1
vt 0.1875 1
vt 0 1
vt 0 1
vt 1 1
vt 1 1
vt 0 1
vt 0 1
vt 0.1875 1
vt 0.1875 0
vt 0 0
vt 0.40625 0.625
vt 0.5 0.625
vt 0.5 0.3125
vt 0.40625 0.3125
vn -0.7925287261070788 -0.5559354765584883 0.25066703851678984
vn 0.34202011909569124 -0.7455082867785007 -0.5720486277217648
vn 0.7925287261070788 0.5559354765584883 -0.25066703851678984
vn -0.34202011909569124 0.7455082867785007 0.5720486277217648
vn -0.5048964809036212 0.3676317998327559 -0.7809778507248897
vn 0.5048964809036212 -0.3676317998327559 0.7809778507248897
g Leaf
f 44/124/31 47/123/31 45/122/31 42/121/31
f 43/128/32 44/127/32 42/126/32 41/125/32
f 48/132/33 43/131/33 41/130/33 46/129/33
f 47/136/34 48/135/34 46/134/34 45/133/34
f 46/140/35 41/139/35 42/138/35 45/137/35
f 47/144/36 44/143/36 43/142/36 48/141/36
o cube
v 0.8683177414575437 0.5158935459320729 -0.28339706524581804
v 0.634288537620001 0.461580244057363 -0.35253748027662707
v 0.8683177414575437 0.5158935459320729 -0.28339706524581804
v 0.634288537620001 0.461580244057363 -0.35253748027662707
v 0.5915360227330397 0.5547687799046755 -0.2810314018114065
v 0.8255652265705824 0.6090820817793855 -0.2118909867805975
v 0.5915360227330397 0.5547687799046755 -0.2810314018114065
v 0.8255652265705824 0.6090820817793855 -0.2118909867805975
vt 0 1
vt 0.1875 1
vt 0.1875 1
vt 0 1
vt 0 1
vt 1 1
vt 1 1
vt 0 1
vt 0 1
vt 0.1875 1
vt 0.1875 1
vt 0 1
vt 0 1
vt 1 1
vt 1 1
vt 0 1
vt 0 1
vt 0.1875 1
vt 0.1875 0
vt 0 0
vt 0.40625 0.78125
vt 0.5 0.78125
vt 0.5 0.625
vt 0.40625 0.625
vn -0.9361168153501709 -0.21725320749883992 -0.2765616601232361
vn 0.3420201190956913 -0.7455082867785006 -0.5720486277217649
vn 0.9361168153501709 0.21725320749883992 0.2765616601232361
vn -0.3420201190956913 0.7455082867785006 0.5720486277217649
vn 0.08189961020922845 0.6300939915409852 -0.7721878111389259
vn -0.08189961020922845 -0.6300939915409852 0.7721878111389259
g Leaf
f 52/148/37 55/147/37 53/146/37 50/145/37
f 51/152/38 52/151/38 50/150/38 49/149/38
f 56/156/39 51/155/39 49/154/39 54/153/39
f 55/160/40 56/159/40 54/158/40 53/157/40
f 54/164/41 49/163/41 50/162/41 53/161/41
f 55/168/42 52/167/42 51/166/42 56/165/42
o cube
v 1.1344388979643516 0.5123432764013599 -0.1196600323106694
v 0.8682980394780757 0.5158912768284727 -0.28340588763884916
v 1.1344388979643516 0.5123432764013599 -0.1196600323106694
v 0.8682980394780757 0.5158912768284727 -0.28340588763884916
v 0.8255455245911143 0.6090798126757853 -0.21189980917362855
v 1.0916863830773904 0.6055318122486725 -0.048153953845448794
v 0.8255455245911143 0.6090798126757853 -0.21189980917362855
v 1.0916863830773904 0.6055318122486725 -0.048153953845448794
vt 0 1
vt 0.1875 1
vt 0.1875 1
vt 0 1
vt 0 1
vt 1 1
vt 1 1
vt 0 1
vt 0 1
vt 0.1875 1
vt 0.1875 1
vt 0 1
vt 0 1
vt 1 1
vt 1 1
vt 0 1
vt 0 1
vt 0.1875 1
vt 0.1875 0
vt 0 0
vt 0.40625 1
vt 0.5 1
vt 0.5 0.78125
vt 0.40625 0.78125
vn -0.8516507471560837 0.01135360136676067 -0.5239867370501751
vn 0.34202011909569124 -0.7455082867785006 -0.5720486277217648
vn 0.8516507471560837 -0.01135360136676067 0.5239867370501751
vn -0.34202011909569124 0.7455082867785006 0.5720486277217648
vn 0.39713126671448834 0.6663996474193168 -0.6310295293543372
vn -0.39713126671448834 -0.6663996474193168 0.6310295293543372
g Leaf
f 60/172/43 63/171/43 61/170/43 58/169/43
f 59/176/44 60/175/44 58/174/44 57/173/44
f 64/180/45 59/179/45 57/178/45 62/177/45
f 63/184/46 64/183/46 62/182/46 61/181/46
f 62/188/47 57/187/47 58/186/47 61/185/47
f 63/192/48 60/191/48 59/190/48 64/189/48
o cube
v 0.16956507179412028 0.329741617585361 -0.2203982878363116
v 0.05601019562453419 -0.040179554503251294 -0.016266304701141893
v 0.16956507179412028 0.329741617585361 -0.2203982878363116
v 0.05601019562453419 -0.040179554503251294 -0.016266304701141893
v -0.05241895424165893 0.011881440498695148 0.01775974794535141
v 0.06113592192792715 0.3818026125873075 -0.18637223518981827
v -0.05241895424165893 0.011881440498695148 0.01775974794535141
v 0.06113592192792715 0.3818026125873075 -0.18637223518981827
vt 0 1
vt 0.1875 1
vt 0.1875 1
vt 0 1
vt 0 1
vt 1 1
vt 1 1
vt 0 1
vt 0 1
vt 0.1875 1
vt 0.1875 1
vt 0 1
vt 0 1
vt 1 1
vt 1 1
vt 0 1
vt 0 1
vt 0.1875 1
vt 0.1875 0
vt 0 0
vt 0.40625 0.3125
vt 0.5 0.3125
vt 0.5 0
vt 0.40625 0
vn -0.25955400267333967 -0.845534107631114 0.46658739002324495
vn 0.8674331989295453 -0.4164879600155717 -0.27220842117194644
vn 0.25955400267333967 0.845534107631114 -0.46658739002324495
vn -0.8674331989295453 0.4164879600155717 0.27220842117194644
vn -0.4244895347250674 -0.33408060703148185 -0.8415454728737909
vn 0.4244895347250674 0.33408060703148185 0.8415454728737909
g Leaf
f 68/196/49 71/195/49 69/194/49 66/193/49
f 67/200/50 68/199/50 66/198/50 65/197/50
f 72/204/51 67/203/51 65/202/51 70/201/51
f 71/208/52 72/207/52 70/206/52 69/205/52
f 70/212/53 65/211/53 66/210/53 69/209/53
f 71/216/54 68/215/54 67/214/54 72/213/54
o cube
v 0.33370350443569013 0.7264760919070523 -0.30436338372177374
v 0.16955896578983454 0.3297247601296207 -0.22039195307078646
v 0.33370350443569013 0.7264760919070523 -0.30436338372177374
v 0.16955896578983454 0.3297247601296207 -0.22039195307078646
v 0.06112981592364142 0.38178575513156715 -0.18636590042429313
v 0.22527435456949702 0.7785370869089987 -0.27033733107528046
v 0.06112981592364142 0.38178575513156715 -0.18636590042429313
v 0.22527435456949702 0.7785370869089987 -0.27033733107528046
vt 0 1
vt 0.1875 1
vt 0.1875 1
vt 0 1
vt 0 1
vt 1 1
vt 1 1
vt 0 1
vt 0 1
vt 0.1875 1
vt 0.1875 1
vt 0 1
vt 0 1
vt 1 1
vt 1 1
vt 0 1
vt 0 1
vt 0.1875 1
vt 0.1875 0
vt 0 0
vt 0.40625 0.625
vt 0.5 0.625
vt 0.5 0.3125
vt 0.40625 0.3125
vn -0.37518751690481283 -0.9068601869198437 0.19193469863082793
vn 0.8674331989295452 -0.41648796001557165 -0.27220842117194644
vn 0.37518751690481283 0.9068601869198437 -0.19193469863082793
vn -0.8674331989295452 0.41648796001557165 0.27220842117194644
vn -0.3267934707941041 -0.06436132799883534 -0.9429017164607187
vn 0.3267934707941041 0.06436132799883534 0.9429017164607187
g Leaf
f 76/220/55 79/219/55 77/218/55 74/217/55
f 75/224/56 76/223/56 74/222/56 73/221/56
f 80/228/57 75/227/57 73/226/57 78/225/57
f 79/232/58 80/231/58 78/230/58 77/229/58
f 78/236/59 73/235/59 74/234/59 77/233/59
f 79/240/60 76/239/60 75/238/60 80/237/60
o cube
v 0.45783389129139257 0.9161010699269431 -0.19893571852483977
v 0.3336850087805561 0.7264407568080776 -0.3043682590375506
v 0.45783389129139257 0.9161010699269431 -0.19893571852483977
v 0.3336850087805561 0.7264407568080776 -0.3043682590375506
v 0.225255858914363 0.7785017518100241 -0.2703422063910573
v 0.34940474142519945 0.9681620649288896 -0.1649096658783465
v 0.225255858914363 0.7785017518100241 -0.2703422063910573
v 0.34940474142519945 0.9681620649288896 -0.1649096658783465
vt 0 1
vt 0.1875 1
vt 0.1875 1
vt 0 1
vt 0 1
vt 1 1
vt 1 1
vt 0 1
vt 0 1
vt 0.1875 1
vt 0.1875 1
vt 0 1
vt 0 1
vt 1 1
vt 1 1
vt 0 1
vt 0 1
vt 0.1875 1
vt 0.1875 0
vt 0 0
vt 0.40625 0.78125
vt 0.5 0.78125
vt 0.5 0.625
vt 0.40625 0.625
vn -0.496595530043346 -0.758641252475462 -0.42173016205084357
vn 0.8674331989295453 -0.41648796001557165 -0.27220842117194644
vn 0.496595530043346 0.758641252475462 0.42173016205084357
vn -0.8674331989295453 0.41648796001557165 0.27220842117194644
vn -0.030863002702661277 0.5010002287469838 -0.8648966677353113
vn 0.030863002702661277 -0.5010002287469838 0.8648966677353113
g Leaf
f 84/244/61 87/243/61 85/242/61 82/241/61
f 83/248/62 84/247/62 82/246/62 81/245/62
f 88/252/63 83/251/63 81/250/63 86/249/63
f 87/256/64 88/255/64 86/254/64 85/253/64
f 86/260/65 81/259/65 82/258/65 85/257/65
f 87/264/66 84/263/66 83/262/66 88/261/66
o cube
v 0.606949073264817 1.0853171841190468 0.017336007577823494
v 0.4578231596070595 0.916086741390067 -0.19894799351678505
v 0.606949073264817 1.0853171841190468 0.017336007577823494
v 0.4578231596070595 0.916086741390067 -0.19894799351678505
v 0.3493940097408664 0.9681477363920133 -0.16492194087029177
v 0.4985199233986237 1.1373781791209931 0.051362060224316775
v 0.3493940097408664 0.9681477363920133 -0.16492194087029177
v 0.4985199233986237 1.1373781791209931 0.051362060224316775
vt 0 1
vt 0.1875 1
vt 0.1875 1
vt 0 1
vt 0 1
vt 1 1
vt 1 1
vt 0 1
vt 0 1
vt 0.1875 1
vt 0.1875 1
vt 0 1
vt 0 1
vt 1 1
vt 1 1
vt 0 1
vt 0 1
vt 0.1875 1
vt 0.1875 0
vt 0 0
vt 0.40625 1
vt 0.5 1
vt 0.5 0.78125
vt 0.40625 0.78125
vn -0.47720292370482387 -0.5415374167327347 -0.6921088035027475
vn 0.8674331989295451 -0.4164879600155716 -0.27220842117194644
vn 0.47720292370482387 0.5415374167327347 0.6921088035027475
vn -0.8674331989295451 0.4164879600155716 0.27220842117194644
vn 0.1408439384653253 0.7302568078700152 -0.6684968059438068
vn -0.1408439384653253 -0.7302568078700152 0.6684968059438068
g Leaf
f 92/268/67 95/267/67 93/266/67 90/265/67
f 91/272/68 92/271/68 90/270/68 89/269/68
f 96/276/69 91/275/69 89/274/69 94/273/69
f 95/280/70 96/279/70 94/278/70 93/277/70
f 94/284/71 89/283/71 90/282/71 93/281/71
f 95/288/72 92/287/72 91/286/72 96/285/72
o cube
v -0.16883380570644388 0.282888116469418 -0.5642863679680562
v -0.16883380570644388 0.282888116469418 -0.5642863679680562
v 0.0010161954830383276 0.01499512015309774 0.010212006373070043
v 0.0010161954830383276 0.01499512015309774 0.010212006373070043
v -0.16883380650073962 0.25456599812452274 -0.5774931886474531
v -0.16883380650073962 0.25456599812452274 -0.5774931886474531
v 0.001016194688742601 -0.01332699819179754 -0.002994814306326855
v 0.001016194688742601 -0.01332699819179754 -0.002994814306326855
vt 0 1
vt 0.0625 1
vt 0.0625 0.5
vt 0 0.5
vt 0 1
vt 0 1
vt 0 0.5
vt 0 0.5
vt 0.4375 0.28125
vt 0.46875 0.28125
vt 0.46875 0
vt 0.4375 0
vt 0 1
vt 0 1
vt 0 0.5
vt 0 0.5
vt 0 1
vt 0.0625 1
vt 0.0625 1
vt 0 1
vt 0 1
vt 0.0625 1
vt 0.0625 1
vt 0 1
vn 0.965925825129097 0.10938163452504933 -0.23456973030913866
vn 0 0.9063077870366489 0.4226182617407008
vn -0.965925825129097 -0.10938163452504933 0.23456973030913866
vn 0 -0.9063077870366489 -0.4226182617407008
vn -0.258819049431592 0.4082178991486784 -0.8754260942340972
vn 0.258819049431592 -0.4082178991486784 0.8754260942340972
g Flower
f 100/292/73 103/291/73 101/290/73 98/289/73
f 99/296/74 100/295/74 98/294/74 97/293/74
f 104/300/75 99/299/75 97/298/75 102/297/75
f 103/304/76 104/303/76 102/302/76 101/301/76
f 102/308/77 97/307/77 98/306/77 101/305/77
f 103/312/78 100/311/78 99/310/78 104/309/78
o cube
v -0.05575932650505913 0.5288828456189759 -0.3696358519274161
v -0.05575932650505913 0.5288828456189759 -0.3696358519274161
v -0.01899448000894749 -0.00008434281006231004 0.01702436341364517
v -0.01899448000894749 -0.00008434281006231004 0.01702436341364517
v -0.035748651807369046 0.5156401902372407 -0.38965502964738813
v -0.035748651807369046 0.5156401902372407 -0.38965502964738813
v 0.001016194688742601 -0.01332699819179754 -0.002994814306326855
v 0.001016194688742601 -0.01332699819179754 -0.002994814306326855
vt 0 1
vt 0.0625 1
vt 0.0625 0.5
vt 0 0.5
vt 0 1
vt 0 1
vt 0 0.5
vt 0 0.5
vt 0.4375 0.28125
vt 0.46875 0.28125
vt 0.46875 0
vt 0.4375 0
vt 0 1
vt 0 1
vt 0 0.5
vt 0 0.5
vt 0 1
vt 0.0625 1
vt 0.0625 1
vt 0 1
vt 0 1
vt 0.0625 1
vt 0.0625 1
vt 0 1
vn 0.7660444591437557 0.41317589497085194 0.49240386516576634
vn -0.6403415903260831 0.4237649722155275 0.6406136870391049
vn -0.7660444591437557 -0.41317589497085194 -0.49240386516576634
vn 0.6403415903260831 -0.4237649722155275 -0.6406136870391049
vn -0.05602262323217026 0.8060452395109153 -0.5891965186149505
vn 0.05602262323217026 -0.8060452395109153 0.5891965186149505
g Flower
f 108/316/79 111/315/79 109/314/79 106/313/79
f 107/320/80 108/319/80 106/318/80 105/317/80
f 112/324/81 107/323/81 105/322/81 110/321/81
f 111/328/82 112/327/82 110/326/82 109/325/82
f 110/332/83 105/331/83 106/330/83 109/329/83
f 111/336/84 108/335/84 107/334/84 112/333/84
o cube
v 0.1911206037877004 0.4031629622362852 -0.4742028909601022
v 0.1911206037877004 0.4031629622362852 -0.4742028909601022
v -0.017591061453869766 0.009452832073164993 0.007560366977891399
v -0.017591061453869766 0.009452832073164993 0.007560366977891399
v 0.2097278599303128 0.3803831319713227 -0.48475807224432044
v 0.2097278599303128 0.3803831319713227 -0.48475807224432044
v 0.001016194688742601 -0.01332699819179754 -0.002994814306326855
v 0.001016194688742601 -0.01332699819179754 -0.002994814306326855
vt 0 1
vt 0.0625 1
vt 0.0625 0.5
vt 0 0.5
vt 0 1
vt 0 1
vt 0 0.5
vt 0 0.5
vt 0.4375 0.28125
vt 0.46875 0.28125
vt 0.46875 0
vt 0.4375 0
vt 0 1
vt 0 1
vt 0 0.5
vt 0 0.5
vt 0 1
vt 0.0625 1
vt 0.0625 1
vt 0 1
vt 0 1
vt 0.0625 1
vt 0.0625 1
vt 0 1
vn 0.7377757642863058 0.3296940069934729 0.5890575382628978
vn -0.5954321965635958 0.728954568478801 0.33776580109498405
vn -0.7377757642863058 -0.3296940069934729 -0.5890575382628978
vn 0.5954321965635958 -0.728954568478801 -0.33776580109498405
vn 0.3180368232252499 0.5999392459628499 -0.7341154406674186
vn -0.3180368232252499 -0.5999392459628499 0.7341154406674186
g Flower
f 116/340/85 119/339/85 117/338/85 114/337/85
f 115/344/86 116/343/86 114/342/86 113/341/86
f 120/348/87 115/347/87 113/346/87 118/345/87
f 119/352/88 120/351/88 118/350/88 117/349/88
f 118/356/89 113/355/89 114/354/89 117/353/89
f 119/360/90 116/359/90 115/358/90 120/357/90
o cube
v -0.1239837924736546 1.168261329428831 -0.8232925757697354
v -0.1239837924736546 1.168261329428831 -0.8232925757697354
v -0.12398379937005495 0.5282987948280558 -0.3751859848704816
v -0.12398379937005495 0.5282987948280558 -0.3751859848704816
v 0.03226620752634535 1.1682613261253998 -0.8232925780828231
v 0.03226620752634535 1.1682613261253998 -0.8232925780828231
v 0.032266200629944994 0.5282987915246243 -0.37518598718356916
v 0.032266200629944994 0.5282987915246243 -0.37518598718356916
vt 0 1
vt 0.15625 1
vt 0.15625 0.28125
vt 0 0.28125
vt 0 1
vt 0 1
vt 0 0.28125
vt 0 0.28125
vt 0.375 1
vt 0.53125 1
vt 0.53125 0.28125
vt 0.375 0.28125
vt 0 1
vt 0 1
vt 0 0.28125
vt 0 0.28125
vt 0 1
vt 0.15625 1
vt 0.15625 1
vt 0 1
vt 0 1
vt 0.15625 1
vt 0.15625 1
vt 0 1
vn 0 0.5735764363510446 0.8191520442889925
vn -0.9999999999999998 0 0
vn 0 -0.5735764363510446 -0.8191520442889925
vn 0.9999999999999998 0 0
vn 0 0.8191520442889926 -0.5735764363510448
vn 0 -0.8191520442889926 0.5735764363510448
g Flower
f 124/364/91 127/363/91 125/362/91 122/361/91
f 123/368/92 124/367/92 122/366/92 121/365/92
f 128/372/93 123/371/93 121/370/93 126/369/93
f 127/376/94 128/375/94 126/374/94 125/373/94
f 126/380/95 121/379/95 122/378/95 125/377/95
f 127/384/96 124/383/96 123/382/96 128/381/96
o cube
v -0.045858790578884236 1.213071986867041 -0.7592963234662018
v -0.045858790578884236 1.213071986867041 -0.7592963234662018
v -0.04585879747528458 0.5731094522662654 -0.3111897325669478
v -0.04585879747528458 0.5731094522662654 -0.3111897325669478
v -0.045858794368425035 1.1234506686871901 -0.8872888303863569
v -0.045858794368425035 1.1234506686871901 -0.8872888303863569
v -0.04585880126482538 0.48348813408641467 -0.4391822394871029
v -0.04585880126482538 0.48348813408641467 -0.4391822394871029
vt 0 1
vt 0.15625 1
vt 0.15625 0.28125
vt 0 0.28125
vt 0 1
vt 0 1
vt 0 0.28125
vt 0 0.28125
vt 0.375 1
vt 0.53125 1
vt 0.53125 0.28125
vt 0.375 0.28125
vt 0 1
vt 0 1
vt 0 0.28125
vt 0 0.28125
vt 0 1
vt 0.15625 1
vt 0.15625 1
vt 0 1
vt 0 1
vt 0.15625 1
vt 0.15625 1
vt 0 1
vn 0.9999999999999998 0 0
vn 0 0.5735764363510446 0.8191520442889925
vn -0.9999999999999998 0 0
vn 0 -0.5735764363510446 -0.8191520442889925
vn 0 0.8191520442889926 -0.5735764363510448
vn 0 -0.8191520442889926 0.5735764363510448
g Flower
f 132/388/97 135/387/97 133/386/97 130/385/97
f 131/392/98 132/391/98 130/390/98 129/389/98
f 136/396/99 131/395/99 129/394/99 134/393/99
f 135/400/100 136/399/100 134/398/100 133/397/100
f 134/404/101 129/403/101 130/402/101 133/401/101
f 135/408/102 132/407/102 131/406/102 136/405/102
o cube
v -0.24898380176740997 0.8877870297902679 -1.0505306933265603
v -0.24898380176740997 0.8877870297902679 -1.0505306933265603
v -0.24898380783075924 0.26797973268773967 -0.5749358269134983
v -0.24898380783075924 0.26797973268773967 -0.5749358269134983
v -0.09273380176741003 0.8877870264868366 -1.0505306956396478
v -0.09273380176741003 0.8877870264868366 -1.0505306956396478
v -0.09273380783075928 0.26797972938430825 -0.5749358292265859
v -0.09273380783075928 0.26797972938430825 -0.5749358292265859
vt 0 1
vt 0.15625 1
vt 0.15625 0.28125
vt 0 0.28125
vt 0 1
vt 0 1
vt 0 0.28125
vt 0 0.28125
vt 0.375 1
vt 0.53125 1
vt 0.53125 0.28125
vt 0.375 0.28125
vt 0 1
vt 0 1
vt 0 0.28125
vt 0 0.28125
vt 0 1
vt 0.15625 1
vt 0.15625 1
vt 0 1
vt 0 1
vt 0.15625 1
vt 0.15625 1
vt 0 1
vn 0 0.6087614290087191 0.7933533402912362
vn -0.9999999999999998 0 0
vn 0 -0.6087614290087191 -0.7933533402912362
vn 0.9999999999999998 0 0
vn 0 0.793353340291236 -0.6087614290087194
vn 0 -0.793353340291236 0.6087614290087194
g Flower
f 140/412/103 143/411/103 141/410/103 138/409/103
f 139/416/104 140/415/104 138/414/104 137/413/104
f 144/420/105 139/419/105 137/418/105 142/417/105
f 143/424/106 144/423/106 142/422/106 141/421/106
f 142/428/107 137/427/107 138/426/107 141/425/107
f 143/432/108 140/431/108 139/430/108 144/429/108
o cube
v -0.1708587998443613 0.9353465147798583 -0.9885499647728513
v -0.1708587998443613 0.9353465147798583 -0.9885499647728513
v -0.17085880590771058 0.3155392176773302 -0.5129550983597893
v -0.17085880590771058 0.3155392176773302 -0.5129550983597893
v -0.17085880369045867 0.840227541497246 -1.112511424193357
v -0.17085880369045867 0.840227541497246 -1.112511424193357
v -0.1708588097538079 0.2204202443947178 -0.6369165577802949
v -0.1708588097538079 0.2204202443947178 -0.6369165577802949
vt 0 1
vt 0.15625 1
vt 0.15625 0.28125
vt 0 0.28125
vt 0 1
vt 0 1
vt 0 0.28125
vt 0 0.28125
vt 0.375 1
vt 0.53125 1
vt 0.53125 0.28125
vt 0.375 0.28125
vt 0 1
vt 0 1
vt 0 0.28125
vt 0 0.28125
vt 0 1
vt 0.15625 1
vt 0.15625 1
vt 0 1
vt 0 1
vt 0.15625 1
vt 0.15625 1
vt 0 1
vn 0.9999999999999998 0 0
vn 0 0.6087614290087191 0.7933533402912362
vn -0.9999999999999998 0 0
vn 0 -0.6087614290087191 -0.7933533402912362
vn 0 0.793353340291236 -0.6087614290087194
vn 0 -0.793353340291236 0.6087614290087194
g Flower
f 148/436/109 151/435/109 149/434/109 146/433/109
f 147/440/110 148/439/110 146/438/110 145/437/110
f 152/444/111 147/443/111 145/442/111 150/441/111
f 151/448/112 152/447/112 150/446/112 149/445/112
f 150/452/113 145/451/113 146/450/113 149/449/113
f 151/456/114 148/455/114 147/454/114 152/453/114
o cube
v 0.12601620391447121 1.0508407512213271 -0.8995821782032509
v 0.12601620391447121 1.0508407512213271 -0.8995821782032509
v 0.12601619619814747 0.39194118418000967 -0.47981685918229566
v 0.12601619619814747 0.39194118418000967 -0.47981685918229566
v 0.28226620391447116 1.0508407479178958 -0.8995821805163384
v 0.28226620391447116 1.0508407479178958 -0.8995821805163384
v 0.2822661961981474 0.39194118087657825 -0.4798168614953833
v 0.2822661961981474 0.39194118087657825 -0.4798168614953833
vt 0 1
vt 0.15625 1
vt 0.15625 0.28125
vt 0 0.28125
vt 0 1
vt 0 1
vt 0 0.28125
vt 0 0.28125
vt 0.375 1
vt 0.53125 1
vt 0.53125 0.28125
vt 0.375 0.28125
vt 0 1
vt 0 1
vt 0 0.28125
vt 0 0.28125
vt 0 1
vt 0.15625 1
vt 0.15625 1
vt 0 1
vt 0 1
vt 0.15625 1
vt 0.15625 1
vt 0 1
vn 0 0.5372996083468223 0.8433914458128864
vn -0.9999999999999998 0 0
vn 0 -0.5372996083468223 -0.8433914458128864
vn 0.9999999999999998 0 0
vn 0 0.8433914458128866 -0.5372996083468227
vn 0 -0.8433914458128866 0.5372996083468227
g Flower
f 156/460/115 159/459/115 157/458/115 154/457/115
f 155/464/116 156/463/116 154/462/116 153/461/116
f 160/468/117 155/467/117 153/466/117 158/465/117
f 159/472/118 160/471/118 158/470/118 157/469/118
f 158/476/119 153/475/119 154/474/119 157/473/119
f 159/480/120 156/479/120 155/478/120 160/477/120
o cube
v 0.2041412057773565 1.092817281471707 -0.833692222655663
v 0.2041412057773565 1.092817281471707 -0.833692222655663
v 0.20414119806103276 0.43391771443038946 -0.41392690363470774
v 0.20414119806103276 0.43391771443038946 -0.41392690363470774
v 0.20414120205158587 1.008864217667516 -0.9654721360639265
v 0.20414120205158587 1.008864217667516 -0.9654721360639265
v 0.20414119433526212 0.34996465062619847 -0.5457068170429713
v 0.20414119433526212 0.34996465062619847 -0.5457068170429713
vt 0 1
vt 0.15625 1
vt 0.15625 0.28125
vt 0 0.28125
vt 0 1
vt 0 1
vt 0 0.28125
vt 0 0.28125
vt 0.375 1
vt 0.53125 1
vt 0.53125 0.28125
vt 0.375 0.28125
vt 0 1
vt 0 1
vt 0 0.28125
vt 0 0.28125
vt 0 1
vt 0.15625 1
vt 0.15625 1
vt 0 1
vt 0 1
vt 0.15625 1
vt 0.15625 1
vt 0 1
vn 0.9999999999999998 0 0
vn 0 0.5372996083468223 0.8433914458128864
vn -0.9999999999999998 0 0
vn 0 -0.5372996083468223 -0.8433914458128864
vn 0 0.8433914458128866 -0.5372996083468227
vn 0 -0.8433914458128866 0.5372996083468227
g Flower
f 164/484/121 167/483/121 165/482/121 162/481/121
f 163/488/122 164/487/122 162/486/122 161/485/122
f 168/492/123 163/491/123 161/490/123 166/489/123
f 167/496/124 168/495/124 166/494/124 165/493/124
f 166/500/125 161/499/125 162/498/125 165/497/125
f 167/504/126 164/503/126 163/502/126 168/501/126
o cube
v -0.24282241605357557 0.31157493486801285 -0.17137098605546985
v 0.021437544519382744 0.031245004153053257 0.035964619143744506
v -0.24282241605357557 0.31157493486801285 -0.17137098605546985
v 0.021437544519382744 0.031245004153053257 0.035964619143744506
v -0.021314976425073014 -0.061943529886515206 -0.03554145805568003
v -0.2855749369980313 0.2183864008284444 -0.2428770632548944
v -0.021314976425073014 -0.061943529886515206 -0.03554145805568003
v -0.2855749369980313 0.2183864008284444 -0.2428770632548944
vt 0 1
vt 0.1875 1
vt 0.1875 1
vt 0 1
vt 0 1
vt 1 1
vt 1 1
vt 0 1
vt 0 1
vt 0.1875 1
vt 0.1875 1
vt 0 1
vt 0 1
vt 1 1
vt 1 1
vt 0 1
vt 0 1
vt 0.1875 1
vt 0.1875 0
vt 0 0
vt 0.40625 0.3125
vt 0.5 0.3125
vt 0.5 0
vt 0.40625 0
vn 0.6040227670239049 -0.6407541273484791 0.47390995474106135
vn 0.3420201675556461 0.7455082723165477 0.5720486175953963
vn -0.6040227670239049 0.6407541273484791 -0.47390995474106135
vn -0.3420201675556461 -0.7455082723165477 -0.5720486175953963
vn 0.719846304360864 0.18344362674534437 -0.6694548034815504
vn -0.719846304360864 -0.18344362674534437 0.6694548034815504
g Leaf
f 172/508/127 175/507/127 173/506/127 170/505/127
f 171/512/128 172/511/128 170/510/128 169/509/128
f 176/516/129 171/515/129 169/514/129 174/513/129
f 175/520/130 176/519/130 174/518/130 173/517/130
f 174/524/131 169/523/131 170/522/131 173/521/131
f 175/528/132 172/527/132 171/526/132 176/525/132
o cube
v -0.5895402923229366 0.5547852087634806 -0.28103083494899284
v -0.24280898168849765 0.31156342310798235 -0.17136401586375175
v -0.5895402923229366 0.5547852087634806 -0.28103083494899284
v -0.24280898168849765 0.31156342310798235 -0.17136401586375175
v -0.2855615026329534 0.2183748890684139 -0.24287009306317628
v -0.6322928132673924 0.4615966747239122 -0.3525369121484173
v -0.2855615026329534 0.2183748890684139 -0.24287009306317628
v -0.6322928132673924 0.4615966747239122 -0.3525369121484173
vt 0 1
vt 0.1875 1
vt 0.1875 1
vt 0 1
vt 0 1
vt 1 1
vt 1 1
vt 0 1
vt 0 1
vt 0.1875 1
vt 0.1875 1
vt 0 1
vt 0 1
vt 1 1
vt 1 1
vt 0 1
vt 0 1
vt 0.1875 1
vt 0.1875 0
vt 0 0
vt 0.40625 0.625
vt 0.5 0.625
vt 0.5 0.3125
vt 0.40625 0.3125
vn 0.7925287100215749 -0.5559355100697103 0.25066701505197964
vn 0.3420201675556462 0.7455082723165477 0.5720486175953963
vn -0.7925287100215749 0.5559355100697103 -0.25066701505197964
vn -0.3420201675556462 -0.7455082723165477 -0.5720486175953963
vn 0.5048964733257167 0.36763177848375284 -0.7809778656736226
vn -0.5048964733257167 -0.36763177848375284 0.7809778656736226
g Leaf
f 180/532/133 183/531/133 181/530/133 178/529/133
f 179/536/134 180/535/134 178/534/134 177/533/134
f 184/540/135 179/539/135 177/538/135 182/537/135
f 183/544/136 184/543/136 182/542/136 181/541/136
f 182/548/137 177/547/137 178/546/137 181/545/137
f 183/552/138 180/551/138 179/550/138 184/549/138
o cube
v -0.823532817060097 0.6090821166445515 -0.21189096236774535
v -0.5895036175662103 0.5547688048741691 -0.28103138432757874
v -0.823532817060097 0.6090821166445515 -0.21189096236774535
v -0.5895036175662103 0.5547688048741691 -0.28103138432757874
v -0.6322561385106661 0.4615802708346006 -0.3525374615270033
v -0.8662853380045528 0.515893582604983 -0.2833970395671699
v -0.6322561385106661 0.4615802708346006 -0.3525374615270033
v -0.8662853380045528 0.515893582604983 -0.2833970395671699
vt 0 1
vt 0.1875 1
vt 0.1875 1
vt 0 1
vt 0 1
vt 1 1
vt 1 1
vt 0 1
vt 0 1
vt 0.1875 1
vt 0.1875 1
vt 0 1
vt 0 1
vt 1 1
vt 1 1
vt 0 1
vt 0 1
vt 0.1875 1
vt 0.1875 0
vt 0 0
vt 0.40625 0.78125
vt 0.5 0.78125
vt 0.5 0.625
vt 0.40625 0.625
vn 0.9361167979755469 -0.2172532470815295 -0.27656168783933355
vn 0.3420201675556462 0.7455082723165477 0.5720486175953963
vn -0.9361167979755469 0.2172532470815295 0.27656168783933355
vn -0.3420201675556462 -0.7455082723165477 -0.5720486175953963
vn -0.08189960642895003 0.6300939950040216 -0.7721878087140817
vn 0.08189960642895003 -0.6300939950040216 0.7721878087140817
g Leaf
f 188/556/139 191/555/139 189/554/139 186/553/139
f 187/560/140 188/559/140 186/558/140 185/557/140
f 192/564/141 187/563/141 185/562/141 190/561/141
f 191/568/142 192/567/142 190/566/142 189/565/142
f 190/572/143 185/571/143 186/570/143 189/569/143
f 191/576/144 188/575/144 187/574/144 192/573/144
o cube
v -1.0896539688691766 0.6055318583664846 -0.048153921553409154
v -0.8235131150809861 0.6090798475401182 -0.21189978476135976
v -1.0896539688691766 0.6055318583664846 -0.048153921553409154
v -0.8235131150809861 0.6090798475401182 -0.21189978476135976
v -0.866265636025442 0.5158913135005498 -0.2834058619607842
v -1.1324064898136323 0.5123433243269162 -0.11965999875283363
v -0.866265636025442 0.5158913135005498 -0.2834058619607842
v -1.1324064898136323 0.5123433243269162 -0.11965999875283363
vt 0 1
vt 0.1875 1
vt 0.1875 1
vt 0 1
vt 0 1
vt 1 1
vt 1 1
vt 0 1
vt 0 1
vt 0.1875 1
vt 0.1875 1
vt 0 1
vt 0 1
vt 1 1
vt 1 1
vt 0 1
vt 0 1
vt 0.1875 1
vt 0.1875 0
vt 0 0
vt 0.40625 1
vt 0.5 1
vt 0.5 0.78125
vt 0.40625 0.78125
vn 0.8516507321222091 0.01135356535562762 -0.5239867622654419
vn 0.3420201675556461 0.7455082723165477 0.5720486175953964
vn -0.8516507321222091 -0.01135356535562762 0.5239867622654419
vn -0.3420201675556461 -0.7455082723165477 -0.5720486175953964
vn -0.39713125721971715 0.6663996642115838 -0.6310295175962654
vn 0.39713125721971715 -0.6663996642115838 0.6310295175962654
g Leaf
f 196/580/145 199/579/145 197/578/145 194/577/145
f 195/584/146 196/583/146 194/582/146 193/581/146
f 200/588/147 195/587/147 193/586/147 198/585/147
f 199/592/148 200/591/148 198/590/148 197/589/148
f 198/596/149 193/595/149 194/594/149 197/593/149
f 199/600/150 196/599/150 195/598/150 200/597/150
o cube
v 0.11488995844107401 -0.06143775827467316 -0.42499859402964685
v -0.05132862118813838 -0.042769166033023734 -0.020734920853633862
v 0.11488995844107401 -0.06143775827467316 -0.42499859402964685
v -0.05132862118813838 -0.042769166033023734 -0.020734920853633862
v 0.05409531127025633 0.010514386615498184 0.020150987258575406
v 0.2203138908994687 -0.00815420562615124 -0.3841126859174376
v 0.05409531127025633 0.010514386615498184 0.020150987258575406
v 0.2203138908994687 -0.00815420562615124 -0.3841126859174376
vt 0 1
vt 0.1875 1
vt 0.1875 1
vt 0 1
vt 0 1
vt 1 1
vt 1 1
vt 0 1
vt 0 1
vt 0.1875 1
vt 0.1875 1
vt 0 1
vt 0 1
vt 1 1
vt 1 1
vt 0 1
vt 0 1
vt 0.1875 1
vt 0.1875 0
vt 0 0
vt 0.40625 0.3125
vt 0.5 0.3125
vt 0.5 0
vt 0.40625 0
vn -0.3799281820096282 0.04267106798091311 0.9240312529737439
vn -0.8433914596671579 -0.42626842118817554 -0.32708726489767437
vn 0.3799281820096282 -0.04267106798091311 -0.9240312529737439
vn 0.8433914596671579 0.42626842118817554 0.32708726489767437
vn -0.3799281804175098 0.9035897371346736 -0.1979398006201167
vn 0.3799281804175098 -0.9035897371346736 0.1979398006201167
g Leaf
f 204/604/151 207/603/151 205/602/151 202/601/151
f 203/608/152 204/607/152 202/606/152 201/605/152
f 208/612/153 203/611/153 201/610/153 206/609/153
f 207/616/154 208/615/154 206/614/154 205/613/154
f 206/620/155 201/619/155 202/618/155 205/617/155
f 207/624/156 204/623/156 203/622/156 208/621/156
o cube
v 0.3233900866051155 -0.19811406539051918 -0.784494197815212
v 0.11488171901303189 -0.06143434250414091 -0.4249818002601522
v 0.3233900866051155 -0.19811406539051918 -0.784494197815212
v 0.11488171901303189 -0.06143434250414091 -0.4249818002601522
v 0.22030565147142658 -0.008150789855618998 -0.38409589214794293
v 0.42881401906351013 -0.14483051274199726 -0.7436082897030027
v 0.22030565147142658 -0.008150789855618998 -0.38409589214794293
v 0.42881401906351013 -0.14483051274199726 -0.7436082897030027
vt 0 1
vt 0.1875 1
vt 0.1875 1
vt 0 1
vt 0 1
vt 1 1
vt 1 1
vt 0 1
vt 0 1
vt 0.1875 1
vt 0.1875 1
vt 0 1
vt 0 1
vt 1 1
vt 1 1
vt 0 1
vt 0 1
vt 0.1875 1
vt 0.1875 0
vt 0 0
vt 0.40625 0.625
vt 0.5 0.625
vt 0.5 0.3125
vt 0.40625 0.3125
vn -0.4765905544961909 0.3124107951688646 0.821742622982994
vn -0.8433914596671579 -0.42626842118817554 -0.32708726489767437
vn 0.4765905544961909 -0.3124107951688646 -0.821742622982994
vn 0.8433914596671579 0.42626842118817554 0.32708726489767437
vn -0.24809733800569952 0.8489374112145713 -0.4666400997715346
vn 0.24809733800569952 -0.8489374112145713 0.4666400997715346
g Leaf
f 212/628/157 215/627/157 213/626/157 210/625/157
f 211/632/158 212/631/158 210/630/158 209/629/158
f 216/636/159 211/635/159 209/634/159 214/633/159
f 215/640/160 216/639/160 214/638/160 213/637/160
f 214/644/161 209/643/161 210/642/161 213/641/161
f 215/648/162 212/647/162 211/646/162 216/645/162
o cube
v 0.45565294879663154 -0.38925433940183324 -0.8764338995476793
v 0.32336874920202796 -0.1980912145317818 -0.7844689593392922
v 0.45565294879663154 -0.38925433940183324 -0.8764338995476793
v 0.32336874920202796 -0.1980912145317818 -0.7844689593392922
v 0.4287926816604226 -0.14480766188325989 -0.7435830512270829
v 0.5610768812550262 -0.3359707867533113 -0.83554799143547
v 0.4287926816604226 -0.14480766188325989 -0.7435830512270829
v 0.5610768812550262 -0.3359707867533113 -0.83554799143547
vt 0 1
vt 0.1875 1
vt 0.1875 1
vt 0 1
vt 0 1
vt 1 1
vt 1 1
vt 0 1
vt 0 1
vt 0.1875 1
vt 0.1875 1
vt 0 1
vt 0 1
vt 1 1
vt 1 1
vt 0 1
vt 0 1
vt 0.1875 1
vt 0.1875 0
vt 0 0
vt 0.40625 0.78125
vt 0.5 0.78125
vt 0.5 0.625
vt 0.40625 0.625
vn -0.5291367983784142 0.7646524994802059 0.36785976083354827
vn -0.8433914596671579 -0.42626842118817554 -0.3270872648976745
vn 0.5291367983784142 -0.7646524994802059 -0.36785976083354827
vn 0.8433914596671579 0.42626842118817554 0.3270872648976745
vn 0.09330109518297439 0.4833236887805254 -0.870455695312084
vn -0.09330109518297439 -0.4833236887805254 0.870455695312084
g Leaf
f 220/652/163 223/651/163 221/650/163 218/649/163
f 219/656/164 220/655/164 218/654/164 217/653/164
f 224/660/165 219/659/165 217/658/165 222/657/165
f 223/664/166 224/663/166 222/662/166 221/661/166
f 222/668/167 217/667/167 218/666/167 221/665/167
f 223/672/168 220/671/168 219/670/168 224/669/168
o cube
v 0.601052955401028 -0.6654376561597095 -0.8914173548477075
v 0.4556419895024173 -0.3892361722420668 -0.8764293170133103
v 0.601052955401028 -0.6654376561597095 -0.8914173548477075
v 0.4556419895024173 -0.3892361722420668 -0.8764293170133103
v 0.5610659219608121 -0.3359526195935449 -0.835543408901101
v 0.7064768878594228 -0.6121541035111876 -0.8505314467354982
v 0.5610659219608121 -0.3359526195935449 -0.835543408901101
v 0.7064768878594228 -0.6121541035111876 -0.8505314467354982
vt 0 1
vt 0.1875 1
vt 0.1875 1
vt 0 1
vt 0 1
vt 1 1
vt 1 1
vt 0 1
vt 0 1
vt 0.1875 1
vt 0.1875 1
vt 0 1
vt 0 1
vt 1 1
vt 1 1
vt 0 1
vt 0 1
vt 0.1875 1
vt 0.1875 0
vt 0 0
vt 0.40625 1
vt 0.5 1
vt 0.5 0.78125
vt 0.40625 0.78125
vn -0.4653150908755541 0.8838447485364562 0.04796172107007085
vn -0.8433914596671578 -0.4262684211881754 -0.32708726489767437
vn 0.4653150908755541 -0.8838447485364562 -0.04796172107007085
vn 0.8433914596671578 0.4262684211881754 0.32708726489767437
vn 0.2686497942749554 0.1926491463315338 -0.9437762417298687
vn -0.2686497942749554 -0.1926491463315338 0.9437762417298687
g Leaf
f 228/676/169 231/675/169 229/674/169 226/673/169
f 227/680/170 228/679/170 226/678/170 225/677/170
f 232/684/171 227/683/171 225/682/171 230/681/171
f 231/688/172 232/687/172 230/686/172 229/685/172
f 230/692/173 225/691/173 226/690/173 229/689/173
f 231/696/174 228/695/174 227/694/174 232/693/174
o cube
v 0.28762520960563703 0.15851738218880182 -0.2888161761875156
v 0.007475754759995741 -0.06495063452907496 -0.037848890562737866
v 0.28762520960563703 0.15851738218880182 -0.2888161761875156
v 0.007475754759995741 -0.06495063452907496 -0.037848890562737866
v -0.00341870987260105 0.0338411646151934 0.037956723096196646
v 0.27673074497304023 0.2573091813330702 -0.2130105625285811
v -0.00341870987260105 0.0338411646151934 0.037956723096196646
