# Made in Blockbench 4.7.4

o cube
v 0.515625 0.3102363611730172 -0.01040557321881952
v 0.515625 0.5451595163694942 -0.09591060905023668
v 0.515625 0.3102363611730172 -0.01040557321881952
v 0.515625 0.5451595163694942 -0.09591060905023668
v -0.484375 0.5451595163694942 -0.09591060905023668
v -0.484375 0.3102363611730172 -0.01040557321881952
v -0.484375 0.5451595163694942 -0.09591060905023668
v -0.484375 0.3102363611730172 -0.01040557321881952
vt 0 1
vt 0.5 1
vt 0.5 1
vt 0 1
vt 0 1
vt 0.5 1
vt 0.5 1
vt 0 1
vt 0 1
vt 0.5 1
vt 0.5 1
vt 0 1
vt 0 1
vt 0.5 1
vt 0.5 1
vt 0 1
vt 0 1
vt 0.1875 1
vt 0.1875 0.78125
vt 0 0.78125
vt 0 0
vt 1 0
vt 1 0.25
vt 0 0.25
vn 0 0.9396926207859085 -0.34202014332566877
vn 1 0 0
vn 0 -0.9396926207859085 0.34202014332566877
vn -1 0 0
vn 0 0.34202014332566877 0.9396926207859085
vn 0 -0.34202014332566877 -0.9396926207859085
g 0
f 4/4/1 7/3/1 5/2/1 2/1/1
f 3/8/2 4/7/2 2/6/2 1/5/2
f 8/12/3 3/11/3 1/10/3 6/9/3
f 7/16/4 8/15/4 6/14/4 5/13/4
f 6/20/5 1/19/5 2/18/5 5/17/5
f 7/24/6 4/23/6 3/22/6 8/21/6
o cube
v 0.515625 0.7294461002416912 -0.26478068016404727
v 0.515625 0.8544461002416912 -0.48128703111015686
v 0.515625 0.7294461002416912 -0.26478068016404727
v 0.515625 0.8544461002416912 -0.48128703111015686
v -0.484375 0.8544461002416912 -0.48128703111015686
v -0.484375 0.7294461002416912 -0.26478068016404727
v -0.484375 0.8544461002416912 -0.48128703111015686
v -0.484375 0.7294461002416912 -0.26478068016404727
vt 0 1
vt 0.5 1
vt 0.5 1
vt 0 1
vt 0 1
vt 0.5 1
vt 0.5 1
vt 0 1
vt 0 1
vt 0.5 1
vt 0.5 1
vt 0 1
vt 0 1
vt 0.5 1
vt 0.5 1
vt 0 1
vt 0 1
vt 0.1875 1
vt 0.1875 0.78125
vt 0 0.78125
vt 0 0.5
vt 1 0.5
vt 1 0.75
vt 0 0.75
vn 0 0.4999999999999999 -0.8660254037844387
vn 1 0 0
vn 0 -0.4999999999999999 0.8660254037844387
vn -1 0 0
vn 0 0.8660254037844387 0.4999999999999999
vn 0 -0.8660254037844387 -0.4999999999999999
g 0
f 12/28/7 15/27/7 13/26/7 10/25/7
f 11/32/8 12/31/8 10/30/8 9/29/8
f 16/36/9 11/35/9 9/34/9 14/33/9
f 15/40/10 16/39/10 14/38/10 13/37/10
f 14/44/11 9/43/11 10/42/11 13/41/11
f 15/48/12 12/47/12 11/46/12 16/45/12
o cube
v 0.515625 0.5451386682394861 -0.09589795809438706
v 0.515625 0.729458002442017 -0.26479550999830215
v 0.515625 0.5451386682394861 -0.09589795809438706
v 0.515625 0.729458002442017 -0.26479550999830215
v -0.484375 0.729458002442017 -0.26479550999830215
v -0.484375 0.5451386682394861 -0.09589795809438706
v -0.484375 0.729458002442017 -0.26479550999830215
v -0.484375 0.5451386682394861 -0.09589795809438706
vt 0 1
vt 0.5 1
vt 0.5 1
vt 0 1
vt 0 1
vt 0.5 1
vt 0.5 1
vt 0 1
vt 0 1
vt 0.5 1
vt 0.5 1
vt 0 1
vt 0 1
vt 0.5 1
vt 0.5 1
vt 0 1
vt 0 1
vt 0.1875 1
vt 0.1875 0.78125
vt 0 0.78125
vt 0 0.25
vt 1 0.25
vt 1 0.5
vt 0 0.5
vn 0 0.737277336810124 -0.6755902076156604
vn 1 0 0
vn 0 -0.737277336810124 0.6755902076156604
vn -1 0 0
vn 0 0.6755902076156604 0.737277336810124
vn 0 -0.6755902076156604 -0.737277336810124
g 0
f 20/52/13 23/51/13 21/50/13 18/49/13
f 19/56/14 20/55/14 18/54/14 17/53/14
f 24/60/15 19/59/15 17/58/15 22/57/15
f 23/64/16 24/63/16 22/62/16 21/61/16
f 22/68/17 17/67/17 18/66/17 21/65/17
f 23/72/18 20/71/18 19/70/18 24/69/18
o cube
v 0.515625 0.8544386763445118 -0.48126663412029236
v 0.515625 0.8978507207612443 -0.7274685723733445
v 0.515625 0.8544386763445118 -0.48126663412029236
v 0.515625 0.8978507207612443 -0.7274685723733445
v -0.484375 0.8978507207612443 -0.7274685723733445
v -0.484375 0.8544386763445118 -0.48126663412029236
v -0.484375 0.8978507207612443 -0.7274685723733445
v -0.484375 0.8544386763445118 -0.48126663412029236
vt 0 1
vt 0.5 1
vt 0.5 1
vt 0 1
vt 0 1
vt 0.5 1
vt 0.5 1
vt 0 1
vt 0 1
vt 0.5 1
vt 0.5 1
vt 0 1
vt 0 1
vt 0.5 1
vt 0.5 1
vt 0 1
vt 0 1
vt 0.1875 1
vt 0.1875 0.78125
vt 0 0.78125
vt 0 0.75
vt 1 0.75
vt 1 1
vt 0 1
vn 0 0.17364817766693028 -0.984807753012208
vn 1 0 0
vn 0 -0.17364817766693028 0.984807753012208
vn -1 0 0
vn 0 0.984807753012208 0.17364817766693028
vn 0 -0.984807753012208 -0.17364817766693028
g 0
f 28/76/19 31/75/19 29/74/19 26/73/19
f 27/80/20 28/79/20 26/78/20 25/77/20
f 32/84/21 27/83/21 25/82/21 30/81/21
f 31/88/22 32/87/22 30/86/22 29/85/22
f 30/92/23 25/91/23 26/90/23 29/89/23
f 31/96/24 28/95/24 27/94/24 32/93/24
o cube
v 0.515625 0.5606713247204307 -0.40886167637066323
v 0.515625 0.5606713247204307 -0.6588616763706632
v 0.515625 0.5606713247204307 -0.40886167637066323
v 0.515625 0.5606713247204307 -0.6588616763706632
v -0.484375 0.5606713247204307 -0.6588616763706632
v -0.484375 0.5606713247204307 -0.40886167637066323
v -0.484375 0.5606713247204307 -0.6588616763706632
v -0.484375 0.5606713247204307 -0.40886167637066323
vt 0 1
vt 0.5 1
vt 0.5 1
vt 0 1
vt 0 1
vt 0.5 1
vt 0.5 1
vt 0 1
vt 0 1
vt 0.5 1
vt 0.5 1
vt 0 1
vt 0 1
vt 0.5 1
vt 0.5 1
vt 0 1
vt 0 1
vt 0.1875 1
vt 0.1875 0.78125
vt 0 0.78125
vt 0 0.5
vt 1 0.5
vt 1 0.75
vt 0 0.75
vn 0 0 -1
vn 1 0 0
vn 0 0 1
vn -1 0 0
vn 0 1 0
vn 0 -1 0
g 0
f 36/100/25 39/99/25 37/98/25 34/97/25
f 35/104/26 36/103/26 34/102/26 33/101/26
f 40/108/27 35/107/27 33/106/27 38/105/27
f 39/112/28 40/111/28 38/110/28 37/109/28
f 38/116/29 33/115/29 34/114/29 37/113/29
f 39/120/30 36/119/30 35/118/30 40/117/30
o cube
v 0.515625 0.30447777844051105 -0.006731195156730374
v 0.515625 0.4959888892202555 -0.1674280975783652
v 0.515625 0.30447777844051105 -0.006731195156730374
v 0.515625 0.4959888892202555 -0.1674280975783652
v -0.484375 0.4959888892202555 -0.1674280975783652
v -0.484375 0.30447777844051105 -0.006731195156730374
v -0.484375 0.4959888892202555 -0.1674280975783652
v -0.484375 0.30447777844051105 -0.006731195156730374
vt 0 1
vt 0.5 1
vt 0.5 1
vt 0 1
vt 0 1
vt 0.5 1
vt 0.5 1
vt 0 1
vt 0 1
vt 0.5 1
vt 0.5 1
vt 0 1
vt 0 1
vt 0.5 1
vt 0.5 1
vt 0 1
vt 0 1
vt 0.1875 1
vt 0.1875 0.78125
vt 0 0.78125
vt 0 0
vt 1 0
vt 1 0.25
vt 0 0.25
vn 0 0.766044443118978 -0.6427876096865393
vn 1 0 0
vn 0 -0.766044443118978 0.6427876096865393
vn -1 0 0
vn 0 0.6427876096865393 0.766044443118978
vn 0 -0.6427876096865393 -0.766044443118978
g 0
f 44/124/31 47/123/31 45/122/31 42/121/31
f 43/128/32 44/127/32 42/126/32 41/125/32
f 48/132/33 43/131/33 41/130/33 46/129/33
f 47/136/34 48/135/34 46/134/34 45/133/34
f 46/140/35 41/139/35 42/138/35 45/137/35
f 47/144/36 44/143/36 43/142/36 48/141/36
o cube
v 0.515625 0.4959686930807585 -0.16739639598948336
v 0.515625 0.5606734543563887 -0.40887785256175035
v 0.515625 0.4959686930807585 -0.16739639598948336
v 0.515625 0.5606734543563887 -0.40887785256175035
v -0.484375 0.5606734543563887 -0.40887785256175035
v -0.484375 0.4959686930807585 -0.16739639598948336
v -0.484375 0.5606734543563887 -0.40887785256175035
v -0.484375 0.4959686930807585 -0.16739639598948336
vt 0 1
vt 0.5 1
vt 0.5 1
vt 0 1
vt 0 1
vt 0.5 1
vt 0.5 1
vt 0 1
vt 0 1
vt 0.5 1
vt 0.5 1
vt 0 1
vt 0 1
vt 0.5 1
vt 0.5 1
vt 0 1
vt 0 1
vt 0.1875 1
vt 0.1875 0.78125
vt 0 0.78125
vt 0 0.25
vt 1 0.25
vt 1 0.5
vt 0 0.5
vn 0 0.25881904510252074 -0.9659258262890683
vn 1 0 0
vn 0 -0.25881904510252074 0.9659258262890683
vn -1 0 0
vn 0 0.9659258262890683 0.25881904510252074
vn 0 -0.9659258262890683 -0.25881904510252074
g 0
f 52/148/37 55/147/37 53/146/37 50/145/37
f 51/152/38 52/151/38 50/150/38 49/149/38
f 56/156/39 51/155/39 49/154/39 54/153/39
f 55/160/40 56/159/40 54/158/40 53/157/40
f 54/164/41 49/163/41 50/162/41 53/161/41
f 55/168/42 52/167/42 51/166/42 56/165/42
o cube
v 0.515625 0.5607338247233993 -0.6588616763706633
v 0.515625 0.4357338247233994 -0.875368027316773
v 0.515625 0.5607338247233993 -0.6588616763706633
v 0.515625 0.4357338247233994 -0.875368027316773
v -0.484375 0.4357338247233994 -0.875368027316773
v -0.484375 0.5607338247233993 -0.6588616763706633
v -0.484375 0.4357338247233994 -0.875368027316773
v -0.484375 0.5607338247233993 -0.6588616763706633
vt 0 1
vt 0.5 1
vt 0.5 1
vt 0 1
vt 0 1
vt 0.5 1
vt 0.5 1
vt 0 1
vt 0 1
vt 0.5 1
vt 0.5 1
vt 0 1
vt 0 1
vt 0.5 1
vt 0.5 1
vt 0 1
vt 0 1
vt 0.1875 1
vt 0.1875 0.78125
vt 0 0.78125
vt 0 0.75
vt 1 0.75
vt 1 1
vt 0 1
vn 0 -0.49999999999999994 -0.8660254037844387
vn 1 0 0
vn 0 0.49999999999999994 0.8660254037844387
vn -1 0 0
vn 0 0.8660254037844387 -0.49999999999999994
vn 0 -0.8660254037844387 0.49999999999999994
g 0
f 60/172/43 63/171/43 61/170/43 58/169/43
f 59/176/44 60/175/44 58/174/44 57/173/44
f 64/180/45 59/179/45 57/178/45 62/177/45
f 63/184/46 64/183/46 62/182/46 61/181/46
f 62/188/47 57/187/47 58/186/47 61/185/47
f 63/192/48 60/191/48 59/190/48 64/189/48
o cube
v -0.24675735705621904 0.6378439804714524 -0.5706551469569571
v -0.483909675591672 0.6993611691544377 -0.6203986220044547
v -0.24675735705621904 0.6378439804714524 -0.5706551469569571
v -0.483909675591672 0.6993611691544377 -0.6203986220044547
v -0.6872963836550602 0.7069794856161395 0.35867022554275796
v -0.4501440651196073 0.6454622969331543 0.4084137005902555
v -0.6872963836550602 0.7069794856161395 0.35867022554275796
v -0.4501440651196073 0.6454622969331543 0.4084137005902555
vt 0 1
vt 0.5 1
vt 0.5 1
vt 0 1
vt 0 1
vt 0.5 1
vt 0.5 1
vt 0 1
vt 0 1
vt 0.5 1
vt 0.5 1
vt 0 1
vt 0 1
vt 0.5 1
vt 0.5 1
vt 0 1
vt 0 1
vt 0.1875 1
vt 0.1875 0.78125
vt 0 0.78125
vt 0 0.5
vt 1 0.5
vt 1 0.75
vt 0 0.75
vn -0.9486092741418122 0.24606875473194106 -0.19897390018999053
vn 0.20338670806338827 -0.007618316461701859 -0.9790688475472128
vn 0.9486092741418122 -0.24606875473194106 0.19897390018999053
vn -0.20338670806338827 0.007618316461701859 0.9790688475472128
vn 0.24243409825204582 0.9692224353567974 0.04282030833326918
vn -0.24243409825204582 -0.9692224353567974 -0.04282030833326918
g 0
f 68/196/49 71/195/49 69/194/49 66/193/49
f 67/200/50 68/199/50 66/198/50 65/197/50
f 72/204/51 67/203/51 65/202/51 70/201/51
f 71/208/52 72/207/52 70/206/52 69/205/52
f 70/212/53 65/211/53 66/210/53 69/209/53
f 71/216/54 68/215/54 67/214/54 72/213/54
o cube
v 0.10386973664181665 0.30345940717418074 -0.4952157761411016
v -0.038841070514562925 0.506335350840474 -0.5264403978727691
v 0.10386973664181665 0.30345940717418074 -0.4952157761411016
v -0.038841070514562925 0.506335350840474 -0.5264403978727691
v -0.24222777857795114 0.5139536673021756 0.4526284496744437
v -0.09951697142157157 0.3110777236358826 0.4838530714061111
v -0.24222777857795114 0.5139536673021756 0.4526284496744437
v -0.09951697142157157 0.3110777236358826 0.4838530714061111
vt 0 1
vt 0.5 1
vt 0.5 1
vt 0 1
vt 0 1
vt 0.5 1
vt 0.5 1
vt 0 1
vt 0 1
vt 0.5 1
vt 0.5 1
vt 0 1
vt 0 1
vt 0.5 1
vt 0.5 1
vt 0 1
vt 0 1
vt 0.1875 1
vt 0.1875 0.78125
vt 0 0.78125
vt 0 0
vt 1 0
vt 1 0.25
vt 0 0.25
vn -0.5708432286255183 0.8115037746651724 -0.12489848692666973
vn 0.2033867080633883 -0.007618316461701875 -0.9790688475472129
vn 0.5708432286255183 -0.8115037746651724 0.12489848692666973
vn -0.2033867080633883 0.007618316461701875 0.9790688475472129
vn 0.7954695816406386 0.5842975140786297 0.16070021694447417
vn -0.7954695816406386 -0.5842975140786297 -0.16070021694447417
g 0
f 76/220/55 79/219/55 77/218/55 74/217/55
f 75/224/56 76/223/56 74/222/56 73/221/56
f 80/228/57 75/227/57 73/226/57 78/225/57
f 79/232/58 80/231/58 78/230/58 77/229/58
f 78/236/59 73/235/59 74/234/59 77/233/59
f 79/240/60 76/239/60 75/238/60 80/237/60
o cube
v -0.038823632778578476 0.5063187213365625 -0.5264366460502587
v -0.24677448403958818 0.6378514087762637 -0.5706587626290849
v -0.038823632778578476 0.5063187213365625 -0.5264366460502587
v -0.24677448403958818 0.6378514087762637 -0.5706587626290849
v -0.4501611921029764 0.6454697252379655 0.4084100849181278
v -0.2422103408419667 0.5139370377982644 0.45263220149695393
v -0.4501611921029764 0.6454697252379655 0.4084100849181278
v -0.2422103408419667 0.5139370377982644 0.45263220149695393
vt 0 1
vt 0.5 1
vt 0.5 1
vt 0 1
vt 0 1
vt 0.5 1
vt 0.5 1
vt 0 1
vt 0 1
vt 0.5 1
vt 0.5 1
vt 0 1
vt 0 1
vt 0.5 1
vt 0.5 1
vt 0 1
vt 0 1
vt 0.1875 1
vt 0.1875 0.78125
vt 0 0.78125
vt 0 0.25
vt 1 0.25
vt 1 0.5
vt 0 0.5
vn -0.831803405044039 0.5261307497588046 -0.17688846631530464
vn 0.20338670806338827 -0.007618316461701871 -0.9790688475472128
vn 0.831803405044039 -0.5261307497588046 0.17688846631530464
vn -0.20338670806338827 0.007618316461701871 0.9790688475472128
vn 0.516465819140319 0.8503695640205661 0.10067105963081892
vn -0.516465819140319 -0.8503695640205661 -0.10067105963081892
g 0
f 84/244/61 87/243/61 85/242/61 82/241/61
f 83/248/62 84/247/62 82/246/62 81/245/62
f 88/252/63 83/251/63 81/250/63 86/249/63
f 87/256/64 88/255/64 86/254/64 85/253/64
f 86/260/65 81/259/65 82/258/65 85/257/65
f 87/264/66 84/263/66 83/262/66 88/261/66
o cube
v -0.48388848408785357 0.6993595623289983 -0.620394207287843
v -0.7274681040756864 0.6742934115220978 -0.6707991357205731
v -0.48388848408785357 0.6993595623289983 -0.620394207287843
v -0.7274681040756864 0.6742934115220978 -0.6707991357205731
v -0.9308548121390746 0.6819117279837994 0.30826971182663965
v -0.6872751921512418 0.7069778787907002 0.35867464025936957
v -0.9308548121390746 0.6819117279837994 0.30826971182663965
v -0.6872751921512418 0.7069778787907002 0.35867464025936957
vt 0 1
vt 0.5 1
vt 0.5 1
vt 0 1
vt 0 1
vt 0.5 1
vt 0.5 1
vt 0 1
vt 0 1
vt 0.5 1
vt 0.5 1
vt 0 1
vt 0 1
vt 0.5 1
vt 0.5 1
vt 0 1
vt 0 1
vt 0.1875 1
vt 0.1875 0.78125
vt 0 0.78125
vt 0 0.75
vt 1 0.75
vt 1 1
vt 0 1
vn -0.9743184799513317 -0.10026460322760285 -0.20161971373092
vn 0.2033867080633883 -0.007618316461701869 -0.9790688475472128
vn 0.9743184799513317 0.10026460322760285 0.20161971373092
vn -0.2033867080633883 0.007618316461701869 0.9790688475472128
vn -0.09662994674770786 0.994931641166317 -0.027815154100497494
vn 0.09662994674770786 -0.994931641166317 0.027815154100497494
g 0
f 92/268/67 95/267/67 93/266/67 90/265/67
f 91/272/68 92/271/68 90/270/68 89/269/68
f 96/276/69 91/275/69 89/274/69 94/273/69
f 95/280/70 96/279/70 94/278/70 93/277/70
f 94/284/71 89/283/71 90/282/71 93/281/71
f 95/288/72 92/287/72 91/286/72 96/285/72
o cube
v -0.4766470472043531 0.7795704515085862 -0.1743291618402606
v -0.6134742067789273 0.923264009305429 -0.022242049136917075
v -0.4766470472043531 0.7795704515085862 -0.1743291618402606
v -0.6134742067789273 0.923264009305429 -0.022242049136917075
v 0.10064589562188841 0.8649238356528328 0.6753458689674843
v 0.23747305519646267 0.7212302778559898 0.5232587562641409
v 0.10064589562188841 0.8649238356528328 0.6753458689674843
v 0.23747305519646267 0.7212302778559898 0.5232587562641409
vt 0 1
vt 0.5 1
vt 0.5 1
vt 0 1
vt 0 1
vt 0.5 1
vt 0.5 1
vt 0 1
vt 0 1
vt 0.5 1
vt 0.5 1
vt 0 1
vt 0 1
vt 0.5 1
vt 0.5 1
vt 0 1
vt 0 1
vt 0.1875 1
vt 0.1875 0.78125
vt 0 0.78125
vt 0 0.5
vt 1 0.5
vt 1 0.75
vt 0 0.75
vn -0.5473086382982963 0.5747742311873709 0.6083484508133735
vn -0.7141201024008159 0.05834017365259639 -0.6975879181044016
vn 0.5473086382982963 -0.5747742311873709 -0.6083484508133735
vn 0.7141201024008159 -0.05834017365259639 0.6975879181044016
vn 0.4364467135757962 0.8162297515412875 -0.3785277518329867
vn -0.4364467135757962 -0.8162297515412875 0.3785277518329867
g 0
f 100/292/73 103/291/73 101/290/73 98/289/73
f 99/296/74 100/295/74 98/294/74 97/293/74
f 104/300/75 99/299/75 97/298/75 102/297/75
f 103/304/76 104/303/76 102/302/76 101/301/76
f 102/308/77 97/307/77 98/306/77 101/305/77
f 103/312/78 100/311/78 99/310/78 104/309/78
o cube
v -0.3442987358465133 0.33995999672516397 -0.3465791919977701
v -0.3789787861626365 0.5812012409244964 -0.2909019416415505
v -0.3442987358465133 0.33995999672516397 -0.3465791919977701
v -0.3789787861626365 0.5812012409244964 -0.2909019416415505
v 0.3351413162381792 0.5228610672719003 0.406685976462851
v 0.3698213665543024 0.2816198230725676 0.35100872610663136
v 0.3351413162381792 0.5228610672719003 0.406685976462851
v 0.3698213665543024 0.2816198230725676 0.35100872610663136
vt 0 1
vt 0.5 1
vt 0.5 1
vt 0 1
vt 0 1
vt 0.5 1
vt 0.5 1
vt 0 1
vt 0 1
vt 0.5 1
vt 0.5 1
vt 0 1
vt 0 1
vt 0.5 1
vt 0.5 1
vt 0 1
vt 0 1
vt 0.1875 1
vt 0.1875 0.78125
vt 0 0.78125
vt 0 0
vt 1 0
vt 1 0.25
vt 0 0.25
vn -0.13872020126449275 0.9649649767973302 0.22270900142487848
vn -0.7141201024008159 0.0583401736525964 -0.6975879181044016
vn 0.13872020126449275 -0.9649649767973302 -0.22270900142487848
vn 0.7141201024008159 -0.0583401736525964 0.6975879181044016
vn 0.6861407910248355 0.255810511302239 -0.6810079274128167
vn -0.6861407910248355 -0.255810511302239 0.6810079274128167
g 0
f 108/316/79 111/315/79 109/314/79 106/313/79
f 107/320/80 108/319/80 106/318/80 105/317/80
f 112/324/81 107/323/81 105/322/81 110/321/81
f 111/328/82 112/327/82 110/326/82 109/325/82
f 110/332/83 105/331/83 106/330/83 109/329/83
f 111/336/84 108/335/84 107/334/84 112/333/84
o cube
v -0.3789722039572907 0.5811793781926 -0.29091050824738734
v -0.47665607087958894 0.7795836149808684 -0.17431882343422606
v -0.3789722039572907 0.5811793781926 -0.29091050824738734
v -0.47665607087958894 0.7795836149808684 -0.17431882343422606
v 0.23746403152122686 0.721243441328272 0.5232690946701752
v 0.3351478984435251 0.5228392045400039 0.40667740985701406
v 0.23746403152122686 0.721243441328272 0.5232690946701752
v 0.3351478984435251 0.5228392045400039 0.40667740985701406
vt 0 1
vt 0.5 1
vt 0.5 1
vt 0 1
vt 0 1
vt 0.5 1
vt 0.5 1
vt 0 1
vt 0 1
vt 0.5 1
vt 0.5 1
vt 0 1
vt 0 1
vt 0.5 1
vt 0.5 1
vt 0 1
vt 0 1
vt 0.1875 1
vt 0.1875 0.78125
vt 0 0.78125
vt 0 0.25
vt 1 0.25
vt 1 0.5
vt 0 0.5
vn -0.3907354676891931 0.7936169471530728 0.46636673925264494
vn -0.7141201024008159 0.05834017365259643 -0.6975879181044016
vn 0.3907354676891931 -0.7936169471530728 -0.46636673925264494
vn 0.7141201024008159 -0.05834017365259643 0.6975879181044016
vn 0.5808255104906772 0.6056142050262874 -0.543942240530759
vn -0.5808255104906772 -0.6056142050262874 0.543942240530759
g 0
f 116/340/85 119/339/85 117/338/85 114/337/85
f 115/344/86 116/343/86 114/342/86 113/341/86
f 120/348/87 115/347/87 113/346/87 118/345/87
f 119/352/88 120/351/88 118/350/88 117/349/88
f 118/356/89 113/355/89 114/354/89 117/353/89
f 119/360/90 116/359/90 115/358/90 120/357/90
o cube
v -0.6134608623072701 0.9232547993245055 -0.022256480102665677
v -0.779354726365396 0.9884908210884653 0.15302468640496625
v -0.6134608623072701 0.9232547993245055 -0.022256480102665677
v -0.779354726365396 0.9884908210884653 0.15302468640496625
v -0.06523462396458035 0.9301506474358692 0.8506126045093678
v 0.10065924009354565 0.8649146256719091 0.6753314380017357
v -0.06523462396458035 0.9301506474358692 0.8506126045093678
v 0.10065924009354565 0.8649146256719091 0.6753314380017357
vt 0 1
vt 0.5 1
vt 0.5 1
vt 0 1
vt 0 1
vt 0.5 1
vt 0.5 1
vt 0 1
vt 0 1
vt 0.5 1
vt 0.5 1
vt 0 1
vt 0 1
vt 0.5 1
vt 0.5 1
vt 0 1
vt 0 1
vt 0.1875 1
vt 0.1875 0.78125
vt 0 0.78125
vt 0 0.75
vt 1 0.75
vt 1 1
vt 0 1
vn -0.6635754562325037 0.26094408705583994 0.7011246660305275
vn -0.7141201024008158 0.058340173652596375 -0.6975879181044016
vn 0.6635754562325037 -0.26094408705583994 -0.7011246660305275
vn 0.7141201024008158 -0.058340173652596375 0.6975879181044016
vn 0.2229351771992767 0.963589439319869 -0.14763231082099867
vn -0.2229351771992767 -0.963589439319869 0.14763231082099867
g 0
f 124/364/91 127/363/91 125/362/91 122/361/91
f 123/368/92 124/367/92 122/366/92 121/365/92
f 128/372/93 123/371/93 121/370/93 126/369/93
f 127/376/94 128/375/94 126/374/94 125/373/94
f 126/380/95 121/379/95 122/378/95 125/377/95
f 127/384/96 124/383/96 123/382/96 128/381/96
o cube
v -0.5349445200866756 0.7325866867963835 0.11020708259981804
v -0.6132816429493999 0.8326941603549238 0.3254785134012985
v -0.5349445200866756 0.7325866867963835 0.11020708259981804
v -0.6132816429493999 0.8326941603549238 0.3254785134012985
v 0.31286450288028567 0.7611149913732165 0.6957888415487941
v 0.39120162574301 0.6610075178146761 0.4805174107473136
v 0.31286450288028567 0.7611149913732165 0.6957888415487941
v 0.39120162574301 0.6610075178146761 0.4805174107473136
vt 0 1
vt 0.5 1
vt 0.5 1
vt 0 1
vt 0 1
vt 0.5 1
vt 0.5 1
vt 0 1
vt 0 1
vt 0.5 1
vt 0.5 1
vt 0 1
vt 0 1
vt 0.5 1
vt 0.5 1
vt 0 1
vt 0 1
vt 0.1875 1
vt 0.1875 0.78125
vt 0 0.78125
vt 0 0.5
vt 1 0.5
vt 1 0.75
vt 0 0.75
vn -0.3133484914508969 0.4004298942341614 0.861085723205922
vn -0.926146145829686 0.07157916898170726 -0.3703103281474958
vn 0.3133484914508969 -0.4004298942341614 -0.861085723205922
vn 0.926146145829686 -0.07157916898170726 0.3703103281474958
vn 0.2099191260230117 0.9135274064698368 -0.3484273786002308
vn -0.2099191260230117 -0.9135274064698368 0.3484273786002308
g 0
f 132/388/97 135/387/97 133/386/97 130/385/97
f 131/392/98 132/391/98 130/390/98 129/389/98
f 136/396/99 131/395/99 129/394/99 134/393/99
f 135/400/100 136/399/100 134/398/100 133/397/100
f 134/404/101 129/403/101 130/402/101 133/401/101
f 135/408/102 132/407/102 131/406/102 136/405/102
o cube
v -0.4497472074964963 0.34497839151608456 -0.17779418080146236
v -0.4760235718444601 0.5684661898472569 -0.06887789793366395
v -0.4497472074964963 0.34497839151608456 -0.17779418080146236
v -0.4760235718444601 0.5684661898472569 -0.06887789793366395
v 0.45012257398522537 0.4968870208655498 0.3014324302138316
v 0.47639893833318914 0.2733992225343773 0.19251614734603317
v 0.45012257398522537 0.4968870208655498 0.3014324302138316
v 0.47639893833318914 0.2733992225343773 0.19251614734603317
vt 0 1
vt 0.5 1
vt 0.5 1
vt 0 1
vt 0 1
vt 0.5 1
vt 0.5 1
vt 0 1
vt 0 1
vt 0.5 1
vt 0.5 1
vt 0 1
vt 0 1
vt 0.5 1
vt 0.5 1
vt 0 1
vt 0 1
vt 0.1875 1
vt 0.1875 0.78125
vt 0 0.78125
vt 0 0
vt 1 0
vt 1 0.25
vt 0 0.25
vn -0.10510545739185499 0.8939511933246894 0.4356651314711938
vn -0.9261461458296861 0.0715791689817073 -0.3703103281474959
vn 0.10510545739185499 -0.8939511933246894 -0.4356651314711938
vn 0.9261461458296861 -0.0715791689817073 0.3703103281474959
vn 0.3622239078129255 0.4424112188012998 -0.8204060909619588
vn -0.3622239078129255 -0.4424112188012998 0.8204060909619588
g 0
f 140/412/103 143/411/103 141/410/103 138/409/103
f 139/416/104 140/415/104 138/414/104 137/413/104
f 144/420/105 139/419/105 137/418/105 142/417/105
f 143/424/106 144/423/106 142/422/106 141/421/106
f 142/428/107 137/427/107 138/426/107 141/425/107
f 143/432/108 140/431/108 139/430/108 144/429/108
o cube
v -0.4760193346711093 0.568446913361202 -0.06889222115453464
v -0.5349498019626389 0.7325968550734561 0.11022225804987096
v -0.4760193346711093 0.568446913361202 -0.06889222115453464
v -0.5349498019626389 0.7325968550734561 0.11022225804987096
v 0.3911963438670467 0.6610176860917489 0.4805325861973665
v 0.4501268111585761 0.49686774437949477 0.3014181069929609
v 0.3911963438670467 0.6610176860917489 0.4805325861973665
v 0.4501268111585761 0.49686774437949477 0.3014181069929609
vt 0 1
vt 0.5 1
vt 0.5 1
vt 0 1
vt 0 1
vt 0.5 1
vt 0.5 1
vt 0 1
vt 0 1
vt 0.5 1
vt 0.5 1
vt 0 1
vt 0 1
vt 0.5 1
vt 0.5 1
vt 0 1
vt 0 1
vt 0.1875 1
vt 0.1875 0.78125
vt 0 0.78125
vt 0 0.25
vt 1 0.25
vt 1 0.5
vt 0 0.5
vn -0.2357218691661182 0.6565997668490167 0.7164579168176233
vn -0.9261461458296862 0.07157916898170727 -0.3703103281474958
vn 0.2357218691661182 -0.6565997668490167 -0.7164579168176233
vn 0.9261461458296862 -0.07157916898170727 0.3703103281474958
vn 0.2944291374195993 0.7508349810322538 -0.5912345679141622
vn -0.2944291374195993 -0.7508349810322538 0.5912345679141622
g 0
f 148/436/109 151/435/109 149/434/109 146/433/109
f 147/440/110 148/439/110 146/438/110 145/437/110
f 152/444/111 147/443/111 145/442/111 150/441/111
f 151/448/112 152/447/112 150/446/112 149/445/112
f 150/452/113 145/451/113 146/450/113 149/449/113
f 151/456/114 148/455/114 147/454/114 152/453/114
o cube
v -0.6132741535010259 0.8326890439393 0.3254587933125801
v -0.7048361121810243 0.8486481045045959 0.5575400637946151
v -0.6132741535010259 0.8326890439393 0.3254587933125801
v -0.7048361121810243 0.8486481045045959 0.5575400637946151
v 0.2213100336486613 0.7770689355228886 0.9278503919421106
v 0.3128719923286597 0.7611098749575929 0.6957691214600756
v 0.2213100336486613 0.7770689355228886 0.9278503919421106
v 0.3128719923286597 0.7611098749575929 0.6957691214600756
vt 0 1
vt 0.5 1
vt 0.5 1
vt 0 1
vt 0 1
vt 0.5 1
vt 0.5 1
vt 0 1
vt 0 1
vt 0.5 1
vt 0.5 1
vt 0 1
vt 0 1
vt 0.5 1
vt 0.5 1
vt 0 1
vt 0 1
vt 0.1875 1
vt 0.1875 0.78125
vt 0 0.78125
vt 0 0.75
vt 1 0.75
vt 1 1
vt 0 1
vn -0.36624783471999356 0.06383624226118328 0.92832508192814
vn -0.926146145829686 0.07157916898170726 -0.37031032814749576
vn 0.36624783471999356 -0.06383624226118328 -0.92832508192814
vn 0.926146145829686 -0.07157916898170726 0.37031032814749576
vn 0.09008795772873343 0.9953900525632451 -0.03290597408383817
vn -0.09008795772873343 -0.9953900525632451 0.03290597408383817
g 0
f 156/460/115 159/459/115 157/458/115 154/457/115
f 155/464/116 156/463/116 154/462/116 153/461/116
f 160/468/117 155/467/117 153/466/117 158/465/117
f 159/472/118 160/471/118 158/470/118 157/469/118
f 158/476/119 153/475/119 154/474/119 157/473/119
f 159/480/120 156/479/120 155/478/120 160/477/120
o cube
v -0.05782741285702697 0.5595933446214376 0.6566773427928803
v 0.10550842730682486 0.5569579251985202 0.8459244243620132
v -0.05782741285702697 0.5595933446214376 0.6566773427928803
v 0.10550842730682486 0.5569579251985202 0.8459244243620132
v 0.8611973039495886 0.5058493039729886 0.19299086682738686
v 0.6978614637857365 0.508484723395906 0.0037437852582540287
v 0.8611973039495886 0.5058493039729886 0.19299086682738686
v 0.6978614637857365 0.508484723395906 0.0037437852582540287
vt 0 1
vt 0.5 1
vt 0.5 1
vt 0 1
vt 0 1
vt 0.5 1
vt 0.5 1
vt 0 1
vt 0 1
vt 0.5 1
vt 0.5 1
vt 0 1
vt 0 1
vt 0.5 1
vt 0.5 1
vt 0 1
vt 0 1
vt 0.1875 1
vt 0.1875 0.78125
vt 0 0.78125
vt 0 0.5
vt 1 0.5
vt 1 0.75
vt 0 0.75
vn 0.6533433606554071 -0.010541677691669617 0.7569883262765308
vn -0.7556888766427636 0.05110862122553162 0.6529335575346262
vn -0.6533433606554071 0.010541677691669617 -0.7569883262765308
vn 0.7556888766427636 -0.05110862122553162 -0.6529335575346262
vn 0.04557164475742157 0.9986374626799608 -0.025425249777205283
vn -0.04557164475742157 -0.9986374626799608 0.025425249777205283
g 0
f 164/484/121 167/483/121 165/482/121 162/481/121
f 163/488/122 164/487/122 162/486/122 161/485/122
f 168/492/123 163/491/123 161/490/123 166/489/123
f 167/496/124 168/495/124 166/494/124 165/493/124
f 166/500/125 161/499/125 162/498/125 165/497/125
f 167/504/126 164/503/126 163/502/126 168/501/126
o cube
v -0.3494483077007685 0.3285878499451411 0.3372446965537764
v -0.21700257283030344 0.4870469484357982 0.4781306128838012
v -0.3494483077007685 0.3285878499451411 0.3372446965537764
v -0.21700257283030344 0.4870469484357982 0.4781306128838012
v 0.5386863038124599 0.4359383272102666 -0.17480294465082463
v 0.4062405689419948 0.2774792287196095 -0.31568886098084953
v 0.5386863038124599 0.4359383272102666 -0.17480294465082463
v 0.4062405689419948 0.2774792287196095 -0.31568886098084953
vt 0 1
vt 0.5 1
vt 0.5 1
vt 0 1
vt 0 1
vt 0.5 1
vt 0.5 1
vt 0 1
vt 0 1
vt 0.5 1
vt 0.5 1
vt 0 1
vt 0 1
vt 0.5 1
vt 0.5 1
vt 0 1
vt 0 1
vt 0.1875 1
vt 0.1875 0.78125
vt 0 0.78125
vt 0 0
vt 1 0
vt 1 0.25
vt 0 0.25
vn 0.5297829394818602 0.6338363939626278 0.5635436653200995
vn -0.7556888766427636 0.05110862122553162 0.6529335575346262
vn -0.5297829394818602 -0.6338363939626278 -0.5635436653200995
vn 0.7556888766427636 -0.05110862122553162 -0.6529335575346262
vn -0.38505111187004504 0.771776738781934 -0.5060595881146458
vn 0.38505111187004504 -0.771776738781934 0.5060595881146458
g 0
f 172/508/127 175/507/127 173/506/127 170/505/127
f 171/512/128 172/511/128 170/510/128 169/509/128
f 176/516/129 171/515/129 169/514/129 174/513/129
f 175/520/130 176/519/130 174/518/130 173/517/130
f 174/524/131 169/523/131 170/522/131 173/521/131
f 175/528/132 172/527/132 171/526/132 176/525/132
o cube
v -0.21701707592001362 0.48703546026771183 0.4781147266132624
v -0.057815002023169026 0.5595960352492684 0.656691496169914
v -0.21701707592001362 0.48703546026771183 0.4781147266132624
v -0.057815002023169026 0.5595960352492684 0.656691496169914
v 0.6978738746195947 0.5084874140237368 0.0037579386352876165
v 0.53867180072275 0.4359268390421802 -0.17481883092136397
v 0.6978738746195947 0.5084874140237368 0.0037579386352876165
v 0.53867180072275 0.4359268390421802 -0.17481883092136397
vt 0 1
vt 0.5 1
vt 0.5 1
vt 0 1
vt 0 1
vt 0.5 1
vt 0.5 1
vt 0 1
vt 0 1
vt 0.5 1
vt 0.5 1
vt 0 1
vt 0 1
vt 0.5 1
vt 0.5 1
vt 0 1
vt 0 1
vt 0.1875 1
vt 0.1875 0.78125
vt 0 0.78125
vt 0 0.25
vt 1 0.25
vt 1 0.5
vt 0 0.5
vn 0.6368082955873792 0.29024229992622647 0.7143070782266067
vn -0.7556888766427637 0.05110862122553155 0.6529335575346262
vn -0.6368082955873792 -0.29024229992622647 -0.7143070782266067
vn 0.7556888766427637 -0.05110862122553155 -0.6529335575346262
vn -0.1530016875380633 0.9555874194284684 -0.25187927155791406
vn 0.1530016875380633 -0.9555874194284684 0.25187927155791406
g 0
f 180/532/133 183/531/133 181/530/133 178/529/133
f 179/536/134 180/535/134 178/534/134 177/533/134
f 184/540/135 179/539/135 177/538/135 182/537/135
f 183/544/136 184/543/136 182/542/136 181/541/136
f 182/548/137 177/547/137 178/546/137 181/545/137
f 183/552/138 180/551/138 179/550/138 184/549/138
o cube
v 0.10549463303845807 0.556961914615852 0.8459081469496132
v 0.25508351163241616 0.4690968984024151 1.025916219898619
v 0.10549463303845807 0.556961914615852 0.8459081469496132
v 0.25508351163241616 0.4690968984024151 1.025916219898619
v 1.0107723882751798 0.41798827717688347 0.37298266236399247
v 0.8611835096812217 0.5058532933903204 0.19297458941498702
v 1.0107723882751798 0.41798827717688347 0.37298266236399247
v 0.8611835096812217 0.5058532933903204 0.19297458941498702
vt 0 1
vt 0.5 1
vt 0.5 1
vt 0 1
vt 0 1
vt 0.5 1
vt 0.5 1
vt 0 1
vt 0 1
vt 0.5 1
vt 0.5 1
vt 0 1
vt 0 1
vt 0.5 1
vt 0.5 1
vt 0 1
vt 0 1
vt 0.1875 1
vt 0.1875 0.78125
vt 0 0.78125
vt 0 0.75
vt 1 0.75
vt 1 1
vt 0 1
vn 0.5983555143758328 -0.3514600648537476 0.7200322917960221
vn -0.7556888766427637 0.05110862122553166 0.6529335575346263
vn -0.5983555143758328 0.3514600648537476 -0.7200322917960221
vn 0.7556888766427637 -0.05110862122553166 -0.6529335575346263
vn 0.2662799281478624 0.9348067884057243 0.23501333625167892
vn -0.2662799281478624 -0.9348067884057243 -0.23501333625167892
g 0
f 188/556/139 191/555/139 189/554/139 186/553/139
f 187/560/140 188/559/140 186/558/140 185/557/140
f 192/564/141 187/563/141 185/562/141 190/561/141
f 191/568/142 192/567/142 190/566/142 189/565/142
f 190/572/143 185/571/143 186/570/143 189/569/143
f 191/576/144 188/575/144 187/574/144 192/573/144
o cube
v 0.48382421147443877 0.6403922013022125 0.41004263723726053
v 0.7182124769284348 0.7091425522973438 0.35679294000325457
v 0.48382421147443877 0.6403922013022125 0.41004263723726053
v 0.7182124769284348 0.7091425522973438 0.35679294000325457
v 0.4899429127526127 0.7335230513285547 -0.616499717596694
v 0.25555464729861677 0.6647727003334232 -0.5632500203626879
v 0.4899429127526127 0.7335230513285547 -0.616499717596694
v 0.25555464729861677 0.6647727003334232 -0.5632500203626879
vt 0 1
vt 0.5 1
vt 0.5 1
vt 0 1
vt 0 1
vt 0.5 1
vt 0.5 1
vt 0 1
vt 0 1
vt 0.5 1
vt 0.5 1
vt 0 1
vt 0 1
vt 0.5 1
vt 0.5 1
vt 0 1
vt 0 1
vt 0.1875 1
vt 0.1875 0.78125
vt 0 0.78125
vt 0 0.5
vt 1 0.5
vt 1 0.75
vt 0 0.75
vn 0.9375530618159844 0.27500140398052586 -0.2129987889360242
vn 0.22826956417582198 -0.024380499031210708 0.9732926575999481
vn -0.9375530618159844 -0.27500140398052586 0.2129987889360242
vn -0.22826956417582198 0.024380499031210708 -0.9732926575999481
vn -0.26246383055661904 0.9611346518962518 0.08563246214968692
vn 0.26246383055661904 -0.9611346518962518 -0.08563246214968692
g 0
f 196/580/145 199/579/145 197/578/145 194/577/145
f 195/584/146 196/583/146 194/582/146 193/581/146
f 200/588/147 195/587/147 193/586/147 198/585/147
f 199/592/148 200/591/148 198/590/148 197/589/148
f 198/596/149 193/595/149 194/594/149 197/593/149
f 199/600/150 196/599/150 195/598/150 200/597/150
o cube
v 0.1426743726067956 0.2954770513878935 0.4814136899378194
v 0.28004907632195974 0.5025942371000172 0.4543829266881336
v 0.1426743726067956 0.2954770513878935 0.4814136899378194
v 0.28004907632195974 0.5025942371000172 0.4543829266881336
v 0.05177951214613774 0.5269747361312278 -0.5189097309118149
v -0.08559519156902656 0.31985755041910413 -0.49187896766212913
v 0.05177951214613774 0.5269747361312278 -0.5189097309118149
v -0.08559519156902656 0.31985755041910413 -0.49187896766212913
vt 0 1
vt 0.5 1
vt 0.5 1
vt 0 1
vt 0 1
vt 0.5 1
vt 0.5 1
vt 0 1
vt 0 1
vt 0.5 1
vt 0.5 1
vt 0 1
vt 0 1
vt 0.5 1
vt 0.5 1
vt 0 1
vt 0 1
vt 0.1875 1
vt 0.1875 0.78125
vt 0 0.78125
vt 0 0
vt 1 0
vt 1 0.25
vt 0 0.25
vn 0.5494988148606563 0.8284687428484949 -0.10812305299874304
vn 0.22826956417582192 -0.024380499031210687 0.9732926575999481
vn -0.5494988148606563 -0.8284687428484949 0.10812305299874304
vn -0.22826956417582192 0.024380499031210687 -0.9732926575999481
vn -0.8037064504766117 0.5595043640491326 0.20251125418667856
vn 0.8037064504766117 -0.5595043640491326 -0.20251125418667856
g 0
f 204/604/151 207/603/151 205/602/151 202/601/151
f 203/608/152 204/607/152 202/606/152 201/605/152
f 208/612/153 203/611/153 201/610/153 206/609/153
f 207/616/154 208/615/154 206/614/154 205/613/154
f 206/620/155 201/619/155 202/618/155 205/617/155
f 207/624/156 204/623/156 203/622/156 208/621/156
o cube
v 0.2800321099084484 0.5025770838786794 0.4543864761978259
v 0.4838410727262792 0.6404001499750573 0.4100388818221037
v 0.2800321099084484 0.5025770838786794 0.4543864761978259
v 0.4838410727262792 0.6404001499750573 0.4100388818221037
v 0.25557150855045707 0.664780649006268 -0.563253775777845
v 0.0517625457326264 0.52695758290989 -0.5189061814021226
v 0.25557150855045707 0.664780649006268 -0.563253775777845
v 0.0517625457326264 0.52695758290989 -0.5189061814021226
vt 0 1
vt 0.5 1
vt 0.5 1
vt 0 1
vt 0 1
vt 0.5 1
vt 0.5 1
vt 0 1
vt 0 1
vt 0.5 1
vt 0.5 1
vt 0 1
vt 0 1
vt 0.5 1
vt 0.5 1
vt 0 1
vt 0 1
vt 0.1875 1
vt 0.1875 0.78125
vt 0 0.78125
vt 0 0.25
vt 1 0.25
vt 1 0.5
vt 0 0.5
vn 0.8152358512713221 0.551292264385512 -0.17739037750288913
vn 0.22826956417582198 -0.0243804990312107 0.9732926575999481
vn -0.8152358512713221 -0.551292264385512 0.17739037750288913
vn -0.22826956417582198 0.0243804990312107 -0.9732926575999481
vn -0.5322438471912125 0.8339558924161904 0.14571910180691144
vn 0.5322438471912125 -0.8339558924161904 -0.14571910180691144
g 0
f 212/628/157 215/627/157 213/626/157 210/625/157
f 211/632/158 212/631/158 210/630/158 209/629/158
f 216/636/159 211/635/159 209/634/159 214/633/159
f 215/640/160 216/639/160 214/638/160 213/637/160
f 214/644/161 209/643/161 210/642/161 213/641/161
f 215/648/162 212/647/162 211/646/162 216/645/162
o cube
v 0.7181914462687904 0.7091402965155069 0.3567978158875915
v 0.9608863489509138 0.6915626411728675 0.2994374615932708
v 0.7181914462687904 0.7091402965155069 0.3567978158875915
v 0.9608863489509138 0.6915626411728675 0.2994374615932708
v 0.7326167847750917 0.7159431402040779 -0.6738551960066778
v 0.4899218820929683 0.7335207955467176 -0.616494841712357
v 0.7326167847750917 0.7159431402040779 -0.6738551960066778
v 0.4899218820929683 0.7335207955467176 -0.616494841712357
vt 0 1
vt 0.5 1
vt 0.5 1
vt 0 1
vt 0 1
vt 0.5 1
vt 0.5 1
vt 0 1
vt 0 1
vt 0.5 1
vt 0.5 1
vt 0 1
vt 0 1
vt 0.5 1
vt 0.5 1
vt 0 1
vt 0 1
vt 0.1875 1
vt 0.1875 0.78125
vt 0 0.78125
vt 0 0.75
vt 1 0.75
vt 1 1
vt 0 1
vn 0.9707796107284938 -0.07031062137055816 -0.22944141717728292
vn 0.22826956417582195 -0.02438049903121069 0.973292657599948
vn -0.9707796107284938 0.07031062137055816 0.22944141717728292
vn -0.22826956417582195 0.02438049903121069 -0.973292657599948
vn 0.07402670778046454 0.9972271595727201 0.007618316461696563
vn -0.07402670778046454 -0.9972271595727201 -0.007618316461696563
g 0
f 220/652/163 223/651/163 221/650/163 218/649/163
f 219/656/164 220/655/164 218/654/164 217/653/164
f 224/660/165 219/659/165 217/658/165 222/657/165
f 223/664/166 224/663/166 222/662/166 221/661/166
f 222/668/167 217/667/167 218/666/167 221/665/167
f 223/672/168 220/671/168 219/670/168 224/669/168
o cube
v 0.6386507132243138 0.4864600980078462 0.2366364256416038
v 0.8570344996042465 0.44304805359111366 0.12295302207747971
v 0.6386507132243138 0.4864600980078462 0.2366364256416038
v 0.8570344996042465 0.44304805359111366 0.12295302207747971
v 0.3952858863692127 0.44304805359111366 -0.7640578111007421
v 0.17690209998927997 0.4864600980078462 -0.650374407536618
v 0.3952858863692127 0.44304805359111366 -0.7640578111007421
v 0.17690209998927997 0.4864600980078462 -0.650374407536618
vt 0 1
vt 0.5 1
vt 0.5 1
vt 0 1
vt 0 1
vt 0.5 1
vt 0.5 1
vt 0 1
vt 0 1
vt 0.5 1
vt 0.5 1
vt 0 1
vt 0 1
vt 0.5 1
vt 0.5 1
vt 0 1
vt 0 1
vt 0.1875 1
vt 0.1875 0.78125
vt 0 0.78125
vt 0 0.5
vt 1 0.5
vt 1 0.75
vt 0 0.75
vn 0.8735351455197311 -0.1736481776669303 -0.45473361425649683
vn 0.46174861323503397 0 0.8870108331782219
vn -0.8735351455197311 0.1736481776669303 0.45473361425649683
vn -0.46174861323503397 0 -0.8870108331782219
vn 0.15402781475222374 0.9848077530122082 -0.08018180522849587
vn -0.15402781475222374 -0.9848077530122082 0.08018180522849587
g 0
f 228/676/169 231/675/169 229/674/169 226/673/169
f 227/680/170 228/679/170 226/678/170 225/677/170
f 232/684/171 227/683/171 225/682/171 230/681/171
f 231/688/172 232/687/172 230/686/172 229/685/172
f 230/692/173 225/691/173 226/690/173 229/689/173
f 231/696/174 228/695/174 227/694/174 232/693/174
o cube
v 0.2479146727120628 0.30398793260681467 0.4400407337953338
v 0.4177871026476907 0.4646848350284495 0.35161074397368586
v 0.2479146727120628 0.30398793260681467 0.4400407337953338
v 0.4177871026476907 0.4646848350284495 0.35161074397368586
v -0.04396151058734321 0.4646848350284495 -0.5354000892045359
v -0.2138339405229711 0.30398793260681467 -0.4469700993828879
v -0.04396151058734321 0.4646848350284495 -0.5354000892045359
v -0.2138339405229711 0.30398793260681467 -0.4469700993828879
vt 0 1
vt 0.5 1
vt 0.5 1
vt 0 1
vt 0 1
vt 0.5 1
vt 0.5 1
vt 0 1
vt 0 1
vt 0.5 1
vt 0.5 1
vt 0 1
vt 0 1
vt 0.5 1
vt 0.5 1
vt 0 1
vt 0 1
vt 0.1875 1
vt 0.1875 0.78125
vt 0 0.78125
vt 0 0
vt 1 0
vt 1 0.25
vt 0 0.25
vn 0.6794897197425116 0.6427876096865395 -0.3537199592865919
vn 0.46174861323503386 0 0.8870108331782218
vn -0.6794897197425116 -0.6427876096865395 0.3537199592865919
vn -0.46174861323503386 0 -0.8870108331782218
vn -0.5701595732246948 0.766044443118978 0.29680628737742176
vn 0.5701595732246948 -0.766044443118978 -0.29680628737742176
g 0
f 236/700/175 239/699/175 237/698/175 234/697/175
f 235/704/176 236/703/176 234/702/176 233/701/176
f 240/708/177 235/707/177 233/706/177 238/705/177
f 239/712/178 240/711/178 238/710/178 237/709/178
f 238/716/179 233/715/179 234/714/179 237/713/179
f 239/720/180 236/719/180 235/718/180 240/717/180
o cube
v 0.4177562994284003 0.46467045063683043 0.3516267791146994
v 0.6386651717189218 0.48645938632374497 0.23662889902571016
v 0.4177562994284003 0.46467045063683043 0.3516267791146994
v 0.6386651717189218 0.48645938632374497 0.23662889902571016
v 0.176916558483888 0.48645938632374497 -0.6503819341525117
v -0.04399231380663349 0.46467045063683043 -0.5353840540635224
v 0.176916558483888 0.48645938632374497 -0.6503819341525117
v -0.04399231380663349 0.46467045063683043 -0.5353840540635224
vt 0 1
vt 0.5 1
vt 0.5 1
vt 0 1
vt 0 1
vt 0.5 1
vt 0.5 1
vt 0 1
vt 0 1
vt 0.5 1
vt 0.5 1
vt 0 1
vt 0 1
vt 0.5 1
vt 0.5 1
vt 0 1
vt 0 1
vt 0.1875 1
vt 0.1875 0.78125
vt 0 0.78125
vt 0 0.25
vt 1 0.25
vt 1 0.5
vt 0 0.5
vn 0.8836354891620862 0.08715574274765824 -0.45999152035595675
vn 0.46174861323503397 0 0.8870108331782218
vn -0.8836354891620862 -0.08715574274765824 0.45999152035595675
vn -0.46174861323503397 0 -0.8870108331782218
vn -0.07730808799086704 0.9961946980917455 0.04024404334920051
vn 0.07730808799086704 -0.9961946980917455 -0.04024404334920051
g 0
f 244/724/181 247/723/181 245/722/181 242/721/181
f 243/728/182 244/727/182 242/726/182 241/725/182
f 248/732/183 243/731/183 241/730/183 246/729/183
f 247/736/184 248/735/184 246/734/184 245/733/184
f 246/740/185 241/739/185 242/738/185 245/737/185
f 247/744/186 244/743/186 243/742/186 248/741/186
o cube
v 0.8570441263431257 0.44310960407860056 0.12294801071441486
v 1.0269165562787537 0.28241270165696575 0.0345180208927669
v 0.8570441263431257 0.44310960407860056 0.12294801071441486
