# Made in Blockbench 4.7.4

o cube
v 0.515625 0.47734494364296975 -0.20821396202453707
v 0.515625 0.6688560544227142 -0.3689108644461718
v 0.515625 0.47734494364296975 -0.20821396202453707
v 0.515625 0.6688560544227142 -0.3689108644461718
v -0.484375 0.6688560544227142 -0.3689108644461718
v -0.484375 0.47734494364296975 -0.20821396202453707
v -0.484375 0.6688560544227142 -0.3689108644461718
v -0.484375 0.47734494364296975 -0.20821396202453707
vt 0 1
vt 0.5 1
vt 0.5 1
vt 0 1
vt 0 1
vt 0.5 1
vt 0.5 1
vt 0 1
vt 0 1
vt 0.5 1
vt 0.5 1
vt 0 1
vt 0 1
vt 0.5 1
vt 0.5 1
vt 0 1
vt 0 1
vt 0.1875 1
vt 0.1875 0.78125
vt 0 0.78125
vt 0 0.5
vt 1 0.5
vt 1 0.75
vt 0 0.75
vn 0 0.7660444431189781 -0.6427876096865394
vn 1 0 0
vn 0 -0.7660444431189781 0.6427876096865394
vn -1 0 0
vn 0 0.6427876096865394 0.7660444431189781
vn 0 -0.6427876096865394 -0.7660444431189781
g Frond
f 4/4/1 7/3/1 5/2/1 2/1/1
f 3/8/2 4/7/2 2/6/2 1/5/2
f 8/12/3 3/11/3 1/10/3 6/9/3
f 7/16/4 8/15/4 6/14/4 5/13/4
f 6/20/5 1/19/5 2/18/5 5/17/5
f 7/24/6 4/23/6 3/22/6 8/21/6
o cube
v 0.515625 -0.003584765257338529 -0.11255772615626414
v 0.515625 0.24641523474266147 -0.11255772615626408
v 0.515625 -0.003584765257338529 -0.11255772615626414
v 0.515625 0.24641523474266147 -0.11255772615626408
v -0.484375 0.24641523474266147 -0.11255772615626408
v -0.484375 -0.003584765257338529 -0.11255772615626414
v -0.484375 0.24641523474266147 -0.11255772615626408
v -0.484375 -0.003584765257338529 -0.11255772615626414
vt 0 1
vt 0.5 1
vt 0.5 1
vt 0 1
vt 0 1
vt 0.5 1
vt 0.5 1
vt 0 1
vt 0 1
vt 0.5 1
vt 0.5 1
vt 0 1
vt 0 1
vt 0.5 1
vt 0.5 1
vt 0 1
vt 0 1
vt 0.1875 1
vt 0.1875 0.78125
vt 0 0.78125
vt 0 0
vt 1 0
vt 1 0.25
vt 0 0.25
vn 0 1 0
vn 1 0 0
vn 0 -1 0
vn -1 0 0
vn 0 0 1
vn 0 0 -1
g Frond
f 12/28/7 15/27/7 13/26/7 10/25/7
f 11/32/8 12/31/8 10/30/8 9/29/8
f 16/36/9 11/35/9 9/34/9 14/33/9
f 15/40/10 16/39/10 14/38/10 13/37/10
f 14/44/11 9/43/11 10/42/11 13/41/11
f 15/48/12 12/47/12 11/46/12 16/45/12
o cube
v 0.515625 0.24639131702700268 -0.11255296862682007
v 0.515625 0.4773612001548244 -0.2082238267180926
v 0.515625 0.24639131702700268 -0.11255296862682007
v 0.515625 0.4773612001548244 -0.2082238267180926
v -0.484375 0.4773612001548244 -0.2082238267180926
v -0.484375 0.24639131702700268 -0.11255296862682007
v -0.484375 0.4773612001548244 -0.2082238267180926
v -0.484375 0.24639131702700268 -0.11255296862682007
vt 0 1
vt 0.5 1
vt 0.5 1
vt 0 1
vt 0 1
vt 0.5 1
vt 0.5 1
vt 0 1
vt 0 1
vt 0.5 1
vt 0.5 1
vt 0 1
vt 0 1
vt 0.5 1
vt 0.5 1
vt 0 1
vt 0 1
vt 0.1875 1
vt 0.1875 0.78125
vt 0 0.78125
vt 0 0.25
vt 1 0.25
vt 1 0.5
vt 0 0.5
vn 0 0.9238795325112868 -0.3826834323650899
vn 1 0 0
vn 0 -0.9238795325112868 0.3826834323650899
vn -1 0 0
vn 0 0.3826834323650899 0.9238795325112868
vn 0 -0.3826834323650899 -0.9238795325112868
g Frond
f 20/52/13 23/51/13 21/50/13 18/49/13
f 19/56/14 20/55/14 18/54/14 17/53/14
f 24/60/15 19/59/15 17/58/15 22/57/15
f 23/64/16 24/63/16 22/62/16 21/61/16
f 22/68/17 17/67/17 18/66/17 21/65/17
f 23/72/18 20/71/18 19/70/18 24/69/18
o cube
v 0.515625 0.6688421020599205 -0.3688942366676872
v 0.515625 0.7938421020599205 -0.5854005876137969
v 0.515625 0.6688421020599205 -0.3688942366676872
v 0.515625 0.7938421020599205 -0.5854005876137969
v -0.484375 0.7938421020599205 -0.5854005876137969
v -0.484375 0.6688421020599205 -0.3688942366676872
v -0.484375 0.7938421020599205 -0.5854005876137969
v -0.484375 0.6688421020599205 -0.3688942366676872
vt 0 1
vt 0.5 1
vt 0.5 1
vt 0 1
vt 0 1
vt 0.5 1
vt 0.5 1
vt 0 1
vt 0 1
vt 0.5 1
vt 0.5 1
vt 0 1
vt 0 1
vt 0.5 1
vt 0.5 1
vt 0 1
vt 0 1
vt 0.1875 1
vt 0.1875 0.78125
vt 0 0.78125
vt 0 0.75
vt 1 0.75
vt 1 1
vt 0 1
vn 0 0.5 -0.8660254037844387
vn 1 0 0
vn 0 -0.5 0.8660254037844387
vn -1 0 0
vn 0 0.8660254037844387 0.5
vn 0 -0.8660254037844387 -0.5
g Frond
f 28/76/19 31/75/19 29/74/19 26/73/19
f 27/80/20 28/79/20 26/78/20 25/77/20
f 32/84/21 27/83/21 25/82/21 30/81/21
f 31/88/22 32/87/22 30/86/22 29/85/22
f 30/92/23 25/91/23 26/90/23 29/89/23
f 31/96/24 28/95/24 27/94/24 32/93/24
o cube
v 0.515625 0.31500888184771614 -0.3605508770639857
v 0.515625 0.35842092626444866 -0.6067528153170376
v 0.515625 0.31500888184771614 -0.3605508770639857
v 0.515625 0.35842092626444866 -0.6067528153170376
v -0.484375 0.35842092626444866 -0.6067528153170376
v -0.484375 0.31500888184771614 -0.3605508770639857
v -0.484375 0.35842092626444866 -0.6067528153170376
v -0.484375 0.31500888184771614 -0.3605508770639857
vt 0 1
vt 0.5 1
vt 0.5 1
vt 0 1
vt 0 1
vt 0.5 1
vt 0.5 1
vt 0 1
vt 0 1
vt 0.5 1
vt 0.5 1
vt 0 1
vt 0 1
vt 0.5 1
vt 0.5 1
vt 0 1
vt 0 1
vt 0.1875 1
vt 0.1875 0.78125
vt 0 0.78125
vt 0 0.5
vt 1 0.5
vt 1 0.75
vt 0 0.75
vn 0 0.17364817766693033 -0.984807753012208
vn 1 0 0
vn 0 -0.17364817766693033 0.984807753012208
vn -1 0 0
vn 0 0.984807753012208 0.17364817766693033
vn 0 -0.984807753012208 -0.17364817766693033
g Frond
f 36/100/25 39/99/25 37/98/25 34/97/25
f 35/104/26 36/103/26 34/102/26 33/101/26
f 40/108/27 35/107/27 33/106/27 38/105/27
f 39/112/28 40/111/28 38/110/28 37/109/28
f 38/116/29 33/115/29 34/114/29 37/113/29
f 39/120/30 36/119/30 35/118/30 40/117/30
o cube
v 0.515625 -0.007121734047565886 -0.00901720388351096
v 0.515625 0.20938461689854382 -0.13401720388351096
v 0.515625 -0.007121734047565886 -0.00901720388351096
v 0.515625 0.20938461689854382 -0.13401720388351096
v -0.484375 0.20938461689854382 -0.13401720388351096
v -0.484375 -0.007121734047565886 -0.00901720388351096
v -0.484375 0.20938461689854382 -0.13401720388351096
v -0.484375 -0.007121734047565886 -0.00901720388351096
vt 0 1
vt 0.5 1
vt 0.5 1
vt 0 1
vt 0 1
vt 0.5 1
vt 0.5 1
vt 0 1
vt 0 1
vt 0.5 1
vt 0.5 1
vt 0 1
vt 0 1
vt 0.5 1
vt 0.5 1
vt 0 1
vt 0 1
vt 0.1875 1
vt 0.1875 0.78125
vt 0 0.78125
vt 0 0
vt 1 0
vt 1 0.25
vt 0 0.25
vn 0 0.8660254037844386 -0.4999999999999999
vn 1 0 0
vn 0 -0.8660254037844386 0.4999999999999999
vn -1 0 0
vn 0 0.4999999999999999 0.8660254037844386
vn 0 -0.4999999999999999 -0.8660254037844386
g Frond
f 44/124/31 47/123/31 45/122/31 42/121/31
f 43/128/32 44/127/32 42/126/32 41/125/32
f 48/132/33 43/131/33 41/130/33 46/129/33
f 47/136/34 48/135/34 46/134/34 45/133/34
f 46/140/35 41/139/35 42/138/35 45/137/35
f 47/144/36 44/143/36 43/142/36 48/141/36
o cube
v 0.515625 0.20935922266064777 -0.13398949093581686
v 0.515625 0.3150137880958226 -0.3605664376949793
v 0.515625 0.20935922266064777 -0.13398949093581686
v 0.515625 0.3150137880958226 -0.3605664376949793
v -0.484375 0.3150137880958226 -0.3605664376949793
v -0.484375 0.20935922266064777 -0.13398949093581686
v -0.484375 0.3150137880958226 -0.3605664376949793
v -0.484375 0.20935922266064777 -0.13398949093581686
vt 0 1
vt 0.5 1
vt 0.5 1
vt 0 1
vt 0 1
vt 0.5 1
vt 0.5 1
vt 0 1
vt 0 1
vt 0.5 1
vt 0.5 1
vt 0 1
vt 0 1
vt 0.5 1
vt 0.5 1
vt 0 1
vt 0 1
vt 0.1875 1
vt 0.1875 0.78125
vt 0 0.78125
vt 0 0.25
vt 1 0.25
vt 1 0.5
vt 0 0.5
vn 0 0.4226182617406994 -0.9063077870366499
vn 1 0 0
vn 0 -0.4226182617406994 0.9063077870366499
vn -1 0 0
vn 0 0.9063077870366499 0.4226182617406994
vn 0 -0.9063077870366499 -0.4226182617406994
g Frond
f 52/148/37 55/147/37 53/146/37 50/145/37
f 51/152/38 52/151/38 50/150/38 49/149/38
f 56/156/39 51/155/39 49/154/39 54/153/39
f 55/160/40 56/159/40 54/158/40 53/157/40
f 54/164/41 49/163/41 50/162/41 53/161/41
f 55/168/42 52/167/42 51/166/42 56/165/42
o cube
v 0.515625 0.35848247675193556 -0.606741962305418
v 0.515625 0.27297744092051834 -0.8416651175018951
v 0.515625 0.35848247675193556 -0.606741962305418
v 0.515625 0.27297744092051834 -0.8416651175018951
v -0.484375 0.27297744092051834 -0.8416651175018951
v -0.484375 0.35848247675193556 -0.606741962305418
v -0.484375 0.27297744092051834 -0.8416651175018951
v -0.484375 0.35848247675193556 -0.606741962305418
vt 0 1
vt 0.5 1
vt 0.5 1
vt 0 1
vt 0 1
vt 0.5 1
vt 0.5 1
vt 0 1
vt 0 1
vt 0.5 1
vt 0.5 1
vt 0 1
vt 0 1
vt 0.5 1
vt 0.5 1
vt 0 1
vt 0 1
vt 0.1875 1
vt 0.1875 0.78125
vt 0 0.78125
vt 0 0.75
vt 1 0.75
vt 1 1
vt 0 1
vn 0 -0.34202014332566866 -0.9396926207859084
vn 1 0 0
vn 0 0.34202014332566866 0.9396926207859084
vn -1 0 0
vn 0 0.9396926207859084 -0.34202014332566866
vn 0 -0.9396926207859084 0.34202014332566866
g Frond
f 60/172/43 63/171/43 61/170/43 58/169/43
f 59/176/44 60/175/44 58/174/44 57/173/44
f 64/180/45 59/179/45 57/178/45 62/177/45
f 63/184/46 64/183/46 62/182/46 61/181/46
f 62/188/47 57/187/47 58/186/47 61/185/47
f 63/192/48 60/191/48 59/190/48 64/189/48
o cube
v -0.24675735705621904 0.3253439804714524 -0.5706551469569572
v -0.4839096755916722 0.3868611691544377 -0.6203986220044548
v -0.24675735705621904 0.3253439804714524 -0.5706551469569572
v -0.4839096755916722 0.3868611691544377 -0.6203986220044548
v -0.6872963836550604 0.39447948561613955 0.35867022554275785
v -0.45014406511960725 0.33296229693315427 0.4084137005902555
v -0.6872963836550604 0.39447948561613955 0.35867022554275785
v -0.45014406511960725 0.33296229693315427 0.4084137005902555
vt 0 1
vt 0.5 1
vt 0.5 1
vt 0 1
vt 0 1
vt 0.5 1
vt 0.5 1
vt 0 1
vt 0 1
vt 0.5 1
vt 0.5 1
vt 0 1
vt 0 1
vt 0.5 1
vt 0.5 1
vt 0 1
vt 0 1
vt 0.1875 1
vt 0.1875 0.78125
vt 0 0.78125
vt 0 0.5
vt 1 0.5
vt 1 0.75
vt 0 0.75
vn -0.9486092741418122 0.24606875473194106 -0.19897390018999053
vn 0.20338670806338827 -0.007618316461701859 -0.9790688475472128
vn 0.9486092741418122 -0.24606875473194106 0.19897390018999053
vn -0.20338670806338827 0.007618316461701859 0.9790688475472128
vn 0.24243409825204582 0.9692224353567974 0.04282030833326918
vn -0.24243409825204582 -0.9692224353567974 -0.04282030833326918
g Frond
f 68/196/49 71/195/49 69/194/49 66/193/49
f 67/200/50 68/199/50 66/198/50 65/197/50
f 72/204/51 67/203/51 65/202/51 70/201/51
f 71/208/52 72/207/52 70/206/52 69/205/52
f 70/212/53 65/211/53 66/210/53 69/209/53
f 71/216/54 68/215/54 67/214/54 72/213/54
o cube
v 0.10386973664181665 -0.00904059282581926 -0.4952157761411017
v -0.038841070514562814 0.19383535084047387 -0.5264403978727692
v 0.10386973664181665 -0.00904059282581926 -0.4952157761411017
v -0.038841070514562814 0.19383535084047387 -0.5264403978727692
v -0.24222777857795103 0.20145366730217573 0.4526284496744435
v -0.09951697142157145 -0.001422276364117403 0.4838530714061109
v -0.24222777857795103 0.20145366730217573 0.4526284496744435
v -0.09951697142157145 -0.001422276364117403 0.4838530714061109
vt 0 1
vt 0.5 1
vt 0.5 1
vt 0 1
vt 0 1
vt 0.5 1
vt 0.5 1
vt 0 1
vt 0 1
vt 0.5 1
vt 0.5 1
vt 0 1
vt 0 1
vt 0.5 1
vt 0.5 1
vt 0 1
vt 0 1
vt 0.1875 1
vt 0.1875 0.78125
vt 0 0.78125
vt 0 0
vt 1 0
vt 1 0.25
vt 0 0.25
vn -0.5708432286255183 0.8115037746651724 -0.12489848692666973
vn 0.2033867080633883 -0.007618316461701875 -0.9790688475472129
vn 0.5708432286255183 -0.8115037746651724 0.12489848692666973
vn -0.2033867080633883 0.007618316461701875 0.9790688475472129
vn 0.7954695816406386 0.5842975140786297 0.16070021694447417
vn -0.7954695816406386 -0.5842975140786297 -0.16070021694447417
g Frond
f 76/220/55 79/219/55 77/218/55 74/217/55
f 75/224/56 76/223/56 74/222/56 73/221/56
f 80/228/57 75/227/57 73/226/57 78/225/57
f 79/232/58 80/231/58 78/230/58 77/229/58
f 78/236/59 73/235/59 74/234/59 77/233/59
f 79/240/60 76/239/60 75/238/60 80/237/60
o cube
v -0.038823632778578476 0.19381872133656253 -0.5264366460502587
v -0.24677448403958813 0.32535140877626356 -0.570658762629085
v -0.038823632778578476 0.19381872133656253 -0.5264366460502587
v -0.24677448403958813 0.32535140877626356 -0.570658762629085
v -0.45016119210297634 0.3329697252379654 0.4084100849181278
v -0.24221034084196663 0.20143703779826438 0.45263220149695393
v -0.45016119210297634 0.3329697252379654 0.4084100849181278
v -0.24221034084196663 0.20143703779826438 0.45263220149695393
vt 0 1
vt 0.5 1
vt 0.5 1
vt 0 1
vt 0 1
vt 0.5 1
vt 0.5 1
vt 0 1
vt 0 1
vt 0.5 1
vt 0.5 1
vt 0 1
vt 0 1
vt 0.5 1
vt 0.5 1
vt 0 1
vt 0 1
vt 0.1875 1
vt 0.1875 0.78125
vt 0 0.78125
vt 0 0.25
vt 1 0.25
vt 1 0.5
vt 0 0.5
vn -0.831803405044039 0.5261307497588046 -0.17688846631530464
vn 0.20338670806338827 -0.007618316461701871 -0.9790688475472128
vn 0.831803405044039 -0.5261307497588046 0.17688846631530464
vn -0.20338670806338827 0.007618316461701871 0.9790688475472128
vn 0.516465819140319 0.8503695640205661 0.10067105963081892
vn -0.516465819140319 -0.8503695640205661 -0.10067105963081892
g Frond
f 84/244/61 87/243/61 85/242/61 82/241/61
f 83/248/62 84/247/62 82/246/62 81/245/62
f 88/252/63 83/251/63 81/250/63 86/249/63
f 87/256/64 88/255/64 86/254/64 85/253/64
f 86/260/65 81/259/65 82/258/65 85/257/65
f 87/264/66 84/263/66 83/262/66 88/261/66
o cube
v -0.48388848408785334 0.3868595623289983 -0.620394207287843
v -0.7274681040756862 0.36179341152209754 -0.6707991357205731
v -0.48388848408785334 0.3868595623289983 -0.620394207287843
v -0.7274681040756862 0.36179341152209754 -0.6707991357205731
v -0.9308548121390744 0.3694117279837994 0.30826971182663965
v -0.6872751921512416 0.3944778787907002 0.35867464025936957
v -0.9308548121390744 0.3694117279837994 0.30826971182663965
v -0.6872751921512416 0.3944778787907002 0.35867464025936957
vt 0 1
vt 0.5 1
vt 0.5 1
vt 0 1
vt 0 1
vt 0.5 1
vt 0.5 1
vt 0 1
vt 0 1
vt 0.5 1
vt 0.5 1
vt 0 1
vt 0 1
vt 0.5 1
vt 0.5 1
vt 0 1
vt 0 1
vt 0.1875 1
vt 0.1875 0.78125
vt 0 0.78125
vt 0 0.75
vt 1 0.75
vt 1 1
vt 0 1
vn -0.9743184799513317 -0.10026460322760285 -0.20161971373092
vn 0.2033867080633883 -0.007618316461701869 -0.9790688475472128
vn 0.9743184799513317 0.10026460322760285 0.20161971373092
vn -0.2033867080633883 0.007618316461701869 0.9790688475472128
vn -0.09662994674770786 0.994931641166317 -0.027815154100497494
vn 0.09662994674770786 -0.994931641166317 0.027815154100497494
g Frond
f 92/268/67 95/267/67 93/266/67 90/265/67
f 91/272/68 92/271/68 90/270/68 89/269/68
f 96/276/69 91/275/69 89/274/69 94/273/69
f 95/280/70 96/279/70 94/278/70 93/277/70
f 94/284/71 89/283/71 90/282/71 93/281/71
f 95/288/72 92/287/72 91/286/72 96/285/72
o cube
v -0.46195909840308286 0.47626289134922983 -0.1885964258038797
v -0.5938966442742107 0.6287205451468332 -0.04078185349101793
v -0.46195909840308286 0.47626289134922983 -0.1885964258038797
v -0.5938966442742107 0.6287205451468332 -0.04078185349101793
v 0.12022345812660484 0.5703803714942368 0.6568060646133835
v 0.25216100399773267 0.4179227176966335 0.5089914923005217
v 0.12022345812660484 0.5703803714942368 0.6568060646133835
v 0.25216100399773267 0.4179227176966335 0.5089914923005217
vt 0 1
vt 0.5 1
vt 0.5 1
vt 0 1
vt 0 1
vt 0.5 1
vt 0.5 1
vt 0 1
vt 0 1
vt 0.5 1
vt 0.5 1
vt 0 1
vt 0 1
vt 0.5 1
vt 0.5 1
vt 0 1
vt 0 1
vt 0.1875 1
vt 0.1875 0.78125
vt 0 0.78125
vt 0 0.5
vt 1 0.5
vt 1 0.75
vt 0 0.75
vn -0.5277501834845112 0.6098306151904129 0.5912582892514467
vn -0.7141201024008158 0.05834017365259636 -0.6975879181044018
vn 0.5277501834845112 -0.6098306151904129 -0.5912582892514467
vn 0.7141201024008158 -0.05834017365259636 0.6975879181044018
vn 0.45990458051547334 0.7903815818417502 -0.40470326401725426
vn -0.45990458051547334 -0.7903815818417502 0.40470326401725426
g Frond
f 100/292/73 103/291/73 101/290/73 98/289/73
f 99/296/74 100/295/74 98/294/74 97/293/74
f 104/300/75 99/299/75 97/298/75 102/297/75
f 103/304/76 104/303/76 102/302/76 101/301/76
f 102/308/77 97/307/77 98/306/77 101/305/77
f 103/312/78 100/311/78 99/310/78 104/309/78
o cube
v -0.3435517128841943 0.027678207454788772 -0.34732566946530263
v -0.37071649523916905 0.2714794178904809 -0.29912769866052447
v -0.3435517128841943 0.027678207454788772 -0.34732566946530263
v -0.37071649523916905 0.2714794178904809 -0.29912769866052447
v 0.3434036071616464 0.21313924423788444 0.398460219443877
v 0.3705683895166212 -0.03066196619780759 0.3502622486390988
v 0.3434036071616464 0.21313924423788444 0.398460219443877
v 0.3705683895166212 -0.03066196619780759 0.3502622486390988
vt 0 1
vt 0.5 1
vt 0.5 1
vt 0 1
vt 0 1
vt 0.5 1
vt 0.5 1
vt 0 1
vt 0 1
vt 0.5 1
vt 0.5 1
vt 0 1
vt 0 1
vt 0.5 1
vt 0.5 1
vt 0 1
vt 0 1
vt 0.1875 1
vt 0.1875 0.78125
vt 0 0.78125
vt 0 0
vt 1 0
vt 1 0.25
vt 0 0.25
vn -0.10865912941989932 0.9752048417427683 0.19279188321911284
vn -0.7141201024008157 0.058340173652596326 -0.6975879181044017
vn 0.10865912941989932 -0.9752048417427683 -0.19279188321911284
vn 0.7141201024008157 -0.058340173652596326 0.6975879181044017
vn 0.6915386272224843 0.213475855261543 -0.6900741889678201
vn -0.6915386272224843 -0.213475855261543 0.6900741889678201
g Frond
f 108/316/79 111/315/79 109/314/79 106/313/79
f 107/320/80 108/319/80 106/318/80 105/317/80
f 112/324/81 107/323/81 105/322/81 110/321/81
f 111/328/82 112/327/82 110/326/82 109/325/82
f 110/332/83 105/331/83 106/330/83 109/329/83
f 111/336/84 108/335/84 107/334/84 112/333/84
o cube
v -0.3707106063456272 0.2714571088360339 -0.29913559285024116
v -0.4619676866381478 0.47627663890440675 -0.18858648430993985
v -0.3707106063456272 0.2714571088360339 -0.29913559285024116
v -0.4619676866381478 0.47627663890440675 -0.18858648430993985
v 0.25215241576266767 0.4179364652518104 0.5090014337944617
v 0.34340949605518833 0.21311693518343744 0.3984523252541603
v 0.25215241576266767 0.4179364652518104 0.5090014337944617
v 0.34340949605518833 0.21311693518343744 0.3984523252541603
vt 0 1
vt 0.5 1
vt 0.5 1
vt 0 1
vt 0 1
vt 0.5 1
vt 0.5 1
vt 0 1
vt 0 1
vt 0.5 1
vt 0.5 1
vt 0 1
vt 0 1
vt 0.5 1
vt 0.5 1
vt 0 1
vt 0 1
vt 0.1875 1
vt 0.1875 0.78125
vt 0 0.78125
vt 0 0.25
vt 1 0.25
vt 1 0.5
vt 0 0.5
vn -0.36502832117008266 0.8192781202734915 0.4421964341612055
vn -0.7141201024008158 0.05834017365259633 -0.6975879181044018
vn 0.36502832117008266 -0.8192781202734915 -0.4421964341612055
vn 0.7141201024008158 -0.05834017365259633 0.6975879181044018
vn 0.5973163350275964 0.5704207094586583 -0.5637671594992754
vn -0.5973163350275964 -0.5704207094586583 0.5637671594992754
g Frond
f 116/340/85 119/339/85 117/338/85 114/337/85
f 115/344/86 116/343/86 114/342/86 113/341/86
f 120/348/87 115/347/87 113/346/87 118/345/87
f 119/352/88 120/351/88 118/350/88 117/349/88
f 118/356/89 113/355/89 114/354/89 117/353/89
f 119/360/90 116/359/90 115/358/90 120/357/90
o cube
v -0.5938836294715093 0.6287104883643162 -0.040796017794068495
v -0.7571885253672186 0.7043922151443855 0.13270841214383933
v -0.5938836294715093 0.6287104883643162 -0.040796017794068495
v -0.7571885253672186 0.7043922151443855 0.13270841214383933
v -0.04306842296640312 0.6460520414917892 0.8302963302482409
v 0.12023647292930617 0.5703703147117198 0.6567919003103331
v -0.04306842296640312 0.6460520414917892 0.8302963302482409
v 0.12023647292930617 0.5703703147117198 0.6567919003103331
vt 0 1
vt 0.5 1
vt 0.5 1
vt 0 1
vt 0 1
vt 0.5 1
vt 0.5 1
vt 0 1
vt 0 1
vt 0.5 1
vt 0.5 1
vt 0 1
vt 0 1
vt 0.5 1
vt 0.5 1
vt 0 1
vt 0 1
vt 0.1875 1
vt 0.1875 0.78125
vt 0 0.78125
vt 0 0.75
vt 1 0.75
vt 1 1
vt 0 1
vn -0.6532195835828379 0.30272690712027783 0.6940177197516317
vn -0.7141201024008157 0.05834017365259632 -0.6975879181044018
vn 0.6532195835828379 -0.30272690712027783 -0.6940177197516317
vn 0.7141201024008157 -0.05834017365259632 0.6975879181044018
vn 0.2516677471805083 0.951290094473592 -0.1780744259727155
vn -0.2516677471805083 -0.951290094473592 0.1780744259727155
g Frond
f 124/364/91 127/363/91 125/362/91 122/361/91
f 123/368/92 124/367/92 122/366/92 121/365/92
f 128/372/93 123/371/93 121/370/93 126/369/93
f 127/376/94 128/375/94 126/374/94 125/373/94
f 126/380/95 121/379/95 122/378/95 125/377/95
f 127/384/96 124/383/96 123/382/96 128/381/96
o cube
v -0.5349445200866758 0.4200866867963833 0.11020708259981793
v -0.6132816429494001 0.5201941603549238 0.3254785134012985
v -0.5349445200866758 0.4200866867963833 0.11020708259981793
v -0.6132816429494001 0.5201941603549238 0.3254785134012985
v 0.31286450288028567 0.4486149913732165 0.6957888415487941
v 0.39120162574301 0.34850751781467604 0.4805174107473136
v 0.31286450288028567 0.4486149913732165 0.6957888415487941
v 0.39120162574301 0.34850751781467604 0.4805174107473136
vt 0 1
vt 0.5 1
vt 0.5 1
vt 0 1
vt 0 1
vt 0.5 1
vt 0.5 1
vt 0 1
vt 0 1
vt 0.5 1
vt 0.5 1
vt 0 1
vt 0 1
vt 0.5 1
vt 0.5 1
vt 0 1
vt 0 1
vt 0.1875 1
vt 0.1875 0.78125
vt 0 0.78125
vt 0 0.5
vt 1 0.5
vt 1 0.75
vt 0 0.75
vn -0.3133484914508969 0.4004298942341614 0.861085723205922
vn -0.926146145829686 0.07157916898170726 -0.3703103281474958
vn 0.3133484914508969 -0.4004298942341614 -0.861085723205922
vn 0.926146145829686 -0.07157916898170726 0.3703103281474958
vn 0.2099191260230117 0.9135274064698368 -0.3484273786002308
vn -0.2099191260230117 -0.9135274064698368 0.3484273786002308
g Frond
f 132/388/97 135/387/97 133/386/97 130/385/97
f 131/392/98 132/391/98 130/390/98 129/389/98
f 136/396/99 131/395/99 129/394/99 134/393/99
f 135/400/100 136/399/100 134/398/100 133/397/100
f 134/404/101 129/403/101 130/402/101 133/401/101
f 135/408/102 132/407/102 131/406/102 136/405/102
o cube
v -0.44974720749649644 0.03247839151608467 -0.17779418080146242
v -0.4760235718444602 0.25596618984725694 -0.068877897933664
v -0.44974720749649644 0.03247839151608467 -0.17779418080146242
v -0.4760235718444602 0.25596618984725694 -0.068877897933664
v 0.4501225739852255 0.1843870208655497 0.3014324302138316
v 0.47639893833318925 -0.03910077746562268 0.19251614734603317
v 0.4501225739852255 0.1843870208655497 0.3014324302138316
v 0.47639893833318925 -0.03910077746562268 0.19251614734603317
vt 0 1
vt 0.5 1
vt 0.5 1
vt 0 1
vt 0 1
vt 0.5 1
vt 0.5 1
vt 0 1
vt 0 1
vt 0.5 1
vt 0.5 1
vt 0 1
vt 0 1
vt 0.5 1
vt 0.5 1
vt 0 1
vt 0 1
vt 0.1875 1
vt 0.1875 0.78125
vt 0 0.78125
vt 0 0
vt 1 0
vt 1 0.25
vt 0 0.25
vn -0.10510545739185499 0.8939511933246894 0.4356651314711938
vn -0.9261461458296861 0.0715791689817073 -0.3703103281474959
vn 0.10510545739185499 -0.8939511933246894 -0.4356651314711938
vn 0.9261461458296861 -0.0715791689817073 0.3703103281474959
vn 0.3622239078129255 0.4424112188012998 -0.8204060909619588
vn -0.3622239078129255 -0.4424112188012998 0.8204060909619588
g Frond
f 140/412/103 143/411/103 141/410/103 138/409/103
f 139/416/104 140/415/104 138/414/104 137/413/104
f 144/420/105 139/419/105 137/418/105 142/417/105
f 143/424/106 144/423/106 142/422/106 141/421/106
f 142/428/107 137/427/107 138/426/107 141/425/107
f 143/432/108 140/431/108 139/430/108 144/429/108
o cube
v -0.47601933467110946 0.255946913361202 -0.06889222115453475
v -0.534949801962639 0.4200968550734562 0.11022225804987096
v -0.47601933467110946 0.255946913361202 -0.06889222115453475
v -0.534949801962639 0.4200968550734562 0.11022225804987096
v 0.3911963438670467 0.34851768609174893 0.4805325861973666
v 0.45012681115857633 0.18436774437949466 0.3014181069929609
v 0.3911963438670467 0.34851768609174893 0.4805325861973666
v 0.45012681115857633 0.18436774437949466 0.3014181069929609
vt 0 1
vt 0.5 1
vt 0.5 1
vt 0 1
vt 0 1
vt 0.5 1
vt 0.5 1
vt 0 1
vt 0 1
vt 0.5 1
vt 0.5 1
vt 0 1
vt 0 1
vt 0.5 1
vt 0.5 1
vt 0 1
vt 0 1
vt 0.1875 1
vt 0.1875 0.78125
vt 0 0.78125
vt 0 0.25
vt 1 0.25
vt 1 0.5
vt 0 0.5
vn -0.2357218691661182 0.6565997668490167 0.7164579168176233
vn -0.9261461458296862 0.07157916898170727 -0.3703103281474958
vn 0.2357218691661182 -0.6565997668490167 -0.7164579168176233
vn 0.9261461458296862 -0.07157916898170727 0.3703103281474958
vn 0.2944291374195993 0.7508349810322538 -0.5912345679141622
vn -0.2944291374195993 -0.7508349810322538 0.5912345679141622
g Frond
f 148/436/109 151/435/109 149/434/109 146/433/109
f 147/440/110 148/439/110 146/438/110 145/437/110
f 152/444/111 147/443/111 145/442/111 150/441/111
f 151/448/112 152/447/112 150/446/112 149/445/112
f 150/452/113 145/451/113 146/450/113 149/449/113
f 151/456/114 148/455/114 147/454/114 152/453/114
o cube
v -0.613274153501026 0.5201890439393 0.3254587933125799
v -0.7048361121810243 0.5361481045045959 0.5575400637946148
v -0.613274153501026 0.5201890439393 0.3254587933125799
v -0.7048361121810243 0.5361481045045959 0.5575400637946148
v 0.22131003364866153 0.4645689355228886 0.9278503919421104
v 0.3128719923286598 0.44860987495759286 0.6957691214600756
v 0.22131003364866153 0.4645689355228886 0.9278503919421104
v 0.3128719923286598 0.44860987495759286 0.6957691214600756
vt 0 1
vt 0.5 1
vt 0.5 1
vt 0 1
vt 0 1
vt 0.5 1
vt 0.5 1
vt 0 1
vt 0 1
vt 0.5 1
vt 0.5 1
vt 0 1
vt 0 1
vt 0.5 1
vt 0.5 1
vt 0 1
vt 0 1
vt 0.1875 1
vt 0.1875 0.78125
vt 0 0.78125
vt 0 0.75
vt 1 0.75
vt 1 1
vt 0 1
vn -0.36624783471999356 0.06383624226118328 0.92832508192814
vn -0.926146145829686 0.07157916898170726 -0.37031032814749576
vn 0.36624783471999356 -0.06383624226118328 -0.92832508192814
vn 0.926146145829686 -0.07157916898170726 0.37031032814749576
vn 0.09008795772873343 0.9953900525632451 -0.03290597408383817
vn -0.09008795772873343 -0.9953900525632451 0.03290597408383817
g Frond
f 156/460/115 159/459/115 157/458/115 154/457/115
f 155/464/116 156/463/116 154/462/116 153/461/116
f 160/468/117 155/467/117 153/466/117 158/465/117
f 159/472/118 160/471/118 158/470/118 157/469/118
f 158/476/119 153/475/119 154/474/119 157/473/119
f 159/480/120 156/479/120 155/478/120 160/477/120
o cube
v -0.09630787619643943 0.3387040717761993 0.6049701580749136
v 0.06562212967456404 0.3901672990381633 0.7883555703584437
v -0.09630787619643943 0.3387040717761993 0.6049701580749136
v 0.06562212967456404 0.3901672990381633 0.7883555703584437
v 0.8213110063173277 0.33905867781263166 0.13542201282381727
v 0.6593810004463241 0.2875954505506677 -0.04796339945971306
v 0.8213110063173277 0.33905867781263166 0.13542201282381727
v 0.6593810004463241 0.2875954505506677 -0.04796339945971306
vt 0 1
vt 0.5 1
vt 0.5 1
vt 0 1
vt 0 1
vt 0.5 1
vt 0.5 1
vt 0 1
vt 0 1
vt 0.5 1
vt 0.5 1
vt 0 1
vt 0 1
vt 0.5 1
vt 0.5 1
vt 0 1
vt 0 1
vt 0.1875 1
vt 0.1875 0.78125
vt 0 0.78125
vt 0 0.5
vt 1 0.5
vt 1 0.75
vt 0 0.75
vn 0.6477200234840133 0.2058529090478555 0.7335416491341201
vn -0.7556888766427636 0.05110862122553159 0.6529335575346262
vn -0.6477200234840133 -0.2058529090478555 -0.7335416491341201
vn 0.7556888766427636 -0.05110862122553159 -0.6529335575346262
vn -0.09691796993472059 0.9772474040246721 -0.18866483093245573
vn 0.09691796993472059 -0.9772474040246721 0.18866483093245573
g Frond
f 164/484/121 167/483/121 165/482/121 162/481/121
f 163/488/122 164/487/122 162/486/122 161/485/122
f 168/492/123 163/491/123 161/490/123 166/489/123
f 167/496/124 168/495/124 166/494/124 165/493/124
f 166/500/125 161/499/125 162/498/125 165/497/125
f 167/504/126 164/503/126 163/502/126 168/501/126
o cube
v -0.3519038778402708 0.01971553862680231 0.33411872273386845
v -0.24343271422606794 0.21617928862214753 0.4442822448360024
v -0.3519038778402708 0.01971553862680231 0.33411872273386845
v -0.24343271422606794 0.21617928862214753 0.4442822448360024
v 0.5122561624166957 0.1650706673966159 -0.2086513126986242
v 0.40378499880249286 -0.031393082598729305 -0.31881483480075806
v 0.5122561624166957 0.1650706673966159 -0.2086513126986242
v 0.40378499880249286 -0.031393082598729305 -0.31881483480075806
vt 0 1
vt 0.5 1
vt 0.5 1
vt 0 1
vt 0 1
vt 0.5 1
vt 0.5 1
vt 0 1
vt 0 1
vt 0.5 1
vt 0.5 1
vt 0 1
vt 0 1
vt 0.5 1
vt 0.5 1
vt 0 1
vt 0 1
vt 0.1875 1
vt 0.1875 0.78125
vt 0 0.78125
vt 0 0
vt 1 0
vt 1 0.25
vt 0 0.25
vn 0.43388465445681146 0.785854999981381 0.4406540884085354
vn -0.7556888766427636 0.05110862122553164 0.6529335575346265
vn -0.43388465445681146 -0.785854999981381 -0.4406540884085354
vn 0.7556888766427636 -0.05110862122553164 -0.6529335575346265
vn -0.490589877948263 0.6162952440516553 -0.6160371286002324
vn 0.490589877948263 -0.6162952440516553 0.6160371286002324
g Frond
f 172/508/127 175/507/127 173/506/127 170/505/127
f 171/512/128 172/511/128 170/510/128 169/509/128
f 176/516/129 171/515/129 169/514/129 174/513/129
f 175/520/130 176/519/130 174/518/130 173/517/130
f 174/524/131 169/523/131 170/522/131 173/521/131
f 175/528/132 172/527/132 171/526/132 176/525/132
o cube
v -0.24344542575165118 0.2161634248084784 0.44426877458203395
v -0.09629598322660327 0.3387107674736003 0.6049833985908182
v -0.24344542575165118 0.2161634248084784 0.44426877458203395
v -0.09629598322660327 0.3387107674736003 0.6049833985908182
v 0.6593928934161604 0.2876021462480687 -0.047950158943808385
v 0.5122434508911125 0.16505480358294677 -0.2086647829525926
v 0.6593928934161604 0.2876021462480687 -0.047950158943808385
v 0.5122434508911125 0.16505480358294677 -0.2086647829525926
vt 0 1
vt 0.5 1
vt 0.5 1
vt 0 1
vt 0 1
vt 0.5 1
vt 0.5 1
vt 0 1
vt 0 1
vt 0.5 1
vt 0.5 1
vt 0 1
vt 0 1
vt 0.5 1
vt 0.5 1
vt 0 1
vt 0 1
vt 0.1875 1
vt 0.1875 0.78125
vt 0 0.78125
vt 0 0.25
vt 1 0.25
vt 1 0.5
vt 0 0.5
vn 0.5885977701001919 0.4901893706604873 0.6428584960351361
vn -0.7556888766427637 0.05110862122553155 0.6529335575346262
vn -0.5885977701001919 -0.4901893706604873 -0.6428584960351361
vn 0.7556888766427637 -0.05110862122553155 -0.6529335575346262
vn -0.28720547827553683 0.870116250697515 -0.40051307534289
vn 0.28720547827553683 -0.870116250697515 0.40051307534289
g Frond
f 180/532/133 183/531/133 181/530/133 178/529/133
f 179/536/134 180/535/134 178/534/134 177/533/134
f 184/540/135 179/539/135 177/538/135 182/537/135
f 183/544/136 184/543/136 182/542/136 181/541/136
f 182/548/137 177/547/137 178/546/137 181/545/137
f 183/552/138 180/551/138 179/550/138 184/549/138
o cube
v 0.06560791853863712 0.3901665821248995 0.7883391788638232
v 0.22605932463141443 0.3549666227275061 0.9767968906754458
v 0.06560791853863712 0.3901665821248995 0.7883391788638232
v 0.22605932463141443 0.3549666227275061 0.9767968906754458
v 0.9817482012741781 0.3038580015019745 0.32386333314081917
v 0.8212967951814008 0.3390579608993679 0.13540562132919665
v 0.9817482012741781 0.3038580015019745 0.32386333314081917
v 0.8212967951814008 0.3390579608993679 0.13540562132919665
vt 0 1
vt 0.5 1
vt 0.5 1
vt 0 1
vt 0 1
vt 0.5 1
vt 0.5 1
vt 0 1
vt 0 1
vt 0.5 1
vt 0.5 1
vt 0 1
vt 0 1
vt 0.5 1
vt 0.5 1
vt 0 1
vt 0 1
vt 0.1875 1
vt 0.1875 0.78125
vt 0 0.78125
vt 0 0.75
vt 1 0.75
vt 1 1
vt 0 1
vn 0.6418056243711087 -0.1407998375895735 0.7538308472464903
vn -0.7556888766427636 0.05110862122553161 0.6529335575346265
vn -0.6418056243711087 0.1407998375895735 -0.7538308472464903
vn 0.7556888766427636 -0.05110862122553161 -0.6529335575346265
vn 0.13046019409770024 0.9887180157007229 0.07359907054314949
vn -0.13046019409770024 -0.9887180157007229 -0.07359907054314949
g Frond
f 188/556/139 191/555/139 189/554/139 186/553/139
f 187/560/140 188/559/140 186/558/140 185/557/140
f 192/564/141 187/563/141 185/562/141 190/561/141
f 191/568/142 192/567/142 190/566/142 189/565/142
f 190/572/143 185/571/143 186/570/143 189/569/143
f 191/576/144 188/575/144 187/574/144 192/573/144
o cube
v 0.3609065606649726 0.41965671712280694 0.44116957838111137
v 0.5647155234828034 0.5574797832191849 0.39682198400538904
v 0.3609065606649726 0.41965671712280694 0.44116957838111137
v 0.5647155234828034 0.5574797832191849 0.39682198400538904
v 0.3364459593069813 0.5818602822503958 -0.5764706735945588
v 0.13263699648915062 0.4440372161540177 -0.5321230792188365
v 0.3364459593069813 0.5818602822503958 -0.5764706735945588
v 0.13263699648915062 0.4440372161540177 -0.5321230792188365
vt 0 1
vt 0.5 1
vt 0.5 1
vt 0 1
vt 0 1
vt 0.5 1
vt 0.5 1
vt 0 1
vt 0 1
vt 0.5 1
vt 0.5 1
vt 0 1
vt 0 1
vt 0.5 1
vt 0.5 1
vt 0 1
vt 0 1
vt 0.1875 1
vt 0.1875 0.78125
vt 0 0.78125
vt 0 0.5
vt 1 0.5
vt 1 0.75
vt 0 0.75
vn 0.8152358512713224 0.5512922643855115 -0.17739037750288927
vn 0.22826956417582203 -0.024380499031210583 0.9732926575999479
vn -0.8152358512713224 -0.5512922643855115 0.17739037750288927
vn -0.22826956417582203 0.024380499031210583 -0.9732926575999479
vn -0.5322438471912123 0.8339558924161904 0.14571910180691144
vn 0.5322438471912123 -0.8339558924161904 -0.14571910180691144
g Frond
f 196/580/145 199/579/145 197/578/145 194/577/145
f 195/584/146 196/583/146 194/582/146 193/581/146
f 200/588/147 195/587/147 193/586/147 198/585/147
f 199/592/148 200/591/148 198/590/148 197/589/148
f 198/596/149 193/595/149 194/594/149 197/593/149
f 199/600/150 196/599/150 195/598/150 200/597/150
o cube
v 0.13597088404591096 -0.01403970111689451 0.48306061027817204
v 0.20656766989375075 0.2255530214674073 0.47250499032498894
v 0.13597088404591096 -0.01403970111689451 0.48306061027817204
v 0.20656766989375075 0.2255530214674073 0.47250499032498894
v -0.021701894282071255 0.24993352049861806 -0.5007876672749589
v -0.09229868012991105 0.010340797914316191 -0.49023204732177594
v -0.021701894282071255 0.24993352049861806 -0.5007876672749589
v -0.09229868012991105 0.010340797914316191 -0.49023204732177594
vt 0 1
vt 0.5 1
vt 0.5 1
vt 0 1
vt 0 1
vt 0.5 1
vt 0.5 1
vt 0 1
vt 0 1
vt 0.5 1
vt 0.5 1
vt 0 1
vt 0 1
vt 0.5 1
vt 0.5 1
vt 0 1
vt 0 1
vt 0.1875 1
vt 0.1875 0.78125
vt 0 0.78125
vt 0 0
vt 1 0
vt 1 0.25
vt 0 0.25
vn 0.2823871433913592 0.9583708903372073 -0.042222479812732035
vn 0.228269564175822 -0.024380499031210603 0.9732926575999479
vn -0.2823871433913592 -0.9583708903372073 0.042222479812732035
vn -0.228269564175822 0.024380499031210603 -0.9732926575999479
vn -0.931745945694559 0.28448344032870815 0.22565164493194817
vn 0.931745945694559 -0.28448344032870815 -0.22565164493194817
g Frond
f 204/604/151 207/603/151 205/602/151 202/601/151
f 203/608/152 204/607/152 202/606/152 201/605/152
f 208/612/153 203/611/153 201/610/153 206/609/153
f 207/616/154 208/615/154 206/614/154 205/613/154
f 206/620/155 201/619/155 202/618/155 205/617/155
f 207/624/156 204/623/156 203/622/156 208/621/156
o cube
v 0.20655648302957852 0.2255314528633 0.4725070737346003
v 0.36092034268314266 0.4196694905485864 0.4411666660065402
v 0.20655648302957852 0.2255314528633 0.4725070737346003
v 0.36092034268314266 0.4196694905485864 0.4411666660065402
v 0.13265077850732077 0.44404998957979713 -0.5321259915934077
v -0.021713081146243485 0.24991195189451076 -0.5007855838653475
v 0.13265077850732077 0.44404998957979713 -0.5321259915934077
v -0.021713081146243485 0.24991195189451076 -0.5007855838653475
vt 0 1
vt 0.5 1
vt 0.5 1
vt 0 1
vt 0 1
vt 0.5 1
vt 0.5 1
vt 0 1
vt 0 1
vt 0.5 1
vt 0.5 1
vt 0 1
vt 0 1
vt 0.5 1
vt 0.5 1
vt 0 1
vt 0 1
vt 0.1875 1
vt 0.1875 0.78125
vt 0 0.78125
vt 0 0.25
vt 1 0.25
vt 1 0.5
vt 0 0.5
vn 0.6174554386142571 0.7765521507411454 -0.12536163091224056
vn 0.228269564175822 -0.024380499031210576 0.9732926575999479
vn -0.6174554386142571 -0.7765521507411454 0.12536163091224056
vn -0.228269564175822 0.024380499031210576 -0.9732926575999479
vn -0.7527561274387979 0.629581089651119 0.19231709273242914
vn 0.7527561274387979 -0.629581089651119 -0.19231709273242914
g Frond
f 212/628/157 215/627/157 213/626/157 210/625/157
f 211/632/158 212/631/158 210/630/158 209/629/158
f 216/636/159 211/635/159 209/634/159 214/633/159
f 215/640/160 216/639/160 214/638/160 213/637/160
f 214/644/161 209/643/161 210/642/161 213/641/161
f 215/648/162 212/647/162 211/646/162 216/645/162
o cube
v 0.5646960906497416 0.5574711420084604 0.39682632519431194
v 0.8017233982848224 0.6156750317304474 0.34269350098851714
v 0.5646960906497416 0.5574711420084604 0.39682632519431194
v 0.8017233982848224 0.6156750317304474 0.34269350098851714
v 0.5734538341090005 0.640055530761658 -0.6305991566114306
v 0.3364265264739197 0.581851641039671 -0.5764663324056358
v 0.5734538341090005 0.640055530761658 -0.6305991566114306
v 0.3364265264739197 0.581851641039671 -0.5764663324056358
vt 0 1
vt 0.5 1
vt 0.5 1
vt 0 1
vt 0 1
vt 0.5 1
vt 0.5 1
vt 0 1
vt 0 1
vt 0.5 1
vt 0.5 1
vt 0 1
vt 0 1
vt 0.5 1
vt 0.5 1
vt 0 1
vt 0 1
vt 0.1875 1
vt 0.1875 0.78125
vt 0 0.78125
vt 0 0.75
vt 1 0.75
vt 1 1
vt 0 1
vn 0.9481092305403237 0.23281555888794786 -0.2165312968231792
vn 0.228269564175822 -0.024380499031210597 0.973292657599948
vn -0.9481092305403237 -0.23281555888794786 0.2165312968231792
vn -0.228269564175822 0.024380499031210597 -0.973292657599948
vn -0.22131853296824366 0.9722152574438861 0.07626008233737254
vn 0.22131853296824366 -0.9722152574438861 -0.07626008233737254
g Frond
f 220/652/163 223/651/163 221/650/163 218/649/163
f 219/656/164 220/655/164 218/654/164 217/653/164
f 224/660/165 219/659/165 217/658/165 222/657/165
f 223/664/166 224/663/166 222/662/166 221/661/166
f 222/668/167 217/667/167 218/666/167 221/665/167
f 223/672/168 220/671/168 219/670/168 224/669/168
o cube
v 0.6067443749894734 0.24817132472043069 0.253245814030421
v 0.8284970832840288 0.24817132472043069 0.13780866072166265
v 0.6067443749894734 0.24817132472043069 0.253245814030421
v 0.8284970832840288 0.24817132472043069 0.13780866072166265
v 0.3667484700489949 0.24817132472043069 -0.7492021724565592
v 0.1449957617544395 0.24817132472043069 -0.6337650191478007
v 0.3667484700489949 0.24817132472043069 -0.7492021724565592
v 0.1449957617544395 0.24817132472043069 -0.6337650191478007
vt 0 1
vt 0.5 1
vt 0.5 1
vt 0 1
vt 0 1
vt 0.5 1
vt 0.5 1
vt 0 1
vt 0 1
vt 0.5 1
vt 0.5 1
vt 0 1
vt 0 1
vt 0.5 1
vt 0.5 1
vt 0 1
vt 0 1
vt 0.1875 1
vt 0.1875 0.78125
vt 0 0.78125
vt 0 0.5
vt 1 0.5
vt 1 0.75
vt 0 0.75
vn 0.8870108331782217 0 -0.4617486132350339
vn 0.4617486132350339 0 0.8870108331782217
vn -0.8870108331782217 0 0.4617486132350339
vn -0.4617486132350339 0 -0.8870108331782217
vn 0 1 0
vn 0 -1 0
g Frond
f 228/676/169 231/675/169 229/674/169 226/673/169
f 227/680/170 228/679/170 226/678/170 225/677/170
f 232/684/171 227/683/171 225/682/171 230/681/171
f 231/688/172 232/687/172 230/686/172 229/685/172
f 230/692/173 225/691/173 226/690/173 229/689/173
f 231/696/174 228/695/174 227/694/174 232/693/174
o cube
v 0.25005028180154354 -0.008022221559488951 0.43892900607049135
v 0.3925901751077172 0.18348888922025552 0.36472743422613596
v 0.25005028180154354 -0.008022221559488951 0.43892900607049135
v 0.3925901751077172 0.18348888922025552 0.36472743422613596
v -0.06915843812731665 0.18348888922025552 -0.5222833989520859
v -0.21169833143349032 -0.008022221559488951 -0.4480818271077304
v -0.06915843812731665 0.18348888922025552 -0.5222833989520859
v -0.21169833143349032 -0.008022221559488951 -0.4480818271077304
vt 0 1
vt 0.5 1
vt 0.5 1
vt 0 1
vt 0 1
vt 0.5 1
vt 0.5 1
vt 0 1
vt 0 1
vt 0.5 1
vt 0.5 1
vt 0 1
vt 0 1
vt 0.5 1
vt 0.5 1
vt 0 1
vt 0 1
vt 0.1875 1
vt 0.1875 0.78125
vt 0 0.78125
vt 0 0
vt 1 0
vt 1 0.25
vt 0 0.25
vn 0.5701595732246948 0.766044443118978 -0.29680628737742176
vn 0.46174861323503397 0 0.8870108331782218
vn -0.5701595732246948 -0.766044443118978 0.29680628737742176
vn -0.46174861323503397 0 -0.8870108331782218
vn -0.6794897197425116 0.6427876096865394 0.3537199592865919
vn 0.6794897197425116 -0.6427876096865394 -0.3537199592865919
g Frond
f 236/700/175 239/699/175 237/698/175 234/697/175
f 235/704/176 236/703/176 234/702/176 233/701/176
f 240/708/177 235/707/177 233/706/177 238/705/177
f 239/712/178 240/711/178 238/710/178 237/709/178
f 238/716/179 233/715/179 234/714/179 237/713/179
f 239/720/180 236/719/180 235/718/180 240/717/180
o cube
v 0.39256205545495015 0.18346869308075853 0.36474207239083944
v 0.6067587234462073 0.2481734543563887 0.2532383446966191
v 0.39256205545495015 0.18346869308075853 0.36474207239083944
v 0.6067587234462073 0.2481734543563887 0.2532383446966191
v 0.14501011021117338 0.2481734543563887 -0.6337724884816027
v -0.06918655778008376 0.18346869308075853 -0.5222687607873823
v 0.14501011021117338 0.2481734543563887 -0.6337724884816027
v -0.06918655778008376 0.18346869308075853 -0.5222687607873823
vt 0 1
vt 0.5 1
vt 0.5 1
vt 0 1
vt 0 1
vt 0.5 1
vt 0.5 1
vt 0 1
vt 0 1
vt 0.5 1
vt 0.5 1
vt 0 1
vt 0 1
vt 0.5 1
vt 0.5 1
vt 0 1
vt 0 1
vt 0.1875 1
vt 0.1875 0.78125
vt 0 0.78125
vt 0 0.25
vt 1 0.25
vt 1 0.5
vt 0 0.5
vn 0.8567866719650288 0.2588190451025208 -0.44601491077688155
vn 0.4617486132350339 0 0.8870108331782218
vn -0.8567866719650288 -0.2588190451025208 0.44601491077688155
vn -0.4617486132350339 0 -0.8870108331782218
vn -0.22957529683877867 0.9659258262890683 0.11950933515490464
vn 0.22957529683877867 -0.9659258262890683 -0.11950933515490464
g Frond
f 244/724/181 247/723/181 245/722/181 242/721/181
f 243/728/182 244/727/182 242/726/182 241/725/182
f 248/732/183 243/731/183 241/730/183 246/729/183
f 247/736/184 248/735/184 246/734/184 245/733/184
f 246/740/185 241/739/185 242/738/185 245/737/185
f 247/744/186 244/743/186 243/742/186 248/741/186
o cube
v 0.828497083284029 0.2482338247233994 0.13780866072166242
v 1.0205405620251142 0.12323382472339939 0.037837153415718694
