# Made in Blockbench 4.1.3

o cube
v -0.3527324066370154 0.05246534791625855 -0.034138116884871644
v -0.3730236204437125 0.05246534791625855 -0.1256658675523654
v -0.3514028784551074 0.036899805758575016 -0.03443286618663401
v -0.37169409226180455 0.036899805758575016 -0.12596061685412777
v -0.40341677375811935 0.049741730955394234 -0.11892786768167282
v -0.3831255599514222 0.049741730955394234 -0.02740011701417907
v -0.4020872455762114 0.0341761887977107 -0.11922261698343518
v -0.38179603176951427 0.0341761887977107 -0.02769486631594143
vt 0.28125 0.8125
vt 0.3125 0.8125
vt 0.3125 0.78125
vt 0.28125 0.78125
vt 0.28125 0.8125
vt 0.53125 0.8125
vt 0.53125 0.78125
vt 0.28125 0.78125
vt 0.6875 0.53125
vt 0.71875 0.53125
vt 0.71875 0.5
vt 0.6875 0.5
vt 0.625 0.8125
vt 0.71875 0.8125
vt 0.71875 0.78125
vt 0.625 0.78125
vt 0.21875 0.6875
vt 0.25 0.6875
vt 0.25 0.59375
vt 0.21875 0.59375
vt 0.78125 0.09375
vt 0.75 0.09375
vt 0.75 0.1875
vt 0.78125 0.1875
vn -0.21643961393810288 0 -0.9762960071199334
vn 0.9725809060610187 0.08715574274765818 -0.21561599586216235
vn 0.21643961393810288 0 0.9762960071199334
vn -0.9725809060610187 -0.08715574274765818 0.21561599586216235
vn -0.08508980364211079 0.9961946980917457 0.01886395531279175
vn 0.08508980364211079 -0.9961946980917457 -0.01886395531279175
g _
f 4/4/1 7/3/1 5/2/1 2/1/1
f 3/8/2 4/7/2 2/6/2 1/5/2
f 8/12/3 3/11/3 1/10/3 6/9/3
f 7/16/4 8/15/4 6/14/4 5/13/4
f 6/20/5 1/19/5 2/18/5 5/17/5
f 7/24/6 4/23/6 3/22/6 8/21/6
o cube
v 0.11744505522954392 0.05518896487712274 -0.042347746208707016
v 0.049807675873886764 0.05518896487712274 -0.3474402484336862
v 0.1194361833590596 0.03969763891815696 -0.04278916868765886
v 0.05179880400340245 0.03969763891815696 -0.34788167091263805
v -0.16192999962835664 0.026636360328986447 -0.30049913589441607
v -0.0942926202726995 0.026636360328986447 0.004593366330563125
v -0.15993887149884095 0.011145034370020679 -0.3009405583733679
v -0.09230149214318378 0.011145034370020679 0.004151943851611273
vt 0.5 0.8125
vt 0.71875 0.8125
vt 0.71875 0.78125
vt 0.5 0.78125
vt 0.28125 0.8125
vt 0.53125 0.8125
vt 0.53125 0.78125
vt 0.28125 0.78125
vt 0.5 0.53125
vt 0.71875 0.53125
vt 0.71875 0.5
vt 0.5 0.5
vt 0.46875 0.8125
vt 0.71875 0.8125
vt 0.71875 0.78125
vt 0.46875 0.78125
vt 0.5 0.8125
vt 0.71875 0.8125
vt 0.71875 0.5
vt 0.5 0.5
vt 0.5 0
vt 0.28125 0
vt 0.28125 0.3125
vt 0.5 0.3125
vn -0.2164396139381029 0 -0.9762960071199335
vn 0.9679436594388269 0.13052619222005157 -0.21458794303666345
vn 0.2164396139381029 0 0.9762960071199335
vn -0.9679436594388269 -0.13052619222005157 0.21458794303666345
vn -0.1274322002890053 0.9914448613738105 0.028251038652918576
vn 0.1274322002890053 -0.9914448613738105 -0.028251038652918576
g _
f 12/28/7 15/27/7 13/26/7 10/25/7
f 11/32/8 12/31/8 10/30/8 9/29/8
f 16/36/9 11/35/9 9/34/9 14/33/9
f 15/40/10 16/39/10 14/38/10 13/37/10
f 14/44/11 9/43/11 10/42/11 13/41/11
f 15/48/12 12/47/12 11/46/12 16/45/12
o cube
v 0.049807675873886764 0.05518896487712274 -0.3474402484336862
v 0.04304393793832105 0.05518896487712274 -0.3779494986561841
v 0.05179880400340245 0.03969763891815696 -0.34788167091263805
v 0.045035066067836735 0.03969763891815696 -0.37839092113513595
v -0.16869373756392236 0.026636360328986447 -0.33100838611691397
v -0.16192999962835664 0.026636360328986447 -0.30049913589441607
v -0.16670260943440665 0.011145034370020679 -0.3314498085958658
v -0.15993887149884095 0.011145034370020679 -0.3009405583733679
vt 0.375 0.8125
vt 0.71875 0.8125
vt 0.71875 0.78125
vt 0.375 0.78125
vt 0.28125 0.8125
vt 0.3125 0.8125
vt 0.3125 0.78125
vt 0.28125 0.78125
vt 0.5 0.53125
vt 0.71875 0.53125
vt 0.71875 0.5
vt 0.5 0.5
vt 0.6875 0.8125
vt 0.71875 0.8125
vt 0.71875 0.78125
vt 0.6875 0.78125
vt 0.5 0.84375
vt 0.71875 0.84375
vt 0.71875 0.8125
vt 0.5 0.8125
vt 0.5 0.3125
vt 0.28125 0.3125
vt 0.28125 0.34375
vt 0.5 0.34375
vn -0.2164396139381029 0 -0.9762960071199335
vn 0.9679436594388269 0.13052619222005157 -0.21458794303666345
vn 0.2164396139381029 0 0.9762960071199335
vn -0.9679436594388269 -0.13052619222005157 0.21458794303666345
vn -0.1274322002890053 0.9914448613738105 0.028251038652918576
vn 0.1274322002890053 -0.9914448613738105 -0.028251038652918576
g _
f 20/52/13 23/51/13 21/50/13 18/49/13
f 19/56/14 20/55/14 18/54/14 17/53/14
f 24/60/15 19/59/15 17/58/15 22/57/15
f 23/64/16 24/63/16 22/62/16 21/61/16
f 22/68/17 17/67/17 18/66/17 21/65/17
f 23/72/18 20/71/18 19/70/18 24/69/18
o cube
v -0.15794774336932516 0.026636360328986447 -0.3013819808523198
v -0.16471148130489086 0.026636360328986447 -0.3318912310748177
v -0.15993887149884084 0.011145034370020665 -0.300940558373368
v -0.16670260943440657 0.011145034370020665 -0.33144980859586587
v -0.2857044387347443 0.04295213435649291 -0.30506773819523475
v -0.2789407007991786 0.04295213435649291 -0.27455848797273685
v -0.28769556686426 0.027460808397527126 -0.3046263157162829
v -0.2809318289286943 0.027460808397527126 -0.274117065493785
vt 0.4375 0.875
vt 0.59375 0.875
vt 0.59375 0.84375
vt 0.4375 0.84375
vt 0.28125 0.8125
vt 0.3125 0.8125
vt 0.3125 0.78125
vt 0.28125 0.78125
vt 0.5 0.53125
vt 0.71875 0.53125
vt 0.71875 0.5
vt 0.5 0.5
vt 0.6875 0.8125
vt 0.71875 0.8125
vt 0.71875 0.78125
vt 0.6875 0.78125
vt 0.375 0.84375
vt 0.5 0.84375
vt 0.5 0.8125
vt 0.375 0.8125
vt 0.625 0.3125
vt 0.5 0.3125
vt 0.5 0.34375
vt 0.625 0.34375
vn -0.2164396139381029 0 -0.9762960071199335
vn 0.9679436594388269 -0.13052619222005157 -0.21458794303666345
vn 0.2164396139381029 0 0.9762960071199335
vn -0.9679436594388269 0.13052619222005157 0.21458794303666345
vn 0.1274322002890053 0.9914448613738105 -0.028251038652918576
vn -0.1274322002890053 -0.9914448613738105 0.028251038652918576
g _
f 28/76/19 31/75/19 29/74/19 26/73/19
f 27/80/20 28/79/20 26/78/20 25/77/20
f 32/84/21 27/83/21 25/82/21 30/81/21
f 31/88/22 32/87/22 30/86/22 29/85/22
f 30/92/23 25/91/23 26/90/23 29/89/23
f 31/96/24 28/95/24 27/94/24 32/93/24
o cube
v -0.0779490194915323 0.038873190849616296 -0.35112600577660114
v -0.08471275742709801 0.038873190849616296 -0.38163525599909903
v -0.07595789136201658 0.023381864890650514 -0.351567428255553
v -0.0827216292975823 0.023381864890650514 -0.3820766784780509
v -0.1754574754994881 0.026636360328986447 -0.36151763633941186
v -0.16869373756392236 0.026636360328986447 -0.33100838611691397
v -0.17346634736997235 0.011145034370020679 -0.3619590588183637
v -0.16670260943440665 0.011145034370020679 -0.3314498085958658
vt 0.40625 0.875
vt 0.59375 0.875
vt 0.59375 0.84375
vt 0.40625 0.84375
vt 0.28125 0.8125
vt 0.3125 0.8125
vt 0.3125 0.78125
vt 0.28125 0.78125
vt 0.5 0.53125
vt 0.71875 0.53125
vt 0.71875 0.5
vt 0.5 0.5
vt 0.6875 0.8125
vt 0.71875 0.8125
vt 0.71875 0.78125
vt 0.6875 0.78125
vt 0.5 0.875
vt 0.59375 0.875
vt 0.59375 0.84375
vt 0.5 0.84375
vt 0.5 0.34375
vt 0.40625 0.34375
vt 0.40625 0.375
vt 0.5 0.375
vn -0.2164396139381029 0 -0.9762960071199335
vn 0.9679436594388269 0.13052619222005157 -0.21458794303666345
vn 0.2164396139381029 0 0.9762960071199335
vn -0.9679436594388269 -0.13052619222005157 0.21458794303666345
vn -0.1274322002890053 0.9914448613738105 0.028251038652918576
vn 0.1274322002890053 -0.9914448613738105 -0.028251038652918576
g _
f 36/100/25 39/99/25 37/98/25 34/97/25
f 35/104/26 36/103/26 34/102/26 33/101/26
f 40/108/27 35/107/27 33/106/27 38/105/27
f 39/112/28 40/111/28 38/110/28 37/109/28
f 38/116/29 33/115/29 34/114/29 37/113/29
f 39/120/30 36/119/30 35/118/30 40/117/30
o cube
v -0.16471148130489086 0.026636360328986447 -0.3318912310748177
v -0.17147521924045656 0.026636360328986447 -0.3624004812973156
v -0.16670260943440657 0.011145034370020665 -0.33144980859586587
v -0.1734663473699723 0.011145034370020665 -0.36195905881836377
v -0.2622199373128467 0.038873190849616296 -0.3422828616376284
v -0.255456199377281 0.038873190849616296 -0.3117736114151305
v -0.2642110654423624 0.023381864890650514 -0.34184143915867654
v -0.25744732750679666 0.023381864890650514 -0.31133218893617864
vt 0.40625 0.875
vt 0.59375 0.875
vt 0.59375 0.84375
vt 0.40625 0.84375
vt 0.28125 0.8125
vt 0.3125 0.8125
vt 0.3125 0.78125
vt 0.28125 0.78125
vt 0.5 0.53125
vt 0.71875 0.53125
vt 0.71875 0.5
vt 0.5 0.5
vt 0.6875 0.8125
vt 0.71875 0.8125
vt 0.71875 0.78125
vt 0.6875 0.78125
vt 0.40625 0.875
vt 0.5 0.875
vt 0.5 0.84375
vt 0.40625 0.84375
vt 0.59375 0.34375
vt 0.5 0.34375
vt 0.5 0.375
vt 0.59375 0.375
vn -0.2164396139381029 0 -0.9762960071199335
vn 0.9679436594388269 -0.13052619222005157 -0.21458794303666345
vn 0.2164396139381029 0 0.9762960071199335
vn -0.9679436594388269 0.13052619222005157 0.21458794303666345
vn 0.1274322002890053 0.9914448613738105 -0.028251038652918576
vn -0.1274322002890053 -0.9914448613738105 0.028251038652918576
g _
f 44/124/31 47/123/31 45/122/31 42/121/31
f 43/128/32 44/127/32 42/126/32 41/125/32
f 48/132/33 43/131/33 41/130/33 46/129/33
f 47/136/34 48/135/34 46/134/34 45/133/34
f 46/140/35 41/139/35 42/138/35 45/137/35
f 47/144/36 44/143/36 43/142/36 48/141/36
o cube
v -0.14520923614202474 0.030715303835863073 -0.36822350955930755
v -0.15197297407759047 0.030715303835863073 -0.3987327597818055
v -0.14321810801250903 0.015223977876897277 -0.36866493203825945
v -0.14998184594807473 0.015223977876897277 -0.3991741822607574
v -0.18222121343505376 0.026636360328986447 -0.3920268865619098
v -0.1754574754994881 0.026636360328986447 -0.36151763633941186
v -0.18023008530553808 0.011145034370020679 -0.39246830904086166
v -0.17346634736997235 0.011145034370020679 -0.3619590588183637
vt 0.4375 0.90625
vt 0.53125 0.90625
vt 0.53125 0.875
vt 0.4375 0.875
vt 0.28125 0.8125
vt 0.3125 0.8125
vt 0.3125 0.78125
vt 0.28125 0.78125
vt 0.5 0.53125
vt 0.71875 0.53125
vt 0.71875 0.5
vt 0.5 0.5
vt 0.5 0.90625
vt 0.53125 0.90625
vt 0.53125 0.875
vt 0.5 0.875
vt 0.53125 0.90625
vt 0.5 0.90625
vt 0.5 0.875
vt 0.53125 0.875
vt 0.5 0.375
vt 0.46875 0.375
vt 0.46875 0.40625
vt 0.5 0.40625
vn -0.2164396139381029 0 -0.9762960071199335
vn 0.9679436594388269 0.13052619222005157 -0.21458794303666345
vn 0.2164396139381029 0 0.9762960071199335
vn -0.9679436594388269 -0.13052619222005157 0.21458794303666345
vn -0.1274322002890053 0.9914448613738105 0.028251038652918576
vn 0.1274322002890053 -0.9914448613738105 -0.028251038652918576
g _
f 52/148/37 55/147/37 53/146/37 50/145/37
f 51/152/38 52/151/38 50/150/38 49/149/38
f 56/156/39 51/155/39 49/154/39 54/153/39
f 55/160/40 56/159/40 54/158/40 53/157/40
f 54/164/41 49/163/41 50/162/41 53/161/41
f 55/168/42 52/167/42 51/166/42 56/165/42
o cube
v -0.17147521924045656 0.026636360328986447 -0.3624004812973156
v -0.17823895717602228 0.026636360328986447 -0.39290973151981357
v -0.1734663473699723 0.011145034370020665 -0.36195905881836377
v -0.18023008530553797 0.011145034370020665 -0.3924683090408617
v -0.2387354358909491 0.034794247342739684 -0.3794979850800221
v -0.23197169795538336 0.034794247342739684 -0.34898873485752413
v -0.24072656402046477 0.019302921383773902 -0.37905656260107023
v -0.23396282608489904 0.019302921383773902 -0.3485473123785723
vt 0.4375 0.90625
vt 0.53125 0.90625
vt 0.53125 0.875
vt 0.4375 0.875
vt 0.28125 0.8125
vt 0.3125 0.8125
vt 0.3125 0.78125
vt 0.28125 0.78125
vt 0.5 0.53125
vt 0.71875 0.53125
vt 0.71875 0.5
vt 0.5 0.5
vt 0.5 0.90625
vt 0.53125 0.90625
vt 0.53125 0.875
vt 0.5 0.875
vt 0.53125 0.90625
vt 0.5 0.90625
vt 0.5 0.875
vt 0.53125 0.875
vt 0.5625 0.375
vt 0.5 0.375
vt 0.5 0.40625
vt 0.5625 0.40625
vn -0.2164396139381029 0 -0.9762960071199335
vn 0.9679436594388269 -0.13052619222005157 -0.21458794303666345
vn 0.2164396139381029 0 0.9762960071199335
vn -0.9679436594388269 0.13052619222005157 0.21458794303666345
vn 0.1274322002890053 0.9914448613738105 -0.028251038652918576
vn -0.1274322002890053 -0.9914448613738105 0.028251038652918576
g _
f 60/172/43 63/171/43 61/170/43 58/169/43
f 59/176/44 60/175/44 58/174/44 57/173/44
f 64/180/45 59/179/45 57/178/45 62/177/45
f 63/184/46 64/183/46 62/182/46 61/181/46
f 62/188/47 57/187/47 58/186/47 61/185/47
f 63/192/48 60/191/48 59/190/48 64/189/48
o cube
v 0.012795698580857703 0.05111002137024613 -0.37124362543628836
v 0.006031960645291989 0.05111002137024613 -0.40175287565878626
v 0.014786826710373388 0.03561869541128035 -0.3716850479152402
v 0.008023088774807674 0.03561869541128035 -0.4021942981377381
v -0.05446451806963466 0.04295213435649291 -0.3883411292189948
v -0.04770078013406895 0.04295213435649291 -0.3578318789964969
v -0.05247338994011895 0.027460808397527126 -0.3887825516979466
v -0.045709652004553236 0.027460808397527126 -0.3582733014754487
vt 0.625 0.875
vt 0.6875 0.875
vt 0.6875 0.84375
vt 0.625 0.84375
vt 0.28125 0.8125
vt 0.3125 0.8125
vt 0.3125 0.78125
vt 0.28125 0.78125
vt 0.5 0.53125
vt 0.71875 0.53125
vt 0.71875 0.5
vt 0.5 0.5
vt 0.6875 0.8125
vt 0.71875 0.8125
vt 0.71875 0.75
vt 0.6875 0.75
vt 0.625 0.875
vt 0.6875 0.875
vt 0.6875 0.84375
vt 0.625 0.84375
vt 0.375 0.34375
vt 0.3125 0.34375
vt 0.3125 0.375
vt 0.375 0.375
vn -0.2164396139381029 0 -0.9762960071199335
vn 0.9679436594388269 0.13052619222005157 -0.21458794303666345
vn 0.2164396139381029 0 0.9762960071199335
vn -0.9679436594388269 -0.13052619222005157 0.21458794303666345
vn -0.1274322002890053 0.9914448613738105 0.028251038652918576
vn 0.1274322002890053 -0.9914448613738105 -0.028251038652918576
g _
f 68/196/49 71/195/49 69/194/49 66/193/49
f 67/200/50 68/199/50 66/198/50 65/197/50
f 72/204/51 67/203/51 65/202/51 70/201/51
f 71/208/52 72/207/52 70/206/52 69/205/52
f 70/212/53 65/211/53 66/210/53 69/209/53
f 71/216/54 68/215/54 67/214/54 72/213/54
o cube
v -0.3091889401566419 0.04703107786336952 -0.2678526147528411
v -0.3159526780922076 0.04703107786336952 -0.298361864975339
v -0.31118006828615763 0.03153975190440374 -0.26741119227388926
v -0.31794380622172336 0.03153975190440374 -0.29792044249638716
v -0.3764491568071342 0.05518896487712273 -0.2849501185355476
v -0.36968541887156847 0.05518896487712273 -0.2544408683130497
v -0.37844028493664983 0.03969763891815695 -0.28450869605659573
v -0.3716765470010841 0.03969763891815695 -0.25399944583409784
vt 0.28125 0.8125
vt 0.34375 0.8125
vt 0.34375 0.78125
vt 0.28125 0.78125
vt 0.28125 0.8125
vt 0.3125 0.8125
vt 0.3125 0.78125
vt 0.28125 0.78125
vt 0.5 0.53125
vt 0.71875 0.53125
vt 0.71875 0.5
vt 0.5 0.5
vt 0.6875 0.8125
vt 0.71875 0.8125
vt 0.71875 0.78125
vt 0.6875 0.78125
vt 0.28125 0.84375
vt 0.34375 0.84375
vt 0.34375 0.8125
vt 0.28125 0.8125
vt 0.71875 0.3125
vt 0.65625 0.3125
vt 0.65625 0.34375
vt 0.71875 0.34375
vn -0.2164396139381029 0 -0.9762960071199335
vn 0.9679436594388269 -0.13052619222005157 -0.21458794303666345
vn 0.2164396139381029 0 0.9762960071199335
vn -0.9679436594388269 0.13052619222005157 0.21458794303666345
vn 0.1274322002890053 0.9914448613738105 -0.028251038652918576
vn -0.1274322002890053 -0.9914448613738105 0.028251038652918576
g _
f 76/220/55 79/219/55 77/218/55 74/217/55
f 75/224/56 76/223/56 74/222/56 73/221/56
f 80/228/57 75/227/57 73/226/57 78/225/57
f 79/232/58 80/231/58 78/230/58 77/229/58
f 78/236/59 73/235/59 74/234/59 77/233/59
f 79/240/60 76/239/60 75/238/60 80/237/60
o cube
v -0.09031036401366802 0.02663636032898646 0.0037105213726594047
v -0.15794774336932516 0.02663636032898646 -0.3013819808523198
v -0.09230149214318373 0.011145034370020679 0.004151943851611257
v -0.15993887149884087 0.011145034370020679 -0.300940558373368
v -0.36968541887156847 0.05518896487712273 -0.2544408683130497
v -0.3020480395159113 0.05518896487712273 0.05065163391192952
v -0.3716765470010841 0.03969763891815695 -0.25399944583409784
v -0.304039167645427 0.03969763891815695 0.05109305639088137
vt 0.28125 0.8125
vt 0.5 0.8125
vt 0.5 0.78125
vt 0.28125 0.78125
vt 0.28125 0.8125
vt 0.53125 0.8125
vt 0.53125 0.78125
vt 0.28125 0.78125
vt 0.28125 0.53125
vt 0.5 0.53125
vt 0.5 0.5
vt 0.28125 0.5
vt 0.46875 0.8125
vt 0.71875 0.8125
vt 0.71875 0.78125
vt 0.46875 0.78125
vt 0.28125 0.8125
vt 0.5 0.8125
vt 0.5 0.5
vt 0.28125 0.5
vt 0.71875 0
vt 0.5 0
vt 0.5 0.3125
vt 0.71875 0.3125
vn -0.2164396139381029 0 -0.9762960071199335
vn 0.9679436594388269 -0.13052619222005157 -0.21458794303666345
vn 0.2164396139381029 0 0.9762960071199335
vn -0.9679436594388269 0.13052619222005157 0.21458794303666345
vn 0.1274322002890053 0.9914448613738105 -0.028251038652918576
vn -0.1274322002890053 -0.9914448613738105 0.028251038652918576
g _
f 84/244/61 87/243/61 85/242/61 82/241/61
f 83/248/62 84/247/62 82/246/62 81/245/62
f 88/252/63 83/251/63 81/250/63 86/249/63
f 87/256/64 88/255/64 86/254/64 85/253/64
f 86/260/65 81/259/65 82/258/65 85/257/65
f 87/264/66 84/263/66 83/262/66 88/261/66
o cube
v 0.14107447060838504 0.05246534791625855 -0.0795949963018975
v 0.0802008291882936 0.05246534791625855 -0.3541782483043787
v 0.13974494242647706 0.036899805758575016 -0.07930024700013513
v 0.07887130100638562 0.036899805758575016 -0.35388349900261634
v 0.049807675873886764 0.05518896487712287 -0.34744024843368615
v 0.1106813172939782 0.05518896487712287 -0.07285699643120493
v 0.04847814769197878 0.03962342271943933 -0.3471454991319238
v 0.10935178911207022 0.03962342271943933 -0.07256224712944256
vt 0.28125 0.8125
vt 0.3125 0.8125
vt 0.3125 0.78125
vt 0.28125 0.78125
vt 0.28125 0.8125
vt 0.53125 0.8125
vt 0.53125 0.78125
vt 0.28125 0.78125
vt 0.6875 0.53125
vt 0.71875 0.53125
vt 0.71875 0.5
vt 0.6875 0.5
vt 0.46875 0.8125
vt 0.71875 0.8125
vt 0.71875 0.78125
vt 0.46875 0.78125
vt 0.71875 0.8125
vt 0.75 0.8125
vt 0.75 0.53125
vt 0.71875 0.53125
vt 0.28125 0.03125
vt 0.25 0.03125
vt 0.25 0.3125
vt 0.28125 0.3125
vn -0.21643961393810288 0 -0.9762960071199334
vn 0.9725809060610187 -0.08715574274765818 -0.21561599586216235
vn 0.21643961393810288 0 0.9762960071199334
vn -0.9725809060610187 0.08715574274765818 0.21561599586216235
vn 0.08508980364211079 0.9961946980917457 -0.01886395531279175
vn -0.08508980364211079 -0.9961946980917457 0.01886395531279175
g _
f 92/268/67 95/267/67 93/266/67 90/265/67
f 91/272/68 92/271/68 90/270/68 89/269/68
f 96/276/69 91/275/69 89/274/69 94/273/69
f 95/280/70 96/279/70 94/278/70 93/277/70
f 94/284/71 89/283/71 90/282/71 93/281/71
f 95/288/72 92/287/72 91/286/72 96/285/72
o cube
v -0.30881177745147714 0.05518896487712287 0.020142383689431623
v -0.36292168093600286 0.05518896487712287 -0.2239316180905517
v -0.30748224926956913 0.03962342271943933 0.01984763438766926
v -0.36159215275409484 0.03962342271943933 -0.22422636739231408
v -0.39331483425040964 0.05246534791625855 -0.21719361821985914
v -0.3392049307658839 0.05246534791625855 0.02688038356012419
v -0.3919853060685017 0.036899805758575016 -0.2174883675216215
v -0.33787540258397597 0.036899805758575016 0.02658563425836183
vt 0.28125 0.8125
vt 0.3125 0.8125
vt 0.3125 0.78125
vt 0.28125 0.78125
vt 0.28125 0.8125
vt 0.53125 0.8125
vt 0.53125 0.78125
vt 0.28125 0.78125
vt 0.6875 0.53125
vt 0.71875 0.53125
vt 0.71875 0.5
vt 0.6875 0.5
vt 0.5 0.8125
vt 0.71875 0.8125
vt 0.71875 0.78125
vt 0.5 0.78125
vt 0.25 0.78125
vt 0.28125 0.78125
vt 0.28125 0.53125
vt 0.25 0.53125
vt 0.75 0.03125
vt 0.71875 0.03125
vt 0.71875 0.28125
vt 0.75 0.28125
vn -0.21643961393810288 0 -0.9762960071199334
vn 0.9725809060610187 0.08715574274765818 -0.21561599586216235
vn 0.21643961393810288 0 0.9762960071199334
vn -0.9725809060610187 -0.08715574274765818 0.21561599586216235
vn -0.08508980364211079 0.9961946980917457 0.01886395531279175
vn 0.08508980364211079 -0.9961946980917457 -0.01886395531279175
g _
f 100/292/73 103/291/73 101/290/73 98/289/73
f 99/296/74 100/295/74 98/294/74 97/293/74
f 104/300/75 99/299/75 97/298/75 102/297/75
f 103/304/76 104/303/76 102/302/76 101/301/76
f 102/308/77 97/307/77 98/306/77 101/305/77
f 103/312/78 100/311/78 99/310/78 104/309/78
o cube
v 0.15794014805166043 0.049741730955394234 -0.1473514966175859
v 0.13764893424496327 0.049741730955394234 -0.23887924728507967
v 0.15661061986975244 0.0341761887977107 -0.14705674731582352
v 0.1363194060630553 0.0341761887977107 -0.2385844979833173
v 0.10725578093055646 0.05246534791625855 -0.23214124741438708
v 0.12754699473725362 0.05246534791625855 -0.14061349674689333
v 0.10592625274864848 0.036899805758575016 -0.23184649811262473
v 0.12621746655534563 0.036899805758575016 -0.14031874744513095
vt 0.28125 0.8125
vt 0.3125 0.8125
vt 0.3125 0.78125
vt 0.28125 0.78125
vt 0.28125 0.8125
vt 0.375 0.8125
vt 0.375 0.78125
vt 0.28125 0.78125
vt 0.6875 0.53125
vt 0.71875 0.53125
vt 0.71875 0.5
vt 0.6875 0.5
vt 0.46875 0.8125
vt 0.71875 0.8125
vt 0.71875 0.78125
vt 0.46875 0.78125
vt 0.75 0.6875
vt 0.78125 0.6875
vt 0.78125 0.59375
vt 0.75 0.59375
vt 0.25 0.09375
vt 0.21875 0.09375
vt 0.21875 0.1875
vt 0.25 0.1875
vn -0.21643961393810288 0 -0.9762960071199334
vn 0.9725809060610187 -0.08715574274765818 -0.21561599586216235
vn 0.21643961393810288 0 0.9762960071199334
vn -0.9725809060610187 0.08715574274765818 0.21561599586216235
vn 0.08508980364211079 0.9961946980917457 -0.01886395531279175
vn -0.08508980364211079 -0.9961946980917457 0.01886395531279175
g _
f 108/316/79 111/315/79 109/314/79 106/313/79
f 107/320/80 108/319/80 106/318/80 105/317/80
f 112/324/81 107/323/81 105/322/81 110/321/81
f 111/328/82 112/327/82 110/326/82 109/325/82
f 110/332/83 105/331/83 106/330/83 109/329/83
f 111/336/84 108/335/84 107/334/84 112/333/84
o cube
v -0.4975800575881373 0.12886247392007116 -0.04556632024346277
v -0.5132083935781611 0.12886247392007116 -0.1341990180145615
v -0.49629258282047584 0.11391955344869503 -0.04579333678198285
v -0.5119209188104996 0.11391955344869503 -0.13442603455308155
v -0.5426402014438736 0.12624780163764138 -0.12900939619680873
v -0.5270118654538498 0.12624780163764138 -0.040376698425710025
v -0.5413527266762121 0.11130488116626525 -0.12923641273532882
v -0.5257243906861884 0.11130488116626525 -0.040603714964230105
vt 0.28125 0.8125
vt 0.3125 0.8125
vt 0.3125 0.78125
vt 0.28125 0.78125
vt 0.28125 0.8125
vt 0.53125 0.8125
vt 0.53125 0.78125
vt 0.28125 0.78125
vt 0.6875 0.53125
vt 0.71875 0.53125
vt 0.71875 0.5
vt 0.6875 0.5
vt 0.625 0.8125
vt 0.71875 0.8125
vt 0.71875 0.78125
vt 0.625 0.78125
vt 0.21875 0.6875
vt 0.25 0.6875
vt 0.25 0.59375
vt 0.21875 0.59375
vt 0.78125 0.09375
vt 0.75 0.09375
vt 0.75 0.1875
vt 0.78125 0.1875
vn -0.17364817766693033 0 -0.984807753012208
vn 0.9810602621904071 0.0871557427476582 -0.17298739392508947
vn 0.17364817766693033 0 0.984807753012208
vn -0.9810602621904071 -0.0871557427476582 0.17298739392508947
vn -0.08583165117743131 0.9961946980917457 0.015134435901338625
vn 0.08583165117743131 -0.9961946980917457 -0.015134435901338625
g _
f 116/340/85 119/339/85 117/338/85 114/337/85
f 115/344/86 116/343/86 114/342/86 113/341/86
f 120/348/87 115/347/87 113/346/87 118/345/87
f 119/352/88 120/351/88 118/350/88 117/349/88
f 118/356/89 113/355/89 114/354/89 117/353/89
f 119/360/90 116/359/90 115/358/90 120/357/90
o cube
v -0.04629552372516765 0.1314771462025009 -0.033751564470230186
v -0.09838997702524677 0.1314771462025009 -0.32919389037389263
v -0.04436737563412563 0.11660547328189375 -0.03409154900148241
v -0.09646182893420474 0.11660547328189375 -0.32953387490514485
v -0.3034303201199058 0.10406664583629004 -0.2930397457525836
v -0.25133586681982667 0.10406664583629004 0.002402580151078795
v -0.30150217202886376 0.08919497291568289 -0.29337973028383585
v -0.24940771872878464 0.08919497291568289 0.0020625956198265637
vt 0.5 0.8125
vt 0.71875 0.8125
vt 0.71875 0.78125
vt 0.5 0.78125
vt 0.28125 0.8125
vt 0.53125 0.8125
vt 0.53125 0.78125
vt 0.28125 0.78125
vt 0.5 0.53125
vt 0.71875 0.53125
vt 0.71875 0.5
vt 0.5 0.5
vt 0.46875 0.8125
vt 0.71875 0.8125
vt 0.71875 0.78125
vt 0.46875 0.78125
vt 0.5 0.8125
vt 0.71875 0.8125
vt 0.71875 0.5
vt 0.5 0.5
vt 0.5 0
vt 0.28125 0
vt 0.28125 0.3125
vt 0.5 0.3125
vn -0.17364817766693036 0 -0.9848077530122081
vn 0.9763825861650423 0.13052619222005155 -0.17216259343480453
vn 0.17364817766693036 0 0.9848077530122081
vn -0.9763825861650423 -0.13052619222005155 0.17216259343480453
vn -0.12854320606946856 0.9914448613738105 0.02266563541681542
vn 0.12854320606946856 -0.9914448613738105 -0.02266563541681542
g _
f 124/364/91 127/363/91 125/362/91 122/361/91
f 123/368/92 124/367/92 122/366/92 121/365/92
f 128/372/93 123/371/93 121/370/93 126/369/93
f 127/376/94 128/375/94 126/374/94 125/373/94
f 126/380/95 121/379/95 122/378/95 125/377/95
f 127/384/96 124/383/96 123/382/96 128/381/96
o cube
v -0.09838997702524677 0.1314771462025009 -0.32919389037389263
v -0.10359942235525466 0.1314771462025009 -0.35873812296425883
v -0.09646182893420474 0.11660547328189375 -0.32953387490514485
v -0.10167127426421263 0.11660547328189375 -0.35907810749551106
v -0.30863976544991367 0.10406664583629004 -0.32258397834294983
v -0.3034303201199058 0.10406664583629004 -0.2930397457525836
v -0.30671161735887165 0.08919497291568289 -0.32292396287420205
v -0.30150217202886376 0.08919497291568289 -0.29337973028383585
vt 0.375 0.8125
vt 0.71875 0.8125
vt 0.71875 0.78125
vt 0.375 0.78125
vt 0.28125 0.8125
vt 0.3125 0.8125
vt 0.3125 0.78125
vt 0.28125 0.78125
vt 0.5 0.53125
vt 0.71875 0.53125
vt 0.71875 0.5
vt 0.5 0.5
vt 0.6875 0.8125
vt 0.71875 0.8125
vt 0.71875 0.78125
vt 0.6875 0.78125
vt 0.5 0.84375
vt 0.71875 0.84375
vt 0.71875 0.8125
vt 0.5 0.8125
vt 0.5 0.3125
vt 0.28125 0.3125
vt 0.28125 0.34375
vt 0.5 0.34375
vn -0.17364817766693036 0 -0.9848077530122081
vn 0.9763825861650423 0.13052619222005155 -0.17216259343480453
vn 0.17364817766693036 0 0.9848077530122081
vn -0.9763825861650423 -0.13052619222005155 0.17216259343480453
vn -0.12854320606946856 0.9914448613738105 0.02266563541681542
vn 0.12854320606946856 -0.9914448613738105 -0.02266563541681542
g _
f 132/388/97 135/387/97 133/386/97 130/385/97
f 131/392/98 132/391/98 130/390/98 129/389/98
f 136/396/99 131/395/99 129/394/99 134/393/99
f 135/400/100 136/399/100 134/398/100 133/397/100
f 134/404/101 129/403/101 130/402/101 133/401/101
f 135/408/102 132/407/102 131/406/102 136/405/102
o cube
v -0.2995740239378216 0.10406664583629004 -0.29371971481508813
v -0.3047834692678295 0.10406664583629004 -0.32326394740545433
v -0.30150217202886365 0.08919497291568289 -0.2933797302838359
v -0.30671161735887154 0.08919497291568289 -0.3229239628742021
v -0.42194937960763446 0.1197297889026962 -0.3026044361932778
v -0.41673993427762657 0.1197297889026962 -0.2730602036029116
v -0.4238775276986765 0.10485811598208905 -0.3022644516620256
v -0.4186680823686686 0.10485811598208905 -0.2727202190716594
vt 0.4375 0.875
vt 0.59375 0.875
vt 0.59375 0.84375
vt 0.4375 0.84375
vt 0.28125 0.8125
vt 0.3125 0.8125
vt 0.3125 0.78125
vt 0.28125 0.78125
vt 0.5 0.53125
vt 0.71875 0.53125
vt 0.71875 0.5
vt 0.5 0.5
vt 0.6875 0.8125
vt 0.71875 0.8125
vt 0.71875 0.78125
vt 0.6875 0.78125
vt 0.375 0.84375
vt 0.5 0.84375
vt 0.5 0.8125
vt 0.375 0.8125
vt 0.625 0.3125
vt 0.5 0.3125
vt 0.5 0.34375
vt 0.625 0.34375
vn -0.17364817766693036 0 -0.9848077530122081
vn 0.9763825861650423 -0.13052619222005155 -0.17216259343480453
vn 0.17364817766693036 0 0.9848077530122081
vn -0.9763825861650423 0.13052619222005155 0.17216259343480453
vn 0.12854320606946856 0.9914448613738105 -0.02266563541681542
vn -0.12854320606946856 -0.9914448613738105 0.02266563541681542
g _
f 140/412/103 143/411/103 141/410/103 138/409/103
f 139/416/104 140/415/104 138/414/104 137/413/104
f 144/420/105 139/419/105 137/418/105 142/417/105
f 143/424/106 144/423/106 142/422/106 141/421/106
f 142/428/107 137/427/107 138/426/107 141/425/107
f 143/432/108 140/431/108 139/430/108 144/429/108
o cube
v -0.2207653326950597 0.1158140031360947 -0.33807861175208226
v -0.2259747780250676 0.1158140031360947 -0.3676228443424485
v -0.2188371846040177 0.10094233021548756 -0.33841859628333454
v -0.22404662993402558 0.10094233021548756 -0.36796282887370074
v -0.3138492107799216 0.10406664583629004 -0.3521282109333161
v -0.30863976544991367 0.10406664583629004 -0.32258397834294983
v -0.3119210626888796 0.08919497291568289 -0.3524681954645683
v -0.30671161735887165 0.08919497291568289 -0.32292396287420205
vt 0.40625 0.875
vt 0.59375 0.875
vt 0.59375 0.84375
vt 0.40625 0.84375
vt 0.28125 0.8125
vt 0.3125 0.8125
vt 0.3125 0.78125
vt 0.28125 0.78125
vt 0.5 0.53125
vt 0.71875 0.53125
vt 0.71875 0.5
vt 0.5 0.5
vt 0.6875 0.8125
vt 0.71875 0.8125
vt 0.71875 0.78125
vt 0.6875 0.78125
vt 0.5 0.875
vt 0.59375 0.875
vt 0.59375 0.84375
vt 0.5 0.84375
vt 0.5 0.34375
vt 0.40625 0.34375
vt 0.40625 0.375
vt 0.5 0.375
vn -0.17364817766693036 0 -0.9848077530122081
vn 0.9763825861650423 0.13052619222005155 -0.17216259343480453
vn 0.17364817766693036 0 0.9848077530122081
vn -0.9763825861650423 -0.13052619222005155 0.17216259343480453
vn -0.12854320606946856 0.9914448613738105 0.02266563541681542
vn 0.12854320606946856 -0.9914448613738105 -0.02266563541681542
g _
f 148/436/109 151/435/109 149/434/109 146/433/109
f 147/440/110 148/439/110 146/438/110 145/437/110
f 152/444/111 147/443/111 145/442/111 150/441/111
f 151/448/112 152/447/112 150/446/112 149/445/112
f 150/452/113 145/451/113 146/450/113 149/449/113
f 151/456/114 148/455/114 147/454/114 152/453/114
o cube
v -0.3047834692678295 0.10406664583629004 -0.32326394740545433
v -0.3099929145978374 0.10406664583629004 -0.3528081799958206
v -0.30671161735887154 0.08919497291568289 -0.3229239628742021
v -0.3119210626888794 0.08919497291568289 -0.35246819546456837
v -0.397867347352691 0.11581400313609465 -0.3373135465866882
v -0.39265790202268314 0.11581400313609465 -0.30776931399632196
v -0.39979549544373305 0.1009423302154875 -0.33697356205543594
v -0.39458605011372516 0.1009423302154875 -0.30742932946506973
vt 0.40625 0.875
vt 0.59375 0.875
vt 0.59375 0.84375
vt 0.40625 0.84375
vt 0.28125 0.8125
vt 0.3125 0.8125
vt 0.3125 0.78125
vt 0.28125 0.78125
vt 0.5 0.53125
vt 0.71875 0.53125
vt 0.71875 0.5
vt 0.5 0.5
vt 0.6875 0.8125
vt 0.71875 0.8125
vt 0.71875 0.78125
vt 0.6875 0.78125
vt 0.40625 0.875
vt 0.5 0.875
vt 0.5 0.84375
vt 0.40625 0.84375
vt 0.59375 0.34375
vt 0.5 0.34375
vt 0.5 0.375
vt 0.59375 0.375
vn -0.17364817766693036 0 -0.9848077530122081
vn 0.9763825861650423 -0.13052619222005155 -0.17216259343480453
vn 0.17364817766693036 0 0.9848077530122081
vn -0.9763825861650423 0.13052619222005155 0.17216259343480453
vn 0.12854320606946856 0.9914448613738105 -0.02266563541681542
vn -0.12854320606946856 -0.9914448613738105 0.02266563541681542
g _
f 156/460/115 159/459/115 157/458/115 154/457/115
f 155/464/116 156/463/116 154/462/116 153/461/116
f 160/468/117 155/467/117 153/466/117 158/465/117
f 159/472/118 160/471/118 158/470/118 157/469/118
f 158/476/119 153/475/119 154/474/119 157/473/119
f 159/480/120 156/479/120 155/478/120 160/477/120
o cube
v -0.28455773319497013 0.1079824316028916 -0.3572930887363603
v -0.2897671785249781 0.1079824316028916 -0.38683732132672655
v -0.2826295851039281 0.09311075868228445 -0.3576330732676125
v -0.28783903043393605 0.09311075868228445 -0.38717730585797877
v -0.3190586561099295 0.10406664583629004 -0.38167244352368235
v -0.3138492107799216 0.10406664583629004 -0.3521282109333161
v -0.3171305080188875 0.08919497291568289 -0.38201242805493457
v -0.3119210626888796 0.08919497291568289 -0.3524681954645683
vt 0.4375 0.90625
vt 0.53125 0.90625
vt 0.53125 0.875
vt 0.4375 0.875
vt 0.28125 0.8125
vt 0.3125 0.8125
vt 0.3125 0.78125
vt 0.28125 0.78125
vt 0.5 0.53125
vt 0.71875 0.53125
vt 0.71875 0.5
vt 0.5 0.5
vt 0.5 0.90625
vt 0.53125 0.90625
vt 0.53125 0.875
vt 0.5 0.875
vt 0.53125 0.90625
vt 0.5 0.90625
vt 0.5 0.875
vt 0.53125 0.875
vt 0.5 0.375
vt 0.46875 0.375
vt 0.46875 0.40625
vt 0.5 0.40625
vn -0.17364817766693036 0 -0.9848077530122081
vn 0.9763825861650423 0.13052619222005155 -0.17216259343480453
vn 0.17364817766693036 0 0.9848077530122081
vn -0.9763825861650423 -0.13052619222005155 0.17216259343480453
vn -0.12854320606946856 0.9914448613738105 0.02266563541681542
vn 0.12854320606946856 -0.9914448613738105 -0.02266563541681542
g _
f 164/484/121 167/483/121 165/482/121 162/481/121
f 163/488/122 164/487/122 162/486/122 161/485/122
f 168/492/123 163/491/123 161/490/123 166/489/123
f 167/496/124 168/495/124 166/494/124 165/493/124
f 166/500/125 161/499/125 162/498/125 165/497/125
f 167/504/126 164/503/126 163/502/126 168/501/126
o cube
v -0.3099929145978374 0.10406664583629004 -0.3528081799958206
v -0.31520235992784534 0.10406664583629004 -0.38235241258618685
v -0.3119210626888794 0.08919497291568289 -0.35246819546456837
v -0.31713050801888737 0.08919497291568289 -0.3820124280549346
v -0.3737853150977477 0.11189821736949311 -0.37202265698009856
v -0.3685758697677398 0.11189821736949311 -0.3424784243897323
v -0.37571346318878973 0.09702654444888596 -0.37168267244884634
v -0.37050401785878184 0.09702654444888596 -0.3421384398584801
vt 0.4375 0.90625
vt 0.53125 0.90625
vt 0.53125 0.875
vt 0.4375 0.875
vt 0.28125 0.8125
vt 0.3125 0.8125
vt 0.3125 0.78125
vt 0.28125 0.78125
vt 0.5 0.53125
vt 0.71875 0.53125
vt 0.71875 0.5
vt 0.5 0.5
vt 0.5 0.90625
vt 0.53125 0.90625
vt 0.53125 0.875
vt 0.5 0.875
vt 0.53125 0.90625
vt 0.5 0.90625
vt 0.5 0.875
vt 0.53125 0.875
vt 0.5625 0.375
vt 0.5 0.375
vt 0.5 0.40625
vt 0.5625 0.40625
vn -0.17364817766693036 0 -0.9848077530122081
vn 0.9763825861650423 -0.13052619222005155 -0.17216259343480453
vn 0.17364817766693036 0 0.9848077530122081
vn -0.9763825861650423 0.13052619222005155 0.17216259343480453
vn 0.12854320606946856 0.9914448613738105 -0.02266563541681542
vn -0.12854320606946856 -0.9914448613738105 0.02266563541681542
g _
f 172/508/127 175/507/127 173/506/127 170/505/127
f 171/512/128 172/511/128 170/510/128 169/509/128
f 176/516/129 171/515/129 169/514/129 174/513/129
f 175/520/130 176/519/130 174/518/130 173/517/130
f 174/524/131 169/523/131 170/522/131 173/521/131
f 175/528/132 172/527/132 171/526/132 176/525/132
o cube
v -0.1328908999402059 0.12756136043589933 -0.3535732451612147
v -0.1381003452702138 0.12756136043589933 -0.38311747775158095
v -0.13096275184916387 0.1126896875152922 -0.3539132296924669
v -0.13617219717917178 0.1126896875152922 -0.3834574622828332
v -0.19668330044011634 0.11972978890269625 -0.37278772214549266
v -0.1914738551101084 0.11972978890269625 -0.3432434895551264
v -0.1947551523490743 0.1048581159820891 -0.3731277066767449
v -0.18954570701906637 0.1048581159820891 -0.3435834740863786
vt 0.625 0.875
vt 0.6875 0.875
vt 0.6875 0.84375
vt 0.625 0.84375
vt 0.28125 0.8125
vt 0.3125 0.8125
vt 0.3125 0.78125
vt 0.28125 0.78125
vt 0.5 0.53125
vt 0.71875 0.53125
vt 0.71875 0.5
vt 0.5 0.5
vt 0.6875 0.8125
vt 0.71875 0.8125
vt 0.71875 0.75
vt 0.6875 0.75
vt 0.625 0.875
vt 0.6875 0.875
vt 0.6875 0.84375
vt 0.625 0.84375
vt 0.375 0.34375
vt 0.3125 0.34375
vt 0.3125 0.375
vt 0.375 0.375
vn -0.17364817766693036 0 -0.9848077530122081
vn 0.9763825861650423 0.13052619222005155 -0.17216259343480453
vn 0.17364817766693036 0 0.9848077530122081
vn -0.9763825861650423 -0.13052619222005155 0.17216259343480453
vn -0.12854320606946856 0.9914448613738105 0.02266563541681542
vn 0.12854320606946856 -0.9914448613738105 -0.02266563541681542
g _
f 180/532/133 183/531/133 181/530/133 178/529/133
f 179/536/134 180/535/134 178/534/134 177/533/134
f 184/540/135 179/539/135 177/538/135 182/537/135
f 183/544/136 184/543/136 182/542/136 181/541/136
f 182/548/137 177/547/137 178/546/137 181/545/137
f 183/552/138 180/551/138 179/550/138 184/549/138
o cube
v -0.44603141186257783 0.12364557466929775 -0.26789532579986747
v -0.4512408571925857 0.12364557466929775 -0.29743955839023367
v -0.44795955995361986 0.1087739017486906 -0.26755534126861524
v -0.45316900528362775 0.1087739017486906 -0.29709957385898145
v -0.5098238123624883 0.13147714620250084 -0.2871098027841454
v -0.5046143670324803 0.13147714620250084 -0.2575655701937792
v -0.5117519604535303 0.11660547328189369 -0.28676981825289316
v -0.5065425151235223 0.11660547328189369 -0.25722558566252696
vt 0.28125 0.8125
vt 0.34375 0.8125
vt 0.34375 0.78125
vt 0.28125 0.78125
vt 0.28125 0.8125
vt 0.3125 0.8125
vt 0.3125 0.78125
vt 0.28125 0.78125
vt 0.5 0.53125
vt 0.71875 0.53125
vt 0.71875 0.5
vt 0.5 0.5
vt 0.6875 0.8125
vt 0.71875 0.8125
vt 0.71875 0.78125
vt 0.6875 0.78125
vt 0.28125 0.84375
vt 0.34375 0.84375
vt 0.34375 0.8125
vt 0.28125 0.8125
vt 0.71875 0.3125
vt 0.65625 0.3125
vt 0.65625 0.34375
vt 0.71875 0.34375
vn -0.17364817766693036 0 -0.9848077530122081
vn 0.9763825861650423 -0.13052619222005155 -0.17216259343480453
vn 0.17364817766693036 0 0.9848077530122081
vn -0.9763825861650423 0.13052619222005155 0.17216259343480453
vn 0.12854320606946856 0.9914448613738105 -0.02266563541681542
vn -0.12854320606946856 -0.9914448613738105 0.02266563541681542
g _
f 188/556/139 191/555/139 189/554/139 186/553/139
f 187/560/140 188/559/140 186/558/140 185/557/140
f 192/564/141 187/563/141 185/562/141 190/561/141
f 191/568/142 192/567/142 190/566/142 189/565/142
f 190/572/143 185/571/143 186/570/143 189/569/143
f 191/576/144 188/575/144 187/574/144 192/573/144
o cube
v -0.2474795706377425 0.10406664583629004 0.0017226110885743043
v -0.2995740239378216 0.10406664583629004 -0.29371971481508813
v -0.24940771872878453 0.08919497291568289 0.002062595619826536
v -0.30150217202886365 0.08919497291568289 -0.2933797302838359
v -0.5046143670324803 0.13147714620250084 -0.2575655701937792
v -0.45251991373240125 0.13147714620250084 0.03787675570988324
v -0.5065425151235223 0.11660547328189369 -0.25722558566252696
v -0.4544480618234433 0.11660547328189369 0.03821674024113547
vt 0.28125 0.8125
vt 0.5 0.8125
vt 0.5 0.78125
vt 0.28125 0.78125
vt 0.28125 0.8125
vt 0.53125 0.8125
vt 0.53125 0.78125
vt 0.28125 0.78125
vt 0.28125 0.53125
vt 0.5 0.53125
vt 0.5 0.5
vt 0.28125 0.5
vt 0.46875 0.8125
vt 0.71875 0.8125
vt 0.71875 0.78125
vt 0.46875 0.78125
vt 0.28125 0.8125
vt 0.5 0.8125
vt 0.5 0.5
vt 0.28125 0.5
vt 0.71875 0
vt 0.5 0
vt 0.5 0.3125
vt 0.71875 0.3125
vn -0.17364817766693036 0 -0.9848077530122081
vn 0.9763825861650423 -0.13052619222005155 -0.17216259343480453
vn 0.17364817766693036 0 0.9848077530122081
vn -0.9763825861650423 0.13052619222005155 0.17216259343480453
vn 0.12854320606946856 0.9914448613738105 -0.02266563541681542
vn -0.12854320606946856 -0.9914448613738105 0.02266563541681542
g _
f 196/580/145 199/579/145 197/578/145 194/577/145
f 195/584/146 196/583/146 194/582/146 193/581/146
f 200/588/147 195/587/147 193/586/147 198/585/147
f 199/592/148 200/591/148 198/590/148 197/589/148
f 198/596/149 193/595/149 194/594/149 197/593/149
f 199/600/150 196/599/150 195/598/150 200/597/150
o cube
v -0.022073161189463425 0.12886247392007116 -0.0684854188783491
v -0.06895816915953462 0.12886247392007116 -0.33438351219164525
v -0.02336063595712487 0.113919553448695 -0.06825840233982902
v -0.07024564392719607 0.113919553448695 -0.33415649565312516
v -0.09838997702524682 0.13147714620250092 -0.3291938903738926
v -0.051504969055175626 0.13147714620250092 -0.0632957970605964
v -0.09967745179290827 0.11653422573112474 -0.3289668738353725
v -0.05279244382283707 0.11653422573112474 -0.06306878052207633
vt 0.28125 0.8125
vt 0.3125 0.8125
vt 0.3125 0.78125
vt 0.28125 0.78125
vt 0.28125 0.8125
vt 0.53125 0.8125
vt 0.53125 0.78125
vt 0.28125 0.78125
vt 0.6875 0.53125
vt 0.71875 0.53125
vt 0.71875 0.5
vt 0.6875 0.5
vt 0.46875 0.8125
vt 0.71875 0.8125
vt 0.71875 0.78125
vt 0.46875 0.78125
vt 0.71875 0.8125
vt 0.75 0.8125
vt 0.75 0.53125
vt 0.71875 0.53125
vt 0.28125 0.03125
vt 0.25 0.03125
vt 0.25 0.3125
vt 0.28125 0.3125
vn -0.17364817766693033 0 -0.984807753012208
vn 0.9810602621904071 -0.0871557427476582 -0.17298739392508947
vn 0.17364817766693033 0 0.984807753012208
vn -0.9810602621904071 0.0871557427476582 0.17298739392508947
vn 0.08583165117743131 0.9961946980917457 -0.015134435901338625
vn -0.08583165117743131 -0.9961946980917457 0.015134435901338625
g _
f 204/604/151 207/603/151 205/602/151 202/601/151
f 203/608/152 204/607/152 202/606/152 201/605/152
f 208/612/153 203/611/153 201/610/153 206/609/153
f 207/616/154 208/615/154 206/614/154 205/613/154
f 206/620/155 201/619/155 202/618/155 205/617/155
f 207/624/156 204/623/156 203/622/156 208/621/156
o cube
v -0.45772935906240925 0.1314771462025009 0.008332523119517016
v -0.4994049217024725 0.1314771462025009 -0.2280213376034129
