# Made in Blockbench 4.1.3

o cube
v 0.23192544556662525 0.10748361651198526 -0.15625082503602505
v 0.28557243132579113 0.14011516456699816 -0.3982367398957317
v 0.23192544556662525 0.10748361651198526 -0.15625082503602505
v 0.28557243132579113 0.14011516456699816 -0.3982367398957317
v -0.08053857134418387 0.14011516456699816 -0.47940159512252034
v -0.13418555710334973 0.10748361651198526 -0.23741568026281362
v -0.08053857134418387 0.14011516456699816 -0.47940159512252034
v -0.13418555710334973 0.10748361651198526 -0.23741568026281362
vt 0 1
vt 1 1
vt 1 0.5
vt 0 0.5
vt 0 1
vt 0.125 1
vt 0.125 0.8125
vt 0 0.8125
vt 0 1
vt 0.1875 1
vt 0.1875 0.8125
vt 0 0.8125
vt 0 1
vt 1 1
vt 1 0.5
vt 0 0.5
vt 0 1
vt 1 1
vt 1 0.5
vt 0 0.5
vt 0 1
vt 0.1875 1
vt 0.1875 0.75
vt 0 0.75
vn 0.21458794303666345 0.13052619222005157 -0.9679436594388269
vn 0.9762960071199335 0 0.2164396139381029
vn -0.21458794303666345 -0.13052619222005157 0.9679436594388269
vn -0.9762960071199335 0 -0.2164396139381029
vn -0.028251038652918576 0.9914448613738105 0.1274322002890053
vn 0.028251038652918576 -0.9914448613738105 -0.1274322002890053
g Frond
f 4/4/1 7/3/1 5/2/1 2/1/1
f 3/8/2 4/7/2 2/6/2 1/5/2
f 8/12/3 3/11/3 1/10/3 6/9/3
f 7/16/4 8/15/4 6/14/4 5/13/4
f 6/20/5 1/19/5 2/18/5 5/17/5
f 7/24/6 4/23/6 3/22/6 8/21/6
o cube
v 0.1986805013349875 0 -0.006292572386605709
v 0.23192367987670945 0.10754558181582113 -0.156242860523507
v 0.1986805013349875 0 -0.006292572386605709
v 0.23192367987670945 0.10754558181582113 -0.156242860523507
v -0.13418732279326553 0.10754558181582113 -0.23740771575029557
v -0.1674305013349875 0 -0.08745742761339428
v -0.13418732279326553 0.10754558181582113 -0.23740771575029557
v -0.1674305013349875 0 -0.08745742761339428
vt 0 0.5
vt 1 0.5
vt 1 0
vt 0 0
vt 0 0.875
vt 0.0625 0.875
vt 0.0625 0.875
vt 0 0.875
vt 0 1
vt 0.1875 1
vt 0.1875 0.875
vt 0 0.875
vt 0 0.5
vt 1 0.5
vt 1 0
vt 0 0
vt 0 0.5
vt 1 0.5
vt 1 0
vt 0 0
vt 0 1
vt 0.125 1
vt 0.125 0.875
vt 0 0.875
vn 0.17729695222251712 0.573576436351046 -0.7997348700634735
vn 0.9762960071199334 0 0.21643961393810285
vn -0.17729695222251712 -0.573576436351046 0.7997348700634735
vn -0.9762960071199334 0 -0.21643961393810285
vn -0.12414466244781325 0.8191520442889919 0.5599803845876069
vn 0.12414466244781325 -0.8191520442889919 -0.5599803845876069
g Frond
f 12/28/7 15/27/7 13/26/7 10/25/7
f 11/32/8 12/31/8 10/30/8 9/29/8
f 16/36/9 11/35/9 9/34/9 14/33/9
f 15/40/10 16/39/10 14/38/10 13/37/10
f 14/44/11 9/43/11 10/42/11 13/41/11
f 15/48/12 12/47/12 11/46/12 16/45/12
o cube
v 0.2765937687247663 0.00812199089431069 -0.0007120637056147461
v 0.4621947378512923 -0.09753257454086411 -0.1306712613870359
v 0.2765937687247663 0.00812199089431069 -0.0007120637056147461
v 0.4621947378512923 -0.09753257454086411 -0.1306712613870359
v 0.2471035742196499 -0.09753257454086411 -0.43785327799540785
v 0.061502605093123955 0.008121990894310718 -0.3078940803139867
v 0.2471035742196499 -0.09753257454086411 -0.43785327799540785
v 0.061502605093123955 0.008121990894310718 -0.3078940803139867
vt 0 1
vt 1 1
vt 1 0.5
vt 0 0.5
vt 0 1
vt 0.125 1
vt 0.125 0.8125
vt 0 0.8125
vt 0 1
vt 0.1875 1
vt 0.1875 0.8125
vt 0 0.8125
vt 0 1
vt 1 1
vt 1 0.5
vt 0 0.5
vt 0 1
vt 1 1
vt 1 0.5
vt 0 0.5
vt 0 1
vt 0.1875 1
vt 0.1875 0.75
vt 0 0.75
vn 0.7424038765061041 -0.42261826174069944 -0.5198367907256847
vn 0.5735764363510464 0 0.8191520442889918
vn -0.7424038765061041 0.42261826174069944 0.5198367907256847
vn -0.5735764363510464 0 -0.8191520442889918
vn 0.34618861305875415 0.90630778703665 -0.242403876506104
vn -0.34618861305875415 -0.90630778703665 0.242403876506104
g Frond
f 20/52/13 23/51/13 21/50/13 18/49/13
f 19/56/14 20/55/14 18/54/14 17/53/14
f 24/60/15 19/59/15 17/58/15 22/57/15
f 23/64/16 24/63/16 22/62/16 21/61/16
f 22/68/17 17/67/17 18/66/17 21/65/17
f 23/72/18 20/71/18 19/70/18 24/69/18
o cube
v 0.12317058181582118 0 0.10671600830418596
v 0.2766154055130825 0.008178635131000499 -0.0007272139478963491
v 0.12317058181582118 0 0.10671600830418596
v 0.2766154055130825 0.008178635131000499 -0.0007272139478963491
v 0.061524241881440137 0.00817863513100052 -0.3079092305562683
v -0.09192058181582118 0 -0.20046600830418596
v 0.061524241881440137 0.00817863513100052 -0.3079092305562683
v -0.09192058181582118 0 -0.20046600830418596
vt 0 0.5
vt 1 0.5
vt 1 0
vt 0 0
vt 0 0.875
vt 0.0625 0.875
vt 0.0625 0.875
vt 0 0.875
vt 0 1
vt 0.1875 1
vt 0.1875 0.875
vt 0 0.875
vt 0 0.5
vt 1 0.5
vt 1 0
vt 0 0
vt 0 0.5
vt 1 0.5
vt 1 0
vt 0 0
vt 0 1
vt 0.125 1
vt 0.125 0.875
vt 0 0.875
vn 0.8183723930520603 0.04361938736533595 -0.5730305186777723
vn 0.5735764363510462 0 0.8191520442889917
vn -0.8183723930520603 -0.04361938736533595 0.5730305186777723
vn -0.5735764363510462 0 -0.8191520442889917
vn -0.035730910330948405 0.9990482215818577 0.025019052760825344
vn 0.035730910330948405 -0.9990482215818577 -0.025019052760825344
g Frond
f 28/76/19 31/75/19 29/74/19 26/73/19
f 27/80/20 28/79/20 26/78/20 25/77/20
f 32/84/21 27/83/21 25/82/21 30/81/21
f 31/88/22 32/87/22 30/86/22 29/85/22
f 30/92/23 25/91/23 26/90/23 29/89/23
f 31/96/24 28/95/24 27/94/24 32/93/24
o cube
v 0.17891644628996528 -0.07179331779405972 -0.2430466206839813
v 0.1579412915153121 -0.26330442857380415 -0.40236873882859975
v 0.17891644628996528 -0.07179331779405972 -0.2430466206839813
v 0.1579412915153121 -0.26330442857380415 -0.40236873882859975
v -0.21385053149986682 -0.26330442857380415 -0.35342141674608046
v -0.19287537672521365 -0.07179331779405972 -0.19409929860146197
v -0.21385053149986682 -0.26330442857380415 -0.35342141674608046
v -0.19287537672521365 -0.07179331779405972 -0.19409929860146197
vt 0 1
vt 1 1
vt 1 0.5
vt 0 0.5
vt 0 1
vt 0.125 1
vt 0.125 0.8125
vt 0 0.8125
vt 0 1
vt 0.1875 1
vt 0.1875 0.8125
vt 0 0.8125
vt 0 1
vt 1 1
vt 1 0.5
vt 0 0.5
vt 0 1
vt 1 1
vt 1 0.5
vt 0 0.5
vt 0 1
vt 0.1875 1
vt 0.1875 0.75
vt 0 0.75
vn -0.0839006190986127 -0.766044443118978 -0.637288472578474
vn 0.9914448613738104 0 -0.13052619222005155
vn 0.0839006190986127 0.766044443118978 0.637288472578474
vn -0.9914448613738104 0 0.13052619222005155
vn -0.09998886423165002 0.6427876096865395 -0.759490826714273
vn 0.09998886423165002 -0.6427876096865395 0.759490826714273
g Frond
f 36/100/25 39/99/25 37/98/25 34/97/25
f 35/104/26 36/103/26 34/102/26 33/101/26
f 40/108/27 35/107/27 33/106/27 38/105/27
f 39/112/28 40/111/28 38/110/28 37/109/28
f 38/116/29 33/115/29 34/114/29 37/113/29
f 39/120/30 36/119/30 35/118/30 40/117/30
o cube
v 0.20152091150758947 0 -0.07134866104125966
v 0.1789101969859508 -0.07175314356845429 -0.24309408886065093
v 0.20152091150758947 0 -0.07134866104125966
v 0.1789101969859508 -0.07175314356845429 -0.24309408886065093
v -0.19288162602922815 -0.07175314356845429 -0.19414676677813164
v -0.17027091150758947 0 -0.022401338958740344
v -0.19288162602922815 -0.07175314356845429 -0.19414676677813164
v -0.17027091150758947 0 -0.022401338958740344
vt 0 0.5
vt 1 0.5
vt 1 0
vt 0 0
vt 0 0.875
vt 0.0625 0.875
vt 0.0625 0.875
vt 0 0.875
vt 0 1
vt 0.1875 1
vt 0.1875 0.875
vt 0 0.875
vt 0 0.5
vt 1 0.5
vt 1 0
vt 0 0
vt 0 0.5
vt 1 0.5
vt 1 0
vt 0 0
vt 0 1
vt 0.125 1
vt 0.125 0.875
vt 0 0.875
vn -0.12059047744873953 -0.3826834323650896 -0.9159756150367535
vn 0.9914448613738105 0 -0.13052619222005157
vn 0.12059047744873953 0.3826834323650896 0.9159756150367535
vn -0.9914448613738105 0 0.13052619222005157
vn -0.049950211252314726 0.9238795325112868 -0.3794095225512602
vn 0.049950211252314726 -0.9238795325112868 0.3794095225512602
g Frond
f 44/124/31 47/123/31 45/122/31 42/121/31
f 43/128/32 44/127/32 42/126/32 41/125/32
f 48/132/33 43/131/33 41/130/33 46/129/33
f 47/136/34 48/135/34 46/134/34 45/133/34
f 46/140/35 41/139/35 42/138/35 45/137/35
f 47/144/36 44/143/36 43/142/36 48/141/36
o cube
v -0.028071638719454034 0.03249942600312767 -0.306366951218561
v -0.2233814361890724 -0.042677023872940575 -0.4431243436929996
v -0.028071638719454034 0.03249942600312767 -0.306366951218561
v -0.2233814361890724 -0.042677023872940575 -0.4431243436929996
v -0.43847259982071474 -0.042677023872940575 -0.13594232708462767
v -0.24316280235109636 0.03249942600312767 0.0008150653898108817
v -0.43847259982071474 -0.042677023872940575 -0.13594232708462767
v -0.24316280235109636 0.03249942600312767 0.0008150653898108817
vt 0 1
vt 1 1
vt 1 0.5
vt 0 0.5
vt 0 1
vt 0.125 1
vt 0.125 0.8125
vt 0 0.8125
vt 0 1
vt 0.1875 1
vt 0.1875 0.8125
vt 0 0.8125
vt 0 1
vt 1 1
vt 1 0.5
vt 0 0.5
vt 0 1
vt 1 1
vt 1 0.5
vt 0 0.5
vt 0 1
vt 0.1875 1
vt 0.1875 0.75
vt 0 0.75
vn -0.7812391898784737 -0.3007057995042731 -0.5470295698977542
vn 0.5735764363510462 0 -0.8191520442889919
vn 0.7812391898784737 0.3007057995042731 0.5470295698977542
vn -0.5735764363510462 0 0.8191520442889919
vn -0.24632377039348097 0.953716950748227 -0.17247776086975314
vn 0.24632377039348097 -0.953716950748227 0.17247776086975314
g Frond
f 52/148/37 55/147/37 53/146/37 50/145/37
f 51/152/38 52/151/38 50/150/38 49/149/38
f 56/156/39 51/155/39 49/154/39 54/153/39
f 55/160/40 56/159/40 54/158/40 53/157/40
f 54/164/41 49/163/41 50/162/41 53/161/41
f 55/168/42 52/167/42 51/166/42 56/165/42
o cube
v 0.12317058181582116 0 -0.20046600830418596
v -0.02808703395510359 0.032559033312549446 -0.3063777310786154
v 0.12317058181582116 0 -0.20046600830418596
v -0.02808703395510359 0.032559033312549446 -0.3063777310786154
v -0.24317819758674591 0.032559033312549446 0.0008042855297565321
v -0.09192058181582116 0 0.10671600830418596
v -0.24317819758674591 0.032559033312549446 0.0008042855297565321
v -0.09192058181582116 0 0.10671600830418596
vt 0 0.5
vt 1 0.5
vt 1 0
vt 0 0
vt 0 0.875
vt 0.0625 0.875
vt 0.0625 0.875
vt 0 0.875
vt 0 1
vt 0.1875 1
vt 0.1875 0.875
vt 0 0.875
vt 0 0.5
vt 1 0.5
vt 1 0
vt 0 0
vt 0 0.5
vt 1 0.5
vt 1 0
vt 0 0
vt 0 1
vt 0.125 1
vt 0.125 0.875
vt 0 0.875
vn -0.8067072841115988 0.17364817766693033 -0.5648625214636235
vn 0.5735764363510463 0 -0.8191520442889917
vn 0.8067072841115988 -0.17364817766693033 0.5648625214636235
vn -0.5735764363510463 0 0.8191520442889917
vn 0.14224425972292407 0.9848077530122081 0.09960050292505124
vn -0.14224425972292407 -0.9848077530122081 -0.09960050292505124
g Frond
f 60/172/43 63/171/43 61/170/43 58/169/43
f 59/176/44 60/175/44 58/174/44 57/173/44
f 64/180/45 59/179/45 57/178/45 62/177/45
f 63/184/46 64/183/46 62/182/46 61/181/46
f 62/188/47 57/187/47 58/186/47 61/185/47
f 63/192/48 60/191/48 59/190/48 64/189/48
o cube
v 0.19637970344975442 -0.12054659453074895 0.10510505593155257
v 0.28978278020200143 -0.35151647765857064 0.08439809234115055
v 0.19637970344975442 -0.12054659453074895 0.10510505593155257
v 0.28978278020200143 -0.35151647765857064 0.08439809234115055
v 0.20861792497521292 -0.35151647765857064 -0.2817129103288245
v 0.11521484822296592 -0.12054659453074895 -0.2610059467384225
v 0.20861792497521292 -0.35151647765857064 -0.2817129103288245
v 0.11521484822296592 -0.12054659453074895 -0.2610059467384225
vt 0 1
vt 1 1
vt 1 0.5
vt 0 0.5
vt 0 1
vt 0.125 1
vt 0.125 0.8125
vt 0 0.8125
vt 0 1
vt 0.1875 1
vt 0.1875 0.8125
vt 0 0.8125
vt 0 1
vt 1 1
vt 1 0.5
vt 0 0.5
vt 0 1
vt 1 1
vt 1 0.5
vt 0 0.5
vt 0 1
vt 0.1875 1
vt 0.1875 0.75
vt 0 0.75
vn 0.37361230700898823 -0.9238795325112868 -0.08282785436160806
vn 0.2164396139381028 0 0.9762960071199334
vn -0.37361230700898823 0.9238795325112868 0.08282785436160806
vn -0.2164396139381028 0 -0.9762960071199334
vn 0.9019798986506 0.3826834323650896 -0.19996412934205768
vn -0.9019798986506 -0.3826834323650896 0.19996412934205768
g Frond
f 68/196/49 71/195/49 69/194/49 66/193/49
f 67/200/50 68/199/50 66/198/50 65/197/50
f 72/204/51 67/203/51 65/202/51 70/201/51
f 71/208/52 72/207/52 70/206/52 69/205/52
f 70/212/53 65/211/53 66/210/53 69/209/53
f 71/216/54 68/215/54 67/214/54 72/213/54
o cube
v 0.056207427613394256 0 0.13618050133498752
v 0.1964360771934201 -0.12052267681622614 0.10509255817346869
v 0.056207427613394256 0 0.13618050133498752
v 0.1964360771934201 -0.12052267681622614 0.10509255817346869
v 0.11527122196663159 -0.12052267681622614 -0.26101844449650635
v -0.024957427613394256 0 -0.22993050133498752
v 0.11527122196663159 -0.12052267681622614 -0.26101844449650635
v -0.024957427613394256 0 -0.22993050133498752
vt 0 0.5
vt 1 0.5
vt 1 0
vt 0 0
vt 0 0.875
vt 0.0625 0.875
vt 0.0625 0.875
vt 0 0.875
vt 0 1
vt 0.1875 1
vt 0.1875 0.875
vt 0 0.875
vt 0 0.5
vt 1 0.5
vt 1 0
vt 0 0
vt 0 0.5
vt 1 0.5
vt 1 0
vt 0 0
vt 0 1
vt 0.125 1
vt 0.125 0.875
vt 0 0.875
vn 0.7478861310934712 -0.6427876096865395 -0.16580236352810046
vn 0.21643961393810277 0 0.9762960071199334
vn -0.7478861310934712 0.6427876096865395 0.16580236352810046
vn -0.21643961393810277 0 -0.9762960071199334
vn 0.6275509767631346 0.766044443118978 -0.13912470208475042
vn -0.6275509767631346 -0.766044443118978 0.13912470208475042
g Frond
f 76/220/55 79/219/55 77/218/55 74/217/55
f 75/224/56 76/223/56 74/222/56 73/221/56
f 80/228/57 75/227/57 73/226/57 78/225/57
f 79/232/58 80/231/58 78/230/58 77/229/58
f 78/236/59 73/235/59 74/234/59 77/233/59
f 79/240/60 76/239/60 75/238/60 80/237/60
o cube
v 0.12766405601138292 -0.15814134332383778 -0.2278176625562296
v 0.11676958816792564 -0.4071900178467741 -0.24668743438252294
v 0.12766405601138292 -0.15814134332383778 -0.2278176625562296
v 0.11676958816792564 -0.4071900178467741 -0.24668743438252294
v -0.2079899382512389 -0.4071900178467741 -0.05918743438252308
v -0.19709547040778164 -0.15814134332383778 -0.04031766255622969
v -0.2079899382512389 -0.4071900178467741 -0.05918743438252308
v -0.19709547040778164 -0.15814134332383778 -0.04031766255622969
vt 0 1
vt 1 1
vt 1 0.5
vt 0 0.5
vt 0 1
vt 0.125 1
vt 0.125 0.8125
vt 0 0.8125
vt 0 1
vt 0.1875 1
vt 0.1875 0.8125
vt 0 0.8125
vt 0 1
vt 1 1
vt 1 0.5
vt 0 0.5
vt 0 1
vt 1 1
vt 1 0.5
vt 0 0.5
vt 0 1
vt 0.1875 1
vt 0.1875 0.75
vt 0 0.75
vn -0.043577871373829215 -0.9961946980917457 -0.07547908730517362
vn 0.8660254037844388 0 -0.49999999999999994
vn 0.043577871373829215 0.9961946980917457 0.07547908730517362
vn -0.8660254037844388 0 0.49999999999999994
vn -0.4980973490458724 0.0871557427476584 -0.862729915662821
vn 0.4980973490458724 -0.0871557427476584 0.862729915662821
g Frond
f 84/244/61 87/243/61 85/242/61 82/241/61
f 83/248/62 84/247/62 82/246/62 81/245/62
f 88/252/63 83/251/63 81/250/63 86/249/63
f 87/256/64 88/255/64 86/254/64 85/253/64
f 86/260/65 81/259/65 82/258/65 85/257/65
f 87/264/66 84/263/66 83/262/66 88/261/66
o cube
v 0.17800476320958228 0 -0.14062499999999994
v 0.12763292492706754 -0.15813589608991602 -0.22787158317595851
v 0.17800476320958228 0 -0.14062499999999994
v 0.12763292492706754 -0.15813589608991602 -0.22787158317595851
v -0.19712660149209701 -0.15813589608991602 -0.040371583175958625
v -0.14675476320958228 0 0.046874999999999944
v -0.19712660149209701 -0.15813589608991602 -0.040371583175958625
v -0.14675476320958228 0 0.046874999999999944
vt 0 0.5
vt 1 0.5
vt 1 0
vt 0 0
vt 0 0.875
vt 0.0625 0.875
vt 0.0625 0.875
vt 0 0.875
vt 0 1
vt 0.1875 1
vt 0.1875 0.875
vt 0 0.875
vt 0 0.5
vt 1 0.5
vt 1 0
vt 0 0
vt 0 0.5
vt 1 0.5
vt 1 0
vt 0 0
vt 0 1
vt 0.125 1
vt 0.125 0.875
vt 0 0.875
vn -0.26864980417341183 -0.8433914458128855 -0.4653151102717791
vn 0.8660254037844387 0 -0.4999999999999999
vn 0.26864980417341183 0.8433914458128855 0.4653151102717791
vn -0.8660254037844387 0 0.4999999999999999
vn -0.4216957229064425 0.5372996083468241 -0.7303984174084458
vn 0.4216957229064425 -0.5372996083468241 0.7303984174084458
g Frond
f 92/268/67 95/267/67 93/266/67 90/265/67
f 91/272/68 92/271/68 90/270/68 89/269/68
f 96/276/69 91/275/69 89/274/69 94/273/69
f 95/280/70 96/279/70 94/278/70 93/277/70
f 94/284/71 89/283/71 90/282/71 93/281/71
f 95/288/72 92/287/72 91/286/72 96/285/72
