# Made in Blockbench 4.7.4

o cube
v 0.5015459027044695 0.516743441725454 0.20189291644916463
v 0.7596531237569062 0.36049344172545394 0.12051202225041124
v 0.5015459027044695 0.516743441725454 0.20189291644916463
v 0.7596531237569062 0.36049344172545394 0.12051202225041124
v 0.5717119990667354 0.36049344172545394 -0.4755610719672305
v 0.31360477801429876 0.516743441725454 -0.39418017776847714
v 0.5717119990667354 0.36049344172545394 -0.4755610719672305
v 0.31360477801429876 0.516743441725454 -0.39418017776847714
vt 0 1
vt 1 1
vt 1 0.5
vt 0 0.5
vt 0 1
vt 0.125 1
vt 0.125 0.8125
vt 0 0.8125
vt 0 1
vt 0.1875 1
vt 0.1875 0.8125
vt 0 0.8125
vt 0 1
vt 1 1
vt 1 0.5
vt 0 0.5
vt 0 1
vt 1 1
vt 1 0.5
vt 0 0.5
vt 0 1
vt 0.1875 1
vt 0.1875 0.75
vt 0 0.75
vn 0.8259431073677967 -0.4999999999999999 -0.2604188614360107
vn 0.30070579950427323 0 0.9537169507482268
vn -0.8259431073677967 0.4999999999999999 0.2604188614360107
vn -0.30070579950427323 0 -0.9537169507482268
vn 0.47685847537411336 0.8660254037844386 -0.1503528997521366
vn -0.47685847537411336 -0.8660254037844386 0.1503528997521366
g Frond
f 4/4/1 7/3/1 5/2/1 2/1/1
f 3/8/2 4/7/2 2/6/2 1/5/2
f 8/12/3 3/11/3 1/10/3 6/9/3
f 7/16/4 8/15/4 6/14/4 5/13/4
f 6/20/5 1/19/5 2/18/5 5/17/5
f 7/24/6 4/23/6 3/22/6 8/21/6
o cube
v 0.18772254750087491 0.45070682067939694 0.30084104026679703
v 0.32277896923399485 0.5167409240763812 0.2582579140640151
v 0.18772254750087491 0.45070682067939694 0.30084104026679703
v 0.32277896923399485 0.5167409240763812 0.2582579140640151
v 0.13483784454382408 0.5167409240763812 -0.33781518015362666
v -0.00021857718929585435 0.45070682067939694 -0.29523205395084473
v 0.13483784454382408 0.5167409240763812 -0.33781518015362666
v -0.00021857718929585435 0.45070682067939694 -0.29523205395084473
vt 0 0.5
vt 1 0.5
vt 1 0
vt 0 0
vt 0 0.875
vt 0.0625 0.875
vt 0.0625 0.875
vt 0 0.875
vt 0 1
vt 0.1875 1
vt 0.1875 0.875
vt 0 0.875
vt 0 0.5
vt 1 0.5
vt 1 0
vt 0 0
vt 0 0.5
vt 1 0.5
vt 1 0.25
vt 0 0.25
vt 0 1
vt 0.125 1
vt 0.125 0.875
vt 0 0.875
vn 0.8643610990919671 0.42261826174069944 -0.2725320076978044
vn 0.30070579950427323 0 0.9537169507482268
vn -0.8643610990919671 -0.42261826174069944 0.2725320076978044
vn -0.30070579950427323 0 -0.9537169507482268
vn -0.403058199917856 0.90630778703665 0.12708376228184326
vn 0.403058199917856 -0.90630778703665 -0.12708376228184326
g Frond
f 12/28/7 15/27/7 13/26/7 10/25/7
f 11/32/8 12/31/8 10/30/8 9/29/8
f 16/36/9 11/35/9 9/34/9 14/33/9
f 15/40/10 16/39/10 14/38/10 13/37/10
f 14/44/11 9/43/11 10/42/11 13/41/11
f 15/48/12 12/47/12 11/46/12 16/45/12
o cube
v 0.14294354577634227 0.3017263972510049 0.31495980527775214
v 0.1877542048662677 0.45074467080541536 0.30083105873782956
v 0.14294354577634227 0.3017263972510049 0.31495980527775214
v 0.1877542048662677 0.45074467080541536 0.30083105873782956
v -0.00018691982390300899 0.45074467080541536 -0.29524203547981215
v -0.044997578913828495 0.3017263972510049 -0.2811132889398896
v -0.00018691982390300899 0.45074467080541536 -0.29524203547981215
v -0.044997578913828495 0.3017263972510049 -0.2811132889398896
vt 0 0.5
vt 1 0.5
vt 1 0
vt 0 0
vt 0 0.875
vt 0.0625 0.875
vt 0.0625 0.875
vt 0 0.875
vt 0 1
vt 0.1875 1
vt 0.1875 0.875
vt 0 0.875
vt 0 0.5
vt 1 0.5
vt 1 0
vt 0 0
vt 0 0.25
vt 1 0.25
vt 1 0
vt 0 0
vt 0 1
vt 0.125 1
vt 0.125 0.875
vt 0 0.875
vn 0.2867882181755232 0.953716950748227 -0.09042397785550418
vn 0.30070579950427323 0 0.9537169507482269
vn -0.2867882181755232 -0.953716950748227 0.09042397785550418
vn -0.30070579950427323 0 -0.9537169507482269
vn -0.9095760221444958 0.3007057995042732 0.28678821817552314
vn 0.9095760221444958 -0.3007057995042732 -0.28678821817552314
g Frond
f 20/52/13 23/51/13 21/50/13 18/49/13
f 19/56/14 20/55/14 18/54/14 17/53/14
f 24/60/15 19/59/15 17/58/15 22/57/15
f 23/64/16 24/63/16 22/62/16 21/61/16
f 22/68/17 17/67/17 18/66/17 21/65/17
f 23/72/18 20/71/18 19/70/18 24/69/18
o cube
v 0.32275377809530337 0.5167350683127929 0.25826585679953507
v 0.5015757063605959 0.5167350683127929 0.20188351939248395
v 0.32275377809530337 0.5167350683127929 0.25826585679953507
v 0.5015757063605959 0.5167350683127929 0.20188351939248395
v 0.3136345816704251 0.5167350683127929 -0.394189574825158
v 0.1348126534051326 0.5167350683127929 -0.3378072374181067
v 0.3136345816704251 0.5167350683127929 -0.394189574825158
v 0.1348126534051326 0.5167350683127929 -0.3378072374181067
vt 0 0.5
vt 1 0.5
vt 1 0
vt 0 0
vt 0 0.875
vt 0.0625 0.875
vt 0.0625 0.875
vt 0 0.875
vt 0 1
vt 0.1875 1
vt 0.1875 0.875
vt 0 0.875
vt 0 0.5
vt 1 0.5
vt 1 0
vt 0 0
vt 0 0.625
vt 1 0.625
vt 1 0.3125
vt 0 0.3125
vt 0 1
vt 0.125 1
vt 0.125 0.875
vt 0 0.875
vn 0.9537169507482268 0 -0.30070579950427323
vn 0.30070579950427323 0 0.9537169507482268
vn -0.9537169507482268 0 0.30070579950427323
vn -0.30070579950427323 0 -0.9537169507482268
vn 0 1 0
vn 0 -1 0
g Frond
f 28/76/19 31/75/19 29/74/19 26/73/19
f 27/80/20 28/79/20 26/78/20 25/77/20
f 32/84/21 27/83/21 25/82/21 30/81/21
f 31/88/22 32/87/22 30/86/22 29/85/22
f 30/92/23 25/91/23 26/90/23 29/89/23
f 31/96/24 28/95/24 27/94/24 32/93/24
o cube
v 0.3639737066160307 0.4205651272489368 0.027452944968505477
v 0.41721099621315716 0.4341832120532585 -0.1188153060725663
v 0.3639737066160307 0.4205651272489368 0.027452944968505477
v 0.41721099621315716 0.4341832120532585 -0.1188153060725663
v -0.1700968917780355 0.4341832120532585 -0.3325778956511092
v -0.22333418137516203 0.4205651272489368 -0.18630964461003746
v -0.1700968917780355 0.4341832120532585 -0.3325778956511092
v -0.22333418137516203 0.4205651272489368 -0.18630964461003746
vt 0 0.5
vt 1 0.5
vt 1 0
vt 0 0
vt 0 0.875
vt 0.0625 0.875
vt 0.0625 0.875
vt 0 0.875
vt 0 1
vt 0.1875 1
vt 0.1875 0.875
vt 0 0.875
vt 0 0.5
vt 1 0.5
vt 1 0
vt 0 0
vt 0 0.5
vt 1 0.5
vt 1 0.25
vt 0 0.25
vt 0 1
vt 0.125 1
vt 0.125 0.875
vt 0 0.875
vn 0.3407186534216101 0.08715574274765833 -0.9361168066628592
vn 0.9396926207859084 0 0.3420201433256687
vn -0.3407186534216101 -0.08715574274765833 0.9361168066628592
vn -0.9396926207859084 0 -0.3420201433256687
vn -0.029809019626209254 0.9961946980917455 0.08189960831908957
vn 0.029809019626209254 -0.9961946980917455 -0.08189960831908957
g Frond
f 36/100/25 39/99/25 37/98/25 34/97/25
f 35/104/26 36/103/26 34/102/26 33/101/26
f 40/108/27 35/107/27 33/106/27 38/105/27
f 39/112/28 40/111/28 38/110/28 37/109/28
f 38/116/29 33/115/29 34/114/29 37/113/29
f 39/120/30 36/119/30 35/118/30 40/117/30
o cube
v 0.3314561976043585 0.29662788240889904 0.11679406671498671
v 0.3639888024794682 0.42058934182940466 0.027411469424583723
v 0.3314561976043585 0.29662788240889904 0.11679406671498671
v 0.3639888024794682 0.42058934182940466 0.027411469424583723
v -0.22331908551172452 0.42058934182940466 -0.18635112015395922
v -0.2558516903868342 0.29662788240889904 -0.09696852286355617
v -0.22331908551172452 0.42058934182940466 -0.18635112015395922
v -0.2558516903868342 0.29662788240889904 -0.09696852286355617
vt 0 0.5
vt 1 0.5
vt 1 0
vt 0 0
vt 0 0.875
vt 0.0625 0.875
vt 0.0625 0.875
vt 0 0.875
vt 0 1
vt 0.1875 1
vt 0.1875 0.875
vt 0 0.875
vt 0 0.5
vt 1 0.5
vt 1 0
vt 0 0
vt 0 0.25
vt 1 0.25
vt 1 0
vt 0 0
vt 0 1
vt 0.125 1
vt 0.125 0.875
vt 0 0.875
vn 0.20820867120070155 0.7933533402912354 -0.5720486226585794
vn 0.9396926207859084 0 0.34202014332566866
vn -0.20820867120070155 -0.7933533402912354 0.5720486226585794
vn -0.9396926207859084 0 -0.34202014332566866
vn -0.27134282315430636 0.6087614290087207 0.7455082795475255
vn 0.27134282315430636 -0.6087614290087207 -0.7455082795475255
g Frond
f 44/124/31 47/123/31 45/122/31 42/121/31
f 43/128/32 44/127/32 42/126/32 41/125/32
f 48/132/33 43/131/33 41/130/33 46/129/33
f 47/136/34 48/135/34 46/134/34 45/133/34
f 46/140/35 41/139/35 42/138/35 45/137/35
f 47/144/36 44/143/36 43/142/36 48/141/36
o cube
v 0.41719162274228583 0.43420962569587185 -0.1187620778988106
v 0.45397437804897534 0.2806186173916859 -0.2198218675292649
v 0.41719162274228583 0.43420962569587185 -0.1187620778988106
v 0.45397437804897534 0.2806186173916859 -0.2198218675292649
v -0.13333350994221738 0.2806186173916859 -0.4335844571078078
v -0.170116265248907 0.43420962569587185 -0.33252466747735354
v -0.13333350994221738 0.2806186173916859 -0.4335844571078078
v -0.170116265248907 0.43420962569587185 -0.33252466747735354
vt 0 0.5
vt 1 0.5
vt 1 0
vt 0 0
vt 0 0.875
vt 0.0625 0.875
vt 0.0625 0.875
vt 0 0.875
vt 0 1
vt 0.1875 1
vt 0.1875 0.875
vt 0 0.875
vt 0 0.5
vt 1 0.5
vt 1 0
vt 0 0
vt 0 0.625
vt 1 0.625
vt 1 0.3125
vt 0 0.3125
vt 0 1
vt 0.125 1
vt 0.125 0.875
vt 0 0.875
vn 0.19617469496901116 -0.8191520442889917 -0.5389855446957565
vn 0.9396926207859084 0 0.34202014332566877
vn -0.19617469496901116 0.8191520442889917 0.5389855446957565
vn -0.9396926207859084 0 -0.34202014332566877
vn 0.2801664995932355 0.5735764363510463 -0.7697511313200571
vn -0.2801664995932355 -0.5735764363510463 0.7697511313200571
g Frond
f 52/148/37 55/147/37 53/146/37 50/145/37
f 51/152/38 52/151/38 50/150/38 49/149/38
f 56/156/39 51/155/39 49/154/39 54/153/39
f 55/160/40 56/159/40 54/158/40 53/157/40
f 54/164/41 49/163/41 50/162/41 53/161/41
f 55/168/42 52/167/42 51/166/42 56/165/42
o cube
v 0.4539718013422749 0.28063308966068723 -0.2198147880857887
v 0.49052735710493467 -0.013020854334909071 -0.3202503520993105
v 0.4539718013422749 0.28063308966068723 -0.2198147880857887
v 0.49052735710493467 -0.013020854334909071 -0.3202503520993105
v -0.0967805308862581 -0.013020854334909071 -0.5340129416778534
v -0.13333608664891783 0.28063308966068723 -0.43357737766433163
v -0.0967805308862581 -0.013020854334909071 -0.5340129416778534
v -0.13333608664891783 0.28063308966068723 -0.43357737766433163
vt 0 1
vt 1 1
vt 1 0.5
vt 0 0.5
vt 0 1
vt 0.125 1
vt 0.125 0.8125
vt 0 0.8125
vt 0 1
vt 0.1875 1
vt 0.1875 0.8125
vt 0 0.8125
vt 0 1
vt 1 1
vt 1 0.5
vt 0 0.5
vt 0 1
vt 1 1
vt 1 0.5
vt 0 0.5
vt 0 1
vt 0.1875 1
vt 0.1875 0.75
vt 0 0.75
vn 0.11697777844051105 -0.9396926207859084 -0.32139380484326985
vn 0.9396926207859084 0 0.34202014332566866
vn -0.11697777844051105 0.9396926207859084 0.32139380484326985
vn -0.9396926207859084 0 -0.34202014332566866
vn 0.3213938048432696 0.3420201433256688 -0.8830222215594891
vn -0.3213938048432696 -0.3420201433256688 0.8830222215594891
g Frond
f 60/172/43 63/171/43 61/170/43 58/169/43
f 59/176/44 60/175/44 58/174/44 57/173/44
f 64/180/45 59/179/45 57/178/45 62/177/45
f 63/184/46 64/183/46 62/182/46 61/181/46
f 62/188/47 57/187/47 58/186/47 61/185/47
f 63/192/48 60/191/48 59/190/48 64/189/48
o cube
v -0.21077343522179948 0.47506099747120345 -0.16847321860972042
v -0.3307218830981026 0.5144227026362469 -0.07640211283507498
v -0.21077343522179948 0.47506099747120345 -0.16847321860972042
v -0.3307218830981026 0.5144227026362469 -0.07640211283507498
v 0.030669716854297757 0.4368322886063638 0.4275828463993403
v 0.15061816473060086 0.39747058344132014 0.3355117406246949
v 0.030669716854297757 0.4368322886063638 0.4275828463993403
v 0.15061816473060086 0.39747058344132014 0.3355117406246949
vt 0 0.5
vt 1 0.5
vt 1 0
vt 0 0
vt 0 0.875
vt 0.0625 0.875
vt 0.0625 0.875
vt 0 0.875
vt 0 1
vt 0.1875 1
vt 0.1875 0.875
vt 0 0.875
vt 0 0.5
vt 1 0.5
vt 1 0
vt 0 0
vt 0 0.5
vt 1 0.5
vt 1 0.25
vt 0 0.25
vt 0 1
vt 0.125 1
vt 0.125 0.875
vt 0 0.875
vn -0.7676700664083406 0.2519149130562788 0.589255076957731
vn -0.5782265599238409 0.12414466244781319 -0.8063759347750649
vn 0.7676700664083406 -0.2519149130562788 -0.589255076957731
vn 0.5782265599238409 -0.12414466244781319 0.8063759347750649
vn 0.27629099612411373 0.9597536034657885 -0.05036175230449182
vn -0.27629099612411373 -0.9597536034657885 0.05036175230449182
g Frond
f 68/196/49 71/195/49 69/194/49 66/193/49
f 67/200/50 68/199/50 66/198/50 65/197/50
f 72/204/51 67/203/51 65/202/51 70/201/51
f 71/208/52 72/207/52 70/206/52 69/205/52
f 70/212/53 65/211/53 66/210/53 69/209/53
f 71/216/54 68/215/54 67/214/54 72/213/54
o cube
v -0.16159581834146858 0.3379364669537771 -0.224847771504888
v -0.2108032073630523 0.47509206526164416 -0.16844708694796473
v -0.16159581834146858 0.3379364669537771 -0.224847771504888
v -0.2108032073630523 0.47509206526164416 -0.16844708694796473
v 0.15058839258934809 0.39750165123176084 0.3355378722864506
v 0.1997957816109317 0.2603460529238939 0.27913718772952734
v 0.15058839258934809 0.39750165123176084 0.3355378722864506
v 0.1997957816109317 0.2603460529238939 0.27913718772952734
vt 0 0.5
vt 1 0.5
vt 1 0
vt 0 0
vt 0 0.875
vt 0.0625 0.875
vt 0.0625 0.875
vt 0 0.875
vt 0 1
vt 0.1875 1
vt 0.1875 0.875
vt 0 0.875
vt 0 0.5
vt 1 0.5
vt 1 0
vt 0 0
vt 0 0.25
vt 1 0.25
vt 1 0
vt 0 0
vt 0 1
vt 0.125 1
vt 0.125 0.875
vt 0 0.875
vn -0.31492728973813583 0.8777958291703487 0.3609643811643086
vn -0.5782265599238409 0.12414466244781314 -0.8063759347750649
vn 0.31492728973813583 -0.8777958291703487 -0.3609643811643086
vn 0.5782265599238409 -0.12414466244781314 0.8063759347750649
vn 0.75264523354422 0.462668980024443 -0.4684683205365207
vn -0.75264523354422 -0.462668980024443 0.4684683205365207
g Frond
f 76/220/55 79/219/55 77/218/55 74/217/55
f 75/224/56 76/223/56 74/222/56 73/221/56
f 80/228/57 75/227/57 73/226/57 78/225/57
f 79/232/58 80/231/58 78/230/58 77/229/58
f 78/236/59 73/235/59 74/234/59 77/233/59
f 79/240/60 76/239/60 75/238/60 80/237/60
o cube
v -0.3306870025576413 0.51442661588043 -0.0764265221033732
v -0.47424934333840707 0.43493792112275753 0.014279881834104113
v -0.3306870025576413 0.51442661588043 -0.0764265221033732
v -0.47424934333840707 0.43493792112275753 0.014279881834104113
v -0.11285774338600674 0.35734750709287444 0.5182648410685196
v 0.03070459739475917 0.43683620185054695 0.42755843713104225
v -0.11285774338600674 0.35734750709287444 0.5182648410685196
v 0.03070459739475917 0.43683620185054695 0.42755843713104225
vt 0 0.5
vt 1 0.5
vt 1 0
vt 0 0
vt 0 0.875
vt 0.0625 0.875
vt 0.0625 0.875
vt 0 0.875
vt 0 1
vt 0.1875 1
vt 0.1875 0.875
vt 0 0.875
vt 0 0.5
vt 1 0.5
vt 1 0
vt 0 0
vt 0 0.625
vt 1 0.625
vt 1 0.3125
vt 0 0.3125
vt 0 1
vt 0.125 1
vt 0.125 0.875
vt 0 0.875
vn -0.7656658174974181 -0.423939705374254 0.48376748766654554
vn -0.5782265599238408 0.12414466244781311 -0.8063759347750649
vn 0.7656658174974181 0.423939705374254 -0.48376748766654554
vn 0.5782265599238408 -0.12414466244781311 0.8063759347750649
vn -0.28179762474983977 0.8971416995062204 0.3401865219147274
vn 0.28179762474983977 -0.8971416995062204 -0.3401865219147274
g Frond
f 84/244/61 87/243/61 85/242/61 82/241/61
f 83/248/62 84/247/62 82/246/62 81/245/62
f 88/252/63 83/251/63 81/250/63 86/249/63
f 87/256/64 88/255/64 86/254/64 85/253/64
f 86/260/65 81/259/65 82/258/65 85/257/65
f 87/264/66 84/263/66 83/262/66 88/261/66
o cube
v -0.47422270381336556 0.43496807077892563 0.01426542113217577
v -0.6009095860482883 0.15327175074918586 0.06174033188825101
v -0.47422270381336556 0.43496807077892563 0.01426542113217577
v -0.6009095860482883 0.15327175074918586 0.06174033188825101
v -0.23951798609588792 0.07568133671930266 0.5657252911226665
v -0.11283110386096518 0.3573776567490423 0.5182503803665912
v -0.23951798609588792 0.07568133671930266 0.5657252911226665
v -0.11283110386096518 0.3573776567490423 0.5182503803665912
vt 0 1
vt 1 1
vt 1 0.5
vt 0 0.5
vt 0 1
vt 0.125 1
vt 0.125 0.8125
vt 0 0.8125
vt 0 1
vt 0.1875 1
vt 0.1875 0.8125
vt 0 0.8125
vt 0 1
vt 1 1
vt 1 0.5
vt 0 0.5
vt 0 1
vt 1 1
vt 1 0.5
vt 0 0.5
vt 0 1
vt 0.1875 1
vt 0.1875 0.75
vt 0 0.75
vn -0.4053980231517531 -0.901428224095167 0.15191971441944085
vn -0.5782265599238406 0.12414466244781316 -0.8063759347750649
vn 0.4053980231517531 0.901428224095167 -0.15191971441944085
vn 0.5782265599238406 -0.12414466244781316 0.8063759347750649
vn -0.7080300051715972 0.41474722372832357 0.5715577417779905
vn 0.7080300051715972 -0.41474722372832357 -0.5715577417779905
g Frond
f 92/268/67 95/267/67 93/266/67 90/265/67
f 91/272/68 92/271/68 90/270/68 89/269/68
f 96/276/69 91/275/69 89/274/69 94/273/69
f 95/280/70 96/279/70 94/278/70 93/277/70
f 94/284/71 89/283/71 90/282/71 93/281/71
f 95/288/72 92/287/72 91/286/72 96/285/72
o cube
v -0.22925871493516992 0.30812436758608197 0.19458655524128732
v -0.23266647957308673 0.4642256522082473 0.18868413374817883
v -0.22925871493516992 0.30812436758608197 0.19458655524128732
v -0.23266647957308673 0.4642256522082473 0.18868413374817883
v 0.3085993977921875 0.4642256522082473 -0.12381586625182095
v 0.3120071624301044 0.30812436758608197 -0.11791344475871235
v 0.3085993977921875 0.4642256522082473 -0.12381586625182095
v 0.3120071624301044 0.30812436758608197 -0.11791344475871235
vt 0 0.5
vt 1 0.5
vt 1 0
vt 0 0
vt 0 0.875
vt 0.0625 0.875
vt 0.0625 0.875
vt 0 0.875
vt 0 1
vt 0.1875 1
vt 0.1875 0.875
vt 0 0.875
vt 0 0.5
vt 1 0.5
vt 1 0
vt 0 0
vt 0 0.25
vt 1 0.25
vt 1 0
vt 0 0
vt 0 1
vt 0.125 1
vt 0.125 0.875
vt 0 0.875
vn -0.021809693682667903 0.9990482215818578 -0.037775497555895
vn -0.866025403784439 0 0.49999999999999944
vn 0.021809693682667903 -0.9990482215818578 0.037775497555895
vn 0.866025403784439 0 -0.49999999999999944
vn -0.49952411079092846 -0.043619387365335924 -0.865201139495554
vn 0.49952411079092846 0.043619387365335924 0.865201139495554
g Frond
f 100/292/73 103/291/73 101/290/73 98/289/73
f 99/296/74 100/295/74 98/294/74 97/293/74
f 104/300/75 99/299/75 97/298/75 102/297/75
f 103/304/76 104/303/76 102/302/76 101/301/76
f 102/308/77 97/307/77 98/306/77 101/305/77
f 103/312/78 100/311/78 99/310/78 104/309/78
o cube
v -0.23263941627793305 0.464194402206763 0.18873100875040527
v -0.19357691627793305 0.5995108715480817 0.2563892434210645
v -0.23263941627793305 0.464194402206763 0.18873100875040527
v -0.19357691627793305 0.5995108715480817 0.2563892434210645
v 0.34768896108734126 0.5995108715480815 -0.05611075657893522
v 0.30862646108734126 0.464194402206763 -0.1237689912495945
v 0.34768896108734126 0.5995108715480815 -0.05611075657893522
v 0.30862646108734126 0.464194402206763 -0.1237689912495945
vt 0 0.5
vt 1 0.5
vt 1 0
vt 0 0
vt 0 0.875
vt 0.0625 0.875
vt 0.0625 0.875
vt 0 0.875
vt 0 1
vt 0.1875 1
vt 0.1875 0.875
vt 0 0.875
vt 0 0.5
vt 1 0.5
vt 1 0
vt 0 0
vt 0 0.5
vt 1 0.5
vt 1 0.25
vt 0 0.25
vt 0 1
vt 0.125 1
vt 0.125 0.875
vt 0 0.875
vn 0.24999999999999983 0.8660254037844387 0.4330127018922194
vn -0.8660254037844392 0 0.49999999999999956
vn -0.24999999999999983 -0.8660254037844387 -0.4330127018922194
vn 0.8660254037844392 0 -0.49999999999999956
vn -0.43301270189221897 0.5000000000000001 -0.7500000000000004
vn 0.43301270189221897 -0.5000000000000001 0.7500000000000004
g Frond
f 108/316/79 111/315/79 109/314/79 106/313/79
f 107/320/80 108/319/80 106/318/80 105/317/80
f 112/324/81 107/323/81 105/322/81 110/321/81
f 111/328/82 112/327/82 110/326/82 109/325/82
f 110/332/83 105/331/83 106/330/83 109/329/83
f 111/336/84 108/335/84 107/334/84 112/333/84
o cube
v -0.19357691627793305 0.5995108715480817 0.2563892434210645
v -0.11678141212584026 0.7070564533639028 0.3894029584053562
v -0.19357691627793305 0.5995108715480817 0.2563892434210645
v -0.11678141212584026 0.7070564533639028 0.3894029584053562
v 0.42448446523943417 0.7070564533639028 0.07690295840535644
v 0.34768896108734126 0.5995108715480817 -0.05611075657893527
v 0.42448446523943417 0.7070564533639028 0.07690295840535644
v 0.34768896108734126 0.5995108715480817 -0.05611075657893527
vt 0 0.5
vt 1 0.5
vt 1 0
vt 0 0
vt 0 0.875
vt 0.0625 0.875
vt 0.0625 0.875
vt 0 0.875
vt 0 1
vt 0.1875 1
vt 0.1875 0.875
vt 0 0.875
vt 0 0.5
vt 1 0.5
vt 1 0
vt 0 0
vt 0 0.625
vt 1 0.625
vt 1 0.3125
vt 0 0.3125
vt 0 1
vt 0.125 1
vt 0.125 0.875
vt 0 0.875
vn 0.4095760221444955 0.5735764363510462 0.7094064799162226
vn -0.866025403784439 0 0.49999999999999956
vn -0.4095760221444955 -0.5735764363510462 -0.7094064799162226
vn 0.866025403784439 0 -0.49999999999999956
vn -0.2867882181755228 0.8191520442889919 -0.4967317648921544
vn 0.2867882181755228 -0.8191520442889919 0.4967317648921544
g Frond
f 116/340/85 119/339/85 117/338/85 114/337/85
f 115/344/86 116/343/86 114/342/86 113/341/86
f 120/348/87 115/347/87 113/346/87 118/345/87
f 119/352/88 120/351/88 118/350/88 117/349/88
f 118/356/89 113/355/89 114/354/89 117/353/89
f 119/360/90 116/359/90 115/358/90 120/357/90
o cube
v -0.11678683863165007 0.706994902876416 0.38939355942158604
v 0.03708937277650726 0.6527298473555003 0.6559149756567249
v -0.11678683863165007 0.706994902876416 0.38939355942158604
v 0.03708937277650726 0.6527298473555003 0.6559149756567249
v 0.5783552501417817 0.6527298473555003 0.3434149756567251
v 0.42447903873362425 0.706994902876416 0.07689355942158638
v 0.5783552501417817 0.6527298473555003 0.3434149756567251
v 0.42447903873362425 0.706994902876416 0.07689355942158638
vt 0 1
vt 1 1
vt 1 0.5
vt 0 0.5
vt 0 1
vt 0.125 1
vt 0.125 0.8125
vt 0 0.8125
vt 0 1
vt 0.1875 1
vt 0.1875 0.8125
vt 0 0.8125
vt 0 1
vt 1 1
vt 1 0.5
vt 0 0.5
vt 0 1
vt 1 1
vt 1 0.5
vt 0 0.5
vt 0 1
vt 0.1875 1
vt 0.1875 0.75
vt 0 0.75
vn 0.49240387650610357 -0.1736481776669302 0.8528685319524435
vn -0.866025403784439 0 0.4999999999999995
vn -0.49240387650610357 0.1736481776669302 -0.8528685319524435
vn 0.866025403784439 0 -0.4999999999999995
vn 0.0868240888334651 0.9848077530122082 0.15038373318043521
vn -0.0868240888334651 -0.9848077530122082 -0.15038373318043521
g Frond
f 124/364/91 127/363/91 125/362/91 122/361/91
f 123/368/92 124/367/92 122/366/92 121/365/92
f 128/372/93 123/371/93 121/370/93 126/369/93
f 127/376/94 128/375/94 126/374/94 125/373/94
f 126/380/95 121/379/95 122/378/95 125/377/95
f 127/384/96 124/383/96 123/382/96 128/381/96
o cube
v -0.19167313789523077 0.46372388844745094 -0.4494170771506159
v -0.4115834527003726 0.27348594188222575 -0.5638951411146346
v -0.19167313789523077 0.46372388844745094 -0.4494170771506159
v -0.4115834527003726 0.27348594188222575 -0.5638951411146346
v -0.7001763359722686 0.27348594188222575 -0.009513370378245956
v -0.4802660211671268 0.46372388844745094 0.10496469358577265
v -0.7001763359722686 0.27348594188222575 -0.009513370378245956
v -0.4802660211671268 0.46372388844745094 0.10496469358577265
vt 0 1
vt 1 1
vt 1 0.5
vt 0 0.5
vt 0 1
vt 0.125 1
vt 0.125 0.8125
vt 0 0.8125
vt 0 1
vt 0.1875 1
vt 0.1875 0.8125
vt 0 0.8125
vt 0 1
vt 1 1
vt 1 0.5
vt 0 0.5
vt 0 1
vt 1 1
vt 1 0.5
vt 0 0.5
vt 0 1
vt 0.1875 1
vt 0.1875 0.75
vt 0 0.75
vn -0.7037130073764539 -0.6087614290087204 -0.3663298046848597
vn 0.4617486132350338 0 -0.8870108331782218
vn 0.7037130073764539 0.6087614290087204 0.3663298046848597
vn -0.4617486132350338 0 0.8870108331782218
vn -0.5399779823517901 0.7933533402912354 -0.28109474563575415
vn 0.5399779823517901 -0.7933533402912354 0.28109474563575415
g Frond
f 132/388/97 135/387/97 133/386/97 130/385/97
f 131/392/98 132/391/98 130/390/98 129/389/98
f 136/396/99 131/395/99 129/394/99 134/393/99
f 135/400/100 136/399/100 134/398/100 133/397/100
f 134/404/101 129/403/101 130/402/101 133/401/101
f 135/408/102 132/407/102 131/406/102 136/405/102
o cube
v 0.1053489532321672 0.4412022455900384 -0.2947971632237143
v -0.026831869752110604 0.48818752676258104 -0.36360614438414224
v 0.1053489532321672 0.4412022455900384 -0.2947971632237143
v -0.026831869752110604 0.48818752676258104 -0.36360614438414224
v -0.31542475302400663 0.48818752676258104 0.19077562635224632
v -0.18324393003972883 0.4412022455900384 0.2595846075126742
v -0.31542475302400663 0.48818752676258104 0.19077562635224632
v -0.18324393003972883 0.4412022455900384 0.2595846075126742
vt 0 0.5
vt 1 0.5
vt 1 0
vt 0 0
vt 0 0.875
vt 0.0625 0.875
vt 0.0625 0.875
vt 0 0.875
vt 0 1
vt 0.1875 1
vt 0.1875 0.875
vt 0 0.875
vt 0 0.5
vt 1 0.5
vt 1 0
vt 0 0
vt 0 0.5
vt 1 0.5
vt 1 0.25
vt 0 0.25
vt 0 1
vt 0.125 1
vt 0.125 0.875
vt 0 0.875
vn -0.8459572670993779 0.30070579950427323 -0.44037747942673877
vn 0.4617486132350338 0 -0.8870108331782218
vn 0.8459572670993779 -0.30070579950427323 0.44037747942673877
vn -0.4617486132350338 0 0.8870108331782218
vn 0.26672930175980875 0.9537169507482268 0.13885048591283028
vn -0.26672930175980875 -0.9537169507482268 -0.13885048591283028
g Frond
f 140/412/103 143/411/103 141/410/103 138/409/103
f 139/416/104 140/415/104 138/414/104 137/413/104
f 144/420/105 139/419/105 137/418/105 142/417/105
f 143/424/106 144/423/106 142/422/106 141/421/106
f 142/428/107 137/427/107 138/426/107 141/425/107
f 143/432/108 140/431/108 139/430/108 144/429/108
o cube
v 0.16388834483268744 0.29962484753520136 -0.2643234847971378
v 0.10531537976035155 0.4412354392596779 -0.29481464046691414
v 0.16388834483268744 0.29962484753520136 -0.2643234847971378
v 0.10531537976035155 0.4412354392596779 -0.29481464046691414
v -0.18327750351154448 0.4412354392596779 0.2595671302694744
v -0.12470453843920859 0.29962484753520136 0.29005828593925076
v -0.18327750351154448 0.4412354392596779 0.2595671302694744
v -0.12470453843920859 0.29962484753520136 0.29005828593925076
vt 0 0.5
vt 1 0.5
vt 1 0
vt 0 0
vt 0 0.875
vt 0.0625 0.875
vt 0.0625 0.875
vt 0 0.875
vt 0 1
vt 0.1875 1
vt 0.1875 0.875
vt 0 0.875
vt 0 0.5
vt 1 0.5
vt 1 0
vt 0 0
vt 0 0.25
vt 1 0.25
vt 1 0
vt 0 0
vt 0 1
vt 0.125 1
vt 0.125 0.875
vt 0 0.875
vn -0.37486697646294953 0.9063077870366499 -0.19514339628656843
vn 0.46174861323503374 0 -0.8870108331782218
vn 0.37486697646294953 -0.9063077870366499 0.19514339628656843
vn -0.46174861323503374 0 0.8870108331782218
vn 0.8039048252952894 0.4226182617406994 0.41848636382828547
vn -0.8039048252952894 -0.4226182617406994 -0.41848636382828547
g Frond
f 148/436/109 151/435/109 149/434/109 146/433/109
f 147/440/110 148/439/110 146/438/110 145/437/110
f 152/444/111 147/443/111 145/442/111 150/441/111
f 151/448/112 152/447/112 150/446/112 149/445/112
f 150/452/113 145/451/113 146/450/113 149/449/113
f 151/456/114 148/455/114 147/454/114 152/453/114
o cube
v -0.02680796303545796 0.48818516876805496 -0.36359369933516605
v -0.19169965038622983 0.46371150772679526 -0.4494308786798581
v -0.02680796303545796 0.48818516876805496 -0.36359369933516605
v -0.19169965038622983 0.46371150772679526 -0.4494308786798581
v -0.48029253365812585 0.46371150772679526 0.10495089205653063
v -0.315400846307354 0.48818516876805496 0.19078807140122256
v -0.48029253365812585 0.46371150772679526 0.10495089205653063
v -0.315400846307354 0.48818516876805496 0.19078807140122256
vt 0 0.5
vt 1 0.5
vt 1 0
vt 0 0
vt 0 0.875
vt 0.0625 0.875
vt 0.0625 0.875
vt 0 0.875
vt 0 1
vt 0.1875 1
vt 0.1875 0.875
vt 0 0.875
vt 0 0.5
vt 1 0.5
vt 1 0
vt 0 0
vt 0 0.625
vt 1 0.625
vt 1 0.3125
vt 0 0.3125
vt 0 1
vt 0.125 1
vt 0.125 0.875
vt 0 0.875
vn -0.8794223325374503 -0.13052619222005146 -0.4577982898383573
vn 0.4617486132350338 0 -0.8870108331782218
vn 0.8794223325374503 0.13052619222005146 0.4577982898383573
vn -0.4617486132350338 0 0.8870108331782218
vn -0.1157781465126886 0.9914448613738106 -0.06027028824845823
vn 0.1157781465126886 -0.9914448613738106 0.06027028824845823
g Frond
f 156/460/115 159/459/115 157/458/115 154/457/115
f 155/464/116 156/463/116 154/462/116 153/461/116
f 160/468/117 155/467/117 153/466/117 158/465/117
f 159/472/118 160/471/118 158/470/118 157/469/118
f 158/476/119 153/475/119 154/474/119 157/473/119
f 159/480/120 156/479/120 155/478/120 160/477/120
o cube
v 0.3141459670194886 0.4645314959453255 -0.1174656962308262
v 0.27022491301390206 0.5884929553658309 -0.2018372559732935
v 0.3141459670194886 0.4645314959453255 -0.1174656962308262
v 0.27022491301390206 0.5884929553658309 -0.2018372559732935
v -0.2841568577224867 0.5884929553658309 0.0867556272986022
v -0.24023580371690018 0.4645314959453255 0.17112718704106955
v -0.2841568577224867 0.5884929553658309 0.0867556272986022
v -0.24023580371690018 0.4645314959453255 0.17112718704106955
vt 0 0.5
vt 1 0.5
vt 1 0
vt 0 0
vt 0 0.875
vt 0.0625 0.875
vt 0.0625 0.875
vt 0 0.875
vt 0 1
vt 0.1875 1
vt 0.1875 0.875
vt 0 0.875
vt 0 0.5
vt 1 0.5
vt 1 0
vt 0 0
vt 0 0.5
vt 1 0.5
vt 1 0.25
vt 0 0.25
vt 0 1
vt 0.125 1
vt 0.125 0.875
vt 0 0.875
vn -0.2810947456357539 0.7933533402912353 -0.5399779823517905
vn 0.887010833178222 0 -0.46174861323503325
vn 0.2810947456357539 -0.7933533402912353 0.5399779823517905
vn -0.887010833178222 0 0.46174861323503325
vn 0.36632980468485915 0.6087614290087208 0.703713007376454
vn -0.36632980468485915 -0.6087614290087208 -0.703713007376454
g Frond
f 164/484/121 167/483/121 165/482/121 162/481/121
f 163/488/122 164/487/122 162/486/122 161/485/122
f 168/492/123 163/491/123 161/490/123 166/489/123
f 167/496/124 168/495/124 166/494/124 165/493/124
f 166/500/125 161/499/125 162/498/125 165/497/125
f 167/504/126 164/503/126 163/502/126 168/501/126
o cube
v 0.3016120347141754 0.3107041851399077 -0.14154315616999924
v 0.3141404417811279 0.46458039654806527 -0.11747631011496429
v 0.3016120347141754 0.3107041851399077 -0.14154315616999924
v 0.3141404417811279 0.46458039654806527 -0.11747631011496429
v -0.24024132895526085 0.46458039654806527 0.1711165731569314
v -0.2527697360222133 0.3107041851399077 0.14704972710189645
v -0.24024132895526085 0.46458039654806527 0.1711165731569314
v -0.2527697360222133 0.3107041851399077 0.14704972710189645
vt 0 0.5
vt 1 0.5
vt 1 0
vt 0 0
vt 0 0.875
vt 0.0625 0.875
vt 0.0625 0.875
vt 0 0.875
vt 0 1
vt 0.1875 1
vt 0.1875 0.875
vt 0 0.875
vt 0 0.5
vt 1 0.5
vt 1 0
vt 0 0
vt 0 0.25
vt 1 0.25
vt 1 0
vt 0 0
vt 0 1
vt 0.125 1
vt 0.125 0.875
vt 0 0.875
vn 0.08018180522849569 0.9848077530122081 0.15402781475222374
vn 0.8870108331782223 0 -0.46174861323503325
vn -0.08018180522849569 -0.9848077530122081 -0.15402781475222374
vn -0.8870108331782223 0 0.46174861323503325
vn 0.4547336142564962 -0.17364817766693016 0.8735351455197315
vn -0.4547336142564962 0.17364817766693016 -0.8735351455197315
g Frond
f 172/508/127 175/507/127 173/506/127 170/505/127
f 171/512/128 172/511/128 170/510/128 169/509/128
f 176/516/129 171/515/129 169/514/129 174/513/129
f 175/520/130 176/519/130 174/518/130 173/517/130
f 174/524/131 169/523/131 170/522/131 173/521/131
f 175/528/132 172/527/132 171/526/132 176/525/132
o cube
v 0.27022740202833684 0.5884868087810278 -0.2018324746210507
v 0.20900760659921624 0.7210693302535054 -0.31943460745722263
v 0.27022740202833684 0.5884868087810278 -0.2018324746210507
v 0.20900760659921624 0.7210693302535054 -0.31943460745722263
v -0.3453741641371726 0.7210693302535054 -0.03084172418532688
v -0.284154368708052 0.5884868087810278 0.086760408650845
v -0.3453741641371726 0.7210693302535054 -0.03084172418532688
v -0.284154368708052 0.5884868087810278 0.086760408650845
vt 0 0.5
vt 1 0.5
vt 1 0
vt 0 0
vt 0 0.875
vt 0.0625 0.875
vt 0.0625 0.875
vt 0 0.875
vt 0 1
vt 0.1875 1
vt 0.1875 0.875
vt 0 0.875
vt 0 0.5
vt 1 0.5
vt 1 0
vt 0 0
vt 0 0.625
vt 1 0.625
vt 1 0.3125
vt 0 0.3125
vt 0 1
vt 0.125 1
vt 0.125 0.875
vt 0 0.875
vn -0.3265055756219764 0.7071067811865475 -0.6272113751262505
vn 0.887010833178222 0 -0.4617486132350332
vn 0.3265055756219764 -0.7071067811865475 0.6272113751262505
vn -0.887010833178222 0 0.4617486132350332
vn 0.3265055756219763 0.7071067811865476 0.6272113751262502
vn -0.3265055756219763 -0.7071067811865476 -0.6272113751262502
g Frond
f 180/532/133 183/531/133 181/530/133 178/529/133
f 179/536/134 180/535/134 178/534/134 177/533/134
f 184/540/135 179/539/135 177/538/135 182/537/135
f 183/544/136 184/543/136 182/542/136 181/541/136
f 182/548/137 177/547/137 178/546/137 181/545/137
f 183/552/138 180/551/138 179/550/138 184/549/138
o cube
v 0.20901814274026298 0.7210547936378402 -0.3194143677185845
v 0.07342384132929825 0.8279360884271116 -0.5798885972481895
v 0.20901814274026298 0.7210547936378402 -0.3194143677185845
v 0.07342384132929825 0.8279360884271116 -0.5798885972481895
v -0.48095792940709053 0.8279360884271116 -0.29129571397629367
v -0.3453636279961258 0.7210547936378402 -0.03082148444668875
v -0.48095792940709053 0.8279360884271116 -0.29129571397629367
v -0.3453636279961258 0.7210547936378402 -0.03082148444668875
vt 0 1
vt 1 1
vt 1 0.5
vt 0 0.5
vt 0 1
vt 0.125 1
vt 0.125 0.8125
vt 0 0.8125
vt 0 1
vt 0.1875 1
vt 0.1875 0.8125
vt 0 0.8125
vt 0 1
vt 1 1
vt 1 0.5
vt 0 0.5
vt 0 1
vt 1 1
vt 1 0.5
vt 0 0.5
vt 0 1
vt 0.1875 1
vt 0.1875 0.75
vt 0 0.75
vn -0.43390176451508716 0.3420201433256687 -0.8335175344947359
vn 0.887010833178222 0 -0.4617486132350332
vn 0.43390176451508716 -0.3420201433256687 0.8335175344947359
vn -0.887010833178222 0 0.4617486132350332
vn 0.15792732687907482 0.9396926207859084 0.30337557229503637
vn -0.15792732687907482 -0.9396926207859084 -0.30337557229503637
g Frond
f 188/556/139 191/555/139 189/554/139 186/553/139
f 187/560/140 188/559/140 186/558/140 185/557/140
f 192/564/141 187/563/141 185/562/141 190/561/141
f 191/568/142 192/567/142 190/566/142 189/565/142
f 190/572/143 185/571/143 186/570/143 189/569/143
f 191/576/144 188/575/144 187/574/144 192/573/144
o cube
v -0.125 0.375 0.125
v -0.125 0.375 -0.1875
v -0.125 0 0.125
v -0.125 0 -0.1875
v -0.1875 0.375 -0.1875
v -0.1875 0.375 0.125
v -0.1875 0 -0.1875
v -0.1875 0 0.125
vt 0.625 0.375
vt 0.6875 0.375
vt 0.6875 0
vt 0.625 0
vt 0.3125 0.375
vt 0.625 0.375
vt 0.625 0
vt 0.3125 0
vt 0 1
vt 0.0625 1
vt 0.0625 0.625
vt 0 0.625
vt 0.3125 0.375
vt 0.625 0.375
vt 0.625 0
vt 0.3125 0
vt 0.625 0.6875
vt 0.6875 0.6875
vt 0.6875 0.375
vt 0.625 0.375
vt 0.3125 0.375
vt 0.375 0.375
vt 0.375 0.0625
vt 0.3125 0.0625
vn 0 0 -1
vn 1 0 0
vn 0 0 1
vn -1 0 0
vn 0 1 0
vn 0 -1 0
g 0
f 196/580/145 199/579/145 197/578/145 194/577/145
f 195/584/146 196/583/146 194/582/146 193/581/146
f 200/588/147 195/587/147 193/586/147 198/585/147
f 199/592/148 200/591/148 198/590/148 197/589/148
f 198/596/149 193/595/149 194/594/149 197/593/149
f 199/600/150 196/599/150 195/598/150 200/597/150
o cube
v 0.1875 0.375 -0.125
v 0.1875 0.375 -0.1875
v 0.1875 0 -0.125
v 0.1875 0 -0.1875
v -0.125 0.375 -0.1875
v -0.125 0.375 -0.125
v -0.125 0 -0.1875
v -0.125 0 -0.125
vt 0.3125 0.375
vt 0.625 0.375
vt 0.625 0
vt 0.3125 0
vt 0.625 0.375
vt 0.6875 0.375
vt 0.6875 0
vt 0.625 0
vt 0.3125 0.375
vt 0.625 0.375
vt 0.625 0
vt 0.3125 0
vt 0 1
vt 0.0625 1
vt 0.0625 0.625
vt 0 0.625
vt 0.375 0.375
vt 0.6875 0.375
vt 0.6875 0.3125
vt 0.375 0.3125
vt 0.375 0.375
vt 0.6875 0.375
vt 0.6875 0.3125
vt 0.375 0.3125
vn 0 0 -1
vn 1 0 0
vn 0 0 1
vn -1 0 0
vn 0 1 0
vn 0 -1 0
g 0
f 204/604/151 207/603/151 205/602/151 202/601/151
f 203/608/152 204/607/152 202/606/152 201/605/152
f 208/612/153 203/611/153 201/610/153 206/609/153
f 207/616/154 208/615/154 206/614/154 205/613/154
f 206/620/155 201/619/155 202/618/155 205/617/155
f 207/624/156 204/623/156 203/622/156 208/621/156
o cube
v 0.1875 0.375 0.1875
v 0.1875 0.375 -0.125
v 0.1875 0 0.1875
v 0.1875 0 -0.125
v 0.125 0.375 -0.125
v 0.125 0.375 0.1875
v 0.125 0 -0.125
v 0.125 0 0.1875
vt 0 1
vt 0.0625 1
vt 0.0625 0.625
vt 0 0.625
vt 0.3125 0.375
vt 0.625 0.375
vt 0.625 0
vt 0.3125 0
vt 0.625 0.375
vt 0.6875 0.375
vt 0.6875 0
vt 0.625 0
vt 0.3125 0.375
vt 0.625 0.375
vt 0.625 0
vt 0.3125 0
vt 0.3125 0.625
vt 0.375 0.625
vt 0.375 0.3125
vt 0.3125 0.3125
vt 0.625 0.3125
vt 0.6875 0.3125
vt 0.6875 0
vt 0.625 0
vn 0 0 -1
vn 1 0 0
vn 0 0 1
vn -1 0 0
vn 0 1 0
vn 0 -1 0
g 0
f 212/628/157 215/627/157 213/626/157 210/625/157
f 211/632/158 212/631/158 210/630/158 209/629/158
f 216/636/159 211/635/159 209/634/159 214/633/159
f 215/640/160 216/639/160 214/638/160 213/637/160
f 214/644/161 209/643/161 210/642/161 213/641/161
f 215/648/162 212/647/162 211/646/162 216/645/162
o cube
v 0.125 0.375 0.1875
v 0.125 0.375 0.125
v 0.125 0 0.1875
v 0.125 0 0.125
v -0.1875 0.375 0.125
v -0.1875 0.375 0.1875
v -0.1875 0 0.125
v -0.1875 0 0.1875
vt 0.3125 0.375
vt 0.625 0.375
vt 0.625 0
vt 0.3125 0
vt 0 1
vt 0.0625 1
vt 0.0625 0.625
vt 0 0.625
vt 0.3125 0.375
vt 0.625 0.375
vt 0.625 0
vt 0.3125 0
vt 0.625 0.375
vt 0.6875 0.375
vt 0.6875 0
vt 0.625 0
vt 0.3125 0.6875
vt 0.625 0.6875
vt 0.625 0.625
vt 0.3125 0.625
vt 0.3125 0.0625
vt 0.625 0.0625
vt 0.625 0
vt 0.3125 0
vn 0 0 -1
vn 1 0 0
vn 0 0 1
vn -1 0 0
vn 0 1 0
vn 0 -1 0
g 0
f 220/652/163 223/651/163 221/650/163 218/649/163
f 219/656/164 220/655/164 218/654/164 217/653/164
f 224/660/165 219/659/165 217/658/165 222/657/165
f 223/664/166 224/663/166 222/662/166 221/661/166
f 222/668/167 217/667/167 218/666/167 221/665/167
f 223/672/168 220/671/168 219/670/168 224/669/168
o cube
v 0.125 0.25 0.125
v 0.125 0.25 -0.125
v 0.125 0.0625 0.125
v 0.125 0.0625 -0.125
v -0.125 0.25 -0.125
v -0.125 0.25 0.125
v -0.125 0.0625 -0.125
v -0.125 0.0625 0.125
vt 0 1
vt 0.25 1
vt 0.25 0.8125
vt 0 0.8125
vt 0 1
vt 0.25 1
vt 0.25 0.8125
vt 0 0.8125
vt 0 1
vt 0.25 1
vt 0.25 0.8125
vt 0 0.8125
vt 0 1
vt 0.25 1
vt 0.25 0.8125
vt 0 0.8125
vt 0 1
vt 0.25 1
vt 0.25 0.75
vt 0 0.75
vt 0 1
vt 0.25 1
vt 0.25 0.75
vt 0 0.75
vn 0 0 -1
vn 1 0 0
vn 0 0 1
vn -1 0 0
vn 0 1 0
vn 0 -1 0
g Dirt
f 228/676/169 231/675/169 229/674/169 226/673/169
f 227/680/170 228/679/170 226/678/170 225/677/170
f 232/684/171 227/683/171 225/682/171 230/681/171
f 231/688/172 232/687/172 230/686/172 229/685/172
f 230/692/173 225/691/173 226/690/173 229/689/173
f 231/696/174 228/695/174 227/694/174 232/693/174
o cube
v 0.125 0.0625 0.125
v 0.125 0.0625 -0.125
v 0.125 0 0.125
v 0.125 0 -0.125
v -0.125 0.0625 -0.125
v -0.125 0.0625 0.125
v -0.125 0 -0.125
v -0.125 0 0.125
vt 0 1
vt 0.25 1
vt 0.25 0.9375
vt 0 0.9375
vt 0 1
vt 0.25 1
vt 0.25 0.9375
vt 0 0.9375
vt 0 1
vt 0.25 1
vt 0.25 0.9375
vt 0 0.9375
vt 0 1
vt 0.25 1
vt 0.25 0.9375
vt 0 0.9375
vt 0 1
vt 0.25 1
vt 0.25 0.75
vt 0 0.75
vt 0.375 0.3125
vt 0.625 0.3125
vt 0.625 0.0625
vt 0.375 0.0625
vn 0 0 -1
vn 1 0 0
vn 0 0 1
vn -1 0 0
vn 0 1 0
vn 0 -1 0
g 0
f 236/700/175 239/699/175 237/698/175 234/697/175
f 235/704/176 236/703/176 234/702/176 233/701/176
f 240/708/177 235/707/177 233/706/177 238/705/177
f 239/712/178 240/711/178 238/710/178 237/709/178
f 238/716/179 233/715/179 234/714/179 237/713/179
f 239/720/180 236/719/180 235/718/180 240/717/180
