# Made in Blockbench 4.1.3

o cube
v 0 0.609375 0.0625
v 0 0.609375 0
v 0 0 0.0625
v 0 0 0
v 0 0.609375 0
v 0 0.609375 0.0625
v 0 0 0
v 0 0 0.0625
vt 0 1
vt 0 1
vt 0 0.375
vt 0 0.375
vt 0 1
vt 0.0625 1
vt 0.0625 0.375
vt 0 0.375
vt 0 1
vt 0 1
vt 0 0.375
vt 0 0.375
vt 0 1
vt 0.1875 1
vt 0.1875 0.4375
vt 0 0.4375
vt 0 1
vt 0 1
vt 0 0.9375
vt 0 0.9375
vt 0 1
vt 0 1
vt 0 0.9375
vt 0 0.9375
vn 0 0 -1
vn 1 0 0
vn 0 0 1
vn -1 0 0
vn 0 1 0
vn 0 -1 0
g Stem
f 4/4/1 7/3/1 5/2/1 2/1/1
f 3/8/2 4/7/2 2/6/2 1/5/2
f 8/12/3 3/11/3 1/10/3 6/9/3
f 7/16/4 8/15/4 6/14/4 5/13/4
f 6/20/5 1/19/5 2/18/5 5/17/5
f 7/24/6 4/23/6 3/22/6 8/21/6
o cube
v -0.03125 0.609375 0.03125000000000001
v 0.03125 0.609375 0.031249999999999993
v -0.03125 0 0.03125000000000001
v 0.03125 0 0.031249999999999993
v 0.03125 0.609375 0.031249999999999993
v -0.03125 0.609375 0.03125000000000001
v 0.03125 0 0.031249999999999993
v -0.03125 0 0.03125000000000001
vt 0 1
vt 0 1
vt 0 0.375
vt 0 0.375
vt 0 1
vt 0.0625 1
vt 0.0625 0.375
vt 0 0.375
vt 0 1
vt 0 1
vt 0 0.375
vt 0 0.375
vt 0 1
vt 0.1875 1
vt 0.1875 0.4375
vt 0 0.4375
vt 0 1
vt 0 1
vt 0 0.9375
vt 0 0.9375
vt 0 1
vt 0 1
vt 0 0.9375
vt 0 0.9375
vn 1 0 0
vn 0 0 1
vn -1 0 0
vn 0 0 -1
vn 0 1 0
vn 0 -1 0
g Stem
f 12/28/7 15/27/7 13/26/7 10/25/7
f 11/32/8 12/31/8 10/30/8 9/29/8
f 16/36/9 11/35/9 9/34/9 14/33/9
f 15/40/10 16/39/10 14/38/10 13/37/10
f 14/44/11 9/43/11 10/42/11 13/41/11
f 15/48/12 12/47/12 11/46/12 16/45/12
o cube
v 0.0625 0.25167316392793626 0.013239500651898245
v 0.0625 0.5281521652317328 -0.24010682720397433
v 0.0625 0.25167316392793626 0.013239500651898245
v 0.0625 0.5281521652317328 -0.24010682720397433
v 0 0.5281521652317328 -0.24010682720397433
v 0 0.25167316392793626 0.013239500651898245
v 0 0.5281521652317328 -0.24010682720397433
v 0 0.25167316392793626 0.013239500651898245
vt 0 1
vt 0.1875 1
vt 0.1875 0.40625
vt 0 0.40625
vt 0.3125 1
vt 0.5625 1
vt 0.5625 0.375
vt 0.3125 0.375
vt 0.375 1
vt 0.75 1
vt 0.75 0.1875
vt 0.375 0.1875
vt 0 1
vt 0.1875 1
vt 0.1875 0.4375
vt 0 0.4375
vt 0 1
vt 0.1875 1
vt 0.1875 0.4375
vt 0 0.4375
vt 0.5625 0.71875
vt 0.625 0.71875
vt 0.625 0.53125
vt 0.5625 0.53125
vn 0 0.7372773368101241 -0.6755902076156604
vn 1 0 0
vn 0 -0.7372773368101241 0.6755902076156604
vn -1 0 0
vn 0 0.6755902076156604 0.7372773368101241
vn 0 -0.6755902076156604 -0.7372773368101241
g Stem
f 20/52/13 23/51/13 21/50/13 18/49/13
f 19/56/14 20/55/14 18/54/14 17/53/14
f 24/60/15 19/59/15 17/58/15 22/57/15
f 23/64/16 24/63/16 22/62/16 21/61/16
f 22/68/17 17/67/17 18/66/17 21/65/17
f 23/72/18 20/71/18 19/70/18 24/69/18
o cube
v 0.0625 0.5280934344429337 -0.24012820346293215
v 0.0625 0.6456628587111323 -0.5631475418580881
v 0.0625 0.5280934344429337 -0.24012820346293215
v 0.0625 0.6456628587111323 -0.5631475418580881
v 0 0.6456628587111323 -0.5631475418580881
v 0 0.5280934344429337 -0.24012820346293215
v 0 0.6456628587111323 -0.5631475418580881
v 0 0.5280934344429337 -0.24012820346293215
vt 0 1
vt 0.1875 1
vt 0.1875 0.4375
vt 0 0.4375
vt 0.375 1
vt 0.5625 1
vt 0.5625 0.4375
vt 0.375 0.4375
vt 0.3125 1
vt 0.5 1
vt 0.5 0.4375
vt 0.3125 0.4375
vt 0 1
vt 0.1875 1
vt 0.1875 0.4375
vt 0 0.4375
vt 0 1
vt 0.1875 1
vt 0.1875 0.4375
vt 0 0.4375
vt 0.3125 1
vt 0.5 1
vt 0.5 0.4375
vt 0.3125 0.4375
vn 0 0.34202014332566866 -0.9396926207859084
vn 1 0 0
vn 0 -0.34202014332566866 0.9396926207859084
vn -1 0 0
vn 0 0.9396926207859084 0.34202014332566866
vn 0 -0.9396926207859084 -0.34202014332566866
g Stem
f 28/76/19 31/75/19 29/74/19 26/73/19
f 27/80/20 28/79/20 26/78/20 25/77/20
f 32/84/21 27/83/21 25/82/21 30/81/21
f 31/88/22 32/87/22 30/86/22 29/85/22
f 30/92/23 25/91/23 26/90/23 29/89/23
f 31/96/24 28/95/24 27/94/24 32/93/24
o cube
v 0.02225014093482866 0.4541458138641008 -0.15051340560945645
v -0.3518351806991438 0.45772824643208276 -0.12458391824654963
v 0.02225014093482866 0.4541458138641008 -0.15051340560945645
v -0.3518351806991438 0.45772824643208276 -0.12458391824654963
v -0.33885808569873893 0.16050390504308845 0.10370161763172056
v 0.03522723593523355 0.15692147247510652 0.07777213026881374
v -0.33885808569873893 0.16050390504308845 0.10370161763172056
v 0.03522723593523355 0.15692147247510652 0.07777213026881374
vt 0 1
vt 0.1875 1
vt 0.1875 1
vt 0 1
vt 0 1
vt 0.375 1
vt 0.375 1
vt 0 1
vt 0 1
vt 0.1875 1
vt 0.1875 1
vt 0 1
vt 0 1
vt 0.375 1
vt 0.375 1
vt 0 1
vt 0 1
vt 1 1
vt 1 0
vt 0 0
vt 0 1
vt 0.1875 1
vt 0.1875 0.8125
vt 0 0.8125
vn -0.9975608576905937 0.00955315351461878 0.0691452996344183
vn -0.03460558666774652 0.7925982437039848 -0.6087614290087209
vn 0.9975608576905937 -0.00955315351461878 -0.0691452996344183
vn 0.03460558666774652 -0.7925982437039848 0.6087614290087209
vn 0.06062003443572453 0.6096693869100568 0.790334391311505
vn -0.06062003443572453 -0.6096693869100568 -0.790334391311505
g Frond
f 36/100/25 39/99/25 37/98/25 34/97/25
f 35/104/26 36/103/26 34/102/26 33/101/26
f 40/108/27 35/107/27 33/106/27 38/105/27
f 39/112/28 40/111/28 38/110/28 37/109/28
f 38/116/29 33/115/29 34/114/29 37/113/29
f 39/120/30 36/119/30 35/118/30 40/117/30
o cube
v 0.033341289034870034 0.14223620668674988 0.09071205684514097
v 0.40046692141207074 0.08431019239273477 0.04082872376033245
v 0.033341289034870034 0.14223620668674988 0.09071205684514097
v 0.40046692141207074 0.08431019239273477 0.04082872376033245
v 0.41299731740087176 0.37130344434923956 -0.2002166298721197
v 0.04587168502367102 0.42922945864325474 -0.15033329678731117
v 0.41299731740087176 0.37130344434923956 -0.2002166298721197
v 0.04587168502367102 0.42922945864325474 -0.15033329678731117
vt 0 1
vt 0.1875 1
vt 0.1875 1
vt 0 1
vt 0 1
vt 0.375 1
vt 0.375 1
vt 0 1
vt 0 1
vt 0.1875 1
vt 0.1875 1
vt 0 1
vt 0 1
vt 0.375 1
vt 0.375 1
vt 0 1
vt 0 1
vt 1 1
vt 1 0
vt 0 0
vt 0 1
vt 0.1875 1
vt 0.1875 0.8125
vt 0 0.8125
vn 0.9790016863392023 -0.1544693714507069 -0.1330222215594894
vn -0.03341438930346935 -0.7653153385506797 0.6427876096865394
vn -0.9790016863392023 0.1544693714507069 0.1330222215594894
vn 0.03341438930346935 0.7653153385506797 -0.6427876096865394
vn 0.2010949445721463 0.6248452975438656 0.7544065067354889
vn -0.2010949445721463 -0.6248452975438656 -0.7544065067354889
g Frond
f 44/124/31 47/123/31 45/122/31 42/121/31
f 43/128/32 44/127/32 42/126/32 41/125/32
f 48/132/33 43/131/33 41/130/33 46/129/33
f 47/136/34 48/135/34 46/134/34 45/133/34
f 46/140/35 41/139/35 42/138/35 45/137/35
f 47/144/36 44/143/36 43/142/36 48/141/36
o cube
v 0.015625000000000076 0.5431073482762507 -0.24853198370925794
v -0.2968749999999999 0.5431073482762507 -0.24853198370925805
v 0.015625000000000076 0.5431073482762507 -0.24853198370925794
v -0.2968749999999999 0.5431073482762507 -0.24853198370925805
v -0.296875 0.31270818052308696 -0.03741004382936429
v 0.015624999999999938 0.3127081805230869 -0.03741004382936419
v -0.296875 0.31270818052308696 -0.03741004382936429
v 0.015624999999999938 0.3127081805230869 -0.03741004382936419
vt 0 1
vt 0.1875 1
vt 0.1875 1
vt 0 1
vt 0 1
vt 0.375 1
vt 0.375 1
vt 0 1
vt 0 1
vt 0.1875 1
vt 0.1875 1
vt 0 1
vt 0 1
vt 0.375 1
vt 0.375 1
vt 0 1
vt 0 1
vt 1 1
vt 1 0
vt 0 0
vt 0 1
vt 0.1875 1
vt 0.1875 0.8125
vt 0 0.8125
vn -1 0 0
vn 0 0.7372773368101243 -0.6755902076156601
vn 1 0 0
vn 0 -0.7372773368101243 0.6755902076156601
vn 0 0.6755902076156601 0.7372773368101243
vn 0 -0.6755902076156601 -0.7372773368101243
g Frond
f 52/148/37 55/147/37 53/146/37 50/145/37
f 51/152/38 52/151/38 50/150/38 49/149/38
f 56/156/39 51/155/39 49/154/39 54/153/39
f 55/160/40 56/159/40 54/158/40 53/157/40
f 54/164/41 49/163/41 50/162/41 53/161/41
f 55/168/42 52/167/42 51/166/42 56/165/42
o cube
v 0.05436263173502628 0.3310799957148686 -0.020289177144763748
v 0.3592454446677549 0.2986117912691211 -0.08069229029546109
v 0.05436263173502628 0.3310799957148686 -0.020289177144763748
v 0.3592454446677549 0.2986117912691211 -0.08069229029546109
v 0.33302650119943844 0.49776443894989414 -0.3200811787701417
v 0.028143688266709814 0.5302326433956417 -0.2596780656194444
v 0.33302650119943844 0.49776443894989414 -0.3200811787701417
v 0.028143688266709814 0.5302326433956417 -0.2596780656194444
vt 0 1
vt 0.1875 1
vt 0.1875 1
vt 0 1
vt 0 1
vt 0.375 1
vt 0.375 1
vt 0 1
vt 0 1
vt 0.1875 1
vt 0.1875 1
vt 0 1
vt 0 1
vt 0.375 1
vt 0.375 1
vt 0 1
vt 0 1
vt 1 1
vt 1 0
vt 0 0
vt 0 1
vt 0.1875 1
vt 0.1875 0.8125
vt 0 0.8125
vn 0.9756250013847316 -0.10389825422639229 -0.1932899620822314
vn 0.08390061909861272 -0.6372884725784739 0.766044443118978
vn -0.9756250013847316 0.10389825422639229 0.1932899620822314
vn -0.08390061909861272 0.6372884725784739 -0.766044443118978
vn 0.20277214500002713 0.7635892583629654 0.6130374390889877
vn -0.20277214500002713 -0.7635892583629654 -0.6130374390889877
g Frond
f 60/172/43 63/171/43 61/170/43 58/169/43
f 59/176/44 60/175/44 58/174/44 57/173/44
f 64/180/45 59/179/45 57/178/45 62/177/45
f 63/184/46 64/183/46 62/182/46 61/181/46
f 62/188/47 57/187/47 58/186/47 61/185/47
f 63/192/48 60/191/48 59/190/48 64/189/48
o cube
v 0.03125521257889813 0.5820959424244444 -0.4484558730805108
v -0.2725647328191603 0.5192078098023738 -0.48580254031641856
v 0.03125521257889813 0.5820959424244444 -0.4484558730805108
v -0.2725647328191603 0.5192078098023738 -0.48580254031641856
v -0.29349826347784175 0.4410828098023738 -0.18395071960108472
v 0.010321681920216699 0.5039709424244444 -0.146604052365177
v -0.29349826347784175 0.4410828098023738 -0.18395071960108472
v 0.010321681920216699 0.5039709424244444 -0.146604052365177
vt 0 1
vt 0.1875 1
vt 0.1875 1
vt 0 1
vt 0 1
vt 0.375 1
vt 0.375 1
vt 0 1
vt 0 1
vt 0.1875 1
vt 0.1875 1
vt 0 1
vt 0 1
vt 0.375 1
vt 0.375 1
vt 0 1
vt 0 1
vt 1 1
vt 1 0
vt 0 0
vt 0 1
vt 0.1875 1
vt 0.1875 0.8125
vt 0 0.8125
vn -0.9722238252737873 -0.2012420243906259 -0.11950933515490464
vn 0.0669872981077807 0.25 -0.9659258262890684
vn 0.9722238252737873 0.2012420243906259 0.11950933515490464
vn -0.0669872981077807 -0.25 0.9659258262890684
vn -0.22426220248232634 0.947101709226186 0.2295752968387787
vn 0.22426220248232634 -0.947101709226186 -0.2295752968387787
g Frond
f 68/196/49 71/195/49 69/194/49 66/193/49
f 67/200/50 68/199/50 66/198/50 65/197/50
f 72/204/51 67/203/51 65/202/51 70/201/51
f 71/208/52 72/207/52 70/206/52 69/205/52
f 70/212/53 65/211/53 66/210/53 69/209/53
f 71/216/54 68/215/54 67/214/54 72/213/54
o cube
v 0.03829835258120317 0.5110419363163917 -0.13145652061079205
v 0.34250558967192823 0.44670841141994044 -0.16268798673111864
v 0.03829835258120317 0.5110419363163917 -0.13145652061079205
v 0.34250558967192823 0.44670841141994044 -0.16268798673111864
v 0.3249997477338601 0.5120411029620808 -0.4677804889560978
v 0.02079251064313503 0.5763746278585321 -0.43654902283577124
v 0.3249997477338601 0.5120411029620808 -0.4677804889560978
v 0.02079251064313503 0.5763746278585321 -0.43654902283577124
vt 0 1
vt 0.1875 1
vt 0.1875 1
vt 0 1
vt 0 1
vt 0.375 1
vt 0.375 1
vt 0 1
vt 0 1
vt 0.1875 1
vt 0.1875 1
vt 0 1
vt 0 1
vt 0.375 1
vt 0.375 1
vt 0 1
vt 0 1
vt 1 1
vt 1 0
vt 0 0
vt 0 1
vt 0.1875 1
vt 0.1875 0.8125
vt 0 0.8125
vn 0.9734631586903202 -0.20586727966864404 -0.0999406915850452
vn 0.056018694201817994 -0.2090646129348493 0.9762960071199333
vn -0.9734631586903202 0.20586727966864404 0.0999406915850452
vn -0.056018694201817994 0.2090646129348493 -0.9762960071199333
vn 0.2218814651398083 0.9559867419479383 0.19198428229200962
vn -0.2218814651398083 -0.9559867419479383 -0.19198428229200962
g Frond
f 76/220/55 79/219/55 77/218/55 74/217/55
f 75/224/56 76/223/56 74/222/56 73/221/56
f 80/228/57 75/227/57 73/226/57 78/225/57
f 79/232/58 80/231/58 78/230/58 77/229/58
f 78/236/59 73/235/59 74/234/59 77/233/59
f 79/240/60 76/239/60 75/238/60 80/237/60
o cube
v 0.041843057293342936 0.6194174153194105 -0.5568100309370314
v -0.1935459210131914 0.5619733869047694 -0.6183909735354016
v 0.041843057293342936 0.6194174153194105 -0.5568100309370314
v -0.1935459210131914 0.5619733869047694 -0.6183909735354016
v -0.24186841153374927 0.5043848852237949 -0.3799617358483449
v -0.00647943322721496 0.561828913638436 -0.3183807932499746
v -0.24186841153374927 0.5043848852237949 -0.3799617358483449
v -0.00647943322721496 0.561828913638436 -0.3183807932499746
vt 0 1
vt 0.1875 1
vt 0.1875 1
vt 0 1
vt 0 1
vt 0.375 1
vt 0.375 1
vt 0 1
vt 0 1
vt 0.1875 1
vt 0.1875 1
vt 0 1
vt 0 1
vt 0.375 1
vt 0.375 1
vt 0 1
vt 0 1
vt 1 1
vt 1 0
vt 0 0
vt 0 1
vt 0.1875 1
vt 0.1875 0.8125
vt 0 0.8125
vn -0.9415559132261377 -0.22977611365856476 -0.24632377039348125
vn 0.19328996208223156 0.23035400672389816 -0.953716950748227
vn 0.9415559132261377 0.22977611365856476 0.24632377039348125
vn -0.19328996208223156 -0.23035400672389816 0.953716950748227
vn -0.2758830419347002 0.9455897467603024 0.17247776086975325
vn 0.2758830419347002 -0.9455897467603024 -0.17247776086975325
g Frond
f 84/244/61 87/243/61 85/242/61 82/241/61
f 83/248/62 84/247/62 82/246/62 81/245/62
f 88/252/63 83/251/63 81/250/63 86/249/63
f 87/256/64 88/255/64 86/254/64 85/253/64
f 86/260/65 81/259/65 82/258/65 85/257/65
f 87/264/66 84/263/66 83/262/66 88/261/66
o cube
v 0.042979047970133834 0.5421758101942257 -0.31773224903274844
v 0.2840899960382926 0.48595708883039224 -0.35244487051095597
v 0.042979047970133834 0.5421758101942257 -0.31773224903274844
v 0.2840899960382926 0.48595708883039224 -0.35244487051095597
v 0.27905469813176625 0.6012843715479796 -0.5741975788055114
v 0.037943750063607486 0.6575030929118131 -0.539484957327304
v 0.27905469813176625 0.6012843715479796 -0.5741975788055114
v 0.037943750063607486 0.6575030929118131 -0.539484957327304
vt 0 1
vt 0.1875 1
vt 0.1875 1
vt 0 1
vt 0 1
vt 0.375 1
vt 0.375 1
vt 0 1
vt 0 1
vt 0.1875 1
vt 0.1875 1
vt 0 1
vt 0 1
vt 0.375 1
vt 0.375 1
vt 0 1
vt 0 1
vt 1 1
vt 1 0
vt 0 0
vt 0 1
vt 0.1875 1
vt 0.1875 0.8125
vt 0 0.8125
vn 0.9644437922726351 -0.2248748854553337 -0.13885048591283009
vn 0.020141191626105434 -0.4613091308703498 0.8870108331782218
vn -0.9644437922726351 0.2248748854553337 0.13885048591283009
vn -0.020141191626105434 0.4613091308703498 -0.8870108331782218
vn 0.26351945648596603 0.858268705981462 0.440377479426739
vn -0.26351945648596603 -0.858268705981462 -0.440377479426739
g Frond
f 92/268/67 95/267/67 93/266/67 90/265/67
f 91/272/68 92/271/68 90/270/68 89/269/68
f 96/276/69 91/275/69 89/274/69 94/273/69
f 95/280/70 96/279/70 94/278/70 93/277/70
f 94/284/71 89/283/71 90/282/71 93/281/71
f 95/288/72 92/287/72 91/286/72 96/285/72
o cube
v 0.10265098223097369 0.6100606042435641 -0.4680138629937505
v 0.2435812774529189 0.5781754644370496 -0.5875054516022143
v 0.10265098223097369 0.6100606042435641 -0.4680138629937505
v 0.2435812774529189 0.5781754644370496 -0.5875054516022143
v 0.13223284313893502 0.6242974960789114 -0.7311387846870226
v -0.008697452083010204 0.6561826358854259 -0.6116471960785588
v 0.13223284313893502 0.6242974960789114 -0.7311387846870226
v -0.008697452083010204 0.6561826358854259 -0.6116471960785588
vt 0 1
vt 0.1875 1
vt 0.1875 1
vt 0 1
vt 0 1
vt 0.375 1
vt 0.375 1
vt 0 1
vt 0 1
vt 0.1875 1
vt 0.1875 1
vt 0 1
vt 0 1
vt 0.375 1
vt 0.375 1
vt 0 1
vt 0 1
vt 1 1
vt 1 0
vt 0 0
vt 0 1
vt 0.1875 1
vt 0.1875 0.8125
vt 0 0.8125
vn 0.7516282411837083 -0.17005407896807792 -0.637288472578474
vn 0.5938583163412475 -0.24598416875659643 0.766044443118978
vn -0.7516282411837083 0.17005407896807792 0.637288472578474
vn -0.5938583163412475 0.24598416875659643 -0.766044443118978
vn 0.28703185740858894 0.9542396967992084 0.08390061909861261
vn -0.28703185740858894 -0.9542396967992084 -0.08390061909861261
g Frond
f 100/292/73 103/291/73 101/290/73 98/289/73
f 99/296/74 100/295/74 98/294/74 97/293/74
f 104/300/75 99/299/75 97/298/75 102/297/75
f 103/304/76 104/303/76 102/302/76 101/301/76
f 102/308/77 97/307/77 98/306/77 101/305/77
f 103/312/78 100/311/78 99/310/78 104/309/78
o cube
v 0.08513664679487798 0.6505244949866955 -0.6128068652175009
v -0.06365344706379866 0.6359933078189586 -0.7259731259537398
v 0.08513664679487798 0.6505244949866955 -0.6128068652175009
v -0.06365344706379866 0.6359933078189586 -0.7259731259537398
v -0.17390689450032915 0.606450985615593 -0.5772193746491332
v -0.025116800641652493 0.62098217278333 -0.4640531139128944
v -0.17390689450032915 0.606450985615593 -0.5772193746491332
v -0.025116800641652493 0.62098217278333 -0.4640531139128944
vt 0 1
vt 0.1875 1
vt 0.1875 1
vt 0 1
vt 0 1
vt 0.375 1
vt 0.375 1
vt 0 1
vt 0 1
vt 0.1875 1
vt 0.1875 1
vt 0 1
vt 0 1
vt 0.375 1
vt 0.375 1
vt 0 1
vt 0 1
vt 1 1
vt 1 0
vt 0 0
vt 0 1
vt 0.1875 1
vt 0.1875 0.8125
vt 0 0.8125
vn -0.7935471672462755 -0.07749966489459721 -0.6035533905932738
vn 0.5880183863281625 0.15755905175128299 -0.793353340291235
vn 0.7935471672462755 0.07749966489459721 0.6035533905932738
vn -0.5880183863281625 -0.15755905175128299 0.793353340291235
vn -0.15657991791872808 0.9844637866130281 0.07945931129894553
vn 0.15657991791872808 -0.9844637866130281 -0.07945931129894553
g Frond
f 108/316/79 111/315/79 109/314/79 106/313/79
f 107/320/80 108/319/80 106/318/80 105/317/80
f 112/324/81 107/323/81 105/322/81 110/321/81
f 111/328/82 112/327/82 110/326/82 109/325/82
f 110/332/83 105/331/83 106/330/83 109/329/83
f 111/336/84 108/335/84 107/334/84 112/333/84
o cube
v 0.12692085809127246 0.640625 -0.5903448831278216
v 0.12692085809127246 0.640625 -0.7778448831278215
v 0.12692085809127246 0.640625 -0.5903448831278216
v 0.12692085809127246 0.640625 -0.7778448831278215
v -0.06057914190872754 0.640625 -0.7778448831278215
v -0.06057914190872754 0.640625 -0.5903448831278216
v -0.06057914190872754 0.640625 -0.7778448831278215
v -0.06057914190872754 0.640625 -0.5903448831278216
vt 0 1
vt 0.1875 1
vt 0.1875 1
vt 0 1
vt 0 1
vt 0.375 1
vt 0.375 1
vt 0 1
vt 0 1
vt 0.1875 1
vt 0.1875 1
vt 0 1
vt 0 1
vt 0.375 1
vt 0.375 1
vt 0 1
vt 0 1
vt 1 1
vt 1 0
vt 0 0
vt 0 1
vt 0.1875 1
vt 0.1875 0.8125
vt 0 0.8125
vn 0 0 -1
vn 1 0 0
vn 0 0 1
vn -1 0 0
vn 0 1 0
vn 0 -1 0
g Frond
f 116/340/85 119/339/85 117/338/85 114/337/85
f 115/344/86 116/343/86 114/342/86 113/341/86
f 120/348/87 115/347/87 113/346/87 118/345/87
f 119/352/88 120/351/88 118/350/88 117/349/88
f 118/356/89 113/355/89 114/354/89 117/353/89
f 119/360/90 116/359/90 115/358/90 120/357/90
o cube
v -0.4838698108081978 0.8991981622884103 -0.4343955040887909
v -0.6351274265791225 0.8666391289758608 -0.5403072268632203
v -0.4838698108081978 0.8991981622884103 -0.4343955040887909
v -0.6351274265791225 0.8666391289758608 -0.5403072268632203
v -0.7426730083949437 0.8666391289758608 -0.3867162185590343
v -0.591415392624019 0.8991981622884103 -0.280804495784605
v -0.7426730083949437 0.8666391289758608 -0.3867162185590343
v -0.591415392624019 0.8991981622884103 -0.280804495784605
vt 0 1
vt 0.1875 1
vt 0.1875 1
vt 0 1
vt 0 1
vt 0.375 1
vt 0.375 1
vt 0 1
vt 0 1
vt 0.1875 1
vt 0.1875 1
vt 0 1
vt 0 1
vt 0.375 1
vt 0.375 1
vt 0 1
vt 0 1
vt 1 1
vt 1 0
vt 0 0
vt 0 1
vt 0.1875 1
vt 0.1875 0.8125
vt 0 0.8125
vn -0.8067072841115986 -0.17364817766693033 -0.5648625214636236
vn 0.5735764363510462 0 -0.8191520442889918
vn 0.8067072841115986 0.17364817766693033 0.5648625214636236
vn -0.5735764363510462 0 0.8191520442889918
vn -0.14224425972292398 0.9848077530122081 -0.09960050292505122
vn 0.14224425972292398 -0.9848077530122081 0.09960050292505122
g Frond
f 124/364/91 127/363/91 125/362/91 122/361/91
f 123/368/92 124/367/92 122/366/92 121/365/92
f 128/372/93 123/371/93 121/370/93 126/369/93
f 127/376/94 128/375/94 126/374/94 125/373/94
f 126/380/95 121/379/95 122/378/95 125/377/95
f 127/384/96 124/383/96 123/382/96 128/381/96
o cube
v 0.02142198794218722 0.620966706887874 -0.0019430310641943144
v -0.2222818910114623 0.8492522427661442 -0.1725863241984864
v 0.02142198794218722 0.620966706887874 -0.0019430310641943144
v -0.2222818910114623 0.8492522427661442 -0.1725863241984864
v -0.2581304182834027 0.8492522427661442 -0.12138932143042441
v -0.014426539329753171 0.620966706887874 0.049253971703867666
v -0.2581304182834027 0.8492522427661442 -0.12138932143042441
v -0.014426539329753171 0.620966706887874 0.049253971703867666
vt 0 1
vt 0.1875 1
vt 0.1875 0.40625
vt 0 0.40625
vt 0.3125 1
vt 0.5625 1
vt 0.5625 0.375
vt 0.3125 0.375
vt 0.375 1
vt 0.75 1
vt 0.75 0.1875
vt 0.375 0.1875
vt 0 1
vt 0.1875 1
vt 0.1875 0.4375
vt 0 0.4375
vt 0 1
vt 0.1875 1
vt 0.1875 0.4375
vt 0 0.4375
vt 0.5625 0.71875
vt 0.625 0.71875
vt 0.625 0.53125
vt 0.5625 0.53125
vn -0.6498770105430653 0.6087614290087208 -0.45504878169144564
vn 0.5735764363510462 0 -0.8191520442889919
vn 0.6498770105430653 -0.6087614290087208 0.45504878169144564
vn -0.5735764363510462 0 0.8191520442889919
vn 0.4986681690567813 0.7933533402912353 0.3491712110387924
vn -0.4986681690567813 -0.7933533402912353 -0.3491712110387924
g Stem
f 132/388/97 135/387/97 133/386/97 130/385/97
f 131/392/98 132/391/98 130/390/98 129/389/98
f 136/396/99 131/395/99 129/394/99 134/393/99
f 135/400/100 136/399/100 134/398/100 133/397/100
f 134/404/101 129/403/101 130/402/101 133/401/101
f 135/408/102 132/407/102 131/406/102 136/405/102
o cube
v -0.22229078127769492 0.849190692281581 -0.17259254922991912
v -0.499596410191057 0.9088822533545883 -0.3667640409830398
v -0.22229078127769492 0.849190692281581 -0.17259254922991912
v -0.499596410191057 0.9088822533545883 -0.3667640409830398
v -0.5354449374629974 0.9088822533545883 -0.3155670382149778
v -0.2581393085496353 0.849190692281581 -0.12139554646185714
v -0.5354449374629974 0.9088822533545883 -0.3155670382149778
v -0.2581393085496353 0.849190692281581 -0.12139554646185714
vt 0 1
vt 0.1875 1
vt 0.1875 0.4375
vt 0 0.4375
vt 0.375 1
vt 0.5625 1
vt 0.5625 0.4375
vt 0.375 0.4375
vt 0.3125 1
vt 0.5 1
vt 0.5 0.4375
vt 0.3125 0.4375
vt 0 1
vt 0.1875 1
vt 0.1875 0.4375
vt 0 0.4375
vt 0 1
vt 0.1875 1
vt 0.1875 0.4375
vt 0 0.4375
vt 0.3125 1
vt 0.5 1
vt 0.5 0.4375
vt 0.3125 0.4375
vn -0.8067072841115988 0.17364817766693036 -0.5648625214636237
vn 0.5735764363510463 0 -0.8191520442889918
vn 0.8067072841115988 -0.17364817766693036 0.5648625214636237
vn -0.5735764363510463 0 0.8191520442889918
vn 0.14224425972292398 0.9848077530122082 0.09960050292505122
vn -0.14224425972292398 -0.9848077530122082 -0.09960050292505122
g Stem
f 140/412/103 143/411/103 141/410/103 138/409/103
f 139/416/104 140/415/104 138/414/104 137/413/104
f 144/420/105 139/419/105 137/418/105 142/417/105
f 143/424/106 144/423/106 142/422/106 141/421/106
f 142/428/107 137/427/107 138/426/107 141/425/107
f 143/432/108 140/431/108 139/430/108 144/429/108
o cube
v -0.16256561726383273 0.7919279485579876 -0.08163653401861043
v -0.356724217077585 0.7999585641539861 0.23908600546296768
v -0.16256561726383273 0.7919279485579876 -0.08163653401861043
v -0.356724217077585 0.7999585641539861 0.23908600546296768
v -0.12284280011023231 0.5468910956631375 0.38700942885823875
v 0.07131579970351992 0.538860480067139 0.06628688937666062
v -0.12284280011023231 0.5468910956631375 0.38700942885823875
v 0.07131579970351992 0.538860480067139 0.06628688937666062
vt 0 1
vt 0.1875 1
vt 0.1875 1
vt 0 1
vt 0 1
vt 0.375 1
vt 0.375 1
vt 0 1
vt 0 1
vt 0.1875 1
vt 0.1875 1
vt 0 1
vt 0 1
vt 0.375 1
vt 0.375 1
vt 0 1
vt 0 1
vt 1 1
vt 1 0
vt 0 0
vt 0 1
vt 0.1875 1
vt 0.1875 0.8125
vt 0 0.8125
vn -0.5177562661700058 0.021414974922663036 0.8552601052842088
vn -0.6236837785796072 0.6748465826422632 -0.3944624623873895
vn 0.5177562661700058 -0.021414974922663036 -0.8552601052842088
vn 0.6236837785796072 -0.6748465826422632 0.3944624623873895
vn 0.5856167630612681 0.7376472658019693 0.3360498743884927
vn -0.5856167630612681 -0.7376472658019693 -0.3360498743884927
g Frond
f 148/436/109 151/435/109 149/434/109 146/433/109
f 147/440/110 148/439/110 146/438/110 145/437/110
f 152/444/111 147/443/111 145/442/111 150/441/111
f 151/448/112 152/447/112 150/446/112 149/445/112
f 150/452/113 145/451/113 146/450/113 149/449/113
f 151/456/114 148/455/114 147/454/114 152/453/114
o cube
v -0.25809221052919834 0.862517209902401 -0.1404371710223103
v -0.43733484688890034 0.862517209902401 0.11554784281799954
v -0.25809221052919834 0.862517209902401 -0.1404371710223103
v -0.43733484688890034 0.862517209902401 0.11554784281799954
v -0.23424828109419252 0.6722792633371758 0.2577505870965763
v -0.05500564473449053 0.6722792633371757 0.0017655732562665144
v -0.23424828109419252 0.6722792633371758 0.2577505870965763
v -0.05500564473449053 0.6722792633371757 0.0017655732562665144
vt 0 1
vt 0.1875 1
vt 0.1875 1
vt 0 1
vt 0 1
vt 0.375 1
vt 0.375 1
vt 0 1
vt 0 1
vt 0.1875 1
vt 0.1875 1
vt 0 1
vt 0 1
vt 0.375 1
vt 0.375 1
vt 0 1
vt 0 1
vt 1 1
vt 1 0
vt 0 0
vt 0 1
vt 0.1875 1
vt 0.1875 0.8125
vt 0 0.8125
vn -0.5735764363510465 0 0.8191520442889916
vn -0.649877010543065 0.608761429008721 -0.45504878169144586
vn 0.5735764363510465 0 -0.8191520442889916
vn 0.649877010543065 -0.608761429008721 0.45504878169144586
vn 0.4986681690567817 0.7933533402912352 0.3491712110387926
vn -0.4986681690567817 -0.7933533402912352 -0.3491712110387926
g Frond
f 156/460/115 159/459/115 157/458/115 154/457/115
f 155/464/116 156/463/116 154/462/116 153/461/116
f 160/468/117 155/467/117 153/466/117 158/465/117
f 159/472/118 160/471/118 158/470/118 157/469/118
f 158/476/119 153/475/119 154/474/119 157/473/119
f 159/480/120 156/479/120 155/478/120 160/477/120
o cube
v -0.4159530504347431 0.8661970606371855 -0.27005348744554736
v -0.6113993646348461 0.7977791593510617 -0.03601080106292011
v -0.4159530504347431 0.8661970606371855 -0.27005348744554736
v -0.6113993646348461 0.7977791593510617 -0.03601080106292011
v -0.36878744926603646 0.7732570722396457 0.15942301321899377
v -0.17334113506593338 0.8416749735257694 -0.07461967316363347
v -0.36878744926603646 0.7732570722396457 0.15942301321899377
v -0.17334113506593338 0.8416749735257694 -0.07461967316363347
vt 0 1
vt 0.1875 1
vt 0.1875 1
vt 0 1
vt 0 1
vt 0.375 1
vt 0.375 1
vt 0 1
vt 0 1
vt 0.1875 1
vt 0.1875 1
vt 0 1
vt 0 1
vt 0.375 1
vt 0.375 1
vt 0 1
vt 0 1
vt 1 1
vt 1 0
vt 0 0
vt 0 1
vt 0.1875 1
vt 0.1875 0.8125
vt 0 0.8125
vn -0.6254282054403297 -0.21893728411559588 0.7489365964244074
vn -0.7763581291801911 0.07847067875653135 -0.6253882057021246
vn 0.6254282054403297 0.21893728411559588 -0.7489365964244074
vn 0.7763581291801911 -0.07847067875653135 0.6253882057021246
vn -0.07815123220731907 0.9725784380704603 0.21905151609815804
vn 0.07815123220731907 -0.9725784380704603 -0.21905151609815804
g Frond
f 164/484/121 167/483/121 165/482/121 162/481/121
f 163/488/122 164/487/122 162/486/122 161/485/122
f 168/492/123 163/491/123 161/490/123 166/489/123
f 167/496/124 168/495/124 166/494/124 165/493/124
f 166/500/125 161/499/125 162/498/125 165/497/125
f 167/504/126 164/503/126 163/502/126 168/501/126
o cube
v -0.5025989658851404 0.8841360344435635 -0.3436489823761432
v -0.6791192488777364 0.8168712914353524 -0.17989293198333142
v -0.5025989658851404 0.8841360344435635 -0.3436489823761432
v -0.6791192488777364 0.8168712914353524 -0.17989293198333142
v -0.5063016542086383 0.8015604911224449 0.00010611903240473342
v -0.3297813712160423 0.8688252341306559 -0.16364993136040706
v -0.5063016542086383 0.8015604911224449 0.00010611903240473342
v -0.3297813712160423 0.8688252341306559 -0.16364993136040706
vt 0 1
vt 0.1875 1
vt 0.1875 1
vt 0 1
vt 0 1
vt 0.375 1
vt 0.375 1
vt 0 1
vt 0 1
vt 0.1875 1
vt 0.1875 1
vt 0 1
vt 0 1
vt 0.375 1
vt 0.375 1
vt 0 1
vt 0 1
vt 1 1
vt 1 0
vt 0 0
vt 0 1
vt 0.1875 1
vt 0.1875 0.8125
vt 0 0.8125
vn -0.7060811319703842 -0.26905897203284435 0.6550242015712475
vn -0.6912703786763924 0.06124320125163006 -0.7199962040629445
vn 0.7060811319703842 0.26905897203284435 -0.6550242015712475
vn 0.6912703786763924 -0.06124320125163006 0.7199962040629445
vn -0.15360565953120953 0.9611745626415016 0.22923516634866614
vn 0.15360565953120953 -0.9611745626415016 -0.22923516634866614
g Frond
f 172/508/127 175/507/127 173/506/127 170/505/127
f 171/512/128 172/511/128 170/510/128 169/509/128
f 176/516/129 171/515/129 169/514/129 174/513/129
f 175/520/130 176/519/130 174/518/130 173/517/130
f 174/524/131 169/523/131 170/522/131 173/521/131
f 175/528/132 172/527/132 171/526/132 176/525/132
o cube
v -0.5273646407226646 0.9050467794455535 -0.41384180850597196
v -0.7019322014124885 0.871085238712066 -0.3544361647857631
v -0.5273646407226646 0.9050467794455535 -0.41384180850597196
v -0.7019322014124885 0.871085238712066 -0.3544361647857631
v -0.6409680204198858 0.8678225485993716 -0.17715397874009836
v -0.46640045973006206 0.901784089332859 -0.2365596224603072
v -0.6409680204198858 0.8678225485993716 -0.17715397874009836
v -0.46640045973006206 0.901784089332859 -0.2365596224603072
vt 0 1
vt 0.1875 1
vt 0.1875 1
vt 0 1
vt 0 1
vt 0.375 1
vt 0.375 1
vt 0 1
vt 0 1
vt 0.1875 1
vt 0.1875 1
vt 0 1
vt 0 1
vt 0.375 1
vt 0.375 1
vt 0 1
vt 0 1
vt 1 1
vt 1 0
vt 0 0
vt 0 1
vt 0.1875 1
vt 0.1875 0.8125
vt 0 0.8125
vn -0.9310269903457264 -0.18112821724526637 0.3168300998411138
vn -0.32514229862721417 0.017401013934370196 -0.9455049922435458
vn 0.9310269903457264 0.18112821724526637 -0.3168300998411138
vn 0.32514229862721417 -0.017401013934370196 0.9455049922435458
vn -0.16574446865940975 0.9833055342219974 0.07509325853365609
vn 0.16574446865940975 -0.9833055342219974 -0.07509325853365609
g Frond
f 180/532/133 183/531/133 181/530/133 178/529/133
f 179/536/134 180/535/134 178/534/134 177/533/134
f 184/540/135 179/539/135 177/538/135 182/537/135
f 183/544/136 184/543/136 182/542/136 181/541/136
f 182/548/137 177/547/137 178/546/137 181/545/137
f 183/552/138 180/551/138 179/550/138 184/549/138
o cube
v 0.0827616927871537 0.5266453111328435 0.0766037060470806
v 0.2613346995658643 0.460937173268872 -0.24653577137475935
v 0.0827616927871537 0.5266453111328435 0.0766037060470806
v 0.2613346995658643 0.460937173268872 -0.24653577137475935
v 0.03324565419660522 0.701713266464468 -0.42154222933561786
v -0.14532735258210538 0.7674214043284395 -0.0984027519137779
v 0.03324565419660522 0.701713266464468 -0.42154222933561786
v -0.14532735258210538 0.7674214043284395 -0.0984027519137779
vt 0 1
vt 0.1875 1
vt 0.1875 1
vt 0 1
vt 0 1
vt 0.375 1
vt 0.375 1
vt 0 1
vt 0 1
vt 0.1875 1
vt 0.1875 1
vt 0 1
vt 0 1
vt 0.375 1
vt 0.375 1
vt 0 1
vt 0 1
vt 1 1
vt 1 0
vt 0 0
vt 0 1
vt 0.1875 1
vt 0.1875 0.8125
vt 0 0.8125
vn 0.47619468474322846 -0.17522170097059078 -0.8617052731249067
vn 0.6082374543180245 -0.6420695818549227 0.46668388789562276
vn -0.47619468474322846 0.17522170097059078 0.8617052731249067
vn -0.6082374543180245 0.6420695818549227 -0.46668388789562276
vn 0.6350478890501304 0.7463538085691114 0.19917372077499504
vn -0.6350478890501304 -0.7463538085691114 -0.19917372077499504
g Frond
f 188/556/139 191/555/139 189/554/139 186/553/139
f 187/560/140 188/559/140 186/558/140 185/557/140
f 192/564/141 187/563/141 185/562/141 190/561/141
f 191/568/142 192/567/142 190/566/142 189/565/142
f 190/572/143 185/571/143 186/570/143 189/569/143
f 191/576/144 188/575/144 187/574/144 192/573/144
o cube
v -0.021588409358185512 0.6933449766748092 -0.02212534307803602
v 0.10917597233268495 0.6508811466862234 -0.30275632786714446
v -0.021588409358185512 0.6933449766748092 -0.02212534307803602
v 0.10917597233268495 0.6508811466862234 -0.30275632786714446
v -0.12730767683587746 0.8054387739178173 -0.4363365417480184
v -0.25807205852674786 0.8479026039064029 -0.15570555695890992
v -0.12730767683587746 0.8054387739178173 -0.4363365417480184
v -0.25807205852674786 0.8479026039064029 -0.15570555695890992
vt 0 1
vt 0.1875 1
vt 0.1875 1
vt 0 1
vt 0 1
vt 0.375 1
vt 0.375 1
vt 0 1
vt 0 1
vt 0.1875 1
vt 0.1875 1
vt 0 1
vt 0 1
vt 0.375 1
vt 0.375 1
vt 0 1
vt 0 1
vt 1 1
vt 1 0
vt 0 0
vt 0 1
vt 0.1875 1
vt 0.1875 0.8125
vt 0 0.8125
vn 0.4184460214107854 -0.1358842559634741 -0.8980191513251473
vn 0.7567476773393995 -0.4945844071411 0.4274566844187965
vn -0.4184460214107854 0.1358842559634741 0.8980191513251473
vn -0.7567476773393995 0.4945844071411 -0.4274566844187965
vn 0.5022309030783634 0.858441455892095 0.10412678233265385
vn -0.5022309030783634 -0.858441455892095 -0.10412678233265385
g Frond
f 196/580/145 199/579/145 197/578/145 194/577/145
f 195/584/146 196/583/146 194/582/146 193/581/146
f 200/588/147 195/587/147 193/586/147 198/585/147
f 199/592/148 200/591/148 198/590/148 197/589/148
f 198/596/149 193/595/149 194/594/149 197/593/149
f 199/600/150 196/599/150 195/598/150 200/597/150
o cube
v -0.14608056009632914 0.8512688844173619 -0.08968482169506609
v 0.012361966277876724 0.7824894431430717 -0.35011063511254503
v -0.14608056009632914 0.8512688844173619 -0.08968482169506609
v 0.012361966277876724 0.7824894431430717 -0.35011063511254503
v -0.2530925163731279 0.7938508272677152 -0.514613177923469
v -0.4115350427473337 0.8626302685420054 -0.25418736450599
v -0.2530925163731279 0.7938508272677152 -0.514613177923469
v -0.4115350427473337 0.8626302685420054 -0.25418736450599
vt 0 1
vt 0.1875 1
vt 0.1875 1
vt 0 1
vt 0 1
vt 0.375 1
vt 0.375 1
vt 0 1
vt 0 1
vt 0.1875 1
vt 0.1875 1
vt 0 1
vt 0 1
vt 0.375 1
vt 0.375 1
vt 0 1
vt 0 1
vt 1 1
vt 1 0
vt 0 0
vt 0 1
vt 0.1875 1
vt 0.1875 0.8125
vt 0 0.8125
vn 0.5070160843974584 -0.22009421207772906 -0.8333626029359329
vn 0.8494543444832146 -0.03635642919885912 0.5264081369949566
vn -0.5070160843974584 0.22009421207772906 0.8333626029359329
vn -0.8494543444832146 0.03635642919885912 -0.5264081369949566
vn 0.14615747261382725 0.9748008760079118 -0.16852669026995784
vn -0.14615747261382725 -0.9748008760079118 0.16852669026995784
g Frond
f 204/604/151 207/603/151 205/602/151 202/601/151
f 203/608/152 204/607/152 202/606/152 201/605/152
f 208/612/153 203/611/153 201/610/153 206/609/153
f 207/616/154 208/615/154 206/614/154 205/613/154
f 206/620/155 201/619/155 202/618/155 205/617/155
f 207/624/156 204/623/156 203/622/156 208/621/156
o cube
v -0.2980944253287472 0.8495833240095043 -0.20184015003173955
v -0.1798050011647014 0.7881909078842355 -0.41335512201538027
v -0.2980944253287472 0.8495833240095043 -0.20184015003173955
v -0.1798050011647014 0.7881909078842355 -0.41335512201538027
v -0.3779872984026047 0.8632591563502905 -0.5459768967499464
v -0.49627672256665045 0.9246515724755594 -0.3344619247663057
v -0.3779872984026047 0.8632591563502905 -0.5459768967499464
v -0.49627672256665045 0.9246515724755594 -0.3344619247663057
vt 0 1
vt 0.1875 1
vt 0.1875 1
vt 0 1
vt 0 1
vt 0.375 1
vt 0.375 1
vt 0 1
vt 0 1
vt 0.1875 1
vt 0.1875 1
vt 0 1
vt 0 1
vt 0.375 1
vt 0.375 1
vt 0 1
vt 0 1
vt 1 1
vt 1 0
vt 0 0
vt 0 1
vt 0.1875 1
vt 0.1875 0.8125
vt 0 0.8125
vn 0.473157696656183 -0.2455696645010756 -0.8460598879345628
vn 0.792729188951613 -0.3002729938642201 0.5304870989382644
vn -0.473157696656183 0.2455696645010756 0.8460598879345628
vn -0.792729188951613 0.3002729938642201 -0.5304870989382644
vn 0.384320474446956 0.9217004226063084 -0.05259376282620679
vn -0.384320474446956 -0.9217004226063084 0.05259376282620679
g Frond
f 212/628/157 215/627/157 213/626/157 210/625/157
f 211/632/158 212/631/158 210/630/158 209/629/158
f 216/636/159 211/635/159 209/634/159 214/633/159
f 215/640/160 216/639/160 214/638/160 213/637/160
f 214/644/161 209/643/161 210/642/161 213/641/161
f 215/648/162 212/647/162 211/646/162 216/645/162
o cube
v -0.39475750485161964 0.8903406670997568 -0.34237034798809696
v -0.4057824651568901 0.8381904376040368 -0.522134231495911
v -0.39475750485161964 0.8903406670997568 -0.34237034798809696
v -0.4057824651568901 0.8381904376040368 -0.522134231495911
v -0.5920799535925299 0.8586701054072124 -0.5166497981391964
v -0.5810549932872593 0.9108203349029326 -0.33688591463138245
v -0.5920799535925299 0.8586701054072124 -0.5166497981391964
v -0.5810549932872593 0.9108203349029326 -0.33688591463138245
vt 0 1
vt 0.1875 1
vt 0.1875 1
vt 0 1
vt 0 1
vt 0.375 1
vt 0.375 1
vt 0 1
vt 0 1
vt 0.1875 1
vt 0.1875 1
vt 0 1
vt 0 1
vt 0.375 1
vt 0.375 1
vt 0 1
vt 0 1
vt 1 1
vt 1 0
vt 0 0
vt 0 1
vt 0.1875 1
vt 0.1875 0.8125
vt 0 0.8125
vn -0.058799788294775945 -0.2781345573105069 -0.958740712041675
vn 0.9935866049900787 -0.1092248949502705 -0.02925031123581069
vn 0.058799788294775945 0.2781345573105069 0.958740712041675
vn -0.9935866049900787 0.1092248949502705 0.02925031123581069
vn 0.09658283119053274 0.9543118412514804 -0.2827731712281601
vn -0.09658283119053274 -0.9543118412514804 0.2827731712281601
g Frond
f 220/652/163 223/651/163 221/650/163 218/649/163
f 219/656/164 220/655/164 218/654/164 217/653/164
f 224/660/165 219/659/165 217/658/165 222/657/165
f 223/664/166 224/663/166 222/662/166 221/661/166
f 222/668/167 217/667/167 218/666/167 221/665/167
f 223/672/168 220/671/168 219/670/168 224/669/168
o cube
v -0.6088183488252746 0.6320098330054292 -0.15362335687940662
v -0.793294055246563 0.6645688663179786 -0.16167774016547387
v -0.6088183488252746 0.6320098330054292 -0.15362335687940662
v -0.793294055246563 0.6645688663179786 -0.16167774016547387
v -0.8014726903775635 0.6645688663179786 0.025643801381124487
v -0.616996983956275 0.6320098330054292 0.03369818466719174
v -0.8014726903775635 0.6645688663179786 0.025643801381124487
v -0.616996983956275 0.6320098330054292 0.03369818466719174
vt 0 1
vt 0.1875 1
vt 0.1875 1
vt 0 1
vt 0 1
vt 0.375 1
vt 0.375 1
vt 0 1
vt 0 1
vt 0.1875 1
vt 0.1875 1
vt 0 1
vt 0 1
vt 0.375 1
vt 0.375 1
vt 0 1
vt 0 1
vt 1 1
vt 1 0
vt 0 0
vt 0 1
vt 0.1875 1
vt 0.1875 0.8125
vt 0 0.8125
vn -0.983870434246872 0.17364817766693036 -0.042956710859025415
vn 0.04361938736533577 0 -0.9990482215818579
vn 0.983870434246872 -0.17364817766693036 0.042956710859025415
vn -0.04361938736533577 0 0.9990482215818579
vn 0.17348290307907724 0.9848077530122081 0.007574427126938481
vn -0.17348290307907724 -0.9848077530122081 -0.007574427126938481
g Frond
f 228/676/169 231/675/169 229/674/169 226/673/169
f 227/680/170 228/679/170 226/678/170 225/677/170
f 232/684/171 227/683/171 225/682/171 230/681/171
f 231/688/172 232/687/172 230/686/172 229/685/172
f 230/692/173 225/691/173 226/690/173 229/689/173
f 231/696/174 228/695/174 227/694/174 232/693/174
o cube
v -0.0852560110945004 0.14415572098176205 -0.06628190065571193
v -0.2865515929103216 0.46042751316159414 -0.07507065556110816
v -0.0852560110945004 0.14415572098176205 -0.06628190065571193
v -0.2865515929103216 0.46042751316159414 -0.07507065556110816
v -0.2892778046206551 0.46042751316159414 -0.012630141712242048
v -0.08798222280483389 0.14415572098176205 -0.0038413868068458154
v -0.2892778046206551 0.46042751316159414 -0.012630141712242048
v -0.08798222280483389 0.14415572098176205 -0.0038413868068458154
vt 0 1
vt 0.1875 1
vt 0.1875 0.40625
vt 0 0.40625
vt 0.3125 1
vt 0.5625 1
vt 0.5625 0.375
vt 0.3125 0.375
vt 0.375 1
vt 0.75 1
vt 0.75 0.1875
vt 0.375 0.1875
vt 0 1
vt 0.1875 1
vt 0.1875 0.4375
vt 0 0.4375
vt 0 1
vt 0.1875 1
vt 0.1875 0.4375
vt 0 0.4375
vt 0.5625 0.71875
vt 0.625 0.71875
vt 0.625 0.53125
vt 0.5625 0.53125
vn -0.536788218175523 0.8433914458128858 -0.023436679747723302
vn 0.04361938736533578 0 -0.9990482215818579
vn 0.536788218175523 -0.8433914458128858 0.023436679747723302
vn -0.04361938736533578 0 0.9990482215818579
vn 0.8425887240367153 0.537299608346824 0.03678821817552285
vn -0.8425887240367153 -0.537299608346824 -0.03678821817552285
g Stem
f 236/700/175 239/699/175 237/698/175 234/697/175
f 235/704/176 236/703/176 234/702/176 233/701/176
f 240/708/177 235/707/177 233/706/177 238/705/177
f 239/712/178 240/711/178 238/710/178 237/709/178
f 238/716/179 233/715/179 234/714/179 237/713/179
f 239/720/180 236/719/180 235/718/180 240/717/180
o cube
v -0.286582813167246 0.4603733865738576 -0.07507201866696334
v -0.5839957048688427 0.6322483865738576 -0.08805734595180216
v -0.286582813167246 0.4603733865738576 -0.07507201866696334
v -0.5839957048688427 0.6322483865738576 -0.08805734595180216
v -0.5867219165791762 0.6322483865738576 -0.025616832102936027
v -0.2893090248775794 0.4603733865738576 -0.01263150481809721
v -0.5867219165791762 0.6322483865738576 -0.025616832102936027
v -0.2893090248775794 0.4603733865738576 -0.01263150481809721
vt 0 1
vt 0.1875 1
vt 0.1875 0.4375
vt 0 0.4375
vt 0.375 1
vt 0.5625 1
vt 0.5625 0.4375
vt 0.375 0.4375
vt 0.3125 1
vt 0.5 1
vt 0.5 0.4375
vt 0.3125 0.4375
vt 0 1
vt 0.1875 1
vt 0.1875 0.4375
vt 0 0.4375
vt 0 1
vt 0.1875 1
vt 0.1875 0.4375
vt 0 0.4375
vt 0.3125 1
vt 0.5 1
