# Made in Blockbench 4.9.3

o cube
v 0.11544374999999996 0.15456013673198865 0.1354712867473845
v 0.11544374999999996 0.0019139956015782333 0.018341783047175375
v 0.11544374999999996 0.15456013673198865 0.1354712867473845
v 0.11544374999999996 0.0019139956015782333 0.018341783047175375
v -0.11544375000000001 0.0019139956015782333 0.018341783047175375
v -0.11544375000000001 0.15456013673198865 0.1354712867473845
v -0.11544375000000001 0.0019139956015782333 0.018341783047175375
v -0.11544375000000001 0.15456013673198865 0.1354712867473845
vt 0 1
vt 0.1875 1
vt 0.1875 1
vt 0 1
vt 0 1
vt 0.15625 1
vt 0.15625 1
vt 0 1
vt 0 1
vt 0.1875 1
vt 0.1875 1
vt 0 1
vt 0 1
vt 0.15625 1
vt 0.15625 1
vt 0 1
vt 0 1
vt 0 1
vt 0 1
vt 0 1
vt 0.328125 0.28125
vt 0.671875 0.28125
vt 0.671875 0
vt 0.328125 0
vn 0 -0.7933533402912352 -0.6087614290087205
vn 1 0 0
vn 0 0.7933533402912352 0.6087614290087205
vn -1 0 0
vn 0 0.6087614290087205 -0.7933533402912352
vn 0 -0.6087614290087205 0.7933533402912352
g Frond
f 4/4/1 7/3/1 5/2/1 2/1/1
f 3/8/2 4/7/2 2/6/2 1/5/2
f 8/12/3 3/11/3 1/10/3 6/9/3
f 7/16/4 8/15/4 6/14/4 5/13/4
f 6/20/5 1/19/5 2/18/5 5/17/5
f 7/24/6 4/23/6 3/22/6 8/21/6
o cube
v 0.11544374999999996 0.3252322220903716 0.224318209920207
v 0.11544374999999996 0.15456579396917436 0.1354748908049539
v 0.11544374999999996 0.3252322220903716 0.224318209920207
v 0.11544374999999996 0.15456579396917436 0.1354748908049539
v -0.11544375000000001 0.15456579396917436 0.1354748908049539
v -0.11544375000000001 0.3252322220903716 0.224318209920207
v -0.11544375000000001 0.15456579396917436 0.1354748908049539
v -0.11544375000000001 0.3252322220903716 0.224318209920207
vt 0 1
vt 0.1875 1
vt 0.1875 1
vt 0 1
vt 0 1
vt 0.15625 1
vt 0.15625 1
vt 0 1
vt 0 1
vt 0.1875 1
vt 0.1875 1
vt 0 1
vt 0 1
vt 0.15625 1
vt 0.15625 1
vt 0 1
vt 0 1
vt 0 1
vt 0 1
vt 0 1
vt 0.328125 0.5625
vt 0.671875 0.5625
vt 0.671875 0.28125
vt 0.328125 0.28125
vn 0 -0.8870108331782217 -0.4617486132350339
vn 1 0 0
vn 0 0.8870108331782217 0.4617486132350339
vn -1 0 0
vn 0 0.4617486132350339 -0.8870108331782217
vn 0 -0.4617486132350339 0.8870108331782217
g Frond
f 12/28/7 15/27/7 13/26/7 10/25/7
f 11/32/8 12/31/8 10/30/8 9/29/8
f 16/36/9 11/35/9 9/34/9 14/33/9
f 15/40/10 16/39/10 14/38/10 13/37/10
f 14/44/11 9/43/11 10/42/11 13/41/11
f 15/48/12 12/47/12 11/46/12 16/45/12
o cube
v 0.11544374999999996 0.5829875492557695 0.33108412070372917
v 0.11544374999999996 0.3252352646175074 0.22431962867391064
v 0.11544374999999996 0.5829875492557695 0.33108412070372917
v 0.11544374999999996 0.3252352646175074 0.22431962867391064
v -0.11544375000000001 0.3252352646175074 0.22431962867391064
v -0.11544375000000001 0.5829875492557695 0.33108412070372917
v -0.11544375000000001 0.3252352646175074 0.22431962867391064
v -0.11544375000000001 0.5829875492557695 0.33108412070372917
vt 0 1
vt 0.1875 1
vt 0.1875 1
vt 0 1
vt 0 1
vt 0.15625 1
vt 0.15625 1
vt 0 1
vt 0 1
vt 0.1875 1
vt 0.1875 1
vt 0 1
vt 0 1
vt 0.15625 1
vt 0.15625 1
vt 0 1
vt 0 1
vt 0.0625 1
vt 0.0625 0.90625
vt 0 0.90625
vt 0.328125 1
vt 0.671875 1
vt 0.671875 0.5625
vt 0.328125 0.5625
vn 0 -0.9238795325112867 -0.3826834323650898
vn 1 0 0
vn 0 0.9238795325112867 0.3826834323650898
vn -1 0 0
vn 0 0.3826834323650898 -0.9238795325112867
vn 0 -0.3826834323650898 0.9238795325112867
g Frond
f 20/52/13 23/51/13 21/50/13 18/49/13
f 19/56/14 20/55/14 18/54/14 17/53/14
f 24/60/15 19/59/15 17/58/15 22/57/15
f 23/64/16 24/63/16 22/62/16 21/61/16
f 22/68/17 17/67/17 18/66/17 21/65/17
f 23/72/18 20/71/18 19/70/18 24/69/18
o cube
v -0.22871861976342878 0.3018051994307256 0.16692586088650418
v -0.09589182569372068 0.1657534353130513 0.13747886958527678
v -0.22871861976342878 0.3018051994307256 0.16692586088650418
v -0.09589182569372068 0.1657534353130513 0.13747886958527678
v -0.1458650270568546 0.16575343531305142 -0.08793567475862679
v -0.27869182112656266 0.3018051994307257 -0.05848868345739944
v -0.1458650270568546 0.16575343531305142 -0.08793567475862679
v -0.27869182112656266 0.3018051994307257 -0.05848868345739944
vt 0 1
vt 0.1875 1
vt 0.1875 1
vt 0 1
vt 0 1
vt 0.15625 1
vt 0.15625 1
vt 0 1
vt 0 1
vt 0.1875 1
vt 0.1875 1
vt 0 1
vt 0 1
vt 0.15625 1
vt 0.15625 1
vt 0 1
vt 0 1
vt 0 1
vt 0 1
vt 0 1
vt 0.328125 0.5625
vt 0.671875 0.5625
vt 0.671875 0.28125
vt 0.328125 0.28125
vn 0.6903455270798537 -0.7071067811865485 -0.15304591873303167
vn 0.21643961393810374 0 0.9762960071199331
vn -0.6903455270798537 0.7071067811865485 0.15304591873303167
vn -0.21643961393810374 0 -0.9762960071199331
vn 0.6903455270798556 0.7071067811865467 -0.15304591873303147
vn -0.6903455270798556 -0.7071067811865467 0.15304591873303147
g Frond
f 28/76/19 31/75/19 29/74/19 26/73/19
f 27/80/20 28/79/20 26/78/20 25/77/20
f 32/84/21 27/83/21 25/82/21 30/81/21
f 31/88/22 32/87/22 30/86/22 29/85/22
f 30/92/23 25/91/23 26/90/23 29/89/23
f 31/96/24 28/95/24 27/94/24 32/93/24
o cube
v -0.0958969457848935 0.16575996970563156 0.13748000468216204
v 0.005032342874820572 0.00348618433469583 0.11510452008195471
v -0.0958969457848935 0.16575996970563156 0.13748000468216204
v 0.005032342874820572 0.00348618433469583 0.11510452008195471
v -0.04494085848831336 0.003486184334695941 -0.11031002426194886
v -0.14587014714802743 0.16575996970563156 -0.08793453966174153
v -0.04494085848831336 0.003486184334695941 -0.11031002426194886
v -0.14587014714802743 0.16575996970563156 -0.08793453966174153
vt 0 1
vt 0.1875 1
vt 0.1875 1
vt 0 1
vt 0 1
vt 0.15625 1
vt 0.15625 1
vt 0 1
vt 0 1
vt 0.1875 1
vt 0.1875 1
vt 0 1
vt 0 1
vt 0.15625 1
vt 0.15625 1
vt 0 1
vt 0 1
vt 0 1
vt 0 1
vt 0 1
vt 0.328125 0.28125
vt 0.671875 0.28125
vt 0.671875 0
vt 0.328125 0
vn 0.524563462256107 -0.8433914458128865 -0.11629291979968101
vn 0.21643961393810376 0 0.9762960071199331
vn -0.524563462256107 0.8433914458128865 0.11629291979968101
vn -0.21643961393810376 0 -0.9762960071199331
vn 0.8233997009862285 0.5372996083468228 -0.18254331893044007
vn -0.8233997009862285 -0.5372996083468228 0.18254331893044007
g Frond
f 36/100/25 39/99/25 37/98/25 34/97/25
f 35/104/26 36/103/26 34/102/26 33/101/26
f 40/108/27 35/107/27 33/106/27 38/105/27
f 39/112/28 40/111/28 38/110/28 37/109/28
f 38/116/29 33/115/29 34/114/29 37/113/29
f 39/120/30 36/119/30 35/118/30 40/117/30
o cube
v -0.43736825392104384 0.48113364404877834 0.21318237114164973
v -0.22871620335052456 0.3018029314357147 0.1669253251806606
v -0.43736825392104384 0.48113364404877834 0.21318237114164973
v -0.22871620335052456 0.3018029314357147 0.1669253251806606
v -0.27868940471365844 0.3018029314357147 -0.05848921916324301
v -0.4873414552841778 0.48113364404877856 -0.012232173202253838
v -0.27868940471365844 0.3018029314357147 -0.05848921916324301
v -0.4873414552841778 0.48113364404877856 -0.012232173202253838
vt 0 1
vt 0.1875 1
vt 0.1875 1
vt 0 1
vt 0 1
vt 0.15625 1
vt 0.15625 1
vt 0 1
vt 0 1
vt 0.1875 1
vt 0.1875 1
vt 0 1
vt 0 1
vt 0.15625 1
vt 0.15625 1
vt 0 1
vt 0 1
vt 0.0625 1
vt 0.0625 0.90625
vt 0 0.90625
vt 0.328125 1
vt 0.671875 1
vt 0.671875 0.5625
vt 0.328125 0.5625
vn 0.7478861310934702 -0.6427876096865403 -0.16580236352810135
vn 0.21643961393810376 0 0.9762960071199331
vn -0.7478861310934702 0.6427876096865403 0.16580236352810135
vn -0.21643961393810376 0 -0.9762960071199331
vn 0.6275509767631355 0.7660444431189773 -0.13912470208475103
vn -0.6275509767631355 -0.7660444431189773 0.13912470208475103
g Frond
f 44/124/31 47/123/31 45/122/31 42/121/31
f 43/128/32 44/127/32 42/126/32 41/125/32
f 48/132/33 43/131/33 41/130/33 46/129/33
f 47/136/34 48/135/34 46/134/34 45/133/34
f 46/140/35 41/139/35 42/138/35 45/137/35
f 47/144/36 44/143/36 43/142/36 48/141/36
o cube
v -0.26901528619523163 0.5244381756658987 -0.34981780040807375
v -0.21165076644226266 0.28914118687804335 -0.21132759882143448
v -0.26901528619523163 0.5244381756658987 -0.34981780040807375
v -0.21165076644226266 0.28914118687804335 -0.21132759882143448
v 0.0016614691204374088 0.28914118687804313 -0.2996844198116281
v -0.05570305063253156 0.5244381756658987 -0.43817462139826746
v 0.0016614691204374088 0.28914118687804313 -0.2996844198116281
v -0.05570305063253156 0.5244381756658987 -0.43817462139826746
vt 0 1
vt 0.1875 1
vt 0.1875 1
vt 0 1
vt 0 1
vt 0.15625 1
vt 0.15625 1
vt 0 1
vt 0 1
vt 0.1875 1
vt 0.1875 1
vt 0 1
vt 0 1
vt 0.15625 1
vt 0.15625 1
vt 0 1
vt 0 1
vt 0.0625 1
vt 0.0625 0.90625
vt 0 0.90625
vt 0.328125 1
vt 0.671875 1
vt 0.671875 0.5625
vt 0.328125 0.5625
vn 0.2056156583305804 -0.8433914458128816 0.4964001109779682
vn -0.9238795325112885 0 0.3826834323650856
vn -0.2056156583305804 0.8433914458128816 -0.4964001109779682
vn 0.9238795325112885 0 -0.3826834323650856
vn 0.3227519333110261 0.5372996083468302 0.7791920946816248
vn -0.3227519333110261 -0.5372996083468302 -0.7791920946816248
g Frond
f 52/148/37 55/147/37 53/146/37 50/145/37
f 51/152/38 52/151/38 50/150/38 49/149/38
f 56/156/39 51/155/39 49/154/39 54/153/39
f 55/160/40 56/159/40 54/158/40 53/157/40
f 54/164/41 49/163/41 50/162/41 53/161/41
f 55/168/42 52/167/42 51/166/42 56/165/42
o cube
v -0.21164962741966342 0.28913712756769905 -0.21132484897762743
v -0.16432073594983976 0.14174538893383914 -0.097062797299093
v -0.21164962741966342 0.28913712756769905 -0.21132484897762743
v -0.16432073594983976 0.14174538893383914 -0.097062797299093
v 0.04899149961286042 0.14174538893383892 -0.18541961828928666
v 0.001662608143036759 0.2891371275676988 -0.2996816699678211
v 0.04899149961286042 0.14174538893383892 -0.18541961828928666
v 0.001662608143036759 0.2891371275676988 -0.2996816699678211
vt 0 1
vt 0.1875 1
vt 0.1875 1
vt 0 1
vt 0 1
vt 0.15625 1
vt 0.15625 1
vt 0 1
vt 0 1
vt 0.1875 1
vt 0.1875 1
vt 0 1
vt 0 1
vt 0.15625 1
vt 0.15625 1
vt 0 1
vt 0 1
vt 0 1
vt 0 1
vt 0 1
vt 0.328125 0.5625
vt 0.671875 0.5625
vt 0.671875 0.28125
vt 0.328125 0.28125
vn 0.24598416875659534 -0.7660444431189732 0.5938583163412542
vn -0.9238795325112886 0 0.3826834323650856
vn -0.24598416875659534 0.7660444431189732 -0.5938583163412542
vn 0.9238795325112886 0 -0.3826834323650856
vn 0.29315251683696975 0.6427876096865451 0.7077327819916271
vn -0.29315251683696975 -0.6427876096865451 -0.7077327819916271
g Frond
f 60/172/43 63/171/43 61/170/43 58/169/43
f 59/176/44 60/175/44 58/174/44 57/173/44
f 64/180/45 59/179/45 57/178/45 62/177/45
f 63/184/46 64/183/46 62/182/46 61/181/46
f 62/188/47 57/187/47 58/186/47 61/185/47
f 63/192/48 60/191/48 59/190/48 64/189/48
o cube
v -0.16432031232147587 0.14174412664880753 -0.09706177456975157
v -0.11457614312395503 -0.0001126409368143455 0.023031273355887172
v -0.16432031232147587 0.14174412664880753 -0.09706177456975157
v -0.11457614312395503 -0.0001126409368143455 0.023031273355887172
v 0.09873609243874515 -0.00011264093681456755 -0.06532554763430654
v 0.048991923241224256 0.1417441266488073 -0.18541859555994522
v 0.09873609243874515 -0.00011264093681456755 -0.06532554763430654
v 0.048991923241224256 0.1417441266488073 -0.18541859555994522
vt 0 1
vt 0.1875 1
vt 0.1875 1
vt 0 1
vt 0 1
vt 0.15625 1
vt 0.15625 1
vt 0 1
vt 0 1
vt 0.1875 1
vt 0.1875 1
vt 0 1
vt 0 1
vt 0.15625 1
vt 0.15625 1
vt 0 1
vt 0 1
vt 0 1
vt 0 1
vt 0 1
vt 0.328125 0.28125
vt 0.671875 0.28125
vt 0.671875 0
vt 0.328125 0
vn 0.2585371795226031 -0.737277336810119 0.624163965181166
vn -0.9238795325112885 0 0.3826834323650855
vn -0.2585371795226031 0.737277336810119 -0.624163965181166
vn 0.9238795325112885 0 -0.3826834323650855
vn 0.28214382185548614 0.6755902076156658 0.6811554412633003
vn -0.28214382185548614 -0.6755902076156658 -0.6811554412633003
g Frond
f 68/196/49 71/195/49 69/194/49 66/193/49
f 67/200/50 68/199/50 66/198/50 65/197/50
f 72/204/51 67/203/51 65/202/51 70/201/51
f 71/208/52 72/207/52 70/206/52 69/205/52
f 70/212/53 65/211/53 66/210/53 69/209/53
f 71/216/54 68/215/54 67/214/54 72/213/54
o cube
v 0.2960368969832692 0.14773659835789266 0.2477991690208008
v 0.19744182671796018 0.08987892312202383 0.09303590925046001
v 0.2960368969832692 0.14773659835789266 0.2477991690208008
v 0.19744182671796018 0.08987892312202383 0.09303590925046001
v 0.0027132842728375683 0.08987892312202406 0.21709167257263728
v 0.10130835453814646 0.147736598357893 0.37185493234297806
v 0.0027132842728375683 0.08987892312202406 0.21709167257263728
v 0.10130835453814646 0.147736598357893 0.37185493234297806
vt 0 1
vt 0.1875 1
vt 0.1875 1
vt 0 1
vt 0 1
vt 0.15625 1
vt 0.15625 1
vt 0 1
vt 0 1
vt 0.1875 1
vt 0.1875 1
vt 0 1
vt 0 1
vt 0.15625 1
vt 0.15625 1
vt 0 1
vt 0 1
vt 0 1
vt 0 1
vt 0 1
vt 0.328125 0.5625
vt 0.671875 0.5625
vt 0.671875 0.28125
vt 0.328125 0.28125
vn -0.5124317441107498 -0.3007057995042727 -0.8043567179878037
vn 0.8433914458128858 0 -0.537299608346824
vn 0.5124317441107498 0.3007057995042727 0.8043567179878037
vn -0.8433914458128858 0 0.537299608346824
vn -0.16156910830126336 0.9537169507482272 -0.25361269900822875
vn 0.16156910830126336 -0.9537169507482272 0.25361269900822875
g Frond
f 76/220/55 79/219/55 77/218/55 74/217/55
f 75/224/56 76/223/56 74/222/56 73/221/56
f 80/228/57 75/227/57 73/226/57 78/225/57
f 79/232/58 80/231/58 78/230/58 77/229/58
f 78/236/59 73/235/59 74/234/59 77/233/59
f 79/240/60 76/239/60 75/238/60 80/237/60
o cube
v 0.1974459473171839 0.08988229760252564 0.09304237729563059
v 0.1079164118814544 -0.006320827397474249 -0.04749084320386321
v 0.1974459473171839 0.08988229760252564 0.09304237729563059
v 0.1079164118814544 -0.006320827397474249 -0.04749084320386321
v -0.08681213056366827 -0.006320827397474027 0.07656492011831406
v 0.002717404872061291 0.08988229760252586 0.21709814061780786
v -0.08681213056366827 -0.006320827397474027 0.07656492011831406
v 0.002717404872061291 0.08988229760252586 0.21709814061780786
vt 0 1
vt 0.1875 1
vt 0.1875 1
vt 0 1
vt 0 1
vt 0.15625 1
vt 0.15625 1
vt 0 1
vt 0 1
vt 0.1875 1
vt 0.1875 1
vt 0 1
vt 0 1
vt 0.15625 1
vt 0.15625 1
vt 0 1
vt 0 1
vt 0 1
vt 0 1
vt 0 1
vt 0.328125 0.28125
vt 0.671875 0.28125
vt 0.671875 0
vt 0.328125 0
vn -0.4653151102717795 -0.4999999999999996 -0.7303984174084458
vn 0.8433914458128856 0 -0.537299608346824
vn 0.4653151102717795 0.4999999999999996 0.7303984174084458
vn -0.8433914458128856 0 0.537299608346824
vn -0.26864980417341094 0.8660254037844389 -0.42169572290644297
vn 0.26864980417341094 -0.8660254037844389 0.42169572290644297
g Frond
f 84/244/61 87/243/61 85/242/61 82/241/61
f 83/248/62 84/247/62 82/246/62 81/245/62
f 88/252/63 83/251/63 81/250/63 86/249/63
f 87/256/64 88/255/64 86/254/64 85/253/64
f 86/260/65 81/259/65 82/258/65 85/257/65
f 87/264/66 84/263/66 83/262/66 88/261/66
o cube
v 0.4446516709819952 0.18415052653982988 0.48107763631317646
v 0.29603337835625476 0.1477351465406631 0.247793645882725
v 0.4446516709819952 0.18415052653982988 0.48107763631317646
v 0.29603337835625476 0.1477351465406631 0.247793645882725
v 0.10130483591113215 0.14773514654066333 0.3718494092049023
v 0.2499231285368727 0.18415052653983022 0.6051333996353536
v 0.10130483591113215 0.14773514654066333 0.3718494092049023
v 0.2499231285368727 0.18415052653983022 0.6051333996353536
vt 0 1
vt 0.1875 1
vt 0.1875 1
vt 0 1
vt 0 1
vt 0.15625 1
vt 0.15625 1
vt 0 1
vt 0 1
vt 0.1875 1
vt 0.1875 1
vt 0 1
vt 0 1
vt 0.15625 1
vt 0.15625 1
vt 0 1
vt 0 1
vt 0.0625 1
vt 0.0625 0.90625
vt 0 0.90625
vt 0.328125 1
vt 0.671875 1
vt 0.671875 0.5625
vt 0.328125 0.5625
vn -0.5327029357136196 -0.13052619222005116 -0.836176115077814
vn 0.8433914458128858 0 -0.537299608346824
vn 0.5327029357136196 0.13052619222005116 0.836176115077814
vn -0.8433914458128858 0 0.537299608346824
vn -0.07013167195883484 0.9914448613738105 -0.11008467397292011
vn 0.07013167195883484 -0.9914448613738105 0.11008467397292011
g Frond
f 92/268/67 95/267/67 93/266/67 90/265/67
f 91/272/68 92/271/68 90/270/68 89/269/68
f 96/276/69 91/275/69 89/274/69 94/273/69
f 95/280/70 96/279/70 94/278/70 93/277/70
f 94/284/71 89/283/71 90/282/71 93/281/71
f 95/288/72 92/287/72 91/286/72 96/285/72
o cube
v 0.1884653820509613 0.26530586845945137 -0.2589725846088701
v 0.059724932385227025 0.14817636475924112 -0.17695587276384733
v 0.1884653820509613 0.26530586845945137 -0.2589725846088701
v 0.059724932385227025 0.14817636475924112 -0.17695587276384733
v 0.18378069570740385 0.1481763647592409 0.017772669681275555
v 0.31252114537313813 0.26530586845945114 -0.06424404216374718
v 0.18378069570740385 0.1481763647592409 0.017772669681275555
v 0.31252114537313813 0.26530586845945114 -0.06424404216374718
vt 0 1
vt 0.1875 1
vt 0.1875 1
vt 0 1
vt 0 1
vt 0.15625 1
vt 0.15625 1
vt 0 1
vt 0 1
vt 0.1875 1
vt 0.1875 1
vt 0 1
vt 0 1
vt 0.15625 1
vt 0.15625 1
vt 0 1
vt 0 1
vt 0 1
vt 0 1
vt 0 1
vt 0.328125 0.5625
vt 0.671875 0.5625
vt 0.671875 0.28125
vt 0.328125 0.28125
vn -0.669107420708705 -0.608761429008726 0.426268439019121
vn -0.5372996083468219 0 -0.843391445812887
vn 0.669107420708705 0.608761429008726 -0.426268439019121
vn 0.5372996083468219 0 0.843391445812887
vn -0.5134241817667882 0.7933533402912311 0.3270872773830405
vn 0.5134241817667882 -0.7933533402912311 -0.3270872773830405
g Frond
f 100/292/73 103/291/73 101/290/73 98/289/73
f 99/296/74 100/295/74 98/294/74 97/293/74
f 104/300/75 99/299/75 97/298/75 102/297/75
f 103/304/76 104/303/76 102/302/76 101/301/76
f 102/308/77 97/307/77 98/306/77 101/305/77
f 103/312/78 100/311/78 99/310/78 104/309/78
o cube
v 0.05973003696748436 0.1481821587170371 -0.1769591247413973
v -0.04457754164588518 0.0007904200831754249 -0.1105078684299804
v 0.05973003696748436 0.1481821587170371 -0.1769591247413973
v -0.04457754164588518 0.0007904200831754249 -0.1105078684299804
v 0.0794782216762916 0.0007904200831753139 0.08422067401514255
v 0.18378580028966118 0.148182158717037 0.017769417703725643
v 0.0794782216762916 0.0007904200831753139 0.08422067401514255
v 0.18378580028966118 0.148182158717037 0.017769417703725643
vt 0 1
vt 0.1875 1
vt 0.1875 1
vt 0 1
vt 0 1
vt 0.15625 1
vt 0.15625 1
vt 0 1
vt 0 1
vt 0.1875 1
vt 0.1875 1
vt 0 1
vt 0 1
vt 0.15625 1
vt 0.15625 1
vt 0 1
vt 0 1
vt 0 1
vt 0 1
vt 0 1
vt 0.328125 0.28125
vt 0.671875 0.28125
vt 0.671875 0
vt 0.328125 0
vn -0.5421215714841362 -0.7660444431189825 0.3453695309347642
vn -0.5372996083468219 0 -0.8433914458128869
vn 0.5421215714841362 0.7660444431189825 -0.3453695309347642
vn 0.5372996083468219 0 0.8433914458128869
vn -0.6460753304390462 0.6427876096865343 0.4115953792640889
vn 0.6460753304390462 -0.6427876096865343 -0.4115953792640889
g Frond
f 108/316/79 111/315/79 109/314/79 106/313/79
f 107/320/80 108/319/80 106/318/80 105/317/80
f 112/324/81 107/323/81 105/322/81 110/321/81
f 111/328/82 112/327/82 110/326/82 109/325/82
f 110/332/83 105/331/83 106/330/83 109/329/83
f 111/336/84 108/335/84 107/334/84 112/333/84
o cube
v 0.36871443710600704 0.4446376319530654 -0.37380389712309153
v 0.1884664863624418 0.2653069193400004 -0.25897328813287296
v 0.36871443710600704 0.4446376319530654 -0.37380389712309153
v 0.1884664863624418 0.2653069193400004 -0.25897328813287296
v 0.3125222496846185 0.2653069193400003 -0.06424474568775002
v 0.49277020042818387 0.44463763195306516 -0.17907535467796853
v 0.3125222496846185 0.2653069193400003 -0.06424474568775002
v 0.49277020042818387 0.44463763195306516 -0.17907535467796853
vt 0 1
vt 0.1875 1
vt 0.1875 1
vt 0 1
vt 0 1
vt 0.15625 1
vt 0.15625 1
vt 0 1
vt 0 1
vt 0.1875 1
vt 0.1875 1
vt 0 1
vt 0 1
vt 0.15625 1
vt 0.15625 1
vt 0 1
vt 0 1
vt 0.0625 1
vt 0.0625 0.90625
vt 0 0.90625
vt 0.328125 1
vt 0.671875 1
vt 0.671875 0.5625
vt 0.328125 0.5625
vn -0.6460753304390394 -0.6427876096865445 0.41159537926408346
vn -0.5372996083468219 0 -0.843391445812887
vn 0.6460753304390394 0.6427876096865445 -0.41159537926408346
vn 0.5372996083468219 0 0.843391445812887
vn -0.5421215714841442 0.7660444431189737 0.3453695309347706
vn 0.5421215714841442 -0.7660444431189737 -0.3453695309347706
g Frond
f 116/340/85 119/339/85 117/338/85 114/337/85
f 115/344/86 116/343/86 114/342/86 113/341/86
f 120/348/87 115/347/87 113/346/87 118/345/87
f 119/352/88 120/351/88 118/350/88 117/349/88
f 118/356/89 113/355/89 114/354/89 117/353/89
f 119/360/90 116/359/90 115/358/90 120/357/90
o cube
v -0.17503079363849217 0.1637249551260268 0.33626640603694713
v -0.047183954852208776 0.09791814192427228 0.2084195672506638
v -0.17503079363849217 0.1637249551260268 0.33626640603694713
v -0.047183954852208776 0.09791814192427228 0.2084195672506638
v -0.2104460717934178 0.0979181419242724 0.04515745030945484
v -0.3382929105797011 0.16372495512602692 0.17300428909573817
v -0.2104460717934178 0.0979181419242724 0.04515745030945484
v -0.3382929105797011 0.16372495512602692 0.17300428909573817
vt 0 1
vt 0.1875 1
vt 0.1875 1
vt 0 1
vt 0 1
vt 0.15625 1
vt 0.15625 1
vt 0 1
vt 0 1
vt 0.1875 1
vt 0.1875 1
vt 0 1
vt 0 1
vt 0.15625 1
vt 0.15625 1
vt 0 1
vt 0 1
vt 0 1
vt 0 1
vt 0 1
vt 0.328125 0.5625
vt 0.671875 0.5625
vt 0.671875 0.28125
vt 0.328125 0.28125
vn 0.6644630243886746 -0.34202014332566916 -0.6644630243886748
vn 0.7071067811865476 0 0.7071067811865476
vn -0.6644630243886746 0.34202014332566916 0.6644630243886748
vn -0.7071067811865476 0 -0.7071067811865476
vn 0.2418447626479757 0.9396926207859082 -0.24184476264797536
vn -0.2418447626479757 -0.9396926207859082 0.24184476264797536
g Frond
f 124/364/91 127/363/91 125/362/91 122/361/91
f 123/368/92 124/367/92 122/366/92 121/365/92
f 128/372/93 123/371/93 121/370/93 126/369/93
f 127/376/94 128/375/94 126/374/94 125/373/94
f 126/380/95 121/379/95 122/378/95 125/377/95
f 127/384/96 124/383/96 123/382/96 128/381/96
o cube
v -0.04718926847560356 0.09792184771403778 0.20842488087405853
v 0.0675556255689953 -0.005457955054443353 0.09367998682945977
v -0.04718926847560356 0.09792184771403778 0.20842488087405853
v 0.0675556255689953 -0.005457955054443353 0.09367998682945977
v -0.09570649137221376 -0.0054579550544432975 -0.06958213011174924
v -0.21045138541681258 0.09792184771403778 0.04516276393284957
v -0.09570649137221376 -0.0054579550544432975 -0.06958213011174924
v -0.21045138541681258 0.09792184771403778 0.04516276393284957
vt 0 1
vt 0.1875 1
vt 0.1875 1
vt 0 1
vt 0 1
vt 0.15625 1
vt 0.15625 1
vt 0 1
vt 0 1
vt 0.1875 1
vt 0.1875 1
vt 0 1
vt 0 1
vt 0.15625 1
vt 0.15625 1
vt 0 1
vt 0 1
vt 0 1
vt 0 1
vt 0 1
vt 0.328125 0.28125
vt 0.671875 0.28125
vt 0.671875 0
vt 0.328125 0
vn 0.5963678105290179 -0.5372996083468241 -0.5963678105290181
vn 0.7071067811865475 0 0.7071067811865476
vn -0.5963678105290179 0.5372996083468241 0.5963678105290181
vn -0.7071067811865475 0 -0.7071067811865476
vn 0.3799281965909157 0.8433914458128855 -0.37992819659091537
vn -0.3799281965909157 -0.8433914458128855 0.37992819659091537
g Frond
f 132/388/97 135/387/97 133/386/97 130/385/97
f 131/392/98 132/391/98 130/390/98 129/389/98
f 136/396/99 131/395/99 129/394/99 134/393/99
f 135/400/100 136/399/100 134/398/100 133/397/100
f 134/404/101 129/403/101 130/402/101 133/401/101
f 135/408/102 132/407/102 131/406/102 136/405/102
o cube
v -0.3655675179679107 0.09151626288914227 0.5268031303663656
v -0.1750144445914084 0.1637239456394396 0.33625005698986343
v -0.3655675179679107 0.09151626288914227 0.5268031303663656
v -0.1750144445914084 0.1637239456394396 0.33625005698986343
v -0.33827656153261737 0.1637239456394397 0.17298794004865448
v -0.5288296349091197 0.09151626288914227 0.36354101342515666
v -0.33827656153261737 0.1637239456394397 0.17298794004865448
v -0.5288296349091197 0.09151626288914227 0.36354101342515666
vt 0 1
vt 0.1875 1
vt 0.1875 1
vt 0 1
vt 0 1
vt 0.15625 1
vt 0.15625 1
vt 0 1
vt 0 1
vt 0.1875 1
vt 0.1875 1
vt 0 1
vt 0 1
vt 0.15625 1
vt 0.15625 1
vt 0 1
vt 0 1
vt 0.0625 1
vt 0.0625 0.90625
vt 0 0.90625
vt 0.328125 1
vt 0.671875 1
vt 0.671875 0.5625
vt 0.328125 0.5625
vn 0.6830127018922194 0.2588190451025203 -0.6830127018922194
vn 0.7071067811865476 0 0.7071067811865476
vn -0.6830127018922194 -0.2588190451025203 0.6830127018922194
vn -0.7071067811865476 0 -0.7071067811865476
vn -0.1830127018922189 0.9659258262890683 0.18301270189221924
vn 0.1830127018922189 -0.9659258262890683 -0.18301270189221924
g Frond
f 140/412/103 143/411/103 141/410/103 138/409/103
f 139/416/104 140/415/104 138/414/104 137/413/104
f 144/420/105 139/419/105 137/418/105 142/417/105
f 143/424/106 144/423/106 142/422/106 141/421/106
f 142/428/107 137/427/107 138/426/107 141/425/107
f 143/432/108 140/431/108 139/430/108 144/429/108
o cube
v 0.03224827563639365 0.1637249551260297 -0.38154978550017343
v -0.03694193493076264 0.09791814192427384 -0.2145098407654955
v 0.03224827563639365 0.1637249551260297 -0.38154978550017343
v -0.03694193493076264 0.09791814192427384 -0.2145098407654955
v 0.17637030063193682 0.09791814192427362 -0.12615301977530047
v 0.24556051119909317 0.16372495512602947 -0.2931929645099784
v 0.17637030063193682 0.09791814192427362 -0.12615301977530047
v 0.24556051119909317 0.16372495512602947 -0.2931929645099784
vt 0 1
vt 0.1875 1
vt 0.1875 1
vt 0 1
vt 0 1
vt 0.15625 1
vt 0.15625 1
vt 0 1
vt 0 1
vt 0.1875 1
vt 0.1875 1
vt 0 1
vt 0 1
vt 0.15625 1
vt 0.15625 1
vt 0 1
vt 0 1
vt 0 1
vt 0 1
vt 0 1
vt 0.328125 0.5625
vt 0.671875 0.5625
vt 0.671875 0.28125
vt 0.328125 0.28125
vn -0.3596047974904992 -0.3420201433256762 0.8681627791959875
vn -0.9238795325112861 0 -0.38268343236509167
vn 0.3596047974904992 0.3420201433256762 -0.8681627791959875
vn 0.9238795325112861 0 0.38268343236509167
vn -0.13088544238586958 0.9396926207859059 0.3159854101251692
vn 0.13088544238586958 -0.9396926207859059 -0.3159854101251692
g Frond
f 148/436/109 151/435/109 149/434/109 146/433/109
f 147/440/110 148/439/110 146/438/110 145/437/110
f 152/444/111 147/443/111 145/442/111 150/441/111
f 151/448/112 152/447/112 150/446/112 149/445/112
f 150/452/113 145/451/113 146/450/113 149/449/113
f 151/456/114 148/455/114 147/454/114 152/453/114
o cube
v -0.03693905921850371 0.09792184771403933 -0.21451678334903246
v -0.09903854838712928 -0.0054579550544430755 -0.06459535438169661
v -0.03693905921850371 0.09792184771403933 -0.21451678334903246
v -0.09903854838712928 -0.0054579550544430755 -0.06459535438169661
v 0.11427368717557018 -0.0054579550544432975 0.023761466608498427
v 0.1763731763441958 0.09792184771403911 -0.12615996235883742
v 0.11427368717557018 -0.0054579550544432975 0.023761466608498427
v 0.1763731763441958 0.09792184771403911 -0.12615996235883742
vt 0 1
vt 0.1875 1
vt 0.1875 1
vt 0 1
vt 0 1
vt 0.15625 1
vt 0.15625 1
vt 0 1
vt 0 1
vt 0.1875 1
vt 0.1875 1
vt 0 1
vt 0 1
vt 0.15625 1
vt 0.15625 1
vt 0 1
vt 0 1
vt 0 1
vt 0 1
vt 0 1
vt 0.328125 0.28125
vt 0.671875 0.28125
vt 0.671875 0
vt 0.328125 0
vn -0.3227519333110312 -0.5372996083468304 0.7791920946816223
vn -0.9238795325112861 0 -0.38268343236509167
vn 0.3227519333110312 0.5372996083468304 -0.7791920946816223
vn 0.9238795325112861 0 0.38268343236509167
vn -0.2056156583305839 0.8433914458128815 0.49640011097796727
vn 0.2056156583305839 -0.8433914458128815 -0.49640011097796727
g Frond
f 156/460/115 159/459/115 157/458/115 154/457/115
f 155/464/116 156/463/116 154/462/116 153/461/116
f 160/468/117 155/467/117 153/466/117 158/465/117
f 159/472/118 160/471/118 158/470/118 157/469/118
f 158/476/119 153/475/119 154/474/119 157/473/119
f 159/480/120 156/479/120 155/478/120 160/477/120
o cube
v 0.13860017643783462 0.13940728189470597 -0.6383059867991684
v 0.03224195553327036 0.16372278085536407 -0.38153452742149735
v 0.13860017643783462 0.13940728189470597 -0.6383059867991684
v 0.03224195553327036 0.16372278085536407 -0.38153452742149735
v 0.24555419109596976 0.16372278085536385 -0.2931777064313023
v 0.351912412000534 0.13940728189470575 -0.5499491658089734
v 0.24555419109596976 0.16372278085536385 -0.2931777064313023
v 0.351912412000534 0.13940728189470575 -0.5499491658089734
vt 0 1
vt 0.1875 1
vt 0.1875 1
vt 0 1
vt 0 1
vt 0.15625 1
vt 0.15625 1
vt 0 1
vt 0 1
vt 0.1875 1
vt 0.1875 1
vt 0 1
vt 0 1
vt 0.15625 1
vt 0.15625 1
vt 0 1
vt 0 1
vt 0.0625 1
vt 0.0625 0.90625
vt 0 0.90625
vt 0.328125 1
vt 0.671875 1
vt 0.671875 0.5625
vt 0.328125 0.5625
vn -0.3812272063696556 0.08715574274765021 0.9203638919632242
vn -0.923879532511286 0 -0.3826834323650916
vn 0.3812272063696556 -0.08715574274765021 -0.9203638919632242
vn 0.923879532511286 0 0.3826834323650916
vn 0.03335305878500063 0.9961946980917462 -0.0805214068653728
vn -0.03335305878500063 -0.9961946980917462 0.0805214068653728
g Frond
f 164/484/121 167/483/121 165/482/121 162/481/121
f 163/488/122 164/487/122 162/486/122 161/485/122
f 168/492/123 163/491/123 161/490/123 166/489/123
f 167/496/124 168/495/124 166/494/124 165/493/124
f 166/500/125 161/499/125 162/498/125 165/497/125
f 167/504/126 164/503/126 163/502/126 168/501/126
o cube
v 0.37935732383265863 0.1637249551260277 -0.03617167879519051
v 0.20284033721783867 0.09791814192427284 -0.07530455259351104
v 0.37935732383265863 0.1637249551260277 -0.03617167879519051
v 0.20284033721783867 0.09791814192427284 -0.07530455259351104
v 0.15286713585470535 0.09791814192427273 0.15010999175039264
v 0.3293841224695253 0.16372495512602758 0.18924286554871317
v 0.15286713585470535 0.09791814192427273 0.15010999175039264
v 0.3293841224695253 0.16372495512602758 0.18924286554871317
vt 0 1
vt 0.1875 1
vt 0.1875 1
vt 0 1
vt 0 1
vt 0.15625 1
vt 0.15625 1
vt 0 1
vt 0 1
vt 0.1875 1
vt 0.1875 1
vt 0 1
vt 0 1
vt 0.15625 1
vt 0.15625 1
vt 0 1
vt 0 1
vt 0 1
vt 0 1
vt 0 1
vt 0.328125 0.5625
vt 0.671875 0.5625
vt 0.671875 0.28125
vt 0.328125 0.28125
vn -0.9174181535933478 -0.342020143325671 -0.20338670806338444
vn 0.21643961393810102 0 -0.9762960071199339
vn 0.9174181535933478 0.342020143325671 0.20338670806338444
vn -0.21643961393810102 0 0.9762960071199339
vn -0.3339129002834403 0.9396926207859077 -0.07402670778046186
vn 0.3339129002834403 -0.9396926207859077 0.07402670778046186
g Frond
f 172/508/127 175/507/127 173/506/127 170/505/127
f 171/512/128 172/511/128 170/510/128 169/509/128
f 176/516/129 171/515/129 169/514/129 174/513/129
f 175/520/130 176/519/130 174/518/130 173/517/130
f 174/524/131 169/523/131 170/522/131 173/521/131
f 175/528/132 172/527/132 171/526/132 176/525/132
o cube
v 0.20284767369012502 0.09792184771403822 -0.07530292613676248
v 0.044420424972243855 -0.005457955054443242 -0.11042540159472203
v 0.20284767369012502 0.09792184771403822 -0.07530292613676248
v 0.044420424972243855 -0.005457955054443242 -0.11042540159472203
v -0.0055527763908895245 -0.005457955054443353 0.1149891427491816
v 0.1528744723269917 0.09792184771403811 0.15011161820714114
v -0.0055527763908895245 -0.005457955054443353 0.1149891427491816
v 0.1528744723269917 0.09792184771403811 0.15011161820714114
vt 0 1
vt 0.1875 1
vt 0.1875 1
vt 0 1
vt 0 1
vt 0.15625 1
vt 0.15625 1
vt 0 1
vt 0 1
vt 0.1875 1
vt 0.1875 1
vt 0 1
vt 0 1
vt 0.15625 1
vt 0.15625 1
vt 0 1
vt 0 1
vt 0 1
vt 0 1
vt 0 1
vt 0.328125 0.28125
vt 0.671875 0.28125
vt 0.671875 0
vt 0.328125 0
vn -0.823399700986227 -0.5372996083468259 -0.18254331893043782
vn 0.21643961393810104 0 -0.9762960071199339
vn 0.823399700986227 0.5372996083468259 0.18254331893043782
vn -0.21643961393810104 0 0.9762960071199339
vn -0.5245634622561105 0.8433914458128845 -0.11629291979967957
vn 0.5245634622561105 -0.8433914458128845 0.11629291979967957
g Frond
f 180/532/133 183/531/133 181/530/133 178/529/133
f 179/536/134 180/535/134 178/534/134 177/533/134
f 184/540/135 179/539/135 177/538/135 182/537/135
f 183/544/136 184/543/136 182/542/136 181/541/136
f 182/548/137 177/547/137 178/546/137 181/545/137
f 183/552/138 180/551/138 179/550/138 184/549/138
o cube
v 0.6514595019437217 0.1515533390603273 0.024151921785550146
v 0.37934283570545524 0.16372267104820604 -0.03617489073566321
v 0.6514595019437217 0.1515533390603273 0.024151921785550146
v 0.37934283570545524 0.16372267104820604 -0.03617489073566321
v 0.3293696343423219 0.16372267104820593 0.18923965360824047
v 0.6014863005805884 0.1515533390603272 0.24956646612945388
v 0.3293696343423219 0.16372267104820593 0.18923965360824047
v 0.6014863005805884 0.1515533390603272 0.24956646612945388
vt 0 1
vt 0.1875 1
vt 0.1875 1
vt 0 1
vt 0 1
vt 0.15625 1
vt 0.15625 1
vt 0 1
vt 0 1
vt 0.1875 1
vt 0.1875 1
vt 0 1
vt 0 1
vt 0.15625 1
vt 0.15625 1
vt 0 1
vt 0 1
vt 0.0625 1
vt 0.0625 0.90625
vt 0 0.90625
vt 0.328125 1
vt 0.671875 1
vt 0.671875 0.5625
vt 0.328125 0.5625
vn -0.9753667896506387 0.04361938736533354 -0.21623361138472375
vn 0.216439613938101 0 -0.9762960071199338
vn 0.9753667896506387 -0.04361938736533354 0.21623361138472375
vn -0.216439613938101 0 0.9762960071199338
vn 0.04258543371779275 0.9990482215818579 0.009440963361569714
vn -0.04258543371779275 -0.9990482215818579 -0.009440963361569714
g Frond
f 188/556/139 191/555/139 189/554/139 186/553/139
f 187/560/140 188/559/140 186/558/140 185/557/140
f 192/564/141 187/563/141 185/562/141 190/561/141
f 191/568/142 192/567/142 190/566/142 189/565/142
f 190/572/143 185/571/143 186/570/143 189/569/143
f 191/576/144 188/575/144 187/574/144 192/573/144
o cube
v -0.3158823091949893 0.09821100202524913 -0.25188315877269274
v -0.20719922967462934 0.0648000073410212 -0.09666763538909517
v -0.3158823091949893 0.09821100202524913 -0.25188315877269274
v -0.20719922967462934 0.0648000073410212 -0.09666763538909517
v -0.01806726204885445 0.06480000734102109 -0.22909926483709692
v -0.1267503415692144 0.09821100202524902 -0.3843147882206944
v -0.01806726204885445 0.06480000734102109 -0.22909926483709692
v -0.1267503415692144 0.09821100202524902 -0.3843147882206944
vt 0 1
vt 0.1875 1
vt 0.1875 1
vt 0 1
vt 0 1
vt 0.15625 1
vt 0.15625 1
vt 0 1
vt 0 1
vt 0.1875 1
vt 0.1875 1
vt 0 1
vt 0 1
vt 0.15625 1
vt 0.15625 1
vt 0 1
vt 0 1
vt 0 1
vt 0 1
vt 0 1
vt 0.328125 0.5625
vt 0.671875 0.5625
vt 0.671875 0.28125
vt 0.328125 0.28125
vn 0.5648625214636215 -0.17364817766693105 0.8067072841116002
vn -0.8191520442889931 0 0.5735764363510442
vn -0.5648625214636215 0.17364817766693105 -0.8067072841116002
vn 0.8191520442889931 0 -0.5735764363510442
vn 0.09960050292505196 0.984807753012208 0.14224425972292434
vn -0.09960050292505196 -0.984807753012208 -0.14224425972292434
g Frond
f 196/580/145 199/579/145 197/578/145 194/577/145
f 195/584/146 196/583/146 194/582/146 193/581/146
f 200/588/147 195/587/147 193/586/147 198/585/147
f 199/592/148 200/591/148 198/590/148 197/589/148
f 198/596/149 193/595/149 194/594/149 197/593/149
f 199/600/150 196/599/150 195/598/150 200/597/150
o cube
v -0.20720384348808046 0.06480235193521777 -0.09667422459757885
v -0.10524478356797401 -0.008828332223277946 0.048938403596621716
v -0.20720384348808046 0.06480235193521777 -0.09667422459757885
v -0.10524478356797401 -0.008828332223277946 0.048938403596621716
v 0.08388718405780093 -0.008828332223278113 -0.08349322585137997
v -0.01807187586230552 0.06480235193521755 -0.2291058540455806
v 0.08388718405780093 -0.008828332223278113 -0.08349322585137997
v -0.01807187586230552 0.06480235193521755 -0.2291058540455806
vt 0 1
vt 0.1875 1
vt 0.1875 1
vt 0 1
vt 0 1
vt 0.15625 1
vt 0.15625 1
vt 0 1
vt 0 1
vt 0.1875 1
vt 0.1875 1
vt 0 1
vt 0 1
vt 0.15625 1
vt 0.15625 1
vt 0 1
vt 0 1
vt 0 1
vt 0 1
vt 0 1
vt 0.328125 0.28125
vt 0.671875 0.28125
vt 0.671875 0
vt 0.328125 0
vn 0.5299155298754922 -0.38268343236509045 0.7567978077333799
vn -0.8191520442889931 0 0.5735764363510443
vn -0.5299155298754922 0.38268343236509045 -0.7567978077333799
vn 0.8191520442889931 0 -0.5735764363510443
vn 0.21949819938655502 0.9238795325112865 0.31347591593739194
vn -0.21949819938655502 -0.9238795325112865 -0.31347591593739194
g Frond
f 204/604/151 207/603/151 205/602/151 202/601/151
f 203/608/152 204/607/152 202/606/152 201/605/152
f 208/612/153 203/611/153 201/610/153 206/609/153
f 207/616/154 208/615/154 206/614/154 205/613/154
f 206/620/155 201/619/155 202/618/155 205/617/155
f 207/624/156 204/623/156 203/622/156 208/621/156
o cube
v -0.47452814116375847 0.06179536662184415 -0.478452887476836
v -0.31587559547676364 0.09821074662101092 -0.251873570589391
v -0.47452814116375847 0.06179536662184415 -0.478452887476836
v -0.31587559547676364 0.09821074662101092 -0.251873570589391
v -0.12674362785098875 0.0982107466210107 -0.38430520003739277
v -0.2853961735379836 0.06179536662184393 -0.6108845169248377
v -0.12674362785098875 0.0982107466210107 -0.38430520003739277
v -0.2853961735379836 0.06179536662184393 -0.6108845169248377
vt 0 1
vt 0.1875 1
vt 0.1875 1
vt 0 1
vt 0 1
vt 0.15625 1
vt 0.15625 1
vt 0 1
vt 0 1
vt 0.1875 1
vt 0.1875 1
vt 0 1
vt 0 1
vt 0.15625 1
vt 0.15625 1
vt 0 1
vt 0 1
vt 0.0625 1
vt 0.0625 0.90625
vt 0 0.90625
vt 0.328125 1
vt 0.671875 1
vt 0.671875 0.5625
vt 0.328125 0.5625
vn 0.5686694104253455 0.1305261922200509 0.8121440849941742
vn -0.8191520442889931 0 0.5735764363510444
vn -0.5686694104253455 -0.1305261922200509 -0.8121440849941742
vn 0.8191520442889931 0 -0.5735764363510444
vn -0.07486674818404747 0.9914448613738107 -0.10692079719031322
vn 0.07486674818404747 -0.9914448613738107 0.10692079719031322
g Frond
f 212/628/157 215/627/157 213/626/157 210/625/157
f 211/632/158 212/631/158 210/630/158 209/629/158
f 216/636/159 211/635/159 209/634/159 214/633/159
f 215/640/160 216/639/160 214/638/160 213/637/160
f 214/644/161 209/643/161 210/642/161 213/641/161
f 215/648/162 212/647/162 211/646/162 216/645/162
