# Made in Blockbench 4.7.4

o cube
v 0 0.25905935260536406 0.11557697199779804
v 0.4834496880217968 0.6076514969204467 0.24245412152952095
v 0 0.25905935260536406 0.11557697199779804
v 0.4834496880217968 0.6076514969204467 0.24245412152952095
v 0.4834496789725503 0.7145327917097186 -0.05119982246607502
v 0 0.36594064739463594 -0.17807697199779804
v 0.4834496789725503 0.7145327917097186 -0.05119982246607502
v 0 0.36594064739463594 -0.17807697199779804
vt 0 1
vt 0.3125 1
vt 0.3125 1
vt 0 1
vt 0 1
vt 0.5625 1
vt 0.5625 1
vt 0 1
vt 0 1
vt 0.3125 1
vt 0.3125 1
vt 0 1
vt 0 1
vt 0.5625 1
vt 0.5625 1
vt 0 1
vt 0.28125 0.59375
vt 0.59375 0.59375
vt 0.59375 0
vt 0.28125 0
vt 0 1
vt 0.03125 1
vt 0.03125 0.59375
vt 0 0.59375
vn 0.7933533267645927 0.5720486470811613 0.20820865564180174
vn 0 -0.34202014332567005 0.9396926207859075
vn -0.7933533267645927 -0.5720486470811613 -0.20820865564180174
vn 0 0.34202014332567005 -0.9396926207859075
vn -0.6087614466369834 0.7455082608074178 0.27134283509307244
vn 0.6087614466369834 -0.7455082608074178 -0.27134283509307244
g 0
f 4/4/1 7/3/1 5/2/1 2/1/1
f 3/8/2 4/7/2 2/6/2 1/5/2
f 8/12/3 3/11/3 1/10/3 6/9/3
f 7/16/4 8/15/4 6/14/4 5/13/4
f 6/20/5 1/19/5 2/18/5 5/17/5
f 7/24/6 4/23/6 3/22/6 8/21/6
o cube
v -0.16919582777849718 0.4672701966505002 0.18334676276941975
v 0.03825784220488404 0.7178300897913172 0.6986336783656617
v -0.16919582777849718 0.4672701966505002 0.18334676276941975
v 0.03825784220488404 0.7178300897913172 0.6986336783656617
v 0.37088689963254473 0.7770528476106207 0.5359205101491278
v 0.16343322964916362 0.5264929544698038 0.020633594552885826
v 0.37088689963254473 0.7770528476106207 0.5359205101491278
v 0.16343322964916362 0.5264929544698038 0.020633594552885826
vt 0 1
vt 0.3125 1
vt 0.3125 1
vt 0 1
vt 0 1
vt 0.5625 1
vt 0.5625 1
vt 0 1
vt 0 1
vt 0.3125 1
vt 0.3125 1
vt 0 1
vt 0 1
vt 0.5625 1
vt 0.5625 1
vt 0 1
vt 0.28125 0.59375
vt 0.59375 0.59375
vt 0.59375 0
vt 0.28125 0
vt 0 1
vt 0.03125 1
vt 0.03125 0.59375
vt 0 0.59375
vn 0.3404367917676 0.4111752092567254 0.8455990409784485
vn -0.8870108198070954 -0.15792735418480952 0.4339017819107572
vn -0.3404367917676 -0.4111752092567254 -0.8455990409784485
vn 0.8870108198070954 0.15792735418480952 -0.4339017819107572
vn -0.31195287521696025 0.8977716291423303 -0.31095257765614004
vn 0.31195287521696025 -0.8977716291423303 0.31095257765614004
g 0
f 12/28/7 15/27/7 13/26/7 10/25/7
f 11/32/8 12/31/8 10/30/8 9/29/8
f 16/36/9 11/35/9 9/34/9 14/33/9
f 15/40/10 16/39/10 14/38/10 13/37/10
f 14/44/11 9/43/11 10/42/11 13/41/11
f 15/48/12 12/47/12 11/46/12 16/45/12
o cube
v 0.04343560261483026 0.5353744511666352 -0.12075217842409025
v -0.10666796092583508 1.1174443579170776 -0.02074500621667108
v 0.04343560261483026 0.5353744511666352 -0.12075217842409025
v -0.10666796092583508 1.1174443579170776 -0.02074500621667108
v -0.28591058987282825 1.0298923212763875 0.21980222583607512
v -0.13580702633216285 0.44782241452594496 0.11979505362865595
v -0.28591058987282825 1.0298923212763875 0.21980222583607512
v -0.13580702633216285 0.44782241452594496 0.11979505362865595
vt 0 1
vt 0.3125 1
vt 0.3125 1
vt 0 1
vt 0 1
vt 0.5625 1
vt 0.5625 1
vt 0 1
vt 0 1
vt 0.3125 1
vt 0.3125 1
vt 0 1
vt 0 1
vt 0.5625 1
vt 0.5625 1
vt 0 1
vt 0.28125 0.59375
vt 0.59375 0.59375
vt 0.59375 0
vt 0.28125 0
vt 0 1
vt 0.03125 1
vt 0.03125 0.59375
vt 0 0.59375
vn -0.2463237965795534 0.9551916418468804 0.16411433387884164
vn 0.5735764126303782 0.28016651725020897 -0.769751142568788
vn 0.2463237965795534 -0.9551916418468804 -0.16411433387884164
vn -0.5735764126303782 -0.28016651725020897 0.769751142568788
vn 0.7812391990374657 0.09547591297154281 0.6168870755085971
vn -0.7812391990374657 -0.09547591297154281 -0.6168870755085971
g 0
f 20/52/13 23/51/13 21/50/13 18/49/13
f 19/56/14 20/55/14 18/54/14 17/53/14
f 24/60/15 19/59/15 17/58/15 22/57/15
f 23/64/16 24/63/16 22/62/16 21/61/16
f 22/68/17 17/67/17 18/66/17 21/65/17
f 23/72/18 20/71/18 19/70/18 24/69/18
o cube
v -0.0122368332121785 0.3442900727720424 -0.1185925078989925
v -0.41198596403158727 0.6734722601529093 0.057225538800642406
v -0.0122368332121785 0.3442900727720424 -0.1185925078989925
v -0.41198596403158727 0.6734722601529093 0.057225538800642406
v -0.37935440879911125 0.588698732760796 0.2901388931979557
v 0.020394722020297462 0.2595165453799293 0.11432084649832086
v -0.37935440879911125 0.588698732760796 0.2901388931979557
v 0.020394722020297462 0.2595165453799293 0.11432084649832086
vt 0 1
vt 0.3125 1
vt 0.3125 1
vt 0 1
vt 0 1
vt 0.5625 1
vt 0.5625 1
vt 0 1
vt 0 1
vt 0.3125 1
vt 0.3125 1
vt 0 1
vt 0 1
vt 0.5625 1
vt 0.5625 1
vt 0 1
vt 0.28125 0.59375
vt 0.59375 0.59375
vt 0.59375 0
vt 0.28125 0
vt 0 1
vt 0.03125 1
vt 0.03125 0.59375
vt 0 0.59375
vn -0.7309698392126336 0.6019331426392994 0.3214958568221895
vn -0.13052622092990412 0.3390941095684527 -0.9316534175892537
vn 0.7309698392126336 -0.6019331426392994 -0.3214958568221895
vn 0.13052622092990412 -0.3390941095684527 0.9316534175892537
vn 0.6698104207992102 0.7229741880927391 0.16929950838803423
vn -0.6698104207992102 -0.7229741880927391 -0.16929950838803423
g 0
f 28/76/19 31/75/19 29/74/19 26/73/19
f 27/80/20 28/79/20 26/78/20 25/77/20
f 32/84/21 27/83/21 25/82/21 30/81/21
f 31/88/22 32/87/22 30/86/22 29/85/22
f 30/92/23 25/91/23 26/90/23 29/89/23
f 31/96/24 28/95/24 27/94/24 32/93/24
o cube
v 0.1556554219711821 0.3078423454751005 -0.018453189252789937
v 0.19391615129714435 0.6497758490482981 -0.3593882803634049
v 0.1556554219711821 0.3078423454751005 -0.018453189252789937
v 0.19391615129714435 0.6497758490482981 -0.3593882803634049
v -0.11739469264521996 0.6590911580980972 -0.38498190185782505
v -0.1556554219711821 0.3171576545248995 -0.04404681074721006
v -0.11739469264521996 0.6590911580980972 -0.38498190185782505
v -0.1556554219711821 0.3171576545248995 -0.04404681074721006
vt 0 1
vt 0.3125 1
vt 0.3125 1
vt 0 1
vt 0 1
vt 0.5625 1
vt 0.5625 1
vt 0 1
vt 0 1
vt 0.3125 1
vt 0.3125 1
vt 0 1
vt 0 1
vt 0.5625 1
vt 0.5625 1
vt 0 1
vt 0.28125 0.59375
vt 0.59375 0.59375
vt 0.59375 0
vt 0.28125 0
vt 0 1
vt 0.03125 1
vt 0.03125 0.59375
vt 0 0.59375
vn 0.07898989280198647 0.7059272331833759 -0.7038659945509474
vn 0.9961947006155657 -0.029808988959357286 0.08189958878214433
vn -0.07898989280198647 -0.7059272331833759 0.7038659945509474
vn -0.9961947006155657 0.029808988959357286 -0.08189958878214433
vn -0.0368336164473991 0.7076568134535868 0.7055955775599232
vn 0.0368336164473991 -0.7076568134535868 -0.7055955775599232
g 0
f 36/100/25 39/99/25 37/98/25 34/97/25
f 35/104/26 36/103/26 34/102/26 33/101/26
f 40/108/27 35/107/27 33/106/27 38/105/27
f 39/112/28 40/111/28 38/110/28 37/109/28
f 38/116/29 33/115/29 34/114/29 37/113/29
f 39/120/30 36/119/30 35/118/30 40/117/30
o cube
v 0.0011857878561162272 0.49173044027506807 0.12687637172832855
v 0.0011857878561162272 0.49173044027506807 0.12687637172832855
v 0.0010643872678092192 0.288987867014307 0.00928778863242552
v 0.0010643872678092192 0.288987867014307 0.00928778863242552
v -0.00023339516762943546 0.5230799509226589 0.07282598688509445
v -0.00023339516762943546 0.5230799509226589 0.07282598688509445
v -0.0003547957559363879 0.3203373776618976 -0.044762596210808525
v -0.0003547957559363879 0.3203373776618976 -0.044762596210808525
vt 0 1
vt 0.0625 1
vt 0.0625 0.75
vt 0 0.75
vt 0 1
vt 0 1
vt 0 0.75
vt 0 0.75
vt 0.46875 0.25
vt 0.53125 0.25
vt 0.53125 0
vt 0.46875 0
vt 0 1
vt 0 1
vt 0 0.75
vt 0 0.75
vt 0 1
vt 0.0625 1
vt 0.0625 1
vt 0 1
vt 0 1
vt 0.0625 1
vt 0.0625 1
vt 0 1
vn 0.9997420302780986 0.01094437358235784 -0.019902099947378578
vn 0.02270692837992993 -0.501592170361451 0.8648061574917456
vn -0.9997420302780986 -0.01094437358235784 0.019902099947378578
vn -0.02270692837992993 0.501592170361451 -0.8648061574917456
vn 0.0005179758434431405 0.865034979245914 0.5017112878758527
vn -0.0005179758434431405 -0.865034979245914 -0.5017112878758527
g Stem
f 44/124/31 47/123/31 45/122/31 42/121/31
f 43/128/32 44/127/32 42/126/32 41/125/32
f 48/132/33 43/131/33 41/130/33 46/129/33
f 47/136/34 48/135/34 46/134/34 45/133/34
f 46/140/35 41/139/35 42/138/35 45/137/35
f 47/144/36 44/143/36 43/142/36 48/141/36
o cube
v -0.045585969531017345 0.5101856470335617 0.01670138776760466
v -0.045585969531017345 0.5101856470335617 0.01670138776760466
v 0.0004919813767793046 0.3123588959829391 0.015622205719181492
v 0.0004919813767793046 0.3123588959829391 0.015622205719181492
v -0.04624194470005644 0.5103737857229764 -0.04579488652463731
v -0.04624194470005644 0.5103737857229764 -0.04579488652463731
v -0.00016399379225978672 0.31254703467235356 -0.04687406857306048
v -0.00016399379225978672 0.31254703467235356 -0.04687406857306048
vt 0 1
vt 0.0625 1
vt 0.0625 0.75
vt 0 0.75
vt 0 1
vt 0 1
vt 0 0.75
vt 0 0.75
vt 0.46875 0.25
vt 0.53125 0.25
vt 0.53125 0
vt 0.46875 0
vt 0 1
vt 0 1
vt 0 0.75
vt 0 0.75
vt 0 1
vt 0.0625 1
vt 0.0625 1
vt 0 1
vt 0 1
vt 0.0625 1
vt 0.0625 1
vt 0 1
vn 0.9738742494049689 0.22688753627646116 -0.009538984658012834
vn 0.010495602704624898 -0.0030102190306328944 0.9999403886758723
vn -0.9738742494049689 -0.22688753627646116 0.009538984658012834
vn -0.010495602704624898 0.0030102190306328944 -0.9999403886758723
vn -0.2268452967768451 0.9739163128646041 0.005312896238390987
vn 0.2268452967768451 -0.9739163128646041 -0.005312896238390987
g Stem
f 52/148/37 55/147/37 53/146/37 50/145/37
f 51/152/38 52/151/38 50/150/38 49/149/38
f 56/156/39 51/155/39 49/154/39 54/153/39
f 55/160/40 56/159/40 54/158/40 53/157/40
f 54/164/41 49/163/41 50/162/41 53/161/41
f 55/168/42 52/167/42 51/166/42 56/165/42
o cube
v 0.061342371562753906 0.808136805765808 0.10530649552959293
v 0.061342371562753906 0.808136805765808 0.10530649552959293
v -0.0004916107821994475 0.3042800334651885 0.014896030100165714
v -0.0004916107821994475 0.3042800334651885 0.014896030100165714
v 0.061997852605686465 0.8190967611455566 0.04377845539603864
v 0.061997852605686465 0.8190967611455566 0.04377845539603864
v 0.00016387026073316768 0.3152399888449371 -0.04663201003338857
v 0.00016387026073316768 0.3152399888449371 -0.04663201003338857
vt 0 1
vt 0.0625 1
vt 0.0625 0.75
vt 0 0.75
vt 0 1
vt 0 1
vt 0 0.75
vt 0 0.75
vt 0.46875 0.5
vt 0.53125 0.5
vt 0.53125 0
vt 0.46875 0
vt 0 1
vt 0 1
vt 0 0.75
vt 0 0.75
vt 0 1
vt 0.0625 1
vt 0.0625 1
vt 0 1
vt 0 1
vt 0.0625 1
vt 0.0625 1
vt 0 1
vn 0.9927281066556355 -0.11989445332586988 -0.010780831025853557
vn -0.010487696686921063 -0.17535928607597892 0.9844486421368697
vn -0.9927281066556355 0.11989445332586988 0.010780831025853557
vn 0.010487696686921063 0.17535928607597892 -0.9844486421368697
vn 0.11992045060839442 0.9771767705224136 0.17534150871161627
vn -0.11992045060839442 -0.9771767705224136 -0.17534150871161627
g Stem
f 60/172/43 63/171/43 61/170/43 58/169/43
f 59/176/44 60/175/44 58/174/44 57/173/44
f 64/180/45 59/179/45 57/178/45 62/177/45
f 63/184/46 64/183/46 62/182/46 61/181/46
f 62/188/47 57/187/47 58/186/47 61/185/47
f 63/192/48 60/191/48 59/190/48 64/189/48
o cube
v 0.09990489393431001 1.1312354571585712 0.06304293011538731
v 0.09990489393431001 1.1312354571585712 0.06304293011538731
v 0.061342371562753906 0.808136805765808 0.10530649552959304
v 0.061342371562753906 0.808136805765808 0.10530649552959304
v 0.09827623887977954 1.1233229822563726 0.0010672072584860803
v 0.09827623887977954 1.1233229822563726 0.0010672072584860803
v 0.059713716508223436 0.8002243308636094 0.04333077267269181
v 0.059713716508223436 0.8002243308636094 0.04333077267269181
vt 0 1
vt 0.0625 1
vt 0.0625 0.75
vt 0 0.75
vt 0 1
vt 0 1
vt 0 0.75
vt 0 0.75
vt 0.46875 1
vt 0.53125 1
vt 0.53125 0.59375
vt 0.46875 0.59375
vt 0 1
vt 0 1
vt 0 0.75
vt 0 0.75
vt 0 1
vt 0.0625 1
vt 0.0625 1
vt 0 1
vt 0 1
vt 0.0625 1
vt 0.0625 1
vt 0 1
vn 0.9927281066556355 -0.11989445332586987 -0.010780831025853529
vn 0.02605848087248728 0.12659959843517749 0.9916115657104199
vn -0.9927281066556355 0.11989445332586987 0.010780831025853529
vn -0.02605848087248728 -0.12659959843517749 -0.9916115657104199
vn 0.11752387770379016 0.9846816042446119 -0.12880324697662715
vn -0.11752387770379016 -0.9846816042446119 0.12880324697662715
g Stem
f 68/196/49 71/195/49 69/194/49 66/193/49
f 67/200/50 68/199/50 66/198/50 65/197/50
f 72/204/51 67/203/51 65/202/51 70/201/51
f 71/208/52 72/207/52 70/206/52 69/205/52
f 70/212/53 65/211/53 66/210/53 69/209/53
f 71/216/54 68/215/54 67/214/54 72/213/54
o cube
v 0.10072907038417567 1.2648480403702251 -0.06908982289671639
v 0.10072907038417567 1.2648480403702251 -0.06908982289671639
v 0.09435430895639829 1.1319684717118241 0.06304129626109678
v 0.09435430895639829 1.1319684717118241 0.06304129626109678
v 0.09496547122313137 1.221105890694186 -0.11335781659904942
v 0.09496547122313137 1.221105890694186 -0.11335781659904942
v 0.088590709795354 1.088226322035785 0.01877330255876375
v 0.088590709795354 1.088226322035785 0.01877330255876375
vt 0 1
vt 0.0625 1
vt 0.0625 0.75
vt 0 0.75
vt 0 1
vt 0 1
vt 0 0.75
vt 0 0.75
vt 0.46875 0.75
vt 0.53125 0.75
vt 0.53125 0.46875
vt 0.46875 0.46875
vt 0 1
vt 0 1
vt 0 0.75
vt 0 0.75
vt 0 1
vt 0.0625 1
vt 0.0625 1
vt 0 1
vt 0 1
vt 0.0625 1
vt 0.0625 1
vt 0 1
vn 0.9951582804994095 -0.08906655626790697 -0.04155893776355044
vn 0.09221758657670832 0.6998743948166262 0.708287899237329
vn -0.9951582804994095 0.08906655626790697 0.04155893776355044
vn -0.09221758657670832 -0.6998743948166262 -0.708287899237329
vn 0.03399872761481249 0.7086910328448054 -0.7046993021750035
vn -0.03399872761481249 -0.7086910328448054 0.7046993021750035
g Stem
f 76/220/55 79/219/55 77/218/55 74/217/55
f 75/224/56 76/223/56 74/222/56 73/221/56
f 80/228/57 75/227/57 73/226/57 78/225/57
f 79/232/58 80/231/58 78/230/58 77/229/58
f 78/236/59 73/235/59 74/234/59 77/233/59
f 79/240/60 76/239/60 75/238/60 80/237/60
o cube
v -0.02745102998846094 1.283320069787003 -0.3115950783656571
v 0.22073099667544793 1.2533464564555354 -0.31429028612212045
v -0.028762744522322303 1.2501779370834416 -0.06380508977684995
v 0.21941928214158657 1.2202043237519742 -0.06650029753331332
v 0.22073099667544793 1.2533464564555354 -0.31429028612212045
v -0.02745102998846094 1.283320069787003 -0.3115950783656571
v 0.21941928214158657 1.2202043237519742 -0.06650029753331332
v -0.028762744522322303 1.2501779370834416 -0.06380508977684995
vt 0.28125 1
vt 0.34375 1
vt 0.34375 0.75
vt 0.28125 0.75
vt 0.28125 0
vt 0.71875 0
vt 0.71875 0.4375
vt 0.28125 0.4375
vt 0.1875 1
vt 0.25 1
vt 0.25 0.71875
vt 0.1875 0.71875
vt 0 1
vt 0 1
vt 0 0.75
vt 0 0.75
vt 0.5625 0.9375
vt 1 0.9375
vt 1 0.5
vt 0.5625 0.5
vt 0.03125 0.59375
vt 0.15625 0.59375
vt 0.15625 0.8125
vt 0.03125 0.8125
vn 0.9927281066556355 -0.11989445332586983 -0.010780831025853381
vn 0.1202637798159683 0.9838957793889774 0.132233575785173
vn -0.9927281066556355 0.11989445332586983 0.010780831025853381
vn -0.1202637798159683 -0.9838957793889774 -0.132233575785173
vn 0.005246858135445435 0.13256853081424594 -0.9911599543552286
vn -0.005246858135445435 -0.13256853081424594 0.9911599543552286
g Crown
f 84/244/61 87/243/61 85/242/61 82/241/61
f 83/248/62 84/247/62 82/246/62 81/245/62
f 88/252/63 83/251/63 81/250/63 86/249/63
f 87/256/64 88/255/64 86/254/64 85/253/64
f 86/260/65 81/259/65 82/258/65 85/257/65
f 87/264/66 84/263/66 83/262/66 88/261/66
o cube
v 0.21437282144429515 1.2728044573005655 -0.15878521886597818
v 0.21437282144429515 1.2728044573005655 -0.15878521886597818
v 0.27912327196117004 1.0315290592119866 -0.14911250285342376
v 0.27912327196117004 1.0315290592119866 -0.14911250285342376
v 0.21363524475339513 1.2694774702686573 -0.2368358611625958
v 0.21363524475339513 1.2694774702686573 -0.2368358611625958
v 0.27838569527027013 1.0282020721800784 -0.22716314515004138
v 0.27838569527027013 1.0282020721800784 -0.22716314515004138
vt 0 1
vt 0.078125 1
vt 0.078125 0.75
vt 0 0.75
vt 0 1
vt 0 1
vt 0 0.75
vt 0 0.75
vt 0.3125 1
vt 0.625 1
vt 0.625 0
vt 0.3125 0
vt 0 1
vt 0 1
vt 0 0.75
vt 0 0.75
vt 0 1
vt 0.078125 1
vt 0.078125 1
vt 0 1
vt 0 1
vt 0.078125 1
vt 0.078125 1
vt 0 1
vn 0.9658306965464467 0.2583900099568072 -0.020141210567557317
vn 0.009440981643519853 0.04258543400842408 0.9990482213967056
vn -0.9658306965464467 -0.2583900099568072 0.020141210567557317
vn -0.009440981643519853 -0.04258543400842408 -0.9990482213967056
vn -0.2590018020674996 0.9651015923543155 -0.038690864050217974
vn 0.2590018020674996 -0.9651015923543155 0.038690864050217974
g Flower
f 92/268/67 95/267/67 93/266/67 90/265/67
f 91/272/68 92/271/68 90/270/68 89/269/68
f 96/276/69 91/275/69 89/274/69 94/273/69
f 95/280/70 96/279/70 94/278/70 93/277/70
f 94/284/71 89/283/71 90/282/71 93/281/71
f 95/288/72 92/287/72 91/286/72 96/285/72
o cube
v -0.02110330708835545 1.285579226232043 -0.2734347355502192
v -0.02110330708835545 1.285579226232043 -0.2734347355502192
v -0.04979347130981393 1.037344565249453 -0.28094656380999666
v -0.04979347130981393 1.037344565249453 -0.28094656380999666
v -0.053418701936881585 1.2871622564771548 -0.2023240830709534
v -0.053418701936881585 1.2871622564771548 -0.2023240830709534
v -0.08210886615834007 1.038927595494565 -0.20983591133073087
v -0.08210886615834007 1.038927595494565 -0.20983591133073087
vt 0 1
vt 0.078125 1
vt 0.078125 0.75
vt 0 0.75
vt 0 1
vt 0 1
vt 0 0.75
vt 0 0.75
vt 0.3125 1
vt 0.625 1
vt 0.625 0
vt 0.3125 0
vt 0 1
vt 0 1
vt 0 0.75
vt 0 0.75
vt 0 1
vt 0.078125 1
vt 0.078125 1
vt 0 1
vt 0 1
vt 0.078125 1
vt 0.078125 1
vt 0 1
vn -0.9031801476664321 0.11688570848124051 -0.41304158630104104
vn 0.4136370540611343 -0.020262787137431612 -0.9102163517346024
vn 0.9031801476664321 -0.11688570848124051 0.41304158630104104
vn -0.4136370540611343 0.020262787137431612 0.9102163517346024
vn 0.1147606568858341 0.9929386439303598 0.03004731303910974
vn -0.1147606568858341 -0.9929386439303598 -0.03004731303910974
g Flower
f 100/292/73 103/291/73 101/290/73 98/289/73
f 99/296/74 100/295/74 98/294/74 97/293/74
f 104/300/75 99/299/75 97/298/75 102/297/75
f 103/304/76 104/303/76 102/302/76 101/301/76
f 102/308/77 97/307/77 98/306/77 101/305/77
f 103/312/78 100/311/78 99/310/78 104/309/78
o cube
v 0.03228223753484716 1.2676372973357428 -0.3215364791208072
v 0.03228223753484716 1.2676372973357428 -0.3215364791208072
v -0.0012567826475536892 1.022674605786376 -0.3585285576524909
v -0.0012567826475536892 1.022674605786376 -0.3585285576524909
v -0.02476136141494567 1.2673863604898956 -0.26815595388402635
v -0.02476136141494567 1.2673863604898956 -0.26815595388402635
v -0.05830038159734652 1.0224236689405288 -0.3051480324157101
v -0.05830038159734652 1.0224236689405288 -0.3051480324157101
vt 0 1
vt 0.078125 1
vt 0.078125 0.75
vt 0 0.75
vt 0 1
vt 0 1
vt 0 0.75
vt 0 0.75
vt 0.3125 1
vt 0.625 1
vt 0.625 0
vt 0.3125 0
vt 0 1
vt 0 1
vt 0 0.75
vt 0 0.75
vt 0 1
vt 0.078125 1
vt 0.078125 1
vt 0 1
vt 0 1
vt 0.078125 1
vt 0.078125 1
vt 0 1
vn -0.6699786144680352 0.19970518043362076 -0.7150150327534849
vn 0.7301580665573477 0.0032119916268442965 -0.6832707230307946
vn 0.6699786144680352 -0.19970518043362076 0.7150150327534849
vn -0.7301580665573477 -0.0032119916268442965 0.6832707230307946
vn 0.13415608072960342 0.9798507661974677 0.14796831412673472
vn -0.13415608072960342 -0.9798507661974677 -0.14796831412673472
g Flower
f 108/316/79 111/315/79 109/314/79 106/313/79
f 107/320/80 108/319/80 106/318/80 105/317/80
f 112/324/81 107/323/81 105/322/81 110/321/81
f 111/328/82 112/327/82 110/326/82 109/325/82
f 110/332/83 105/331/83 106/330/83 109/329/83
f 111/336/84 108/335/84 107/334/84 112/333/84
o cube
v -0.043956582352851825 1.275090086658701 -0.19172609936246443
v -0.043956582352851825 1.275090086658701 -0.19172609936246443
v -0.05470994421597036 1.0256412738221097 -0.1790906340739986
v -0.05470994421597036 1.0256412738221097 -0.1790906340739986
v -0.02634378148652783 1.2781830722995138 -0.11567520646521473
v -0.02634378148652783 1.2781830722995138 -0.11567520646521473
v -0.03709714334964642 1.0287342594629225 -0.10303974117674891
v -0.03709714334964642 1.0287342594629225 -0.10303974117674891
vt 0 1
vt 0.078125 1
vt 0.078125 0.75
vt 0 0.75
vt 0 1
vt 0 1
vt 0 0.75
vt 0 0.75
vt 0.3125 1
vt 0.625 1
vt 0.625 0
vt 0.3125 0
vt 0 1
vt 0 1
vt 0 0.75
vt 0 0.75
vt 0 1
vt 0.078125 1
vt 0.078125 1
vt 0 1
vt 0 1
vt 0.078125 1
vt 0.078125 1
vt 0 1
vn -0.9733061765674962 0.05326585371220459 0.22324389237753403
vn -0.22544385108894682 -0.03959021620240508 -0.9734514290847962
vn 0.9733061765674962 -0.05326585371220459 -0.22324389237753403
vn 0.22544385108894682 0.03959021620240508 0.9734514290847962
vn 0.043013447452474284 0.9977952513463657 -0.050541861153863415
vn -0.043013447452474284 -0.9977952513463657 0.050541861153863415
g Flower
f 116/340/85 119/339/85 117/338/85 114/337/85
f 115/344/86 116/343/86 114/342/86 113/341/86
f 120/348/87 115/347/87 113/346/87 118/345/87
f 119/352/88 120/351/88 118/350/88 117/349/88
f 118/356/89 113/355/89 114/354/89 117/353/89
f 119/360/90 116/359/90 115/358/90 120/357/90
o cube
v -0.014146878370088267 1.282107342396656 -0.12373856152744728
v -0.014146878370088267 1.282107342396656 -0.12373856152744728
v -0.027112184006486795 1.03459969319465 -0.09099922072388994
v -0.027112184006486795 1.03459969319465 -0.09099922072388994
v 0.039124355652190856 1.2868498149142846 -0.06678945964547639
v 0.039124355652190856 1.2868498149142846 -0.06678945964547639
v 0.02615905001579233 1.0393421657122786 -0.03405011884191905
v 0.02615905001579233 1.0393421657122786 -0.03405011884191905
vt 0 1
vt 0.078125 1
vt 0.078125 0.75
vt 0 0.75
vt 0 1
vt 0 1
vt 0 0.75
vt 0 0.75
vt 0.3125 1
vt 0.625 1
vt 0.625 0
vt 0.3125 0
vt 0 1
vt 0 1
vt 0 0.75
vt 0 0.75
vt 0 1
vt 0.078125 1
vt 0.078125 1
vt 0 1
vt 0 1
vt 0.078125 1
vt 0.078125 1
vt 0 1
vn -0.72963091225489 0.12710029298173986 0.6719257752207851
vn -0.6818717954851727 -0.06070364822564724 -0.7289485040892283
vn 0.72963091225489 -0.12710029298173986 -0.6719257752207851
vn 0.6818717954851727 0.06070364822564724 0.7289485040892283
vn 0.05186122254559403 0.9900305968080243 -0.13095736321422957
vn -0.05186122254559403 -0.9900305968080243 0.13095736321422957
g Flower
f 124/364/91 127/363/91 125/362/91 122/361/91
f 123/368/92 124/367/92 122/366/92 121/365/92
f 128/372/93 123/371/93 121/370/93 126/369/93
f 127/376/94 128/375/94 126/374/94 125/373/94
f 126/380/95 121/379/95 122/378/95 125/377/95
f 127/384/96 124/383/96 123/382/96 128/381/96
o cube
v 0.17655309815493703 1.2974952438531 -0.054331542490554
v 0.17655309815493703 1.2974952438531 -0.054331542490554
v 0.19477041272323614 1.051755470678133 -0.012140390220969466
v 0.19477041272323614 1.051755470678133 -0.012140390220969466
v 0.2525899209798883 1.300083797795164 -0.07208588247197756
v 0.2525899209798883 1.300083797795164 -0.07208588247197756
v 0.27080723554818764 1.0543440246201967 -0.029894730202393027
v 0.27080723554818764 1.0543440246201967 -0.029894730202393027
vt 0 1
vt 0.078125 1
vt 0.078125 0.75
vt 0 0.75
vt 0 1
vt 0 1
vt 0 0.75
vt 0 0.75
vt 0.3125 1
vt 0.625 1
vt 0.625 0
vt 0.3125 0
vt 0 1
vt 0 1
vt 0 0.75
vt 0 0.75
vt 0 1
vt 0.078125 1
vt 0.078125 1
vt 0 1
vt 0 1
vt 0.078125 1
vt 0.078125 1
vt 0 1
vn 0.2177911504065861 0.18081369939441003 0.9591003184838821
vn -0.9732713321593779 -0.033133490458418215 0.2272555517622219
vn -0.2177911504065861 -0.18081369939441003 -0.9591003184838821
vn 0.9732713321593779 0.033133490458418215 -0.2272555517622219
vn -0.07286925827319668 0.982959092699869 -0.1687646090783382
vn 0.07286925827319668 -0.982959092699869 0.1687646090783382
g Flower
f 132/388/97 135/387/97 133/386/97 130/385/97
f 131/392/98 132/391/98 130/390/98 129/389/98
f 136/396/99 131/395/99 129/394/99 134/393/99
f 135/400/100 136/399/100 134/398/100 133/397/100
f 134/404/101 129/403/101 130/402/101 133/401/101
f 135/408/102 132/407/102 131/406/102 136/405/102
o cube
v 0.15389541166883935 1.2452359076080917 -0.31553967110183345
v 0.15389541166883935 1.2452359076080917 -0.31553967110183345
v 0.16616582849501094 0.9977244606314699 -0.3485172466108199
v 0.16616582849501094 0.9977244606314699 -0.3485172466108199
v 0.07589104520882572 1.2417050339859377 -0.3180630358468305
v 0.07589104520882572 1.2417050339859377 -0.3180630358468305
v 0.08816146203499742 0.9941935870093157 -0.35104061135581693
v 0.08816146203499742 0.9941935870093157 -0.35104061135581693
vt 0 1
vt 0.078125 1
vt 0.078125 0.75
vt 0 0.75
vt 0 1
vt 0 1
vt 0 0.75
vt 0 0.75
vt 0.3125 1
vt 0.625 1
vt 0.625 0
vt 0.3125 0
vt 0 1
vt 0 1
vt 0 0.75
vt 0 0.75
vt 0 1
vt 0.078125 1
vt 0.078125 1
vt 0 1
vt 0 1
vt 0.078125 1
vt 0.078125 1
vt 0 1
vn 0.0260158467991927 0.13329191025619586 -0.9907353038907896
vn 0.9984558906881731 0.04519518236357279 0.03229906873596192
vn -0.0260158467991927 -0.13329191025619586 0.9907353038907896
vn -0.9984558906881731 -0.04519518236357279 -0.03229906873596192
vn -0.049081667304686404 0.9900457879064876 0.13191030203594561
vn 0.049081667304686404 -0.9900457879064876 -0.13191030203594561
g Flower
f 140/412/103 143/411/103 141/410/103 138/409/103
f 139/416/104 140/415/104 138/414/104 137/413/104
f 144/420/105 139/419/105 137/418/105 142/417/105
f 143/424/106 144/423/106 142/422/106 141/421/106
f 142/428/107 137/427/107 138/426/107 141/425/107
f 143/432/108 140/431/108 139/430/108 144/429/108
o cube
v 0.2160140252122944 1.2682691309656424 -0.26408807305885257
v 0.2160140252122944 1.2682691309656424 -0.26408807305885257
v 0.2597608830712147 1.022776757802076 -0.2819684294868368
v 0.2597608830712147 1.022776757802076 -0.2819684294868368
v 0.1652817004401692 1.2635421179424877 -0.3233113978227878
v 0.1652817004401692 1.2635421179424877 -0.3233113978227878
v 0.2090285582990895 1.0180497447789216 -0.34119175425077203
v 0.2090285582990895 1.0180497447789216 -0.34119175425077203
vt 0 1
vt 0.078125 1
vt 0.078125 0.75
vt 0 0.75
vt 0 1
vt 0 1
vt 0 0.75
vt 0 0.75
vt 0.3125 1
vt 0.625 1
vt 0.625 0
vt 0.3125 0
vt 0 1
vt 0 1
vt 0 0.75
vt 0 0.75
vt 0 1
vt 0.078125 1
vt 0.078125 1
vt 0 1
vt 0 1
vt 0.078125 1
vt 0.078125 1
vt 0 1
vn 0.740062917900356 0.17909485668999178 -0.6482529674872319
vn 0.6493737570832021 0.06050576669637912 0.758058556978371
vn -0.740062917900356 -0.17909485668999178 0.6482529674872319
vn -0.6493737570832021 -0.06050576669637912 -0.758058556978371
vn -0.1749874314356811 0.981969492654265 0.07152142571193694
vn 0.1749874314356811 -0.981969492654265 -0.07152142571193694
g Flower
f 148/436/109 151/435/109 149/434/109 146/433/109
f 147/440/110 148/439/110 146/438/110 145/437/110
f 152/444/111 147/443/111 145/442/111 150/441/111
f 151/448/112 152/447/112 150/446/112 149/445/112
f 150/452/113 145/451/113 146/450/113 149/449/113
f 151/456/114 148/455/114 147/454/114 152/453/114
o cube
v 0.2064443707291983 1.293523584039542 -0.10201919511408236
v 0.2064443707291983 1.293523584039542 -0.10201919511408236
v 0.2603354152060643 1.0531659040346426 -0.059311572985768224
v 0.2603354152060643 1.0531659040346426 -0.059311572985768224
v 0.25337089652463596 1.2929471868805271 -0.16447785798870052
v 0.25337089652463596 1.2929471868805271 -0.16447785798870052
v 0.30726194100150195 1.052589506875628 -0.12177023586038638
v 0.30726194100150195 1.052589506875628 -0.12177023586038638
vt 0 1
vt 0.078125 1
vt 0.078125 0.75
vt 0 0.75
vt 0 1
vt 0 1
vt 0 0.75
vt 0 0.75
vt 0.3125 1
vt 0.625 1
vt 0.625 0
vt 0.3125 0
vt 0 1
vt 0 1
vt 0 0.75
vt 0 0.75
vt 0 1
vt 0.078125 1
vt 0.078125 1
vt 0 1
vt 0 1
vt 0.078125 1
vt 0.078125 1
vt 0 1
vn 0.7698962358688977 0.27494824501287746 0.5759021171685704
vn -0.6006595301816017 0.0073778836353902855 0.7994708847951127
vn -0.7698962358688977 -0.27494824501287746 -0.5759021171685704
vn 0.6006595301816017 -0.0073778836353902855 -0.7994708847951127
vn -0.21556417790746385 0.9614307200195975 -0.17083048851325663
vn 0.21556417790746385 -0.9614307200195975 0.17083048851325663
g Flower
f 156/460/115 159/459/115 157/458/115 154/457/115
f 155/464/116 156/463/116 154/462/116 153/461/116
f 160/468/117 155/467/117 153/466/117 158/465/117
f 159/472/118 160/471/118 158/470/118 157/469/118
f 158/476/119 153/475/119 154/474/119 157/473/119
f 159/480/120 156/479/120 155/478/120 160/477/120
o cube
v -0.125 0.375 0.125
v -0.125 0.375 -0.1875
v -0.125 0 0.125
v -0.125 0 -0.1875
v -0.1875 0.375 -0.1875
v -0.1875 0.375 0.125
v -0.1875 0 -0.1875
v -0.1875 0 0.125
vt 0.625 0.375
vt 0.6875 0.375
vt 0.6875 0
vt 0.625 0
vt 0.3125 0.375
vt 0.625 0.375
vt 0.625 0
vt 0.3125 0
vt 0 1
vt 0.0625 1
vt 0.0625 0.625
vt 0 0.625
vt 0.3125 0.375
vt 0.625 0.375
vt 0.625 0
vt 0.3125 0
vt 0.625 0.6875
vt 0.6875 0.6875
vt 0.6875 0.375
vt 0.625 0.375
vt 0.3125 0.375
vt 0.375 0.375
vt 0.375 0.0625
vt 0.3125 0.0625
vn 0 0 -1
vn 1 0 0
vn 0 0 1
vn -1 0 0
vn 0 1 0
vn 0 -1 0
g Pot
f 164/484/121 167/483/121 165/482/121 162/481/121
f 163/488/122 164/487/122 162/486/122 161/485/122
f 168/492/123 163/491/123 161/490/123 166/489/123
f 167/496/124 168/495/124 166/494/124 165/493/124
f 166/500/125 161/499/125 162/498/125 165/497/125
f 167/504/126 164/503/126 163/502/126 168/501/126
o cube
v 0.1875 0.375 -0.125
v 0.1875 0.375 -0.1875
v 0.1875 0 -0.125
v 0.1875 0 -0.1875
v -0.125 0.375 -0.1875
v -0.125 0.375 -0.125
v -0.125 0 -0.1875
v -0.125 0 -0.125
vt 0.3125 0.375
vt 0.625 0.375
vt 0.625 0
vt 0.3125 0
vt 0.625 0.375
vt 0.6875 0.375
vt 0.6875 0
vt 0.625 0
vt 0.3125 0.375
vt 0.625 0.375
vt 0.625 0
vt 0.3125 0
vt 0 1
vt 0.0625 1
vt 0.0625 0.625
vt 0 0.625
vt 0.375 0.375
vt 0.6875 0.375
vt 0.6875 0.3125
vt 0.375 0.3125
vt 0.375 0.375
vt 0.6875 0.375
vt 0.6875 0.3125
vt 0.375 0.3125
vn 0 0 -1
vn 1 0 0
vn 0 0 1
vn -1 0 0
vn 0 1 0
vn 0 -1 0
g Pot
f 172/508/127 175/507/127 173/506/127 170/505/127
f 171/512/128 172/511/128 170/510/128 169/509/128
f 176/516/129 171/515/129 169/514/129 174/513/129
f 175/520/130 176/519/130 174/518/130 173/517/130
f 174/524/131 169/523/131 170/522/131 173/521/131
f 175/528/132 172/527/132 171/526/132 176/525/132
o cube
v 0.1875 0.375 0.1875
v 0.1875 0.375 -0.125
v 0.1875 0 0.1875
v 0.1875 0 -0.125
v 0.125 0.375 -0.125
v 0.125 0.375 0.1875
v 0.125 0 -0.125
v 0.125 0 0.1875
vt 0 1
vt 0.0625 1
vt 0.0625 0.625
vt 0 0.625
vt 0.3125 0.375
vt 0.625 0.375
vt 0.625 0
vt 0.3125 0
vt 0.625 0.375
vt 0.6875 0.375
vt 0.6875 0
vt 0.625 0
vt 0.3125 0.375
vt 0.625 0.375
vt 0.625 0
vt 0.3125 0
vt 0.3125 0.625
vt 0.375 0.625
vt 0.375 0.3125
vt 0.3125 0.3125
vt 0.625 0.3125
vt 0.6875 0.3125
vt 0.6875 0
vt 0.625 0
vn 0 0 -1
vn 1 0 0
vn 0 0 1
vn -1 0 0
vn 0 1 0
vn 0 -1 0
g Pot
f 180/532/133 183/531/133 181/530/133 178/529/133
f 179/536/134 180/535/134 178/534/134 177/533/134
f 184/540/135 179/539/135 177/538/135 182/537/135
f 183/544/136 184/543/136 182/542/136 181/541/136
f 182/548/137 177/547/137 178/546/137 181/545/137
f 183/552/138 180/551/138 179/550/138 184/549/138
o cube
v 0.125 0.375 0.1875
v 0.125 0.375 0.125
v 0.125 0 0.1875
v 0.125 0 0.125
v -0.1875 0.375 0.125
v -0.1875 0.375 0.1875
v -0.1875 0 0.125
v -0.1875 0 0.1875
vt 0.3125 0.375
vt 0.625 0.375
vt 0.625 0
vt 0.3125 0
vt 0 1
vt 0.0625 1
vt 0.0625 0.625
vt 0 0.625
vt 0.3125 0.375
vt 0.625 0.375
vt 0.625 0
vt 0.3125 0
vt 0.625 0.375
vt 0.6875 0.375
vt 0.6875 0
vt 0.625 0
vt 0.3125 0.6875
vt 0.625 0.6875
vt 0.625 0.625
vt 0.3125 0.625
vt 0.3125 0.0625
vt 0.625 0.0625
vt 0.625 0
vt 0.3125 0
vn 0 0 -1
vn 1 0 0
vn 0 0 1
vn -1 0 0
vn 0 1 0
vn 0 -1 0
g Pot
f 188/556/139 191/555/139 189/554/139 186/553/139
f 187/560/140 188/559/140 186/558/140 185/557/140
f 192/564/141 187/563/141 185/562/141 190/561/141
f 191/568/142 192/567/142 190/566/142 189/565/142
f 190/572/143 185/571/143 186/570/143 189/569/143
f 191/576/144 188/575/144 187/574/144 192/573/144
o cube
v 0.125 0.25 0.125
v 0.125 0.25 -0.125
v 0.125 0.0625 0.125
v 0.125 0.0625 -0.125
v -0.125 0.25 -0.125
v -0.125 0.25 0.125
v -0.125 0.0625 -0.125
v -0.125 0.0625 0.125
vt 0 1
vt 0.25 1
vt 0.25 0.8125
vt 0 0.8125
vt 0 1
vt 0.25 1
vt 0.25 0.8125
vt 0 0.8125
vt 0 1
vt 0.25 1
vt 0.25 0.8125
vt 0 0.8125
vt 0 1
vt 0.25 1
vt 0.25 0.8125
vt 0 0.8125
vt 0 1
vt 0.25 1
vt 0.25 0.75
vt 0 0.75
vt 0 1
vt 0.25 1
vt 0.25 0.75
vt 0 0.75
vn 0 0 -1
vn 1 0 0
vn 0 0 1
vn -1 0 0
vn 0 1 0
vn 0 -1 0
g 0
f 196/580/145 199/579/145 197/578/145 194/577/145
f 195/584/146 196/583/146 194/582/146 193/581/146
f 200/588/147 195/587/147 193/586/147 198/585/147
f 199/592/148 200/591/148 198/590/148 197/589/148
f 198/596/149 193/595/149 194/594/149 197/593/149
f 199/600/150 196/599/150 195/598/150 200/597/150
o cube
v 0.125 0.0625 0.125
v 0.125 0.0625 -0.125
v 0.125 0 0.125
v 0.125 0 -0.125
v -0.125 0.0625 -0.125
v -0.125 0.0625 0.125
v -0.125 0 -0.125
v -0.125 0 0.125
vt 0 1
vt 0.25 1
vt 0.25 0.9375
vt 0 0.9375
vt 0 1
vt 0.25 1
vt 0.25 0.9375
vt 0 0.9375
vt 0 1
vt 0.25 1
vt 0.25 0.9375
vt 0 0.9375
vt 0 1
vt 0.25 1
vt 0.25 0.9375
vt 0 0.9375
vt 0 1
vt 0.25 1
vt 0.25 0.75
vt 0 0.75
vt 0.375 0.3125
vt 0.625 0.3125
vt 0.625 0.0625
vt 0.375 0.0625
vn 0 0 -1
vn 1 0 0
vn 0 0 1
vn -1 0 0
vn 0 1 0
vn 0 -1 0
g Pot
f 204/604/151 207/603/151 205/602/151 202/601/151
f 203/608/152 204/607/152 202/606/152 201/605/152
f 208/612/153 203/611/153 201/610/153 206/609/153
f 207/616/154 208/615/154 206/614/154 205/613/154
f 206/620/155 201/619/155 202/618/155 205/617/155
f 207/624/156 204/623/156 203/622/156 208/621/156
