# Made in Blockbench 4.7.4

o cube
v 0.6051816908097694 0.003510720077477103 -0.03781130858989784
v 0.5851340413365855 0.11105630189329818 -0.1900883245263053
v 0.6051816908097694 0.003510720077477103 -0.03781130858989784
v 0.5851340413365855 0.11105630189329818 -0.1900883245263053
v -0.03451899702204603 0.11105630189329818 -0.10850945438877302
v -0.014471347548862312 0.003510720077477103 0.04376756154763439
v -0.03451899702204603 0.11105630189329818 -0.10850945438877302
v -0.014471347548862312 0.003510720077477103 0.04376756154763439
vt 0 1
vt 0.125 1
vt 0.125 1
vt 0 1
vt 0 1
vt 0.3125 1
vt 0.3125 1
vt 0 1
vt 0 1
vt 0.125 1
vt 0.125 1
vt 0 1
vt 0 1
vt 0.3125 1
vt 0.3125 1
vt 0 1
vt 0 0.3125
vt 1 0.3125
vt 1 0
vt 0 0
vt 0 1
vt 0.0625 1
vt 0.0625 0.6875
vt 0 0.6875
vn -0.1069207971903132 0.5735764363510459 -0.8121440849941731
vn 0.9914448613738105 0 -0.1305261922200516
vn 0.1069207971903132 -0.5735764363510459 0.8121440849941731
vn -0.9914448613738105 0 0.1305261922200516
vn 0.07486674818404883 0.8191520442889919 0.568669410425347
vn -0.07486674818404883 -0.8191520442889919 -0.568669410425347
g Frond
f 4/4/1 7/3/1 5/2/1 2/1/1
f 3/8/2 4/7/2 2/6/2 1/5/2
f 8/12/3 3/11/3 1/10/3 6/9/3
f 7/16/4 8/15/4 6/14/4 5/13/4
f 6/20/5 1/19/5 2/18/5 5/17/5
f 7/24/6 4/23/6 3/22/6 8/21/6
o cube
v 0.5851349536153314 0.11105206071899265 -0.1900813950812686
v 0.5634265511442023 0.1976299257005616 -0.35497308243204057
v 0.5851349536153314 0.11105206071899265 -0.1900813950812686
v 0.5634265511442023 0.1976299257005616 -0.35497308243204057
v -0.05622648721442919 0.1976299257005616 -0.2733942122945083
v -0.03451808474330009 0.11105206071899265 -0.10850252494373636
v -0.05622648721442919 0.1976299257005616 -0.2733942122945083
v -0.03451808474330009 0.11105206071899265 -0.10850252494373636
vt 0 1
vt 0.125 1
vt 0.125 1
vt 0 1
vt 0 1
vt 0.3125 1
vt 0.3125 1
vt 0 1
vt 0 1
vt 0.125 1
vt 0.125 1
vt 0 1
vt 0 1
vt 0.3125 1
vt 0.3125 1
vt 0 1
vt 0 0.625
vt 1 0.625
vt 1 0.3125
vt 0 0.3125
vt 0 1
vt 0.0625 1
vt 0.0625 0.6875
vt 0 0.6875
vn -0.11577814651268872 0.4617486132350338 -0.8794223325374503
vn 0.9914448613738104 0 -0.13052619222005157
vn 0.11577814651268872 -0.4617486132350338 0.8794223325374503
vn -0.9914448613738104 0 0.13052619222005157
vn 0.0602702882484583 0.8870108331782218 0.4577982898383574
vn -0.0602702882484583 -0.8870108331782218 -0.4577982898383574
g Frond
f 12/28/7 15/27/7 13/26/7 10/25/7
f 11/32/8 12/31/8 10/30/8 9/29/8
f 16/36/9 11/35/9 9/34/9 14/33/9
f 15/40/10 16/39/10 14/38/10 13/37/10
f 14/44/11 9/43/11 10/42/11 13/41/11
f 15/48/12 12/47/12 11/46/12 16/45/12
o cube
v 0.5634285504108334 0.19762435264629385 -0.3549578964943027
v 0.5355527565976135 0.24497051819525384 -0.5666955719965461
v 0.5634285504108334 0.19762435264629385 -0.3549578964943027
v 0.5355527565976135 0.24497051819525384 -0.5666955719965461
v -0.0841002817610178 0.24497051819525384 -0.48511670185901395
v -0.056224487947797885 0.19762435264629385 -0.27337902635677047
v -0.0841002817610178 0.24497051819525384 -0.48511670185901395
v -0.056224487947797885 0.19762435264629385 -0.27337902635677047
vt 0 1
vt 0.125 1
vt 0.125 1
vt 0 1
vt 0 1
vt 0.3125 1
vt 0.3125 1
vt 0 1
vt 0 1
vt 0.125 1
vt 0.125 1
vt 0 1
vt 0 1
vt 0.3125 1
vt 0.3125 1
vt 0 1
vt 0 1
vt 1 1
vt 1 0.625
vt 0 0.625
vt 0 1
vt 0.0625 1
vt 0.0625 0.6875
vt 0 0.6875
vn -0.12743220028900532 0.2164396139381027 -0.967943659438827
vn 0.9914448613738105 0 -0.13052619222005157
vn 0.12743220028900532 -0.2164396139381027 0.967943659438827
vn -0.9914448613738105 0 0.13052619222005157
vn 0.02825103865291858 0.9762960071199334 0.21458794303666348
vn -0.02825103865291858 -0.9762960071199334 -0.21458794303666348
g Frond
f 20/52/13 23/51/13 21/50/13 18/49/13
f 19/56/14 20/55/14 18/54/14 17/53/14
f 24/60/15 19/59/15 17/58/15 22/57/15
f 23/64/16 24/63/16 22/62/16 21/61/16
f 22/68/17 17/67/17 18/66/17 21/65/17
f 23/72/18 20/71/18 19/70/18 24/69/18
o cube
v 0.6310115479402385 -0.010070601984011218 -0.12958864164666023
v 0.6084008334185997 -0.08182374555246552 -0.3013340694660515
v 0.6310115479402385 -0.010070601984011218 -0.12958864164666023
v 0.6084008334185997 -0.08182374555246552 -0.3013340694660515
v -0.011252204940031763 -0.08182374555246552 -0.21975519932851928
v 0.01135850958160689 -0.010070601984011274 -0.048009771509127996
v -0.011252204940031763 -0.08182374555246552 -0.21975519932851928
v 0.01135850958160689 -0.010070601984011274 -0.048009771509127996
vt 0 1
vt 0.125 1
vt 0.125 1
vt 0 1
vt 0 1
vt 0.3125 1
vt 0.3125 1
vt 0 1
vt 0 1
vt 0.125 1
vt 0.125 1
vt 0 1
vt 0 1
vt 0.3125 1
vt 0.3125 1
vt 0 1
vt 0 0.3125
vt 1 0.3125
vt 1 0
vt 0 0
vt 0 1
vt 0.0625 1
vt 0.0625 0.6875
vt 0 0.6875
vn -0.1205904774487396 -0.38268343236508956 -0.9159756150367537
vn 0.9914448613738104 0 -0.13052619222005152
vn 0.1205904774487396 0.38268343236508956 0.9159756150367537
vn -0.9914448613738104 0 0.13052619222005152
vn -0.049950211252314795 0.9238795325112868 -0.37940952255126015
vn 0.049950211252314795 -0.9238795325112868 0.37940952255126015
g Frond
f 28/76/19 31/75/19 29/74/19 26/73/19
f 27/80/20 28/79/20 26/78/20 25/77/20
f 32/84/21 27/83/21 25/82/21 30/81/21
f 31/88/22 32/87/22 30/86/22 29/85/22
f 30/92/23 25/91/23 26/90/23 29/89/23
f 31/96/24 28/95/24 27/94/24 32/93/24
o cube
v 0.6084023907200296 -0.08181720006273896 -0.3013222405873117
v 0.601719840895635 -0.11766572733467934 -0.35208124589944756
v 0.6084023907200296 -0.08181720006273896 -0.3013222405873117
v 0.601719840895635 -0.11766572733467934 -0.35208124589944756
v -0.017933197462996486 -0.11766572733467934 -0.2705023757619154
v -0.011250647638601952 -0.08181720006273896 -0.21974337044977954
v -0.017933197462996486 -0.11766572733467934 -0.2705023757619154
v -0.011250647638601952 -0.08181720006273896 -0.21974337044977954
vt 0 1
vt 0.125 1
vt 0.125 1
vt 0 1
vt 0 1
vt 0.3125 1
vt 0.3125 1
vt 0 1
vt 0 1
vt 0.125 1
vt 0.125 1
vt 0 1
vt 0 1
vt 0.3125 1
vt 0.3125 1
vt 0 1
vt 0 0.4375
vt 1 0.4375
vt 1 0.3125
vt 0 0.3125
vt 0 1
vt 0.0625 1
vt 0.0625 0.6875
vt 0 0.6875
vn -0.10692079719031315 -0.5735764363510458 -0.8121440849941732
vn 0.9914448613738104 0 -0.13052619222005152
vn 0.10692079719031315 0.5735764363510458 0.8121440849941732
vn -0.9914448613738104 0 0.13052619222005152
vn -0.0748667481840488 0.8191520442889919 -0.5686694104253469
vn 0.0748667481840488 -0.8191520442889919 0.5686694104253469
g Frond
f 36/100/25 39/99/25 37/98/25 34/97/25
f 35/104/26 36/103/26 34/102/26 33/101/26
f 40/108/27 35/107/27 33/106/27 38/105/27
f 39/112/28 40/111/28 38/110/28 37/109/28
f 38/116/29 33/115/29 34/114/29 37/113/29
f 39/120/30 36/119/30 35/118/30 40/117/30
o cube
v 0.5959562335801225 -0.16182076848577365 -0.39586018987038524
v 0.5924237648825657 -0.17744576848577365 -0.42269195350792466
v 0.5959562335801225 -0.16182076848577365 -0.39586018987038524
v 0.5924237648825657 -0.17744576848577365 -0.42269195350792466
v -0.027229273476065796 -0.17744576848577365 -0.3411130833703925
v -0.02369680477850905 -0.16182076848577365 -0.314281319732853
v -0.027229273476065796 -0.17744576848577365 -0.3411130833703925
v -0.02369680477850905 -0.16182076848577365 -0.314281319732853
vt 0 1
vt 0.125 1
vt 0.125 1
vt 0 1
vt 0 1
vt 0.3125 1
vt 0.3125 1
vt 0 1
vt 0 1
vt 0.125 1
vt 0.125 1
vt 0 1
vt 0 1
vt 0.3125 1
vt 0.3125 1
vt 0 1
vt 0 0.625
vt 1 0.625
vt 1 0.5625
vt 0 0.5625
vt 0 1
vt 0.0625 1
vt 0.0625 0.6875
vt 0 0.6875
vn -0.11303899832181541 -0.4999999999999998 -0.8586164364012612
vn 0.9914448613738105 0 -0.13052619222005152
vn 0.11303899832181541 0.4999999999999998 0.8586164364012612
vn -0.9914448613738105 0 0.13052619222005152
vn -0.06526309611002577 0.8660254037844389 -0.4957224306869051
vn 0.06526309611002577 -0.8660254037844389 0.4957224306869051
g Frond
f 44/124/31 47/123/31 45/122/31 42/121/31
f 43/128/32 44/127/32 42/126/32 41/125/32
f 48/132/33 43/131/33 41/130/33 46/129/33
f 47/136/34 48/135/34 46/134/34 45/133/34
f 46/140/35 41/139/35 42/138/35 45/137/35
f 47/144/36 44/143/36 43/142/36 48/141/36
o cube
v 0.5888030354375768 -0.1918828359936106 -0.45019412408076553
v 0.5847860602479058 -0.19730934154570218 -0.4807060798984231
v 0.5888030354375768 -0.1918828359936106 -0.45019412408076553
v 0.5847860602479058 -0.19730934154570218 -0.4807060798984231
v -0.034866978110725644 -0.19730934154570218 -0.3991272097608909
v -0.030850002921054775 -0.1918828359936106 -0.3686152539432333
v -0.034866978110725644 -0.19730934154570218 -0.3991272097608909
v -0.030850002921054775 -0.1918828359936106 -0.3686152539432333
vt 0 1
vt 0.125 1
vt 0.125 1
vt 0 1
vt 0 1
vt 0.3125 1
vt 0.3125 1
vt 0 1
vt 0 1
vt 0.125 1
vt 0.125 1
vt 0 1
vt 0 1
vt 0.3125 1
vt 0.3125 1
vt 0 1
vt 0 0.75
vt 1 0.75
vt 1 0.6875
vt 0 0.6875
vt 0 1
vt 0.0625 1
vt 0.0625 0.6875
vt 0 0.6875
vn -0.12854320606946856 -0.1736481776669297 -0.9763825861650426
vn 0.9914448613738105 0 -0.13052619222005155
vn 0.12854320606946856 0.1736481776669297 0.9763825861650426
vn -0.9914448613738105 0 0.13052619222005155
vn -0.022665635416815353 0.9848077530122082 -0.17216259343480395
vn 0.022665635416815353 -0.9848077530122082 0.17216259343480395
g Frond
f 52/148/37 55/147/37 53/146/37 50/145/37
f 51/152/38 52/151/38 50/150/38 49/149/38
f 56/156/39 51/155/39 49/154/39 54/153/39
f 55/160/40 56/159/40 54/158/40 53/157/40
f 54/164/41 49/163/41 50/162/41 53/161/41
f 55/168/42 52/167/42 51/166/42 56/165/42
o cube
v 0.5807184316000671 -0.20003013794286495 -0.5116027869292831
v 0.5768854784860524 -0.18934200846393784 -0.5407169563089418
v 0.5807184316000671 -0.20003013794286495 -0.5116027869292831
v 0.5768854784860524 -0.18934200846393784 -0.5407169563089418
v -0.042767559872578964 -0.1893420084639379 -0.45913808617140955
v -0.038934606758564416 -0.200030137942865 -0.43002391679175084
v -0.042767559872578964 -0.1893420084639379 -0.45913808617140955
v -0.038934606758564416 -0.200030137942865 -0.43002391679175084
vt 0 1
vt 0.125 1
vt 0.125 1
vt 0 1
vt 0 1
vt 0.3125 1
vt 0.3125 1
vt 0 1
vt 0 1
vt 0.125 1
vt 0.125 1
vt 0 1
vt 0 1
vt 0.3125 1
vt 0.3125 1
vt 0 1
vt 0 0.875
vt 1 0.875
vt 1 0.8125
vt 0 0.8125
vt 0 1
vt 0.0625 1
vt 0.0625 0.6875
vt 0 0.6875
vn -0.1226544996484655 0.3420201433256688 -0.9316534201490776
vn 0.9914448613738105 0 -0.13052619222005152
vn 0.1226544996484655 -0.3420201433256688 0.9316534201490776
vn -0.9914448613738105 0 0.13052619222005152
vn 0.04464258697085582 0.9396926207859084 0.33909411358656855
vn -0.04464258697085582 -0.9396926207859084 -0.33909411358656855
g Frond
f 60/172/43 63/171/43 61/170/43 58/169/43
f 59/176/44 60/175/44 58/174/44 57/173/44
f 64/180/45 59/179/45 57/178/45 62/177/45
f 63/184/46 64/183/46 62/182/46 61/181/46
f 62/188/47 57/187/47 58/186/47 61/185/47
f 63/192/48 60/191/48 59/190/48 64/189/48
o cube
v 0.6017211761994332 -0.11765675592679459 -0.352071103260131
v 0.5989654819087697 -0.14069667270211095 -0.3730026795018502
v 0.6017211761994332 -0.11765675592679459 -0.352071103260131
v 0.5989654819087697 -0.14069667270211095 -0.3730026795018502
v -0.020687556449861755 -0.140696672702111 -0.29142380936431794
v -0.017931862159198453 -0.11765675592679459 -0.27049223312259885
v -0.020687556449861755 -0.140696672702111 -0.29142380936431794
v -0.017931862159198453 -0.11765675592679459 -0.27049223312259885
vt 0 1
vt 0.125 1
vt 0.125 1
vt 0 1
vt 0 1
vt 0.3125 1
vt 0.3125 1
vt 0 1
vt 0 1
vt 0.125 1
vt 0.125 1
vt 0 1
vt 0 1
vt 0.3125 1
vt 0.3125 1
vt 0 1
vt 0 0.5
vt 1 0.5
vt 1 0.4375
vt 0 0.4375
vt 0 1
vt 0.0625 1
vt 0.0625 0.6875
vt 0 0.6875
vn -0.08818221730122622 -0.7372773368101239 -0.6698104397350123
vn 0.9914448613738105 0 -0.13052619222005155
vn 0.08818221730122622 0.7372773368101239 0.6698104397350123
vn -0.9914448613738105 0 0.13052619222005155
vn -0.09623400338396595 0.6755902076156605 -0.7309698269877655
vn 0.09623400338396595 -0.6755902076156605 0.7309698269877655
g Frond
f 68/196/49 71/195/49 69/194/49 66/193/49
f 67/200/50 68/199/50 66/198/50 65/197/50
f 72/204/51 67/203/51 65/202/51 70/201/51
f 71/208/52 72/207/52 70/206/52 69/205/52
f 70/212/53 65/211/53 66/210/53 69/209/53
f 71/216/54 68/215/54 67/214/54 72/213/54
o cube
v 0.5989649786587514 -0.14070052804235939 -0.37300650206524594
v 0.5959576660530024 -0.16181272203034874 -0.3958493091586136
v 0.5989649786587514 -0.14070052804235939 -0.37300650206524594
v 0.5959576660530024 -0.16181272203034874 -0.3958493091586136
v -0.023695372305629014 -0.1618127220303488 -0.31427043902108137
v -0.02068805969988008 -0.14070052804235939 -0.2914276319277137
v -0.023695372305629014 -0.1618127220303488 -0.31427043902108137
v -0.02068805969988008 -0.14070052804235939 -0.2914276319277137
vt 0 1
vt 0.125 1
vt 0.125 1
vt 0 1
vt 0 1
vt 0.3125 1
vt 0.3125 1
vt 0 1
vt 0 1
vt 0.125 1
vt 0.125 1
vt 0 1
vt 0 1
vt 0.3125 1
vt 0.3125 1
vt 0 1
vt 0 0.5625
vt 1 0.5625
vt 1 0.5
vt 0 0.5
vt 0 1
vt 0.0625 1
vt 0.0625 0.6875
vt 0 0.6875
vn -0.09623400338396595 -0.6755902076156599 -0.7309698269877658
vn 0.9914448613738105 0 -0.13052619222005152
vn 0.09623400338396595 0.6755902076156599 0.7309698269877658
vn -0.9914448613738105 0 0.13052619222005152
vn -0.08818221730122619 0.7372773368101242 -0.6698104397350119
vn 0.08818221730122619 -0.7372773368101242 0.6698104397350119
g Frond
f 76/220/55 79/219/55 77/218/55 74/217/55
f 75/224/56 76/223/56 74/222/56 73/221/56
f 80/228/57 75/227/57 73/226/57 78/225/57
f 79/232/58 80/231/58 78/230/58 77/229/58
f 78/236/59 73/235/59 74/234/59 77/233/59
f 79/240/60 76/239/60 75/238/60 80/237/60
o cube
v 0.5924234528275703 -0.17744708001018505 -0.42269432380094013
v 0.5888053857490485 -0.19187672417377982 -0.4501762716927355
v 0.5924234528275703 -0.17744708001018505 -0.42269432380094013
v 0.5888053857490485 -0.19187672417377982 -0.4501762716927355
v -0.030847652609582776 -0.19187672417377988 -0.3685974015552033
v -0.02722958553106125 -0.17744708001018505 -0.34111545366340795
v -0.030847652609582776 -0.19187672417377988 -0.3685974015552033
v -0.02722958553106125 -0.17744708001018505 -0.34111545366340795
vt 0 1
vt 0.125 1
vt 0.125 1
vt 0 1
vt 0 1
vt 0.3125 1
vt 0.3125 1
vt 0 1
vt 0 1
vt 0.125 1
vt 0.125 1
vt 0 1
vt 0 1
vt 0.3125 1
vt 0.3125 1
vt 0 1
vt 0 0.6875
vt 1 0.6875
vt 1 0.625
vt 0 0.625
vt 0 1
vt 0.0625 1
vt 0.0625 0.6875
vt 0 0.6875
vn -0.11577814651268864 -0.46174861323503363 -0.8794223325374502
vn 0.9914448613738104 0 -0.13052619222005152
vn 0.11577814651268864 0.46174861323503363 0.8794223325374502
vn -0.9914448613738104 0 0.13052619222005152
vn -0.060270288248458266 0.8870108331782218 -0.4577982898383572
vn 0.060270288248458266 -0.8870108331782218 0.4577982898383572
g Frond
f 84/244/61 87/243/61 85/242/61 82/241/61
f 83/248/62 84/247/62 82/246/62 81/245/62
f 88/252/63 83/251/63 81/250/63 86/249/63
f 87/256/64 88/255/64 86/254/64 85/253/64
f 86/260/65 81/259/65 82/258/65 85/257/65
f 87/264/66 84/263/66 83/262/66 88/261/66
o cube
v 0.5847853546501418 -0.19731005308376803 -0.4807114394455404
v 0.5807219327547757 -0.20003367004463235 -0.5115761930190059
v 0.5847853546501418 -0.19731005308376803 -0.4807114394455404
v 0.5807219327547757 -0.20003367004463235 -0.5115761930190059
v -0.03893110560385582 -0.20003367004463235 -0.42999732288147374
v -0.03486768370848964 -0.19731005308376803 -0.3991325693080082
v -0.03893110560385582 -0.20003367004463235 -0.42999732288147374
v -0.03486768370848964 -0.19731005308376803 -0.3991325693080082
vt 0 1
vt 0.125 1
vt 0.125 1
vt 0 1
vt 0 1
vt 0.3125 1
vt 0.3125 1
vt 0 1
vt 0 1
vt 0.125 1
vt 0.125 1
vt 0 1
vt 0 1
vt 0.3125 1
vt 0.3125 1
vt 0 1
vt 0 0.8125
vt 1 0.8125
vt 1 0.75
vt 0 0.75
vt 0 1
vt 0.0625 1
vt 0.0625 0.6875
vt 0 0.6875
vn -0.13002950065171942 -0.0871557427476576 -0.9876721143508956
vn 0.9914448613738104 0 -0.13052619222005152
vn 0.13002950065171942 0.0871557427476576 0.9876721143508956
vn -0.9914448613738104 0 0.13052619222005152
vn -0.011376107230962154 0.9961946980917457 -0.08641011328638297
vn 0.011376107230962154 -0.9961946980917457 0.08641011328638297
g Frond
f 92/268/67 95/267/67 93/266/67 90/265/67
f 91/272/68 92/271/68 90/270/68 89/269/68
f 96/276/69 91/275/69 89/274/69 94/273/69
f 95/280/70 96/279/70 94/278/70 93/277/70
f 94/284/71 89/283/71 90/282/71 93/281/71
f 95/288/72 92/287/72 91/286/72 96/285/72
o cube
v 0.4848915243316967 -0.005241600293723725 -0.28290651203839884
v 0.3813672420472636 -0.0900376642124655 -0.4142404395719255
v 0.4848915243316967 -0.005241600293723725 -0.28290651203839884
v 0.3813672420472636 -0.0900376642124655 -0.4142404395719255
v -0.12074240696530247 -0.050133807833151356 -0.044215328782756524
v -0.017218124680869362 0.03466225608559048 0.08711859875077022
v -0.12074240696530247 -0.050133807833151356 -0.044215328782756524
v -0.017218124680869362 0.03466225608559048 0.08711859875077022
vt 0 1
vt 0.125 1
vt 0.125 1
vt 0 1
vt 0 1
vt 0.3125 1
vt 0.3125 1
vt 0 1
vt 0 1
vt 0.125 1
vt 0.125 1
vt 0 1
vt 0 1
vt 0.3125 1
vt 0.3125 1
vt 0 1
vt 0 0.3125
vt 1 0.3125
vt 1 0
vt 0 0
vt 0 1
vt 0.0625 1
vt 0.0625 0.6875
vt 0 0.6875
vn -0.5521295055169768 -0.45224567423328976 -0.7004476135121426
vn 0.8033754384201056 -0.0638461702069027 -0.5920401772626704
vn 0.5521295055169768 0.45224567423328976 0.7004476135121426
vn -0.8033754384201056 0.0638461702069027 0.5920401772626704
vn -0.22302671158603776 0.8896052589138559 -0.3985744211962554
vn 0.22302671158603776 -0.8896052589138559 0.3985744211962554
g Frond
f 100/292/73 103/291/73 101/290/73 98/289/73
f 99/296/74 100/295/74 98/294/74 97/293/74
f 104/300/75 99/299/75 97/298/75 102/297/75
f 103/304/76 104/303/76 102/302/76 101/301/76
f 102/308/77 97/307/77 98/306/77 101/305/77
f 103/312/78 100/311/78 99/310/78 104/309/78
o cube
v 0.3813743806334954 -0.09003022848802589 -0.4142315546642495
v 0.35070125461501034 -0.12965969503726615 -0.4515801118154539
v 0.3813743806334954 -0.09003022848802589 -0.4142315546642495
v 0.35070125461501034 -0.12965969503726615 -0.4515801118154539
v -0.1514083943975556 -0.089755838657952 -0.08155500102628488
v -0.12073526837907056 -0.050126372108711736 -0.04420644387508044
v -0.1514083943975556 -0.089755838657952 -0.08155500102628488
v -0.12073526837907056 -0.050126372108711736 -0.04420644387508044
vt 0 1
vt 0.125 1
vt 0.125 1
vt 0 1
vt 0 1
vt 0.3125 1
vt 0.3125 1
vt 0 1
vt 0 1
vt 0.125 1
vt 0.125 1
vt 0 1
vt 0 1
vt 0.3125 1
vt 0.3125 1
vt 0 1
vt 0 0.4375
vt 1 0.4375
vt 1 0.3125
vt 0 0.3125
vt 0 1
vt 0.0625 1
vt 0.0625 0.6875
vt 0 0.6875
vn -0.49077001629576117 -0.6340714647878439 -0.5975769144192707
vn 0.8033754384201057 -0.06384617020690271 -0.5920401772626706
vn 0.49077001629576117 0.6340714647878439 0.5975769144192707
vn -0.8033754384201057 0.06384617020690271 0.5920401772626706
vn -0.33724278502046773 0.7706341830542618 -0.5407312270064762
vn 0.33724278502046773 -0.7706341830542618 0.5407312270064762
g Frond
f 108/316/79 111/315/79 109/314/79 106/313/79
f 107/320/80 108/319/80 106/318/80 105/317/80
f 112/324/81 107/323/81 105/322/81 110/321/81
f 111/328/82 112/327/82 110/326/82 109/325/82
f 110/332/83 105/331/83 106/330/83 109/329/83
f 111/336/84 108/335/84 107/334/84 112/333/84
o cube
v 0.3241767344654094 -0.1770089680220761 -0.4824666613507472
v 0.3079800115394411 -0.19464938792276637 -0.5025426233995943
v 0.3241767344654094 -0.1770089680220761 -0.4824666613507472
v 0.3079800115394411 -0.19464938792276637 -0.5025426233995943
v -0.19412963747312484 -0.15474553154345216 -0.13251751261042521
v -0.17793291454715654 -0.13710511164276196 -0.11244155056157823
v -0.19412963747312484 -0.15474553154345216 -0.13251751261042521
v -0.17793291454715654 -0.13710511164276196 -0.11244155056157823
vt 0 1
vt 0.125 1
vt 0.125 1
vt 0 1
vt 0 1
vt 0.3125 1
vt 0.3125 1
vt 0 1
vt 0 1
vt 0.125 1
vt 0.125 1
vt 0 1
vt 0 1
vt 0.3125 1
vt 0.3125 1
vt 0 1
vt 0 0.625
vt 1 0.625
vt 1 0.5625
vt 0 0.5625
vt 0 1
vt 0.0625 1
vt 0.0625 0.6875
vt 0 0.6875
vn -0.5182951336309846 -0.5644934368220881 -0.6424307855631043
vn 0.8033754384201057 -0.06384617020690271 -0.5920401772626706
vn 0.5182951336309846 0.5644934368220881 0.6424307855631043
vn -0.8033754384201057 0.06384617020690271 0.5920401772626706
vn -0.29318604911854695 0.8229646567955994 -0.4865913216114304
vn 0.29318604911854695 -0.8229646567955994 0.4865913216114304
g Frond
f 116/340/85 119/339/85 117/338/85 114/337/85
f 115/344/86 116/343/86 114/342/86 113/341/86
f 120/348/87 115/347/87 113/346/87 118/345/87
f 119/352/88 120/351/88 118/350/88 117/349/88
f 118/356/89 113/355/89 114/354/89 117/353/89
f 119/360/90 116/359/90 115/358/90 120/357/90
o cube
v 0.30796942244153125 -0.1946576160298218 -0.5025561050658035
v 0.2897672474497225 -0.20374813834850514 -0.5262754163867734
v 0.30796942244153125 -0.1946576160298218 -0.5025561050658035
v 0.2897672474497225 -0.20374813834850514 -0.5262754163867734
v -0.21234240156284345 -0.16384428196919099 -0.15625030559760433
v -0.1941402265710348 -0.15475375965050758 -0.1325309942766344
v -0.21234240156284345 -0.16384428196919099 -0.15625030559760433
v -0.1941402265710348 -0.15475375965050758 -0.1325309942766344
vt 0 1
vt 0.125 1
vt 0.125 1
vt 0 1
vt 0 1
vt 0.3125 1
vt 0.3125 1
vt 0 1
vt 0 1
vt 0.125 1
vt 0.125 1
vt 0 1
vt 0 1
vt 0.3125 1
vt 0.3125 1
vt 0 1
vt 0 0.6875
vt 1 0.6875
vt 1 0.625
vt 0 0.625
vt 0 1
vt 0.0625 1
vt 0.0625 0.6875
vt 0 0.6875
vn -0.582469599737879 -0.2908967141978684 -0.759017962271038
vn 0.8033754384201057 -0.0638461702069027 -0.5920401772626703
vn 0.582469599737879 0.2908967141978684 0.759017962271038
vn -0.8033754384201057 0.0638461702069027 0.5920401772626703
vn -0.12376215222958123 0.954621793287161 -0.27088772850889176
vn 0.12376215222958123 -0.954621793287161 0.27088772850889176
g Frond
f 124/364/91 127/363/91 125/362/91 122/361/91
f 123/368/92 124/367/92 122/366/92 121/365/92
f 128/372/93 123/371/93 121/370/93 126/369/93
f 127/376/94 128/375/94 126/374/94 125/373/94
f 126/380/95 121/379/95 122/378/95 125/377/95
f 127/384/96 124/383/96 123/382/96 128/381/96
o cube
v 0.35070739318050326 -0.129649977246167 -0.45157282999714965
v 0.3380153897701752 -0.1542073898826929 -0.4661470892933067
v 0.35070739318050326 -0.129649977246167 -0.45157282999714965
v 0.3380153897701752 -0.1542073898826929 -0.4661470892933067
v -0.16409425924239085 -0.11430353350337874 -0.09612197850413773
v -0.1514022558320628 -0.08974612086685285 -0.08154771920798065
v -0.16409425924239085 -0.11430353350337874 -0.09612197850413773
v -0.1514022558320628 -0.08974612086685285 -0.08154771920798065
vt 0 1
vt 0.125 1
vt 0.125 1
vt 0 1
vt 0 1
vt 0.3125 1
vt 0.3125 1
vt 0 1
vt 0 1
vt 0.125 1
vt 0.125 1
vt 0 1
vt 0 1
vt 0.3125 1
vt 0.3125 1
vt 0 1
vt 0 0.5
vt 1 0.5
vt 1 0.4375
vt 0 0.4375
vt 0 1
vt 0.0625 1
vt 0.0625 0.6875
vt 0 0.6875
vn -0.4061441091304956 -0.7858372043688293 -0.4663762974770258
vn 0.8033754384201058 -0.06384617020690271 -0.5920401772626704
vn 0.4061441091304956 0.7858372043688293 0.4663762974770258
vn -0.8033754384201058 0.06384617020690271 0.5920401772626704
vn -0.4354708573049398 0.6151288928181592 -0.6572530545067148
vn 0.4354708573049398 -0.6151288928181592 0.6572530545067148
g Frond
f 132/388/97 135/387/97 133/386/97 130/385/97
f 131/392/98 132/391/98 130/390/98 129/389/98
f 136/396/99 131/395/99 129/394/99 134/393/99
f 135/400/100 136/399/100 134/398/100 133/397/100
f 134/404/101 129/403/101 130/402/101 133/401/101
f 135/408/102 132/407/102 131/406/102 136/405/102
o cube
v 0.3380130737790532 -0.15421152412796502 -0.46614978616206143
v 0.3241833114606043 -0.17700011290972606 -0.48245869156834176
v 0.3380130737790532 -0.15421152412796502 -0.46614978616206143
v 0.3241833114606043 -0.17700011290972606 -0.48245869156834176
v -0.17792633755196174 -0.1370962565304119 -0.11243358077917276
v -0.16409657523351273 -0.11430766774865087 -0.09612467537289238
v -0.17792633755196174 -0.1370962565304119 -0.11243358077917276
v -0.16409657523351273 -0.11430766774865087 -0.09612467537289238
vt 0 1
vt 0.125 1
vt 0.125 1
vt 0 1
vt 0 1
vt 0.3125 1
vt 0.3125 1
vt 0 1
vt 0 1
vt 0.125 1
vt 0.125 1
vt 0 1
vt 0 1
vt 0.3125 1
vt 0.3125 1
vt 0 1
vt 0 0.5625
vt 1 0.5625
vt 1 0.5
vt 0 0.5
vt 0 1
vt 0.0625 1
vt 0.0625 0.6875
vt 0 0.6875
vn -0.44255239419036657 -0.7292348410163558 -0.5218849730009717
vn 0.8033754384201056 -0.06384617020690267 -0.5920401772626703
vn 0.44255239419036657 0.7292348410163558 0.5218849730009717
vn -0.8033754384201056 0.06384617020690267 0.5920401772626703
vn -0.3984159677267938 0.6812783668940043 -0.6141046355976814
vn 0.3984159677267938 -0.6812783668940043 0.6141046355976814
g Frond
f 140/412/103 143/411/103 141/410/103 138/409/103
f 139/416/104 140/415/104 138/414/104 137/413/104
f 144/420/105 139/419/105 137/418/105 142/417/105
f 143/424/106 144/423/106 142/422/106 141/421/106
f 142/428/107 137/427/107 138/426/107 141/425/107
f 143/432/108 140/431/108 139/430/108 144/429/108
o cube
v 0.2897527273061574 -0.20375055363822825 -0.5262948591883702
v 0.2714560564711582 -0.20073291538374538 -0.5514481531221826
v 0.2897527273061574 -0.20375055363822825 -0.5262948591883702
v 0.2714560564711582 -0.20073291538374538 -0.5514481531221826
v -0.23065359254140783 -0.16082905900443117 -0.1814230423330137
v -0.21235692170640863 -0.16384669725891404 -0.15626974839920116
v -0.23065359254140783 -0.16082905900443117 -0.1814230423330137
v -0.21235692170640863 -0.16384669725891404 -0.15626974839920116
vt 0 1
vt 0.125 1
vt 0.125 1
vt 0 1
vt 0 1
vt 0.3125 1
vt 0.3125 1
vt 0 1
vt 0 1
vt 0.125 1
vt 0.125 1
vt 0 1
vt 0 1
vt 0.3125 1
vt 0.3125 1
vt 0 1
vt 0 0.75
vt 1 0.75
vt 1 0.6875
vt 0 0.6875
vt 0 1
vt 0.0625 1
vt 0.0625 0.6875
vt 0 0.6875
vn -0.5854934667199749 0.09656442414345201 -0.8049054058820013
vn 0.8033754384201057 -0.06384617020690272 -0.5920401772626704
vn 0.5854934667199749 -0.09656442414345201 0.8049054058820013
vn -0.8033754384201057 0.06384617020690272 0.5920401772626704
vn 0.10856014633155542 0.9932768891601954 0.04019597105079782
vn -0.10856014633155542 -0.9932768891601954 -0.04019597105079782
g Frond
f 148/436/109 151/435/109 149/434/109 146/433/109
f 147/440/110 148/439/110 146/438/110 145/437/110
f 152/444/111 147/443/111 145/442/111 150/441/111
f 151/448/112 152/447/112 150/446/112 149/445/112
f 150/452/113 145/451/113 146/450/113 149/449/113
f 151/456/114 148/455/114 147/454/114 152/453/114
o cube
v 0.2714482971199771 -0.20073013721414135 -0.5514589818596443
v 0.25431960282021293 -0.19106576445962387 -0.5757441672788862
v 0.2714482971199771 -0.20073013721414135 -0.5514589818596443
v 0.25431960282021293 -0.19106576445962387 -0.5757441672788862
v -0.24779004619235312 -0.15116190808030971 -0.20571905648971728
v -0.23066135189258896 -0.1608262808348272 -0.18143387107047526
v -0.24779004619235312 -0.15116190808030971 -0.20571905648971728
v -0.23066135189258896 -0.1608262808348272 -0.18143387107047526
vt 0 1
vt 0.125 1
vt 0.125 1
vt 0 1
vt 0 1
vt 0.3125 1
vt 0.3125 1
vt 0 1
vt 0 1
vt 0.125 1
vt 0.125 1
vt 0 1
vt 0 1
vt 0.3125 1
vt 0.3125 1
vt 0 1
vt 0 0.8125
vt 1 0.8125
vt 1 0.75
vt 0 0.75
vt 0 1
vt 0.0625 1
vt 0.0625 0.6875
vt 0 0.6875
vn -0.5481182175924533 0.30925992814456027 -0.7771259334157453
vn 0.8033754384201057 -0.0638461702069027 -0.5920401772626704
vn 0.5481182175924533 -0.30925992814456027 0.7771259334157453
vn -0.8033754384201057 0.0638461702069027 0.5920401772626704
vn 0.2327108172960061 0.9488318941698433 0.21345658134499473
vn -0.2327108172960061 -0.9488318941698433 -0.21345658134499473
g Frond
f 156/460/115 159/459/115 157/458/115 154/457/115
f 155/464/116 156/463/116 154/462/116 153/461/116
f 160/468/117 155/467/117 153/466/117 158/465/117
f 159/472/118 160/471/118 158/470/118 157/469/118
f 158/476/119 153/475/119 154/474/119 157/473/119
f 159/480/120 156/479/120 155/478/120 160/477/120
o cube
v 0.25433414759814665 -0.1910064617077733 -0.5757308258468952
v 0.24379531056625703 -0.16692414348732765 -0.5926286766908475
v 0.25433414759814665 -0.1910064617077733 -0.5757308258468952
v 0.24379531056625703 -0.16692414348732765 -0.5926286766908475
v -0.25831433844630897 -0.1270202871080135 -0.2226035659016785
v -0.24777550141441934 -0.15110260532845915 -0.2057057150577261
v -0.25831433844630897 -0.1270202871080135 -0.2226035659016785
v -0.24777550141441934 -0.15110260532845915 -0.2057057150577261
vt 0 1
vt 0.125 1
vt 0.125 1
vt 0 1
vt 0 1
vt 0.3125 1
vt 0.3125 1
vt 0 1
vt 0 1
vt 0.125 1
vt 0.125 1
vt 0 1
vt 0 1
vt 0.3125 1
vt 0.3125 1
vt 0 1
vt 0 0.875
vt 1 0.875
vt 1 0.8125
vt 0 0.8125
vt 0 1
vt 0.0625 1
vt 0.0625 0.6875
vt 0 0.6875
vn -0.33724278502046784 0.7706341830542616 -0.5407312270064764
vn 0.8033754384201057 -0.06384617020690271 -0.5920401772626704
vn 0.33724278502046784 -0.7706341830542616 0.5407312270064764
vn -0.8033754384201057 0.06384617020690271 0.5920401772626704
vn 0.490770016295761 0.634071464787844 0.5975769144192706
vn -0.490770016295761 -0.634071464787844 -0.5975769144192706
g Frond
f 164/484/121 167/483/121 165/482/121 162/481/121
f 163/488/122 164/487/122 162/486/122 161/485/122
f 168/492/123 163/491/123 161/490/123 166/489/123
f 167/496/124 168/495/124 166/494/124 165/493/124
f 166/500/125 161/499/125 162/498/125 165/497/125
f 167/504/126 164/503/126 163/502/126 168/501/126
o cube
v 0.6306585877286786 0.07362942392137706 0.07642468052754725
v 0.6966223896388384 -0.032682266608605515 -0.06322792880795503
v 0.6306585877286786 0.07362942392137706 0.07642468052754725
v 0.6966223896388384 -0.032682266608605515 -0.06322792880795503
v 0.11218187822086612 -0.1431219817352325 -0.25521063098773034
v 0.04621807631070629 -0.03681029120524998 -0.11555802165222806
v 0.11218187822086612 -0.1431219817352325 -0.25521063098773034
v 0.04621807631070629 -0.03681029120524998 -0.11555802165222806
vt 0 1
vt 0.125 1
vt 0.125 1
vt 0 1
vt 0 1
vt 0.3125 1
vt 0.3125 1
vt 0 1
vt 0 1
vt 0.125 1
vt 0.125 1
vt 0 1
vt 0 1
vt 0.3125 1
vt 0.3125 1
vt 0 1
vt 0 0.3125
vt 1 0.3125
vt 1 0
vt 0 0
vt 0 1
vt 0.0625 1
vt 0.0625 0.6875
vt 0 0.6875
vn 0.35180694352085257 -0.5669956828265735 -0.7448139164560121
vn 0.935104818268756 0.17670354420260323 0.30717232348764056
vn -0.35180694352085257 0.5669956828265735 0.7448139164560121
vn -0.935104818268756 -0.17670354420260323 -0.30717232348764056
vn 0.04255412249210093 0.8045444382520248 -0.592365928743932
vn -0.04255412249210093 -0.8045444382520248 0.592365928743932
g Frond
f 172/508/127 175/507/127 173/506/127 170/505/127
f 171/512/128 172/511/128 170/510/128 169/509/128
f 176/516/129 171/515/129 169/514/129 174/513/129
f 175/520/130 176/519/130 174/518/130 173/517/130
f 174/524/131 169/523/131 170/522/131 173/521/131
f 175/528/132 172/527/132 171/526/132 176/525/132
o cube
v 0.6966176935740107 -0.0326734046055418 -0.06321873082597107
v 0.7175087758485614 -0.07815408640611304 -0.10065294331071739
v 0.6966176935740107 -0.0326734046055418 -0.06321873082597107
v 0.7175087758485614 -0.07815408640611304 -0.10065294331071739
v 0.13306826443058895 -0.18859380153274008 -0.29263564549049276
v 0.11217718215603822 -0.14311311973216884 -0.2552014330057464
v 0.13306826443058895 -0.18859380153274008 -0.29263564549049276
v 0.11217718215603822 -0.14311311973216884 -0.2552014330057464
vt 0 1
vt 0.125 1
vt 0.125 1
vt 0 1
vt 0 1
vt 0.3125 1
vt 0.3125 1
vt 0 1
vt 0 1
vt 0.125 1
vt 0.125 1
vt 0 1
vt 0 1
vt 0.3125 1
vt 0.3125 1
vt 0 1
vt 0 0.4375
vt 1 0.4375
vt 1 0.3125
vt 0 0.3125
vt 0 1
vt 0.0625 1
vt 0.0625 0.6875
vt 0 0.6875
vn 0.3342573163928112 -0.7276909088091401 -0.5989473997559418
vn 0.935104818268756 0.17670354420260323 0.30717232348764056
vn -0.3342573163928112 0.7276909088091401 0.5989473997559418
vn -0.935104818268756 -0.17670354420260323 -0.30717232348764056
vn 0.11769037891192798 0.6627531959204471 -0.7395317275200575
vn -0.11769037891192798 -0.6627531959204471 0.7395317275200575
g Frond
f 180/532/133 183/531/133 181/530/133 178/529/133
f 179/536/134 180/535/134 178/534/134 177/533/134
f 184/540/135 179/539/135 177/538/135 182/537/135
f 183/544/136 184/543/136 182/542/136 181/541/136
f 182/548/137 177/547/137 178/546/137 181/545/137
f 183/552/138 180/551/138 179/550/138 184/549/138
o cube
v 0.7367886640943473 -0.13009101370319343 -0.12946829088315803
v 0.7475150003061353 -0.15093973489558088 -0.15012837404160106
v 0.7367886640943473 -0.13009101370319343 -0.12946829088315803
v 0.7475150003061353 -0.15093973489558088 -0.15012837404160106
v 0.1630744888881629 -0.2613794500222079 -0.3421110762213764
v 0.15234815267637491 -0.24053072882982046 -0.3214509930629334
v 0.1630744888881629 -0.2613794500222079 -0.3421110762213764
v 0.15234815267637491 -0.24053072882982046 -0.3214509930629334
vt 0 1
vt 0.125 1
vt 0.125 1
vt 0 1
vt 0 1
vt 0.3125 1
vt 0.3125 1
vt 0 1
vt 0 1
vt 0.125 1
vt 0.125 1
vt 0 1
vt 0 1
vt 0.3125 1
vt 0.3125 1
vt 0 1
vt 0 0.625
vt 1 0.625
vt 1 0.5625
vt 0 0.5625
vt 0 1
vt 0.0625 1
vt 0.0625 0.6875
vt 0 0.6875
vn 0.343242758777216 -0.6671590781563984 -0.6611226610701759
vn 0.935104818268756 0.17670354420260329 0.30717232348764056
vn -0.343242758777216 0.6671590781563984 0.6611226610701759
vn -0.935104818268756 -0.17670354420260329 -0.30717232348764056
vn 0.08811008680941682 0.7236536615672882 -0.684515880533603
vn -0.08811008680941682 -0.7236536615672882 0.684515880533603
g Frond
f 188/556/139 191/555/139 189/554/139 186/553/139
f 187/560/140 188/559/140 186/558/140 185/557/140
f 192/564/141 187/563/141 185/562/141 190/561/141
f 191/568/142 192/567/142 190/566/142 189/565/142
f 190/572/143 185/571/143 186/570/143 189/569/143
f 191/576/144 188/575/144 187/574/144 192/573/144
o cube
v 0.7475217061398456 -0.15095017982974945 -0.1501427796380309
v 0.758579570245028 -0.16403374448029728 -0.17627908537289438
v 0.7475217061398456 -0.15095017982974945 -0.1501427796380309
v 0.758579570245028 -0.16403374448029728 -0.17627908537289438
v 0.1741390588270556 -0.2744734596069243 -0.3682617875526697
v 0.16308119472187332 -0.26138989495637643 -0.3421254818178062
v 0.1741390588270556 -0.2744734596069243 -0.3682617875526697
v 0.16308119472187332 -0.26138989495637643 -0.3421254818178062
vt 0 1
vt 0.125 1
vt 0.125 1
vt 0 1
vt 0 1
vt 0.3125 1
vt 0.3125 1
vt 0 1
vt 0 1
vt 0.125 1
vt 0.125 1
vt 0 1
vt 0 1
vt 0.3125 1
vt 0.3125 1
vt 0 1
vt 0 0.6875
vt 1 0.6875
vt 1 0.625
vt 0 0.625
vt 0 1
vt 0.0625 1
vt 0.0625 0.6875
vt 0 0.6875
vn 0.35385165136583224 -0.4186740688175321 -0.8363617835156302
vn 0.935104818268756 0.17670354420260323 0.30717232348764056
vn -0.35385165136583224 0.4186740688175321 0.8363617835156302
vn -0.935104818268756 -0.17670354420260323 -0.30717232348764056
vn -0.019183004880116542 0.890779367501297 -0.4540309799537456
vn 0.019183004880116542 -0.890779367501297 0.4540309799537456
g Frond
f 196/580/145 199/579/145 197/578/145 194/577/145
f 195/584/146 196/583/146 194/582/146 193/581/146
f 200/588/147 195/587/147 193/586/147 198/585/147
f 199/592/148 200/591/148 198/590/148 197/589/148
f 198/596/149 193/595/149 194/594/149 197/593/149
f 199/600/150 196/599/150 195/598/150 200/597/150
o cube
v 0.7175044290553838 -0.07814326212290151 -0.10064593741248795
v 0.7269063422794151 -0.10482725507756102 -0.11391737470177465
v 0.7175044290553838 -0.07814326212290151 -0.10064593741248795
v 0.7269063422794151 -0.10482725507756102 -0.11391737470177465
v 0.1424658308614426 -0.21526697020418806 -0.30590007688154996
v 0.13306391763741143 -0.18858297724952855 -0.2926286395922633
v 0.1424658308614426 -0.21526697020418806 -0.30590007688154996
v 0.13306391763741143 -0.18858297724952855 -0.2926286395922633
vt 0 1
vt 0.125 1
vt 0.125 1
vt 0 1
vt 0 1
vt 0.3125 1
vt 0.3125 1
vt 0 1
vt 0 1
vt 0.125 1
vt 0.125 1
vt 0 1
vt 0 1
vt 0.3125 1
vt 0.3125 1
vt 0 1
vt 0 0.5
vt 1 0.5
vt 1 0.4375
vt 0 0.4375
vt 0 1
vt 0.0625 1
vt 0.0625 0.6875
vt 0 0.6875
vn 0.3008612231689991 -0.8538877745491044 -0.4246859932571731
vn 0.935104818268756 0.17670354420260317 0.30717232348764056
vn -0.3008612231689991 0.8538877745491044 0.4246859932571731
vn -0.935104818268756 -0.17670354420260317 -0.30717232348764056
vn 0.18724717152419368 0.4895421595141897 -0.8516378166887452
vn -0.18724717152419368 -0.4895421595141897 0.8516378166887452
g Frond
f 204/604/151 207/603/151 205/602/151 202/601/151
f 203/608/152 204/607/152 202/606/152 201/605/152
f 208/612/153 203/611/153 201/610/153 206/609/153
f 207/616/154 208/615/154 206/614/154 205/613/154
f 206/620/155 201/619/155 202/618/155 205/617/155
f 207/624/156 204/623/156 203/622/156 208/621/156
o cube
v 0.7269080256990958 -0.10483178989653685 -0.1139198907333645
v 0.7367841513770315 -0.13008091687317513 -0.12946036139905592
v 0.7269080256990958 -0.10483178989653685 -0.1139198907333645
v 0.7367841513770315 -0.13008091687317513 -0.12946036139905592
v 0.1523436399590592 -0.24052063199980217 -0.32144306357883123
v 0.14246751428112348 -0.2152715050231639 -0.3059025929131398
v 0.1523436399590592 -0.24052063199980217 -0.32144306357883123
v 0.14246751428112348 -0.2152715050231639 -0.3059025929131398
vt 0 1
vt 0.125 1
vt 0.125 1
vt 0 1
vt 0 1
vt 0.3125 1
vt 0.3125 1
vt 0 1
vt 0 1
vt 0.125 1
vt 0.125 1
vt 0 1
vt 0 1
vt 0.3125 1
vt 0.3125 1
vt 0 1
vt 0 0.5625
vt 1 0.5625
vt 1 0.5
vt 0 0.5
vt 0 1
vt 0.0625 1
vt 0.0625 0.6875
vt 0 0.6875
vn 0.31603602169394357 -0.8079720632524257 -0.49729506130212436
vn 0.935104818268756 0.17670354420260317 0.3071723234876405
vn -0.31603602169394357 0.8079720632524257 0.49729506130212436
vn -0.935104818268756 -0.17670354420260317 -0.3071723234876405
vn 0.16031285613581428 0.5621005270143917 -0.811383254502902
vn -0.16031285613581428 -0.5621005270143917 0.811383254502902
g Frond
f 212/628/157 215/627/157 213/626/157 210/625/157
f 211/632/158 212/631/158 210/630/158 209/629/158
f 216/636/159 211/635/159 209/634/159 214/633/159
f 215/640/160 216/639/160 214/638/160 213/637/160
f 214/644/161 209/643/161 210/642/161 213/641/161
f 215/648/162 212/647/162 211/646/162 216/645/162
o cube
v 0.7585879422433512 -0.16403951966809477 -0.17630124947850478
v 0.7685746697462141 -0.1654744539536679 -0.20587773908392693
v 0.7585879422433512 -0.16403951966809477 -0.17630124947850478
v 0.7685746697462141 -0.1654744539536679 -0.20587773908392693
v 0.18413415832824165 -0.2759141690802949 -0.39786044126370224
v 0.17414743082537876 -0.2744792347947218 -0.3682839516582801
v 0.18413415832824165 -0.2759141690802949 -0.39786044126370224
v 0.17414743082537876 -0.2744792347947218 -0.3682839516582801
vt 0 1
vt 0.125 1
vt 0.125 1
vt 0 1
vt 0 1
vt 0.3125 1
vt 0.3125 1
vt 0 1
vt 0 1
vt 0.125 1
vt 0.125 1
vt 0 1
vt 0 1
vt 0.3125 1
vt 0.3125 1
vt 0 1
vt 0 0.75
vt 1 0.75
vt 1 0.6875
vt 0 0.6875
vt 0 1
vt 0.0625 1
vt 0.0625 0.6875
vt 0 0.6875
vn 0.3195752800916126 -0.04591789713833984 -0.946447667373511
vn 0.935104818268756 0.17670354420260317 0.30717232348764056
vn -0.3195752800916126 0.04591789713833984 0.946447667373511
vn -0.935104818268756 -0.17670354420260317 -0.30717232348764056
vn -0.1531359500735356 0.9831924553151492 -0.09940813149055833
vn 0.1531359500735356 -0.9831924553151492 0.09940813149055833
g Frond
f 220/652/163 223/651/163 221/650/163 218/649/163
f 219/656/164 220/655/164 218/654/164 217/653/164
f 224/660/165 219/659/165 217/658/165 222/657/165
f 223/664/166 224/663/166 222/662/166 221/661/166
f 222/668/167 217/667/167 218/666/167 221/665/167
f 223/672/168 220/671/168 219/670/168 224/669/168
o cube
v 0.7685787658521819 -0.1654736181476038 -0.2058906893988358
v 0.7772929966026103 -0.1602244826531113 -0.23543846865530016
v 0.7685787658521819 -0.1654736181476038 -0.2058906893988358
v 0.7772929966026103 -0.1602244826531113 -0.23543846865530016
v 0.19285248518463805 -0.2706641977797383 -0.42742117083507547
v 0.1841382544342094 -0.27591333327423084 -0.3978733915786112
v 0.19285248518463805 -0.2706641977797383 -0.42742117083507547
v 0.1841382544342094 -0.27591333327423084 -0.3978733915786112
vt 0 1
vt 0.125 1
vt 0.125 1
vt 0 1
vt 0 1
vt 0.3125 1
vt 0.3125 1
vt 0 1
vt 0 1
vt 0.125 1
vt 0.125 1
vt 0 1
vt 0 1
vt 0.3125 1
vt 0.3125 1
vt 0 1
vt 0 0.8125
vt 1 0.8125
vt 1 0.75
vt 0 0.75
vt 0 1
vt 0.0625 1
vt 0.0625 0.6875
vt 0 0.6875
vn 0.27885538401371507 0.1679723358237614 -0.9455289362068583
vn 0.9351048182687559 0.17670354420260323 0.30717232348764056
vn -0.27885538401371507 -0.1679723358237614 0.9455289362068583
vn -0.9351048182687559 -0.17670354420260323 -0.30717232348764056
vn -0.2186747668505 0.9698253202840955 0.10779700588945537
vn 0.2186747668505 -0.9698253202840955 -0.10779700588945537
