# Made in Blockbench 4.7.4

o cube
v -0.125 0.375 0.125
v -0.125 0.375 -0.1875
v -0.125 0 0.125
v -0.125 0 -0.1875
v -0.1875 0.375 -0.1875
v -0.1875 0.375 0.125
v -0.1875 0 -0.1875
v -0.1875 0 0.125
vt 0.625 0.375
vt 0.6875 0.375
vt 0.6875 0
vt 0.625 0
vt 0.3125 0.375
vt 0.625 0.375
vt 0.625 0
vt 0.3125 0
vt 0 1
vt 0.0625 1
vt 0.0625 0.625
vt 0 0.625
vt 0.3125 0.375
vt 0.625 0.375
vt 0.625 0
vt 0.3125 0
vt 0.625 0.6875
vt 0.6875 0.6875
vt 0.6875 0.375
vt 0.625 0.375
vt 0.3125 0.375
vt 0.375 0.375
vt 0.375 0.0625
vt 0.3125 0.0625
vn 0 0 -1
vn 1 0 0
vn 0 0 1
vn -1 0 0
vn 0 1 0
vn 0 -1 0
g 0
f 4/4/1 7/3/1 5/2/1 2/1/1
f 3/8/2 4/7/2 2/6/2 1/5/2
f 8/12/3 3/11/3 1/10/3 6/9/3
f 7/16/4 8/15/4 6/14/4 5/13/4
f 6/20/5 1/19/5 2/18/5 5/17/5
f 7/24/6 4/23/6 3/22/6 8/21/6
o cube
v 0.1875 0.375 -0.125
v 0.1875 0.375 -0.1875
v 0.1875 0 -0.125
v 0.1875 0 -0.1875
v -0.125 0.375 -0.1875
v -0.125 0.375 -0.125
v -0.125 0 -0.1875
v -0.125 0 -0.125
vt 0.3125 0.375
vt 0.625 0.375
vt 0.625 0
vt 0.3125 0
vt 0.625 0.375
vt 0.6875 0.375
vt 0.6875 0
vt 0.625 0
vt 0.3125 0.375
vt 0.625 0.375
vt 0.625 0
vt 0.3125 0
vt 0 1
vt 0.0625 1
vt 0.0625 0.625
vt 0 0.625
vt 0.375 0.375
vt 0.6875 0.375
vt 0.6875 0.3125
vt 0.375 0.3125
vt 0.375 0.375
vt 0.6875 0.375
vt 0.6875 0.3125
vt 0.375 0.3125
vn 0 0 -1
vn 1 0 0
vn 0 0 1
vn -1 0 0
vn 0 1 0
vn 0 -1 0
g 0
f 12/28/7 15/27/7 13/26/7 10/25/7
f 11/32/8 12/31/8 10/30/8 9/29/8
f 16/36/9 11/35/9 9/34/9 14/33/9
f 15/40/10 16/39/10 14/38/10 13/37/10
f 14/44/11 9/43/11 10/42/11 13/41/11
f 15/48/12 12/47/12 11/46/12 16/45/12
o cube
v 0.1875 0.375 0.1875
v 0.1875 0.375 -0.125
v 0.1875 0 0.1875
v 0.1875 0 -0.125
v 0.125 0.375 -0.125
v 0.125 0.375 0.1875
v 0.125 0 -0.125
v 0.125 0 0.1875
vt 0 1
vt 0.0625 1
vt 0.0625 0.625
vt 0 0.625
vt 0.3125 0.375
vt 0.625 0.375
vt 0.625 0
vt 0.3125 0
vt 0.625 0.375
vt 0.6875 0.375
vt 0.6875 0
vt 0.625 0
vt 0.3125 0.375
vt 0.625 0.375
vt 0.625 0
vt 0.3125 0
vt 0.3125 0.625
vt 0.375 0.625
vt 0.375 0.3125
vt 0.3125 0.3125
vt 0.625 0.3125
vt 0.6875 0.3125
vt 0.6875 0
vt 0.625 0
vn 0 0 -1
vn 1 0 0
vn 0 0 1
vn -1 0 0
vn 0 1 0
vn 0 -1 0
g 0
f 20/52/13 23/51/13 21/50/13 18/49/13
f 19/56/14 20/55/14 18/54/14 17/53/14
f 24/60/15 19/59/15 17/58/15 22/57/15
f 23/64/16 24/63/16 22/62/16 21/61/16
f 22/68/17 17/67/17 18/66/17 21/65/17
f 23/72/18 20/71/18 19/70/18 24/69/18
o cube
v 0.125 0.375 0.1875
v 0.125 0.375 0.125
v 0.125 0 0.1875
v 0.125 0 0.125
v -0.1875 0.375 0.125
v -0.1875 0.375 0.1875
v -0.1875 0 0.125
v -0.1875 0 0.1875
vt 0.3125 0.375
vt 0.625 0.375
vt 0.625 0
vt 0.3125 0
vt 0 1
vt 0.0625 1
vt 0.0625 0.625
vt 0 0.625
vt 0.3125 0.375
vt 0.625 0.375
vt 0.625 0
vt 0.3125 0
vt 0.625 0.375
vt 0.6875 0.375
vt 0.6875 0
vt 0.625 0
vt 0.3125 0.6875
vt 0.625 0.6875
vt 0.625 0.625
vt 0.3125 0.625
vt 0.3125 0.0625
vt 0.625 0.0625
vt 0.625 0
vt 0.3125 0
vn 0 0 -1
vn 1 0 0
vn 0 0 1
vn -1 0 0
vn 0 1 0
vn 0 -1 0
g 0
f 28/76/19 31/75/19 29/74/19 26/73/19
f 27/80/20 28/79/20 26/78/20 25/77/20
f 32/84/21 27/83/21 25/82/21 30/81/21
f 31/88/22 32/87/22 30/86/22 29/85/22
f 30/92/23 25/91/23 26/90/23 29/89/23
f 31/96/24 28/95/24 27/94/24 32/93/24
o cube
v 0.125 0.25 0.125
v 0.125 0.25 -0.125
v 0.125 0.0625 0.125
v 0.125 0.0625 -0.125
v -0.125 0.25 -0.125
v -0.125 0.25 0.125
v -0.125 0.0625 -0.125
v -0.125 0.0625 0.125
vt 0 1
vt 0.25 1
vt 0.25 0.8125
vt 0 0.8125
vt 0 1
vt 0.25 1
vt 0.25 0.8125
vt 0 0.8125
vt 0 1
vt 0.25 1
vt 0.25 0.8125
vt 0 0.8125
vt 0 1
vt 0.25 1
vt 0.25 0.8125
vt 0 0.8125
vt 0 1
vt 0.25 1
vt 0.25 0.75
vt 0 0.75
vt 0 1
vt 0.25 1
vt 0.25 0.75
vt 0 0.75
vn 0 0 -1
vn 1 0 0
vn 0 0 1
vn -1 0 0
vn 0 1 0
vn 0 -1 0
g Dirt
f 36/100/25 39/99/25 37/98/25 34/97/25
f 35/104/26 36/103/26 34/102/26 33/101/26
f 40/108/27 35/107/27 33/106/27 38/105/27
f 39/112/28 40/111/28 38/110/28 37/109/28
f 38/116/29 33/115/29 34/114/29 37/113/29
f 39/120/30 36/119/30 35/118/30 40/117/30
o cube
v 0.125 0.0625 0.125
v 0.125 0.0625 -0.125
v 0.125 0 0.125
v 0.125 0 -0.125
v -0.125 0.0625 -0.125
v -0.125 0.0625 0.125
v -0.125 0 -0.125
v -0.125 0 0.125
vt 0 1
vt 0.25 1
vt 0.25 0.9375
vt 0 0.9375
vt 0 1
vt 0.25 1
vt 0.25 0.9375
vt 0 0.9375
vt 0 1
vt 0.25 1
vt 0.25 0.9375
vt 0 0.9375
vt 0 1
vt 0.25 1
vt 0.25 0.9375
vt 0 0.9375
vt 0 1
vt 0.25 1
vt 0.25 0.75
vt 0 0.75
vt 0.375 0.3125
vt 0.625 0.3125
vt 0.625 0.0625
vt 0.375 0.0625
vn 0 0 -1
vn 1 0 0
vn 0 0 1
vn -1 0 0
vn 0 1 0
vn 0 -1 0
g 0
f 44/124/31 47/123/31 45/122/31 42/121/31
f 43/128/32 44/127/32 42/126/32 41/125/32
f 48/132/33 43/131/33 41/130/33 46/129/33
f 47/136/34 48/135/34 46/134/34 45/133/34
f 46/140/35 41/139/35 42/138/35 45/137/35
f 47/144/36 44/143/36 43/142/36 48/141/36
o cube
v 0 0.3125 0.125
v 0.48344969543172256 0.6834639962465809 0.12499998752237218
v 0 0.3125 0.125
v 0.48344969543172256 0.6834639962465809 0.12499998752237218
v 0.4834496873662325 0.6834639962465809 -0.18750001247762776
v 0 0.3125 -0.18749999999999994
v 0.4834496873662325 0.6834639962465809 -0.18750001247762776
v 0 0.3125 -0.18749999999999994
vt 0 1
vt 0.3125 1
vt 0.3125 1
vt 0 1
vt 0 1
vt 0.5625 1
vt 0.5625 1
vt 0 1
vt 0 1
vt 0.3125 1
vt 0.3125 1
vt 0 1
vt 0 1
vt 0.5625 1
vt 0.5625 1
vt 0 1
vt 0.28125 0.59375
vt 0.59375 0.59375
vt 0.59375 0
vt 0.28125 0
vt 0 1
vt 0.03125 1
vt 0.03125 0.59375
vt 0 0.59375
vn 0.7933533397316554 0.6087614297379789 0
vn 0 0 0.9999999999999998
vn -0.7933533397316554 -0.6087614297379789 0
vn 0 0 -0.9999999999999998
vn -0.6087614297379786 0.7933533397316558 0
vn 0.6087614297379786 -0.7933533397316558 0
g 0
f 52/148/37 55/147/37 53/146/37 50/145/37
f 51/152/38 52/151/38 50/150/38 49/149/38
f 56/156/39 51/155/39 49/154/39 54/153/39
f 55/160/40 56/159/40 54/158/40 53/157/40
f 54/164/41 49/163/41 50/162/41 53/161/41
f 55/168/42 52/167/42 51/166/42 56/165/42
o cube
v -0.16919582358537333 0.5313328308736753 0.11747046904538949
v 0.038257853912725404 0.9430206138301616 0.5159852513080905
v -0.16919582358537333 0.5313328308736753 0.11747046904538949
v 0.038257853912725404 0.9430206138301616 0.5159852513080905
v 0.37088691188548406 0.9430206141359174 0.34282951275994067
v 0.16343323438738522 0.5313328311794312 -0.055685269502760204
v 0.37088691188548406 0.9430206141359174 0.34282951275994067
v 0.16343323438738522 0.5313328311794312 -0.055685269502760204
vt 0 1
vt 0.3125 1
vt 0.3125 1
vt 0 1
vt 0 1
vt 0.5625 1
vt 0.5625 1
vt 0 1
vt 0 1
vt 0.3125 1
vt 0.3125 1
vt 0 1
vt 0 1
vt 0.5625 1
vt 0.5625 1
vt 0 1
vt 0.28125 0.59375
vt 0.59375 0.59375
vt 0.59375 0
vt 0.28125 0
vt 0 1
vt 0.03125 1
vt 0.03125 0.59375
vt 0 0.59375
vn 0.34043680409944416 0.6755902079285928 0.6539729760208425
vn -0.8870108212606896 0 0.4617486361283992
vn -0.34043680409944416 -0.6755902079285928 -0.6539729760208425
vn 0.8870108212606896 0 -0.4617486361283992
vn -0.3119528576259458 0.7372773365233741 -0.5992558248928463
vn 0.3119528576259458 -0.7372773365233741 0.5992558248928463
g 0
f 60/172/43 63/171/43 61/170/43 58/169/43
f 59/176/44 60/175/44 58/174/44 57/173/44
f 64/180/45 59/179/45 57/178/45 62/177/45
f 63/184/46 64/183/46 62/182/46 61/181/46
f 62/188/47 57/187/47 58/186/47 61/185/47
f 63/192/48 60/191/48 59/190/48 64/189/48
o cube
v 0.04343560692859649 0.49132192830521904 -0.1915820882042879
v -0.10666794390182865 1.0724931950294432 -0.2966857198601859
v 0.04343560692859649 0.49132192830521904 -0.1915820882042879
v -0.10666794390182865 1.0724931950294432 -0.2966857198601859
v -0.28591057365466793 1.0724931948646816 -0.04070070139370108
v -0.13580702282424273 0.4913219281404574 0.0644029302621969
v -0.28591057365466793 1.0724931948646816 -0.04070070139370108
v -0.13580702282424273 0.4913219281404574 0.0644029302621969
vt 0 1
vt 0.3125 1
vt 0.3125 1
vt 0 1
vt 0 1
vt 0.5625 1
vt 0.5625 1
vt 0 1
vt 0 1
vt 0.3125 1
vt 0.3125 1
vt 0 1
vt 0 1
vt 0.5625 1
vt 0.5625 1
vt 0 1
vt 0.28125 0.59375
vt 0.59375 0.59375
vt 0.59375 0
vt 0.28125 0
vt 0 1
vt 0.03125 1
vt 0.03125 0.59375
vt 0 0.59375
vn -0.24632377572172331 0.9537169505218037 -0.17247775451224281
vn 0.5735764152090856 0 -0.8191520590927516
vn 0.24632377572172331 -0.9537169505218037 0.17247775451224281
vn -0.5735764152090856 0 0.8191520590927516
vn 0.7812392037206587 0.30070580022239574 0.5470295497343083
vn -0.7812392037206587 -0.30070580022239574 -0.5470295497343083
g 0
f 68/196/49 71/195/49 69/194/49 66/193/49
f 67/200/50 68/199/50 66/198/50 65/197/50
f 72/204/51 67/203/51 65/202/51 70/201/51
f 71/208/52 72/207/52 70/206/52 69/205/52
f 70/212/53 65/211/53 66/210/53 69/209/53
f 71/216/54 68/215/54 67/214/54 72/213/54
o cube
v -0.012236832919576446 0.3124999999887518 -0.12419795543796736
v -0.41198595603481947 0.6819633944111128 -0.07156997452000857
v -0.012236832919576446 0.3124999999887518 -0.12419795543796736
v -0.41198595603481947 0.6819633944111128 -0.07156997452000857
v -0.3793544015826156 0.6819633944411081 0.17629123998123775
v 0.020394721532627447 0.312500000018747 0.12366325906327891
v -0.3793544015826156 0.6819633944411081 0.17629123998123775
v 0.020394721532627447 0.312500000018747 0.12366325906327891
vt 0 1
vt 0.3125 1
vt 0.3125 1
vt 0 1
vt 0 1
vt 0.5625 1
vt 0.5625 1
vt 0 1
vt 0 1
vt 0.3125 1
vt 0.3125 1
vt 0 1
vt 0 1
vt 0.5625 1
vt 0.5625 1
vt 0 1
vt 0.28125 0.59375
vt 0.59375 0.59375
vt 0.59375 0
vt 0.28125 0
vt 0 1
vt 0.03125 1
vt 0.03125 0.59375
vt 0 0.59375
vn -0.7309698251250162 0.6755902069437459 0.09623402224998177
vn -0.1305262178088156 0 -0.9914448580049855
vn 0.7309698251250162 -0.6755902069437459 -0.09623402224998177
vn 0.1305262178088156 0 0.9914448580049855
vn 0.6698104367813549 0.73727733742582 -0.08818223458874458
vn -0.6698104367813549 -0.73727733742582 0.08818223458874458
g 0
f 76/220/55 79/219/55 77/218/55 74/217/55
f 75/224/56 76/223/56 74/222/56 73/221/56
f 80/228/57 75/227/57 73/226/57 78/225/57
f 79/232/58 80/231/58 78/230/58 77/229/58
f 78/236/59 73/235/59 74/234/59 77/233/59
f 79/240/60 76/239/60 75/238/60 80/237/60
o cube
v 0.15565542192831217 0.31250000014308 -0.017631919213078884
v 0.19391615699135512 0.5172057207089009 -0.4549542542762033
v 0.15565542192831217 0.31250000014308 -0.017631919213078884
v 0.19391615699135512 0.5172057207089009 -0.4549542542762033
v -0.11739468686526922 0.5172057204227409 -0.4821904158500455
v -0.15565542192831217 0.31249999985692 -0.044868080786921116
v -0.11739468686526922 0.5172057204227409 -0.4821904158500455
v -0.15565542192831217 0.31249999985692 -0.044868080786921116
vt 0 1
vt 0.3125 1
vt 0.3125 1
vt 0 1
vt 0 1
vt 0.5625 1
vt 0.5625 1
vt 0 1
vt 0 1
vt 0.3125 1
vt 0.3125 1
vt 0 1
vt 0 1
vt 0.5625 1
vt 0.5625 1
vt 0 1
vt 0.28125 0.59375
vt 0.59375 0.59375
vt 0.59375 0
vt 0.28125 0
vt 0 1
vt 0.03125 1
vt 0.03125 0.59375
vt 0 0.59375
vn 0.07898990464628224 0.4226182618133077 -0.9028590143238698
vn 0.9961947003411982 0 0.08715571703629521
vn -0.07898990464628224 -0.4226182618133077 0.9028590143238698
vn -0.9961947003411982 0 -0.08715571703629521
vn -0.03683359846773041 0.9063077870027921 0.4210100726134941
vn 0.03683359846773041 -0.9063077870027921 -0.4210100726134941
g 0
f 84/244/61 87/243/61 85/242/61 82/241/61
f 83/248/62 84/247/62 82/246/62 81/245/62
f 88/252/63 83/251/63 81/250/63 86/249/63
f 87/256/64 88/255/64 86/254/64 85/253/64
f 86/260/65 81/259/65 82/258/65 85/257/65
f 87/264/66 84/263/66 83/262/66 88/261/66
o cube
v 0.0011857923208221655 0.5350039264435238 0.0560397637972907
v 0.0011857923208221655 0.5350039264435238 0.0560397637972907
v 0.00106438694728328 0.30427056238990313 0.014884683937878784
v 0.00106438694728328 0.30427056238990313 0.014884683937878784
v -0.00023339027555552283 0.5459765099236531 -0.005473148119881033
v -0.00023339027555552283 0.5459765099236531 -0.005473148119881033
v -0.0003547956490944082 0.3152431458700323 -0.04662822797929295
v -0.0003547956490944082 0.3152431458700323 -0.04662822797929295
vt 0 1
vt 0.0625 1
vt 0.0625 0.75
vt 0 0.75
vt 0 1
vt 0 1
vt 0 0.75
vt 0 0.75
vt 0.46875 0.25
vt 0.53125 0.25
vt 0.53125 0
vt 0.46875 0
vt 0 1
vt 0 1
vt 0 0.75
vt 0 0.75
vt 0 1
vt 0.0625 1
vt 0.0625 1
vt 0 1
vt 0 1
vt 0.0625 1
vt 0.0625 1
vt 0 1
vn 0.9997420304228275 0.003477406722747108 -0.022445049532734736
vn 0.022706921542043082 -0.17556133568206803 0.9842065906747485
vn -0.9997420304228275 -0.003477406722747108 0.022445049532734736
vn -0.022706921542043082 0.17556133568206803 -0.9842065906747485
vn 0.0005179962604327052 0.9844623532954488 0.17559500740015743
vn -0.0005179962604327052 -0.9844623532954488 -0.17559500740015743
g Stem
f 92/268/67 95/267/67 93/266/67 90/265/67
f 91/272/68 92/271/68 90/270/68 89/269/68
f 96/276/69 91/275/69 89/274/69 94/273/69
f 95/280/70 96/279/70 94/278/70 93/277/70
f 94/284/71 89/283/71 90/282/71 93/281/71
f 95/288/72 92/287/72 91/286/72 96/285/72
o cube
v -0.045585965153777885 0.514664085240681 -0.05380290823369055
v -0.045585965153777885 0.514664085240681 -0.05380290823369055
v 0.000491981576624112 0.3283986441039899 0.012843726251961618
v 0.000491981576624112 0.3283986441039899 0.012843726251961618
v -0.04624194058927661 0.4934658931020277 -0.11259454323630608
v -0.04624194058927661 0.4934658931020277 -0.11259454323630608
v -0.000163993858874667 0.30720045196533674 -0.04594790875065391
v -0.000163993858874667 0.30720045196533674 -0.04594790875065391
vt 0 1
vt 0.0625 1
vt 0.0625 0.75
vt 0 0.75
vt 0 1
vt 0 1
vt 0 0.75
vt 0 0.75
vt 0.46875 0.25
vt 0.53125 0.25
vt 0.53125 0
vt 0.46875 0
vt 0 1
vt 0 1
vt 0 0.75
vt 0 0.75
vt 0 1
vt 0.0625 1
vt 0.0625 1
vt 0 1
vt 0 1
vt 0.0625 1
vt 0.0625 1
vt 0 1
vn 0.9738742541493915 0.20994199794313853 -0.08656381810323224
vn 0.010495606967979994 0.3391710742184497 0.9406661600418487
vn -0.9738742541493915 -0.20994199794313853 0.08656381810323224
vn -0.010495606967979994 -0.3391710742184497 -0.9406661600418487
vn -0.22684527621120956 0.9169990948267867 -0.3281065082370569
vn 0.22684527621120956 -0.9169990948267867 0.3281065082370569
g Stem
f 100/292/73 103/291/73 101/290/73 98/289/73
f 99/296/74 100/295/74 98/294/74 97/293/74
f 104/300/75 99/299/75 97/298/75 102/297/75
f 103/304/76 104/303/76 102/302/76 101/301/76
f 102/308/77 97/307/77 98/306/77 101/305/77
f 103/312/78 100/311/78 99/310/78 104/309/78
o cube
v 0.05344226284330433 1.3942000363462548 -0.20360334247034018
v 0.05344226284330433 1.3942000363462548 -0.20360334247034018
v -0.0758469960085586 0.33956077566486076 -0.02091827739949559
v -0.0758469960085586 0.33956077566486076 -0.02091827739949559
v 0.2085560291058156 1.3760201589115748 -0.1987790215524241
v 0.2085560291058156 1.3760201589115748 -0.1987790215524241
v 0.07926677025395268 0.3213808982301809 -0.01609395648157952
v 0.07926677025395268 0.3213808982301809 -0.01609395648157952
vt 0 1
vt 0.0625 1
vt 0.0625 0.75
vt 0 0.75
vt 0 1
vt 0 1
vt 0 0.75
vt 0 0.75
vt 0.375 1
vt 0.53125 1
vt 0.53125 0
vt 0.375 0
vt 0 1
vt 0 1
vt 0 0.75
vt 0 0.75
vt 0 1
vt 0.0625 1
vt 0.0625 1
vt 0 1
vt 0 1
vt 0.0625 1
vt 0.0625 1
vt 0 1
vn -0.01048769612593041 0.1719174387919267 0.9850555326829012
vn -0.9927281040800721 0.11635121558195065 -0.03087565387466284
vn 0.01048769612593041 -0.1719174387919267 -0.9850555326829012
vn 0.9927281040800721 -0.11635121558195065 0.03087565387466284
vn 0.11992047197853957 0.9782161258494089 -0.16944701687730515
vn -0.11992047197853957 -0.9782161258494089 0.16944701687730515
g Flower
f 108/316/79 111/315/79 109/314/79 106/313/79
f 107/320/80 108/319/80 106/318/80 105/317/80
f 112/324/81 107/323/81 105/322/81 110/321/81
f 111/328/82 112/327/82 110/326/82 109/325/82
f 110/332/83 105/331/83 106/330/83 109/329/83
f 111/336/84 108/335/84 107/334/84 112/333/84
o cube
v 0.13017979471471586 1.3985411475345346 -0.12423371852053156
v 0.13017979471471586 1.3985411475345346 -0.12423371852053156
v 0.000890535862858699 0.34390188685314027 0.05845134655031403
v 0.000890535862858699 0.34390188685314027 0.05845134655031403
v 0.1318184972343922 1.371679047723296 -0.27814864550223484
v 0.1318184972343922 1.371679047723296 -0.27814864550223484
v 0.0025292383825351594 0.3170397870419015 -0.09546358043138925
v 0.0025292383825351594 0.3170397870419015 -0.09546358043138925
vt 0 1
vt 0.0625 1
vt 0.0625 0.75
vt 0 0.75
vt 0 1
vt 0 1
vt 0 0.75
vt 0 0.75
vt 0.375 1
vt 0.53125 1
vt 0.53125 0
vt 0.375 0
vt 0 1
vt 0 1
vt 0 0.75
vt 0 0.75
vt 0 1
vt 0.0625 1
vt 0.0625 1
vt 0 1
vt 0 1
vt 0.0625 1
vt 0.0625 1
vt 0 1
vn 0.9927281040800727 -0.11635121558194546 0.03087565387466085
vn -0.010487696125929051 0.1719174387919274 0.9850555326829011
vn -0.9927281040800727 0.11635121558194546 -0.03087565387466085
vn 0.010487696125929051 -0.1719174387919274 -0.9850555326829011
vn 0.11992047197853413 0.9782161258494095 -0.16944701687730612
vn -0.11992047197853413 -0.9782161258494095 0.16944701687730612
g Flower
f 116/340/85 119/339/85 117/338/85 114/337/85
f 115/344/86 116/343/86 114/342/86 113/341/86
f 120/348/87 115/347/87 113/346/87 118/345/87
f 119/352/88 120/351/88 118/350/88 117/349/88
f 118/356/89 113/355/89 114/354/89 117/353/89
f 119/360/90 116/359/90 115/358/90 120/357/90
o cube
v 0.2406224201038778 1.5128525813575413 0.015134745128406846
v 0.2406224201038778 1.5128525813575413 0.015134745128406846
v -0.05604097346571607 0.34687720175079795 0.016552733732797087
v -0.05604097346571607 0.34687720175079795 0.016552733732797087
v 0.3920362162444948 1.474325509577869 0.013240126863000468
v 0.3920362162444948 1.474325509577869 0.013240126863000468
v 0.09537282267490099 0.3083501299711253 0.014658115467390598
v 0.09537282267490099 0.3083501299711253 0.014658115467390598
vt 0 1
vt 0.0625 1
vt 0.0625 0.75
vt 0 0.75
vt 0 1
vt 0 1
vt 0 0.75
vt 0 0.75
vt 0.375 1
vt 0.53125 1
vt 0.53125 0
vt 0.375 0
vt 0 1
vt 0 1
vt 0 0.75
vt 0 0.75
vt 0 1
vt 0.0625 1
vt 0.0625 1
vt 0 1
vt 0 1
vt 0.0625 1
vt 0.0625 1
vt 0 1
vn 0.012041756990962837 -0.0018477792570358604 0.9999257881464945
vn -0.9690482952999491 0.24657325938990532 0.012125556898601592
vn -0.012041756990962837 0.0018477792570358604 -0.9999257881464945
vn 0.9690482952999491 -0.24657325938990532 -0.012125556898601592
vn 0.2465773660838183 0.9691223934393713 -0.001178587930921658
vn -0.2465773660838183 -0.9691223934393713 0.001178587930921658
g Flower
f 124/364/91 127/363/91 125/362/91 122/361/91
f 123/368/92 124/367/92 122/366/92 121/365/92
f 128/372/93 123/371/93 121/370/93 126/369/93
f 127/376/94 128/375/94 126/374/94 125/373/94
f 126/380/95 121/379/95 122/378/95 125/377/95
f 127/384/96 124/383/96 123/382/96 128/381/96
o cube
v 0.3172700804390989 1.493444687713251 0.09230663819464768
v 0.3172700804390989 1.493444687713251 0.09230663819464768
v 0.020606686869511504 0.3274693081065059 0.0937246267990387
v 0.020606686869511504 0.3274693081065059 0.0937246267990387
v 0.31538855590926074 1.4937334032221627 -0.06393176620324209
v 0.31538855590926074 1.4937334032221627 -0.06393176620324209
v 0.018725162339673362 0.3277580236154176 -0.06251377759885107
v 0.018725162339673362 0.3277580236154176 -0.06251377759885107
vt 0 1
vt 0.0625 1
vt 0.0625 0.75
vt 0 0.75
vt 0 1
vt 0 1
vt 0 0.75
vt 0 0.75
vt 0.375 1
vt 0.53125 1
vt 0.53125 0
vt 0.375 0
vt 0 1
vt 0 1
vt 0 0.75
vt 0 0.75
vt 0 1
vt 0.0625 1
vt 0.0625 1
vt 0 1
vt 0 1
vt 0.0625 1
vt 0.0625 1
vt 0 1
vn 0.9690482952999505 -0.24657325938990002 -0.01212555689860267
vn 0.01204175699096427 -0.0018477792570353955 0.9999257881464945
vn -0.9690482952999505 0.24657325938990002 0.01212555689860267
vn -0.01204175699096427 0.0018477792570353955 -0.9999257881464945
vn 0.24657736608381303 0.9691223934393729 -0.0011785879309224251
vn -0.24657736608381303 -0.9691223934393729 0.0011785879309224251
g Flower
f 132/388/97 135/387/97 133/386/97 130/385/97
f 131/392/98 132/391/98 130/390/98 129/389/98
f 136/396/99 131/395/99 129/394/99 134/393/99
f 135/400/100 136/399/100 134/398/100 133/397/100
f 134/404/101 129/403/101 130/402/101 133/401/101
f 135/408/102 132/407/102 131/406/102 136/405/102
o cube
v -0.023809011569174032 1.4531863488689232 0.06821040261417843
v -0.023809011569174032 1.4531863488689232 0.06821040261417843
v -0.062291876374904465 0.3301287940803359 0.014490780979032003
v -0.062291876374904465 0.3301287940803359 0.014490780979032003
v 0.13229898067619505 1.4476593720842104 0.07192655448688479
v 0.13229898067619505 1.4476593720842104 0.07192655448688479
v 0.09381611587046468 0.3246018172956229 0.018206932851738356
v 0.09381611587046468 0.3246018172956229 0.018206932851738356
vt 0 1
vt 0.0625 1
vt 0.0625 0.75
vt 0 0.75
vt 0 1
vt 0 1
vt 0 0.75
vt 0 0.75
vt 0.375 1
vt 0.53125 1
vt 0.53125 0
vt 0.375 0
vt 0 1
vt 0 1
vt 0 0.75
vt 0 0.75
vt 0 1
vt 0.0625 1
vt 0.0625 1
vt 0 1
vt 0 1
vt 0.0625 1
vt 0.0625 1
vt 0 1
vn -0.025431378699637467 -0.04689381892282983 0.9985760936074269
vn -0.9990911503703623 0.03537265142216324 -0.02378337198532048
vn 0.025431378699637467 0.04689381892282983 -0.9985760936074269
vn 0.9990911503703623 -0.03537265142216324 0.02378337198532048
vn 0.034206990938427044 0.9982733820342997 0.04775077478679679
vn -0.034206990938427044 -0.9982733820342997 -0.04775077478679679
g Flower
f 140/412/103 143/411/103 141/410/103 138/409/103
f 139/416/104 140/415/104 138/414/104 137/413/104
f 144/420/105 139/419/105 137/418/105 142/417/105
f 143/424/106 144/423/106 142/422/106 141/421/106
f 142/428/107 137/427/107 138/426/107 141/425/107
f 143/432/108 140/431/108 139/430/108 144/429/108
o cube
v 0.05225815809259515 1.4467592808732208 0.1480822358636108
v 0.05225815809259515 1.4467592808732208 0.1480822358636108
v 0.013775293286870993 0.3237017260846333 0.09436261422846548
v 0.013775293286870993 0.3237017260846333 0.09436261422846548
v 0.056231811014413324 1.454086440079913 -0.007945278762549635
v 0.056231811014413324 1.454086440079913 -0.007945278762549635
v 0.017748946208689054 0.33102888529132546 -0.06166490039769501
v 0.017748946208689054 0.33102888529132546 -0.06166490039769501
vt 0 1
vt 0.0625 1
vt 0.0625 0.75
vt 0 0.75
vt 0 1
vt 0 1
vt 0 0.75
vt 0 0.75
vt 0.375 1
vt 0.53125 1
vt 0.53125 0
vt 0.375 0
vt 0 1
vt 0 1
vt 0 0.75
vt 0 0.75
vt 0 1
vt 0.0625 1
vt 0.0625 1
vt 0 1
vt 0 1
vt 0.0625 1
vt 0.0625 1
vt 0 1
vn 0.9990911503703627 -0.035372651422157696 0.023783371985319674
vn -0.025431378699636173 -0.04689381892282906 0.9985760936074269
vn -0.9990911503703627 0.035372651422157696 -0.023783371985319674
vn 0.025431378699636173 0.04689381892282906 -0.9985760936074269
vn 0.03420699093842158 0.9982733820343002 0.04775077478679588
vn -0.03420699093842158 -0.9982733820343002 -0.04775077478679588
g Flower
f 148/436/109 151/435/109 149/434/109 146/433/109
f 147/440/110 148/439/110 146/438/110 145/437/110
f 152/444/111 147/443/111 145/442/111 150/441/111
f 151/448/112 152/447/112 150/446/112 149/445/112
f 150/452/113 145/451/113 146/450/113 149/449/113
f 151/456/114 148/455/114 147/454/114 152/453/114
