# Made in Blockbench 4.2.5

o cube
v -0.043770537116152225 0.06844614327092069 0.1982398188416912
v 0.05089755234284821 0.00431736639735783 0.0496406842046299
v -0.043770537116152225 0.06844614327092069 0.1982398188416912
v 0.05089755234284821 0.00431736639735783 0.0496406842046299
v -0.10723834374706787 0.00431736639735783 -0.05110299236039956
v -0.2019064332060683 0.06844614327092069 0.09749614227666176
v -0.10723834374706787 0.00431736639735783 -0.05110299236039956
v -0.2019064332060683 0.06844614327092069 0.09749614227666176
vt 0 1
vt 0.09375 1
vt 0.09375 1
vt 0 1
vt 0 1
vt 0.09375 1
vt 0.09375 1
vt 0 1
vt 0 1
vt 0 1
vt 0 1
vt 0 1
vt 0 1
vt 0.09375 1
vt 0.09375 1
vt 0 1
vt 0.25 0
vt 0.75 0
vt 0.75 0.5
vt 0.25 0.5
vt 0 1
vt 0.09375 1
vt 0.09375 0.90625
vt 0 0.90625
vn 0.504896477114669 -0.34202014332566866 -0.792528718064327
vn 0.8433914458128857 0 0.5372996083468238
vn -0.504896477114669 0.34202014332566866 0.792528718064327
vn -0.8433914458128857 0 -0.5372996083468238
vn 0.1837672890556063 0.9396926207859084 -0.2884568631765661
vn -0.1837672890556063 -0.9396926207859084 0.2884568631765661
g Leaf
f 4/4/1 7/3/1 5/2/1 2/1/1
f 3/8/2 4/7/2 2/6/2 1/5/2
f 8/12/3 3/11/3 1/10/3 6/9/3
f 7/16/4 8/15/4 6/14/4 5/13/4
f 6/20/5 1/19/5 2/18/5 5/17/5
f 7/24/6 4/23/6 3/22/6 8/21/6
o cube
v -0.14412229491759093 0.08478431365627503 0.35576052570099725
v -0.04376197845723899 0.06844261189108913 0.19822638443823562
v -0.14412229491759093 0.08478431365627503 0.35576052570099725
v -0.04376197845723899 0.06844261189108913 0.19822638443823562
v -0.20189787454715508 0.06844261189108913 0.09748270787320618
v -0.302258191007507 0.08478431365627503 0.2550168491359678
v -0.20189787454715508 0.06844261189108913 0.09748270787320618
v -0.302258191007507 0.08478431365627503 0.2550168491359678
vt 0 1
vt 0.09375 1
vt 0.09375 1
vt 0 1
vt 0 1
vt 0.09375 1
vt 0.09375 1
vt 0 1
vt 0 1
vt 0 1
vt 0 1
vt 0 1
vt 0 1
vt 0.09375 1
vt 0.09375 1
vt 0 1
vt 0.25 0.5
vt 0.75 0.5
vt 0.75 1
vt 0.25 1
vt 0 1
vt 0.09375 1
vt 0.09375 0.90625
vt 0 0.90625
vn 0.5352550211218773 -0.08715574274765818 -0.8401820867347285
vn 0.8433914458128857 0 0.5372996083468238
vn -0.5352550211218773 0.08715574274765818 0.8401820867347285
vn -0.8433914458128857 0 -0.5372996083468238
vn 0.04682874644349327 0.9961946980917455 -0.07350640788684336
vn -0.04682874644349327 -0.9961946980917455 0.07350640788684336
g Leaf
f 12/28/7 15/27/7 13/26/7 10/25/7
f 11/32/8 12/31/8 10/30/8 9/29/8
f 16/36/9 11/35/9 9/34/9 14/33/9
f 15/40/10 16/39/10 14/38/10 13/37/10
f 14/44/11 9/43/11 10/42/11 13/41/11
f 15/48/12 12/47/12 11/46/12 16/45/12
o cube
v 0.1875 0.15848184815276228 0.3398654201387437
v 0.1875 0 0
v 0.1875 0.15848184815276228 0.3398654201387437
v 0.1875 0 0
v -0.1875 0 0
v -0.1875 0.15848184815276228 0.3398654201387437
v -0.1875 0 0
v -0.1875 0.15848184815276228 0.3398654201387437
vt 0 1
vt 0.125 1
vt 0.125 0.03125
vt 0 0.03125
vt 0 1
vt 0.1875 1
vt 0.1875 1
vt 0 1
vt 0 1
vt 0 1
vt 0 0
vt 0 0
vt 0 1
vt 0.1875 1
vt 0.1875 1
vt 0 1
vt 0.25 0
vt 0.75 0
vt 0.75 0.5
vt 0.25 0.5
vt 0 0.1875
vt 0.1875 0.1875
vt 0.1875 0
vt 0 0
vn 0 -0.42261826174069944 -0.9063077870366499
vn 1 0 0
vn 0 0.42261826174069944 0.9063077870366499
vn -1 0 0
vn 0 0.9063077870366499 -0.42261826174069944
vn 0 -0.9063077870366499 0.42261826174069944
g Leaf
f 20/52/13 23/51/13 21/50/13 18/49/13
f 19/56/14 20/55/14 18/54/14 17/53/14
f 24/60/15 19/59/15 17/58/15 22/57/15
f 23/64/16 24/63/16 22/62/16 21/61/16
f 22/68/17 17/67/17 18/66/17 21/65/17
f 23/72/18 20/71/18 19/70/18 24/69/18
o cube
v 0.1875 0.17483332213732888 0.7144848158011667
v 0.1875 0.1584760518753279 0.33984173270797013
v 0.1875 0.17483332213732888 0.7144848158011667
v 0.1875 0.1584760518753279 0.33984173270797013
v -0.1875 0.1584760518753279 0.33984173270797013
v -0.1875 0.17483332213732888 0.7144848158011667
v -0.1875 0.1584760518753279 0.33984173270797013
v -0.1875 0.17483332213732888 0.7144848158011667
vt 0 1
vt 0.125 1
vt 0.125 0.03125
vt 0 0.03125
vt 0 1
vt 0.1875 1
vt 0.1875 1
vt 0 1
vt 0 1
vt 0 1
vt 0 0
vt 0 0
vt 0 1
vt 0.1875 1
vt 0.1875 1
vt 0 1
vt 0.25 0.5
vt 0.75 0.5
vt 0.75 1
vt 0.25 1
vt 0 0.1875
vt 0.1875 0.1875
vt 0.1875 0
vt 0 0
vn 0 -0.043619387365336 -0.9990482215818578
vn 1 0 0
vn 0 0.043619387365336 0.9990482215818578
vn -1 0 0
vn 0 0.9990482215818578 -0.043619387365336
vn 0 -0.9990482215818578 0.043619387365336
g Leaf
f 28/76/19 31/75/19 29/74/19 26/73/19
f 27/80/20 28/79/20 26/78/20 25/77/20
f 32/84/21 27/83/21 25/82/21 30/81/21
f 31/88/22 32/87/22 30/86/22 29/85/22
f 30/92/23 25/91/23 26/90/23 29/89/23
f 31/96/24 28/95/24 27/94/24 32/93/24
o cube
v 0.38051774956653894 0.15848184815276228 -0.07662242537861594
v 0.05638233740705123 0 -0.17882192826529256
v 0.38051774956653894 0.15848184815276228 -0.07662242537861594
v 0.05638233740705123 0 -0.17882192826529256
v -0.05638233740705123 0 0.17882192826529256
v 0.2677530747524365 0.15848184815276228 0.2810214311519692
v -0.05638233740705123 0 0.17882192826529256
v 0.2677530747524365 0.15848184815276228 0.2810214311519692
vt 0 1
vt 0.125 1
vt 0.125 0.03125
vt 0 0.03125
vt 0 1
vt 0.1875 1
vt 0.1875 1
vt 0 1
vt 0 1
vt 0 1
vt 0 0
vt 0 0
vt 0 1
vt 0.1875 1
vt 0.1875 1
vt 0 1
vt 0.25 0
vt 0.75 0
vt 0.75 0.5
vt 0.25 0.5
vt 0 0.1875
vt 0.1875 0.1875
vt 0.1875 0
vt 0 0
vn -0.8643610990919672 -0.42261826174069944 -0.2725320076978044
vn 0.30070579950427323 0 -0.9537169507482269
vn 0.8643610990919672 0.42261826174069944 0.2725320076978044
vn -0.30070579950427323 0 0.9537169507482269
vn -0.4030581999178559 0.90630778703665 -0.12708376228184323
vn 0.4030581999178559 -0.90630778703665 0.12708376228184323
g Leaf
f 36/100/25 39/99/25 37/98/25 34/97/25
f 35/104/26 36/103/26 34/102/26 33/101/26
f 40/108/27 35/107/27 33/106/27 38/105/27
f 39/112/28 40/111/28 38/110/28 37/109/28
f 38/116/29 33/115/29 34/114/29 37/113/29
f 39/120/30 36/119/30 35/118/30 40/117/30
o cube
v 0.7381364149584326 0.15847599238917395 0.036134306699966645
v 0.38049255842784757 0.15847599238917395 -0.07663036811413579
v 0.7381364149584326 0.15847599238917395 0.036134306699966645
v 0.38049255842784757 0.15847599238917395 -0.07663036811413579
v 0.26772788361374505 0.15847599238917395 0.2810134884164493
v 0.6253717401443302 0.15847599238917395 0.39377816323055176
v 0.26772788361374505 0.15847599238917395 0.2810134884164493
v 0.6253717401443302 0.15847599238917395 0.39377816323055176
vt 0 1
vt 0.125 1
vt 0.125 0.03125
vt 0 0.03125
vt 0 1
vt 0.1875 1
vt 0.1875 1
vt 0 1
vt 0 1
vt 0 1
vt 0 0
vt 0 0
vt 0 1
vt 0.1875 1
vt 0.1875 1
vt 0 1
vt 0.25 0.5
vt 0.75 0.5
vt 0.75 1
vt 0.25 1
vt 0 0.1875
vt 0.1875 0.1875
vt 0.1875 0
vt 0 0
vn -0.9537169507482269 0 -0.30070579950427323
vn 0.30070579950427323 0 -0.9537169507482269
vn 0.9537169507482269 0 0.30070579950427323
vn -0.30070579950427323 0 0.9537169507482269
vn 0 1 0
vn 0 -1 0
g Leaf
f 44/124/31 47/123/31 45/122/31 42/121/31
f 43/128/32 44/127/32 42/126/32 41/125/32
f 48/132/33 43/131/33 41/130/33 46/129/33
f 47/136/34 48/135/34 46/134/34 45/133/34
f 46/140/35 41/139/35 42/138/35 45/137/35
f 47/144/36 44/143/36 43/142/36 48/141/36
o cube
v -0.37014187316795355 0.1282575537471258 -0.14941968958113158
v -0.1436333330848083 0 0.12052267681622617
v -0.37014187316795355 0.1282575537471258 -0.14941968958113158
v -0.1436333330848083 0 0.12052267681622617
v 0.1436333330848083 0 -0.12052267681622617
v -0.08287520699833689 0.12825755374712577 -0.3904650432135839
v 0.1436333330848083 0 -0.12052267681622617
v -0.08287520699833689 0.12825755374712577 -0.3904650432135839
vt 0 1
vt 0.125 1
vt 0.125 0.03125
vt 0 0.03125
vt 0 1
vt 0.1875 1
vt 0.1875 1
vt 0 1
vt 0 1
vt 0 1
vt 0 0
vt 0 0
vt 0 1
vt 0.1875 1
vt 0.1875 1
vt 0 1
vt 0.25 0
vt 0.75 0
vt 0.75 0.5
vt 0.25 0.5
vt 0 0.1875
vt 0.1875 0.1875
vt 0.1875 0
vt 0 0
vn 0.604022773555054 -0.3420201433256688 0.7198463103929539
vn -0.7660444431189778 0 0.6427876096865395
vn -0.604022773555054 0.3420201433256688 -0.7198463103929539
vn 0.7660444431189778 0 -0.6427876096865395
vn 0.21984631039295446 0.9396926207859084 0.2620026302293849
vn -0.21984631039295446 -0.9396926207859084 -0.2620026302293849
g Leaf
f 52/148/37 55/147/37 53/146/37 50/145/37
f 51/152/38 52/151/38 50/150/38 49/149/38
f 56/156/39 51/155/39 49/154/39 54/153/39
f 55/160/40 56/159/40 54/158/40 53/157/40
f 54/164/41 49/163/41 50/162/41 53/161/41
f 55/168/42 52/167/42 51/166/42 56/165/42
o cube
v -0.6109423122647807 0.11189657375989881 -0.4363944779730386
v -0.37012638039770923 0.1282538440218998 -0.1494012260165338
v -0.6109423122647807 0.11189657375989881 -0.4363944779730386
v -0.37012638039770923 0.1282538440218998 -0.1494012260165338
v -0.08285971422809262 0.12825384402189977 -0.3904465796489861
v -0.32367564609516414 0.11189657375989878 -0.6774398316054909
v -0.08285971422809262 0.12825384402189977 -0.3904465796489861
v -0.32367564609516414 0.11189657375989878 -0.6774398316054909
vt 0 1
vt 0.125 1
vt 0.125 0.03125
vt 0 0.03125
vt 0 1
vt 0.1875 1
vt 0.1875 1
vt 0 1
vt 0 1
vt 0 1
vt 0 0
vt 0 0
vt 0 1
vt 0.1875 1
vt 0.1875 1
vt 0 1
vt 0.25 0.5
vt 0.75 0.5
vt 0.75 1
vt 0.25 1
vt 0 0.1875
vt 0.1875 0.1875
vt 0.1875 0
vt 0 0
vn 0.6421758183121908 0.04361938736533594 0.7653153385506795
vn -0.7660444431189779 0 0.6427876096865396
vn -0.6421758183121908 -0.04361938736533594 -0.7653153385506795
vn 0.7660444431189779 0 -0.6427876096865396
vn -0.02803800174055547 0.9990482215818579 -0.033414389303469814
vn 0.02803800174055547 -0.9990482215818579 0.033414389303469814
g Leaf
f 60/172/43 63/171/43 61/170/43 58/169/43
f 59/176/44 60/175/44 58/174/44 57/173/44
f 64/180/45 59/179/45 57/178/45 62/177/45
f 63/184/46 64/183/46 62/182/46 61/181/46
f 62/188/47 57/187/47 58/186/47 61/185/47
f 63/192/48 60/191/48 59/190/48 64/189/48
o cube
v -0.2796929554441538 0.12825755374712577 0.28478606107342713
v 0.05638233740705119 0 0.17882192826529258
v -0.2796929554441538 0.12825755374712577 0.28478606107342713
v 0.05638233740705119 0 0.17882192826529258
v -0.05638233740705119 0 -0.17882192826529258
v -0.39245763025825614 0.12825755374712577 -0.07285779545715801
v -0.05638233740705119 0 -0.17882192826529258
v -0.39245763025825614 0.12825755374712577 -0.07285779545715801
vt 0 1
vt 0.125 1
vt 0.125 0.03125
vt 0 0.03125
vt 0 1
vt 0.1875 1
vt 0.1875 1
vt 0 1
vt 0 1
vt 0 1
vt 0 0
vt 0 0
vt 0 1
vt 0.1875 1
vt 0.1875 1
vt 0 1
vt 0.25 0
vt 0.75 0
vt 0.75 0.5
vt 0.25 0.5
vt 0 0.1875
vt 0.1875 0.1875
vt 0.1875 0
vt 0 0
vn 0.8962007809365464 -0.3420201433256688 -0.28257102082169216
vn 0.30070579950427295 0 0.953716950748227
vn -0.8962007809365464 0.3420201433256688 0.28257102082169216
vn -0.30070579950427295 0 -0.953716950748227
vn 0.3261904081870283 0.9396926207859084 -0.10284744064531125
vn -0.3261904081870283 -0.9396926207859084 0.10284744064531125
g Leaf
f 68/196/49 71/195/49 69/194/49 66/193/49
f 67/200/50 68/199/50 66/198/50 65/197/50
f 72/204/51 67/203/51 65/202/51 70/201/51
f 71/208/52 72/207/52 70/206/52 69/205/52
f 70/212/53 65/211/53 66/210/53 69/209/53
f 71/216/54 68/215/54 67/214/54 72/213/54
o cube
v -0.6342489519863379 0.07930699714941605 0.3965771373729588
v -0.2796647882271769 0.12825431923193542 0.28477717998402824
v -0.6342489519863379 0.07930699714941605 0.3965771373729588
v -0.2796647882271769 0.12825431923193542 0.28477717998402824
v -0.39242946304127924 0.12825431923193542 -0.0728666765465569
v -0.7470136268004401 0.07930699714941605 0.03893328084237363
v -0.39242946304127924 0.12825431923193542 -0.0728666765465569
v -0.7470136268004401 0.07930699714941605 0.03893328084237363
vt 0 1
vt 0.125 1
vt 0.125 0.03125
vt 0 0.03125
vt 0 1
vt 0.1875 1
vt 0.1875 1
vt 0 1
vt 0 1
vt 0 1
vt 0 0
vt 0 0
vt 0 1
vt 0.1875 1
vt 0.1875 1
vt 0 1
vt 0.25 0.5
vt 0.75 0.5
vt 0.75 1
vt 0.25 1
vt 0 0.1875
vt 0.1875 0.1875
vt 0.1875 0
vt 0 0
vn 0.9455577700244291 0.13052619222005163 -0.2981332197038148
vn 0.30070579950427295 0 0.953716950748227
vn -0.9455577700244291 -0.13052619222005163 0.2981332197038148
vn -0.30070579950427295 0 -0.953716950748227
vn -0.12448504203688454 0.9914448613738104 0.039249982987779035
vn 0.12448504203688454 -0.9914448613738104 -0.039249982987779035
g Leaf
f 76/220/55 79/219/55 77/218/55 74/217/55
f 75/224/56 76/223/56 74/222/56 73/221/56
f 80/228/57 75/227/57 73/226/57 78/225/57
f 79/232/58 80/231/58 78/230/58 77/229/58
f 78/236/59 73/235/59 74/234/59 77/233/59
f 79/240/60 76/239/60 75/238/60 80/237/60
o cube
v 0.12030987473000787 0.11276467481410242 -0.38547491767496306
v -0.13258252147247762 0 -0.13258252147247768
v 0.12030987473000787 0.11276467481410242 -0.38547491767496306
v -0.13258252147247762 0 -0.13258252147247768
v 0.13258252147247762 0 0.13258252147247768
v 0.3854749176749631 0.11276467481410242 -0.1203098747300077
v 0.13258252147247762 0 0.13258252147247768
v 0.3854749176749631 0.11276467481410242 -0.1203098747300077
vt 0 1
vt 0.125 1
vt 0.125 0.03125
vt 0 0.03125
vt 0 1
vt 0.1875 1
vt 0.1875 1
vt 0 1
vt 0 1
vt 0 1
vt 0 0
vt 0 0
vt 0 1
vt 0.1875 1
vt 0.1875 1
vt 0 1
vt 0.25 0
vt 0.75 0
vt 0.75 0.5
vt 0.25 0.5
vt 0 0.1875
vt 0.1875 0.1875
vt 0.1875 0
vt 0 0
vn -0.674379723206628 -0.30070579950427323 0.6743797232066276
vn -0.7071067811865475 0 -0.7071067811865478
vn 0.674379723206628 0.30070579950427323 -0.6743797232066276
vn 0.7071067811865475 0 0.7071067811865478
vn -0.2126311099715939 0.9537169507482268 0.2126311099715938
vn 0.2126311099715939 -0.9537169507482268 -0.2126311099715938
g Leaf
f 84/244/61 87/243/61 85/242/61 82/241/61
f 83/248/62 84/247/62 82/246/62 81/245/62
f 88/252/63 83/251/63 81/250/63 86/249/63
f 87/256/64 88/255/64 86/254/64 85/253/64
f 86/260/65 81/259/65 82/258/65 85/257/65
f 87/264/66 84/263/66 83/262/66 88/261/66
o cube
v 0.3844487434098103 0.08007861642439557 -0.6496137863547653
v 0.12029273350877565 0.11276201995476737 -0.38545777645373086
v 0.3844487434098103 0.08007861642439557 -0.6496137863547653
v 0.12029273350877565 0.11276201995476737 -0.38545777645373086
v 0.3854577764537309 0.11276201995476737 -0.12029273350877548
v 0.6496137863547655 0.08007861642439557 -0.38444874340980995
v 0.3854577764537309 0.11276201995476737 -0.12029273350877548
v 0.6496137863547655 0.08007861642439557 -0.38444874340980995
vt 0 1
vt 0.125 1
vt 0.125 0.03125
vt 0 0.03125
vt 0 1
vt 0.1875 1
vt 0.1875 1
vt 0 1
vt 0 1
vt 0 1
vt 0 0
vt 0 0
vt 0 1
vt 0.1875 1
vt 0.1875 1
vt 0 1
vt 0.25 0.5
vt 0.75 0.5
vt 0.75 1
vt 0.25 1
vt 0 0.1875
vt 0.1875 0.1875
vt 0.1875 0
vt 0 0
vn -0.7044160264027589 0.08715574274765817 0.7044160264027586
vn -0.7071067811865475 0 -0.7071067811865478
vn 0.7044160264027589 -0.08715574274765817 -0.7044160264027586
vn 0.7071067811865475 0 0.7071067811865478
vn 0.06162841671621936 0.9961946980917457 -0.061628416716219346
vn -0.06162841671621936 -0.9961946980917457 0.061628416716219346
g Leaf
f 92/268/67 95/267/67 93/266/67 90/265/67
f 91/272/68 92/271/68 90/270/68 89/269/68
f 96/276/69 91/275/69 89/274/69 94/273/69
f 95/280/70 96/279/70 94/278/70 93/277/70
f 94/284/71 89/283/71 90/282/71 93/281/71
f 95/288/72 92/287/72 91/286/72 96/285/72
o cube
v 0.1265121975570983 0.1346295673051666 0.021508241239564213
v 0.02876210921829892 0.002047045832688943 -0.0680632119682347
v 0.1265121975570983 0.1346295673051666 0.021508241239564213
v 0.02876210921829892 0.002047045832688943 -0.0680632119682347
v -0.09791105470963739 0.002047045832688943 0.07017628868366353
v -0.0001609663708379977 0.1346295673051666 0.15974774189146246
v -0.09791105470963739 0.002047045832688943 0.07017628868366353
v -0.0001609663708379977 0.1346295673051666 0.15974774189146246
vt 0 1
vt 0.09375 1
vt 0.09375 1
vt 0 1
vt 0 1
vt 0.09375 1
vt 0.09375 1
vt 0 1
vt 0 1
vt 0 1
vt 0 1
vt 0 1
vt 0 1
vt 0.09375 1
vt 0.09375 1
vt 0 1
vt 0.25 0
vt 0.75 0
vt 0.75 0.5
vt 0.25 0.5
vt 0 1
vt 0.09375 1
vt 0.09375 0.90625
vt 0 0.90625
vn -0.5213338044735969 -0.7071067811865475 -0.47771441710826096
vn 0.6755902076156604 0 -0.7372773368101241
vn 0.5213338044735969 0.7071067811865475 0.47771441710826096
vn -0.6755902076156604 0 0.7372773368101241
vn -0.5213338044735969 0.7071067811865476 -0.47771441710826096
vn 0.5213338044735969 -0.7071067811865476 0.47771441710826096
g Leaf
f 100/292/73 103/291/73 101/290/73 98/289/73
f 99/296/74 100/295/74 98/294/74 97/293/74
f 104/300/75 99/299/75 97/298/75 102/297/75
f 103/304/76 104/303/76 102/302/76 101/301/76
f 102/308/77 97/307/77 98/306/77 101/305/77
f 103/312/78 100/311/78 99/310/78 104/309/78
o cube
v 0.24622157348211338 0.22836963489125428 0.13120167422182633
v 0.12650265411109402 0.13461963489125428 0.021499496282482926
v 0.24622157348211338 0.22836963489125428 0.13120167422182633
v 0.12650265411109402 0.13461963489125428 0.021499496282482926
v -0.00017050981684225974 0.13461963489125428 0.15973899693438118
v 0.11954840955417707 0.22836963489125428 0.26944117487372454
v -0.00017050981684225974 0.13461963489125428 0.15973899693438118
v 0.11954840955417707 0.22836963489125428 0.26944117487372454
vt 0 1
vt 0.09375 1
vt 0.09375 1
vt 0 1
vt 0 1
vt 0.09375 1
vt 0.09375 1
vt 0 1
vt 0 1
vt 0 1
vt 0 1
vt 0 1
vt 0 1
vt 0.09375 1
vt 0.09375 1
vt 0 1
vt 0.25 0.5
vt 0.75 0.5
vt 0.75 1
vt 0.25 1
vt 0 1
vt 0.09375 1
vt 0.09375 0.90625
vt 0 0.90625
vn -0.6385009033121033 -0.5 -0.585078282343165
vn 0.6755902076156602 0 -0.7372773368101241
vn 0.6385009033121033 0.5 0.585078282343165
vn -0.6755902076156602 0 0.7372773368101241
vn -0.36863866840506204 0.8660254037844387 -0.3377951038078302
vn 0.36863866840506204 -0.8660254037844387 0.3377951038078302
g Leaf
f 108/316/79 111/315/79 109/314/79 106/313/79
f 107/320/80 108/319/80 106/318/80 105/317/80
f 112/324/81 107/323/81 105/322/81 110/321/81
f 111/328/82 112/327/82 110/326/82 109/325/82
f 110/332/83 105/331/83 106/330/83 109/329/83
f 111/336/84 108/335/84 107/334/84 112/333/84
o cube
v -0.101948365332419 0.06844614327092069 -0.17713639209850218
v -0.12494608401650627 0.00431736639735783 -0.002451375820550175
v -0.101948365332419 0.06844614327092069 -0.17713639209850218
v -0.12494608401650627 0.00431736639735783 -0.002451375820550175
v 0.060949827491083144 0.00431736639735783 0.022022285220709495
v 0.08394754617517043 0.06844614327092069 -0.15266273105724254
v 0.060949827491083144 0.00431736639735783 0.022022285220709495
v 0.08394754617517043 0.06844614327092069 -0.15266273105724254
vt 0 1
vt 0.09375 1
vt 0.09375 1
vt 0 1
vt 0 1
vt 0.09375 1
vt 0.09375 1
vt 0 1
vt 0 1
vt 0 1
vt 0 1
vt 0 1
vt 0 1
vt 0.09375 1
vt 0.09375 1
vt 0 1
vt 0.25 0
vt 0.75 0
vt 0.75 0.5
vt 0.25 0.5
vt 0 1
vt 0.09375 1
vt 0.09375 0.90625
vt 0 0.90625
vn -0.12265449964846552 -0.3420201433256686 0.9316534201490777
vn -0.9914448613738105 0 -0.13052619222005157
vn 0.12265449964846552 0.3420201433256686 -0.9316534201490777
vn 0.9914448613738105 0 0.13052619222005157
vn -0.04464258697085581 0.9396926207859084 0.3390941135865683
vn 0.04464258697085581 -0.9396926207859084 -0.3390941135865683
g Leaf
f 116/340/85 119/339/85 117/338/85 114/337/85
f 115/344/86 116/343/86 114/342/86 113/341/86
f 120/348/87 115/347/87 113/346/87 118/345/87
f 119/352/88 120/351/88 118/350/88 117/349/88
f 118/356/89 113/355/89 114/354/89 117/353/89
f 119/360/90 116/359/90 115/358/90 120/357/90
o cube
v -0.07756991311520534 0.08478431365627503 -0.3623091207892763
v -0.10195044448740273 0.06844261189108913 -0.17712059934848343
v -0.07756991311520534 0.08478431365627503 -0.3623091207892763
v -0.10195044448740273 0.06844261189108913 -0.17712059934848343
v 0.08394546702018671 0.06844261189108913 -0.15264693830722376
v 0.10832599839238408 0.08478431365627503 -0.33783545974801665
v 0.08394546702018671 0.06844261189108913 -0.15264693830722376
v 0.10832599839238408 0.08478431365627503 -0.33783545974801665
vt 0 1
vt 0.09375 1
vt 0.09375 1
vt 0 1
vt 0 1
vt 0.09375 1
vt 0.09375 1
vt 0 1
vt 0 1
vt 0 1
vt 0 1
vt 0 1
vt 0 1
vt 0.09375 1
vt 0.09375 1
vt 0 1
vt 0.25 0.5
vt 0.75 0.5
vt 0.75 1
vt 0.25 1
vt 0 1
vt 0.09375 1
vt 0.09375 0.90625
vt 0 0.90625
vn -0.13002950065171942 -0.08715574274765817 0.9876721143508956
vn -0.9914448613738105 0 -0.13052619222005157
vn 0.13002950065171942 0.08715574274765817 -0.9876721143508956
vn 0.9914448613738105 0 0.13052619222005157
vn -0.011376107230962199 0.9961946980917457 0.08641011328638346
vn 0.011376107230962199 -0.9961946980917457 -0.08641011328638346
g Leaf
f 124/364/91 127/363/91 125/362/91 122/361/91
f 123/368/92 124/367/92 122/366/92 121/365/92
f 128/372/93 123/371/93 121/370/93 126/369/93
f 127/376/94 128/375/94 126/374/94 125/373/94
f 126/380/95 121/379/95 122/378/95 125/377/95
f 127/384/96 124/383/96 123/382/96 128/381/96
o cube
v -0.17072770577141796 0.15024553840446075 0.04250501393137422
v -0.0672792263542625 0.0014917870998541333 0.09074383210808352
v -0.17072770577141796 0.15024553840446075 0.04250501393137422
v -0.0672792263542625 0.0014917870998541333 0.09074383210808352
v 0.011961697722118608 0.0014917870998541333 -0.07918887796128836
v -0.09148678169503685 0.15024553840446075 -0.12742769613799765
v 0.011961697722118608 0.0014917870998541333 -0.07918887796128836
v -0.09148678169503685 0.15024553840446075 -0.12742769613799765
vt 0 1
vt 0.09375 1
vt 0.09375 1
vt 0 1
vt 0 1
vt 0.09375 1
vt 0.09375 1
vt 0 1
vt 0 1
vt 0 1
vt 0 1
vt 0 1
vt 0 1
vt 0.09375 1
vt 0.09375 1
vt 0 1
vt 0.25 0
vt 0.75 0
vt 0.75 0.5
vt 0.25 0.5
vt 0 1
vt 0.09375 1
vt 0.09375 0.90625
vt 0 0.90625
vn 0.5517252235581624 -0.7933533402912353 0.25727369694244967
vn -0.4226182617406993 0 0.90630778703665
vn -0.5517252235581624 0.7933533402912353 -0.25727369694244967
vn 0.4226182617406993 0 -0.90630778703665
vn 0.7190223101774837 0.6087614290087207 0.33528560962005927
vn -0.7190223101774837 -0.6087614290087207 -0.33528560962005927
g Leaf
f 132/388/97 135/387/97 133/386/97 130/385/97
f 131/392/98 132/391/98 130/390/98 129/389/98
f 136/396/99 131/395/99 129/394/99 134/393/99
f 135/400/100 136/399/100 134/398/100 133/397/100
f 134/404/101 129/403/101 130/402/101 133/401/101
f 135/408/102 132/407/102 131/406/102 136/405/102
o cube
v -0.30553393286178243 0.2643767693491407 -0.020356162127844524
v -0.17071724970350424 0.15023400141000562 0.04250988967591658
v -0.30553393286178243 0.2643767693491407 -0.020356162127844524
v -0.17071724970350424 0.15023400141000562 0.04250988967591658
v -0.09147632562712313 0.15023400141000562 -0.12742282039345532
v -0.22629300878540135 0.2643767693491407 -0.1902888721972164
v -0.09147632562712313 0.15023400141000562 -0.12742282039345532
v -0.22629300878540135 0.2643767693491407 -0.1902888721972164
vt 0 1
vt 0.09375 1
vt 0.09375 1
vt 0 1
vt 0 1
vt 0.09375 1
vt 0.09375 1
vt 0 1
vt 0 1
vt 0 1
vt 0 1
vt 0 1
vt 0 1
vt 0.09375 1
vt 0.09375 1
vt 0 1
vt 0.25 0.5
vt 0.75 0.5
vt 0.75 1
vt 0.25 1
vt 0 1
vt 0.09375 1
vt 0.09375 0.90625
vt 0 0.90625
vn 0.7190223101774839 -0.6087614290087205 0.3352856096200593
vn -0.42261826174069916 0 0.9063077870366503
vn -0.7190223101774839 0.6087614290087205 -0.3352856096200593
vn 0.42261826174069916 0 -0.9063077870366503
vn 0.5517252235581623 0.7933533402912352 0.2572736969424496
vn -0.5517252235581623 -0.7933533402912352 -0.2572736969424496
g Leaf
f 140/412/103 143/411/103 141/410/103 138/409/103
f 139/416/104 140/415/104 138/414/104 137/413/104
f 144/420/105 139/419/105 137/418/105 142/417/105
f 143/424/106 144/423/106 142/422/106 141/421/106
f 142/428/107 137/427/107 138/426/107 141/425/107
f 143/432/108 140/431/108 139/430/108 144/429/108
o cube
v -0.3406092167691146 0.9434394042337009 0.40185042078917543
v 0.366497564417433 0.9434394042337009 -0.30525636039737203
v -0.3406092167691146 0.005939404233700929 0.40185042078917543
v 0.366497564417433 0.005939404233700929 -0.30525636039737203
v 0.366497564417433 0.9434394042337009 -0.30525636039737203
v -0.3406092167691146 0.9434394042337009 0.40185042078917543
v 0.366497564417433 0.005939404233700929 -0.30525636039737203
v -0.3406092167691146 0.005939404233700929 0.40185042078917543
vt 0 1
vt 0 1
vt 0 0.53125
vt 0 0.53125
vt 0 1
vt 1 1
vt 1 0
vt 0 0
vt 0 1
vt 0 1
vt 0 0.53125
vt 0 0.53125
vt 0 1
vt 0 1
vt 0 1
vt 0 1
vt 0 1
vt 0 1
vt 0 0.5
vt 0 0.5
vt 0 1
vt 0 1
vt 0 0.5
vt 0 0.5
vn 0.7071067811865476 0 -0.7071067811865475
vn 0.7071067811865475 0 0.7071067811865476
vn -0.7071067811865476 0 0.7071067811865475
vn -0.7071067811865475 0 -0.7071067811865476
vn 0 1 0
vn 0 -1 0
g Stem
f 148/436/109 151/435/109 149/434/109 146/433/109
f 147/440/110 148/439/110 146/438/110 145/437/110
f 152/444/111 147/443/111 145/442/111 150/441/111
f 151/448/112 152/447/112 150/446/112 149/445/112
f 150/452/113 145/451/113 146/450/113 149/449/113
f 151/456/114 148/455/114 147/454/114 152/453/114
o cube
v -0.36270630368119416 0.9434394042337009 -0.3273534473094517
v 0.3444004775053534 0.9434394042337009 0.37975333387709576
v -0.36270630368119416 0.005939404233700929 -0.3273534473094517
v 0.3444004775053534 0.005939404233700929 0.37975333387709576
v 0.3444004775053534 0.9434394042337009 0.37975333387709576
v -0.36270630368119416 0.9434394042337009 -0.3273534473094517
v 0.3444004775053534 0.005939404233700929 0.37975333387709576
v -0.36270630368119416 0.005939404233700929 -0.3273534473094517
vt 0 1
vt 0 1
vt 0 0.53125
vt 0 0.53125
vt 0 1
vt 1 1
vt 1 0
vt 0 0
vt 0 1
vt 0 1
vt 0 0.53125
vt 0 0.53125
vt 0 1
vt 0 1
vt 0 1
vt 0 1
vt 0 1
vt 0 1
vt 0 0.5
vt 0 0.5
vt 0 1
vt 0 1
vt 0 0.5
vt 0 0.5
vn 0.7071067811865476 0 0.7071067811865475
vn -0.7071067811865475 0 0.7071067811865476
vn -0.7071067811865476 0 -0.7071067811865475
vn 0.7071067811865475 0 -0.7071067811865476
vn 0 1 0
vn 0 -1 0
g Stem
f 156/460/115 159/459/115 157/458/115 154/457/115
f 155/464/116 156/463/116 154/462/116 153/461/116
f 160/468/117 155/467/117 153/466/117 158/465/117
f 159/472/118 160/471/118 158/470/118 157/469/118
f 158/476/119 153/475/119 154/474/119 157/473/119
f 159/480/120 156/479/120 155/478/120 160/477/120
o cube
v -0.3468371567149352 0.35650028474036183 0.16408577171581967
v -0.016081296624692168 0.18124630147781373 0.18670440046678666
v -0.3468371567149352 0.35650028474036183 0.16408577171581967
v -0.016081296624692168 0.18124630147781373 0.18670440046678666
v 0.016081296624692168 0.1937536985221863 -0.18670440046678666
v -0.31467456346555084 0.3690076817847344 -0.20932302921775364
v 0.016081296624692168 0.1937536985221863 -0.18670440046678666
v -0.31467456346555084 0.3690076817847344 -0.20932302921775364
vt 0 1
vt 0.125 1
vt 0.125 0.03125
vt 0 0.03125
vt 0 1
vt 0.1875 1
vt 0.1875 1
vt 0 1
vt 0 1
vt 0 1
vt 0 0
vt 0 0
vt 0 1
vt 0.1875 1
vt 0.1875 1
vt 0 1
vt 0.25 0
vt 0.75 0
vt 0.75 0.5
vt 0.25 0.5
vt 0 0.1875
vt 0.1875 0.1875
vt 0.1875 0
vt 0 0
vn 0.8820156269073149 -0.46734395536679496 0.060316343335912084
vn -0.08576691533169149 -0.03335305878499353 0.9957568024895292
vn -0.8820156269073149 0.46734395536679496 -0.060316343335912084
vn 0.08576691533169149 0.03335305878499353 -0.9957568024895292
vn 0.46334918811387055 0.8834462071070338 0.06950056850424435
vn -0.46334918811387055 -0.8834462071070338 -0.06950056850424435
g Leaf
f 164/484/121 167/483/121 165/482/121 162/481/121
f 163/488/122 164/487/122 162/486/122 161/485/122
f 168/492/123 163/491/123 161/490/123 166/489/123
f 167/496/124 168/495/124 166/494/124 165/493/124
f 166/500/125 161/499/125 162/498/125 165/497/125
f 167/504/126 164/503/126 163/502/126 168/501/126
o cube
v -0.6925240876996153 0.21530885991392437 0.12958169647645437
v -0.34681354246052243 0.35644241758037665 0.16408586739678302
v -0.6925240876996153 0.21530885991392437 0.12958169647645437
v -0.34681354246052243 0.35644241758037665 0.16408586739678302
v -0.31465094921113806 0.3689498146247492 -0.2093229335367903
v -0.660361494450231 0.22781625695829694 -0.24382710445711892
v -0.31465094921113806 0.3689498146247492 -0.2093229335367903
v -0.660361494450231 0.22781625695829694 -0.24382710445711892
vt 0 1
vt 0.125 1
vt 0.125 0.03125
vt 0 0.03125
vt 0 1
vt 0.1875 1
vt 0.1875 1
vt 0 1
vt 0 1
vt 0 1
vt 0 0
vt 0 0
vt 0 1
vt 0.1875 1
vt 0.1875 1
vt 0 1
vt 0.25 0.5
vt 0.75 0.5
vt 0.75 1
vt 0.25 1
vt 0 0.1875
vt 0.1875 0.1875
vt 0.1875 0
vt 0 0
vn 0.9218947873042479 0.37635615377720605 0.0920111224542098
vn -0.0857669153316915 -0.03335305878499353 0.9957568024895294
vn -0.9218947873042479 -0.37635615377720605 -0.0920111224542098
vn 0.0857669153316915 0.03335305878499353 -0.9957568024895294
vn -0.37782805265853686 0.9258745157869466 -0.001530895341033047
vn 0.37782805265853686 -0.9258745157869466 0.001530895341033047
g Leaf
f 172/508/127 175/507/127 173/506/127 170/505/127
f 171/512/128 172/511/128 170/510/128 169/509/128
f 176/516/129 171/515/129 169/514/129 174/513/129
f 175/520/130 176/519/130 174/518/130 173/517/130
f 174/524/131 169/523/131 170/522/131 173/521/131
f 175/528/132 172/527/132 171/526/132 176/525/132
o cube
v 0.27807219677622 0.3230691568298024 0.17481652636136258
v 0.16564439768600542 0.07859343459576837 -0.08636657268962455
v 0.27807219677622 0.3230691568298024 0.17481652636136258
v 0.16564439768600542 0.07859343459576837 -0.08636657268962455
v -0.16564439768600542 0.04640656540423164 0.08636657268962455
v -0.05321659859579078 0.2908822876382657 0.3475496717406117
v -0.16564439768600542 0.04640656540423164 0.08636657268962455
v -0.05321659859579078 0.2908822876382657 0.3475496717406117
vt 0 1
vt 0.125 1
vt 0.125 0.03125
vt 0 0.03125
vt 0 1
vt 0.1875 1
vt 0.1875 1
vt 0 1
vt 0 1
vt 0 1
vt 0 0
vt 0 0
vt 0 1
vt 0.1875 1
vt 0.1875 1
vt 0 1
vt 0.25 0
vt 0.75 0
vt 0.75 0.5
vt 0.25 0.5
vt 0 0.1875
vt 0.1875 0.1875
vt 0.1875 0
vt 0 0
vn -0.29980746424057236 -0.6519352592907575 -0.6964882641359658
vn 0.8834367876586956 0.0858316511774313 -0.460621721011331
vn 0.29980746424057236 0.6519352592907575 0.6964882641359658
vn -0.8834367876586956 -0.0858316511774313 0.460621721011331
vn -0.36007627885896987 0.7534011848607944 -0.5502106215381786
vn 0.36007627885896987 -0.7534011848607944 0.5502106215381786
g Leaf
f 180/532/133 183/531/133 181/530/133 178/529/133
f 179/536/134 180/535/134 178/534/134 177/533/134
f 184/540/135 179/539/135 177/538/135 182/537/135
f 183/544/136 184/543/136 182/542/136 181/541/136
f 182/548/137 177/547/137 178/546/137 181/545/137
f 183/552/138 180/551/138 179/550/138 184/549/138
o cube
v 0.4536156283203367 0.24774013842022308 0.49745852183641603
v 0.27804852621372156 0.3230552533658505 0.1747685373023244
v 0.4536156283203367 0.24774013842022308 0.49745852183641603
v 0.27804852621372156 0.3230552533658505 0.1747685373023244
v -0.05324026915828928 0.29086838417431377 0.3475016826815735
v 0.12232683294832586 0.21555326922868634 0.6701916672156651
v -0.05324026915828928 0.29086838417431377 0.3475016826815735
v 0.12232683294832586 0.21555326922868634 0.6701916672156651
vt 0 1
vt 0.125 1
vt 0.125 0.03125
vt 0 0.03125
vt 0 1
vt 0.1875 1
vt 0.1875 1
vt 0 1
vt 0 1
vt 0 1
vt 0 0
vt 0 0
vt 0 1
vt 0.1875 1
vt 0.1875 1
vt 0 1
vt 0.25 0.5
vt 0.75 0.5
vt 0.75 1
vt 0.25 1
vt 0 0.1875
vt 0.1875 0.1875
vt 0.1875 0
vt 0 0
vn -0.46817893895097373 0.20084030652167315 -0.8605066254242444
vn 0.8834367876586957 0.08583165117743129 -0.46062172101133103
vn 0.46817893895097373 -0.20084030652167315 0.8605066254242444
vn -0.8834367876586957 -0.08583165117743129 0.46062172101133103
vn 0.01865270312917407 0.9758565975246755 0.21761428660255464
vn -0.01865270312917407 -0.9758565975246755 -0.21761428660255464
g Leaf
f 188/556/139 191/555/139 189/554/139 186/553/139
f 187/560/140 188/559/140 186/558/140 185/557/140
f 192/564/141 187/563/141 185/562/141 190/561/141
f 191/568/142 192/567/142 190/566/142 189/565/142
f 190/572/143 185/571/143 186/570/143 189/569/143
f 191/576/144 188/575/144 187/574/144 192/573/144
o cube
v -0.02053113598141742 0.47620343432294504 -0.17634904025755066
v -0.11342905378498117 0.38531999286410196 -0.04119569425250587
v -0.02053113598141742 0.47620343432294504 -0.17634904025755066
v -0.11342905378498117 0.38531999286410196 -0.04119569425250587
v 0.04486397595993743 0.37155995080159454 0.05835443370628847
v 0.13776189376350118 0.46244339226043757 -0.07679891229875631
v 0.04486397595993743 0.37155995080159454 0.05835443370628847
v 0.13776189376350118 0.46244339226043757 -0.07679891229875631
vt 0 1
vt 0.09375 1
vt 0.09375 1
vt 0 1
vt 0 1
vt 0.09375 1
vt 0.09375 1
vt 0 1
vt 0 1
vt 0 1
vt 0 1
vt 0 1
vt 0 1
vt 0.09375 1
vt 0.09375 1
vt 0 1
vt 0.25 0
vt 0.75 0
vt 0.75 0.5
vt 0.25 0.5
vt 0 1
vt 0.09375 1
vt 0.09375 0.90625
vt 0 0.90625
vn -0.49545556161900683 -0.4847116877804962 0.7208178453602389
vn -0.8442294919728995 0.0733868910000396 -0.5309340157802365
vn 0.49545556161900683 0.4847116877804962 -0.7208178453602389
vn 0.8442294919728995 -0.0733868910000396 0.5309340157802365
vn -0.20445134224057987 0.8715898943645061 0.44556784522415255
vn 0.20445134224057987 -0.8715898943645061 -0.44556784522415255
g Leaf
f 196/580/145 199/579/145 197/578/145 194/577/145
f 195/584/146 196/583/146 194/582/146 193/581/146
f 200/588/147 195/587/147 193/586/147 198/585/147
f 199/592/148 200/591/148 198/590/148 197/589/148
f 198/596/149 193/595/149 194/594/149 197/593/149
f 199/600/150 196/599/150 195/598/150 200/597/150
o cube
v 0.07911464351227421 0.5216871009568222 -0.32850730948228846
v -0.02053958597178618 0.4761974497035254 -0.17633643127363893
v 0.07911464351227421 0.5216871009568222 -0.32850730948228846
v -0.02053958597178618 0.4761974497035254 -0.17633643127363893
v 0.13775344377313242 0.46243740764101793 -0.07678630331484461
v 0.2374076732571928 0.5079270588943148 -0.22895718152349412
v 0.13775344377313242 0.46243740764101793 -0.07678630331484461
v 0.2374076732571928 0.5079270588943148 -0.22895718152349412
vt 0 1
vt 0.09375 1
vt 0.09375 1
vt 0 1
vt 0 1
vt 0.09375 1
vt 0.09375 1
vt 0 1
vt 0 1
vt 0 1
vt 0 1
vt 0 1
vt 0 1
vt 0.09375 1
vt 0.09375 1
vt 0 1
vt 0.25 0.5
vt 0.75 0.5
vt 0.75 1
vt 0.25 1
vt 0 1
vt 0.09375 1
vt 0.09375 0.90625
vt 0 0.90625
vn -0.5314892239149891 -0.24261147335091648 0.8115780171127974
vn -0.8442294919728995 0.07338689100003966 -0.5309340157802365
vn 0.5314892239149891 0.24261147335091648 -0.8115780171127974
vn 0.8442294919728995 -0.07338689100003966 0.5309340157802365
vn -0.06925149634067676 0.9673438050806167 0.24382410263698587
vn 0.06925149634067676 -0.9673438050806167 -0.24382410263698587
g Leaf
f 204/604/151 207/603/151 205/602/151 202/601/151
f 203/608/152 204/607/152 202/606/152 201/605/152
f 208/612/153 203/611/153 201/610/153 206/609/153
f 207/616/154 208/615/154 206/614/154 205/613/154
f 206/620/155 201/619/155 202/618/155 205/617/155
f 207/624/156 204/623/156 203/622/156 208/621/156
o cube
v 0.10767435477530415 0.6256820706628545 0.13023568152558596
v 0.07248862938569756 0.5094783959579063 -0.012645110444061816
v 0.10767435477530415 0.6256820706628545 0.13023568152558596
v 0.07248862938569756 0.5094783959579063 -0.012645110444061816
v -0.10617616522459224 0.4957183538953991 0.0425436783567535
v -0.07099043983498564 0.6119220286003473 0.18542447032640125
v -0.10617616522459224 0.4957183538953991 0.0425436783567535
v -0.07099043983498564 0.6119220286003473 0.18542447032640125
vt 0 1
vt 0.09375 1
vt 0.09375 1
vt 0 1
vt 0 1
vt 0.09375 1
vt 0.09375 1
vt 0 1
vt 0 1
vt 0 1
vt 0 1
vt 0 1
vt 0 1
vt 0.09375 1
vt 0.09375 1
vt 0 1
vt 0.25 0
vt 0.75 0
vt 0.75 0.5
vt 0.25 0.5
vt 0 1
vt 0.09375 1
vt 0.09375 0.90625
vt 0 0.90625
vn -0.18765720207790193 -0.619752931759724 -0.7620308905047882
vn 0.9528789045882122 0.07338689100003859 -0.2943402069376816
vn 0.18765720207790193 0.619752931759724 0.7620308905047882
vn -0.9528789045882122 -0.07338689100003859 0.2943402069376816
vn -0.23834128408452937 0.7813582198995386 -0.5767779160962756
vn 0.23834128408452937 -0.7813582198995386 0.5767779160962756
g Leaf
f 212/628/157 215/627/157 213/626/157 210/625/157
f 211/632/158 212/631/158 210/630/158 209/629/158
f 216/636/159 211/635/159 209/634/159 214/633/159
f 215/640/160 216/639/160 214/638/160 213/637/160
f 214/644/161 209/643/161 210/642/161 213/641/161
f 215/648/162 212/647/162 211/646/162 216/645/162
o cube
v 0.1633426904778093 0.6205143938019285 0.30916449167311133
v 0.10766333151230675 0.6256685987388514 0.13019663657991615
v 0.1633426904778093 0.6205143938019285 0.30916449167311133
v 0.10766333151230675 0.6256685987388514 0.13019663657991615
v -0.07100146309798303 0.6119085566763441 0.1853854253807315
v -0.015322104132480488 0.6067543517394213 0.3643532804739266
v -0.07100146309798303 0.6119085566763441 0.1853854253807315
v -0.015322104132480488 0.6067543517394213 0.3643532804739266
vt 0 1
vt 0.09375 1
vt 0.09375 1
vt 0 1
vt 0 1
vt 0.09375 1
vt 0.09375 1
vt 0 1
vt 0 1
vt 0 1
vt 0 1
vt 0 1
vt 0 1
vt 0.09375 1
vt 0.09375 1
vt 0 1
vt 0.25 0.5
vt 0.75 0.5
vt 0.75 1
vt 0.25 1
vt 0 1
vt 0.09375 1
vt 0.09375 0.90625
vt 0 0.90625
vn -0.2969565811493469 0.027489092996921833 -0.9544952271637078
vn 0.9528789045882123 0.07338689100003863 -0.29434020693768165
vn 0.2969565811493469 -0.027489092996921833 0.9544952271637078
vn -0.9528789045882123 -0.07338689100003863 0.29434020693768165
vn -0.06195629187467699 0.9969246280414359 0.047986497075581655
vn 0.06195629187467699 -0.9969246280414359 -0.047986497075581655
g Leaf
f 220/652/163 223/651/163 221/650/163 218/649/163
f 219/656/164 220/655/164 218/654/164 217/653/164
f 224/660/165 219/659/165 217/658/165 222/657/165
f 223/664/166 224/663/166 222/662/166 221/661/166
f 222/668/167 217/667/167 218/666/167 221/665/167
f 223/672/168 220/671/168 219/670/168 224/669/168
o cube
v -0.16081927799330104 0.7489710642256573 0.15601759128972598
v -0.04126511095020832 0.6053341029787466 0.14080330503023386
v -0.16081927799330104 0.7489710642256573 0.15601759128972598
v -0.04126511095020832 0.6053341029787466 0.14080330503023386
v -0.013000055249423381 0.6479671198418185 -0.03958450636339823
v -0.1325542222925161 0.7916040810887293 -0.024370220103906097
v -0.013000055249423381 0.6479671198418185 -0.03958450636339823
v -0.1325542222925161 0.7916040810887293 -0.024370220103906097
vt 0 1
vt 0.09375 1
vt 0.09375 1
vt 0 1
vt 0 1
vt 0.09375 1
vt 0.09375 1
vt 0 1
vt 0 1
vt 0 1
vt 0 1
vt 0 1
vt 0 1
vt 0.09375 1
vt 0.09375 1
vt 0 1
vt 0.25 0
vt 0.75 0
vt 0.75 0.5
vt 0.25 0.5
vt 0 1
vt 0.09375 1
vt 0.09375 0.90625
vt 0 0.90625
vn 0.6376222242298274 -0.7660637933168573 -0.08114286005062497
vn -0.1507469637375197 -0.22737608993638375 0.962068327432704
vn -0.6376222242298274 0.7660637933168573 0.08114286005062497
vn 0.1507469637375197 0.22737608993638375 -0.962068327432704
vn 0.7554556585876676 0.6012041070171007 0.2604618390736813
vn -0.7554556585876676 -0.6012041070171007 -0.2604618390736813
g Leaf
f 228/676/169 231/675/169 229/674/169 226/673/169
f 227/680/170 228/679/170 226/678/170 225/677/170
f 232/684/171 227/683/171 225/682/171 230/681/171
f 231/688/172 232/687/172 230/686/172 229/685/172
f 230/692/173 225/691/173 226/690/173 229/689/173
f 231/696/174 228/695/174 227/694/174 232/693/174
o cube
v -0.34341596173492694 0.7865226484386441 0.13628140132077327
v -0.1607826182308969 0.7489490807395618 0.15601813992930508
v -0.34341596173492694 0.7865226484386441 0.13628140132077327
v -0.1607826182308969 0.7489490807395618 0.15601813992930508
v -0.132517562530112 0.7915820976026339 -0.024369671464327003
v -0.315150906034142 0.829155665301716 -0.04410641007285883
v -0.132517562530112 0.7915820976026339 -0.024369671464327003
v -0.315150906034142 0.829155665301716 -0.04410641007285883
vt 0 1
vt 0.09375 1
vt 0.09375 1
vt 0 1
vt 0 1
vt 0.09375 1
vt 0.09375 1
vt 0 1
vt 0 1
vt 0 1
vt 0 1
vt 0 1
vt 0 1
vt 0.09375 1
vt 0.09375 1
vt 0 1
vt 0.25 0.5
vt 0.75 0.5
vt 0.75 1
vt 0.25 1
vt 0 1
vt 0.09375 1
vt 0.09375 0.90625
vt 0 0.90625
vn 0.9740444986881596 -0.20039236106177136 0.10526260591216949
vn -0.15074696373751967 -0.22737608993638372 0.962068327432704
vn -0.9740444986881596 0.20039236106177136 -0.10526260591216949
vn 0.15074696373751967 0.22737608993638372 -0.962068327432704
vn 0.16885694388816533 0.9529653799343029 0.25168296952201363
vn -0.16885694388816533 -0.9529653799343029 -0.25168296952201363
g Leaf
f 236/700/175 239/699/175 237/698/175 234/697/175
f 235/704/176 236/703/176 234/702/176 233/701/176
f 240/708/177 235/707/177 233/706/177 238/705/177
f 239/712/178 240/711/178 238/710/178 237/709/178
f 238/716/179 233/715/179 234/714/179 237/713/179
f 239/720/180 236/719/180 235/718/180 240/717/180
o cube
v 0.08244133777634843 0.6910685812988817 -0.10780431596473483
