# Made in Blockbench 4.1.3

o cube
v 0.34375 0.6934394042337009 0.0041028563717424305
v 0.34375 0.6934394042337009 0.0041028563717424305
v 0.34375 0.005939404233700929 0.0041028563717424305
v 0.34375 0.005939404233700929 0.0041028563717424305
v -0.34375 0.6934394042337009 0.0041028563717424305
v -0.34375 0.6934394042337009 0.0041028563717424305
v -0.34375 0.005939404233700929 0.0041028563717424305
v -0.34375 0.005939404233700929 0.0041028563717424305
vt 0 1
vt 1 1
vt 1 0
vt 0 0
vt 0 1
vt 0 1
vt 0 0.78125
vt 0 0.78125
vt 0 1
vt 0.375 1
vt 0.375 0.84375
vt 0 0.84375
vt 0 1
vt 0 1
vt 0 0.78125
vt 0 0.78125
vt 0 1
vt 0.21875 1
vt 0.21875 1
vt 0 1
vt 0 1
vt 0.21875 1
vt 0.21875 1
vt 0 1
vn 0 0 -1
vn 1 0 0
vn 0 0 1
vn -1 0 0
vn 0 1 0
vn 0 -1 0
g Stem
f 4/4/1 7/3/1 5/2/1 2/1/1
f 3/8/2 4/7/2 2/6/2 1/5/2
f 8/12/3 3/11/3 1/10/3 6/9/3
f 7/16/4 8/15/4 6/14/4 5/13/4
f 6/20/5 1/19/5 2/18/5 5/17/5
f 7/24/6 4/23/6 3/22/6 8/21/6
o cube
v 0 0.6934394042337009 0.34785285637174246
v 0 0.6934394042337009 0.34785285637174246
v 0 0.005939404233700929 0.34785285637174246
v 0 0.005939404233700929 0.34785285637174246
v 0 0.6934394042337009 -0.33964714362825754
v 0 0.6934394042337009 -0.33964714362825754
v 0 0.005939404233700929 -0.33964714362825754
v 0 0.005939404233700929 -0.33964714362825754
vt 0 1
vt 1 1
vt 1 0
vt 0 0
vt 0 1
vt 0 1
vt 0 0.78125
vt 0 0.78125
vt 0 1
vt 0.375 1
vt 0.375 0.84375
vt 0 0.84375
vt 0 1
vt 0 1
vt 0 0.78125
vt 0 0.78125
vt 0 1
vt 0.21875 1
vt 0.21875 1
vt 0 1
vt 0 1
vt 0.21875 1
vt 0.21875 1
vt 0 1
vn 1 0 0
vn 0 0 1
vn -1 0 0
vn 0 0 -1
vn 0 1 0
vn 0 -1 0
g Stem
f 12/28/7 15/27/7 13/26/7 10/25/7
f 11/32/8 12/31/8 10/30/8 9/29/8
f 16/36/9 11/35/9 9/34/9 14/33/9
f 15/40/10 16/39/10 14/38/10 13/37/10
f 14/44/11 9/43/11 10/42/11 13/41/11
f 15/48/12 12/47/12 11/46/12 16/45/12
o cube
v -0.043770537116152225 0.06844614327092069 0.1982398188416912
v 0.05089755234284821 0.00431736639735783 0.0496406842046299
v -0.043770537116152225 0.06844614327092069 0.1982398188416912
v 0.05089755234284821 0.00431736639735783 0.0496406842046299
v -0.10723834374706787 0.00431736639735783 -0.05110299236039956
v -0.2019064332060683 0.06844614327092069 0.09749614227666176
v -0.10723834374706787 0.00431736639735783 -0.05110299236039956
v -0.2019064332060683 0.06844614327092069 0.09749614227666176
vt 0 1
vt 0.09375 1
vt 0.09375 1
vt 0 1
vt 0 1
vt 0.09375 1
vt 0.09375 1
vt 0 1
vt 0 1
vt 0.09375 1
vt 0.09375 1
vt 0 1
vt 0 1
vt 0.09375 1
vt 0.09375 1
vt 0 1
vt 0.25 0
vt 0.75 0
vt 0.75 0.5
vt 0.25 0.5
vt 0 1
vt 0.09375 1
vt 0.09375 0.90625
vt 0 0.90625
vn 0.504896477114669 -0.34202014332566866 -0.792528718064327
vn 0.8433914458128857 0 0.5372996083468238
vn -0.504896477114669 0.34202014332566866 0.792528718064327
vn -0.8433914458128857 0 -0.5372996083468238
vn 0.1837672890556063 0.9396926207859084 -0.2884568631765661
vn -0.1837672890556063 -0.9396926207859084 0.2884568631765661
g Leaf
f 20/52/13 23/51/13 21/50/13 18/49/13
f 19/56/14 20/55/14 18/54/14 17/53/14
f 24/60/15 19/59/15 17/58/15 22/57/15
f 23/64/16 24/63/16 22/62/16 21/61/16
f 22/68/17 17/67/17 18/66/17 21/65/17
f 23/72/18 20/71/18 19/70/18 24/69/18
o cube
v -0.14412229491759093 0.08478431365627503 0.35576052570099725
v -0.04376197845723899 0.06844261189108913 0.19822638443823562
v -0.14412229491759093 0.08478431365627503 0.35576052570099725
v -0.04376197845723899 0.06844261189108913 0.19822638443823562
v -0.20189787454715508 0.06844261189108913 0.09748270787320618
v -0.302258191007507 0.08478431365627503 0.2550168491359678
v -0.20189787454715508 0.06844261189108913 0.09748270787320618
v -0.302258191007507 0.08478431365627503 0.2550168491359678
vt 0 1
vt 0.09375 1
vt 0.09375 1
vt 0 1
vt 0 1
vt 0.09375 1
vt 0.09375 1
vt 0 1
vt 0 1
vt 0.09375 1
vt 0.09375 1
vt 0 1
vt 0 1
vt 0.09375 1
vt 0.09375 1
vt 0 1
vt 0.25 0.5
vt 0.75 0.5
vt 0.75 1
vt 0.25 1
vt 0 1
vt 0.09375 1
vt 0.09375 0.90625
vt 0 0.90625
vn 0.5352550211218773 -0.08715574274765818 -0.8401820867347285
vn 0.8433914458128857 0 0.5372996083468238
vn -0.5352550211218773 0.08715574274765818 0.8401820867347285
vn -0.8433914458128857 0 -0.5372996083468238
vn 0.04682874644349327 0.9961946980917455 -0.07350640788684336
vn -0.04682874644349327 -0.9961946980917455 0.07350640788684336
g Leaf
f 28/76/19 31/75/19 29/74/19 26/73/19
f 27/80/20 28/79/20 26/78/20 25/77/20
f 32/84/21 27/83/21 25/82/21 30/81/21
f 31/88/22 32/87/22 30/86/22 29/85/22
f 30/92/23 25/91/23 26/90/23 29/89/23
f 31/96/24 28/95/24 27/94/24 32/93/24
o cube
v 0.1875 0.15848184815276228 0.3398654201387437
v 0.1875 0 0
v 0.1875 0.15848184815276228 0.3398654201387437
v 0.1875 0 0
v -0.1875 0 0
v -0.1875 0.15848184815276228 0.3398654201387437
v -0.1875 0 0
v -0.1875 0.15848184815276228 0.3398654201387437
vt 0 1
vt 0.125 1
vt 0.125 0.03125
vt 0 0.03125
vt 0 1
vt 0.1875 1
vt 0.1875 1
vt 0 1
vt 0 1
vt 0.15625 1
vt 0.15625 0
vt 0 0
vt 0 1
vt 0.1875 1
vt 0.1875 1
vt 0 1
vt 0.25 0
vt 0.75 0
vt 0.75 0.5
vt 0.25 0.5
vt 0 0.1875
vt 0.1875 0.1875
vt 0.1875 0
vt 0 0
vn 0 -0.42261826174069944 -0.9063077870366499
vn 1 0 0
vn 0 0.42261826174069944 0.9063077870366499
vn -1 0 0
vn 0 0.9063077870366499 -0.42261826174069944
vn 0 -0.9063077870366499 0.42261826174069944
g Leaf
f 36/100/25 39/99/25 37/98/25 34/97/25
f 35/104/26 36/103/26 34/102/26 33/101/26
f 40/108/27 35/107/27 33/106/27 38/105/27
f 39/112/28 40/111/28 38/110/28 37/109/28
f 38/116/29 33/115/29 34/114/29 37/113/29
f 39/120/30 36/119/30 35/118/30 40/117/30
o cube
v 0.1875 0.2396423291157957 0.7059635366432311
v 0.1875 0.15847747388900707 0.33985253397325604
v 0.1875 0.2396423291157957 0.7059635366432311
v 0.1875 0.15847747388900707 0.33985253397325604
v -0.1875 0.15847747388900707 0.33985253397325604
v -0.1875 0.2396423291157957 0.7059635366432311
v -0.1875 0.15847747388900707 0.33985253397325604
v -0.1875 0.2396423291157957 0.7059635366432311
vt 0 1
vt 0.125 1
vt 0.125 0.03125
vt 0 0.03125
vt 0 1
vt 0.1875 1
vt 0.1875 1
vt 0 1
vt 0 1
vt 0.15625 1
vt 0.15625 0
vt 0 0
vt 0 1
vt 0.1875 1
vt 0.1875 1
vt 0 1
vt 0.25 0.5
vt 0.75 0.5
vt 0.75 1
vt 0.25 1
vt 0 0.1875
vt 0.1875 0.1875
vt 0.1875 0
vt 0 0
vn 0 -0.21643961393810288 -0.9762960071199334
vn 1 0 0
vn 0 0.21643961393810288 0.9762960071199334
vn -1 0 0
vn 0 0.9762960071199334 -0.21643961393810288
vn 0 -0.9762960071199334 0.21643961393810288
g Leaf
f 44/124/31 47/123/31 45/122/31 42/121/31
f 43/128/32 44/127/32 42/126/32 41/125/32
f 48/132/33 43/131/33 41/130/33 46/129/33
f 47/136/34 48/135/34 46/134/34 45/133/34
f 46/140/35 41/139/35 42/138/35 45/137/35
f 47/144/36 44/143/36 43/142/36 48/141/36
o cube
v 0.38051774956653894 0.15848184815276228 -0.07662242537861594
v 0.05638233740705123 0 -0.17882192826529256
v 0.38051774956653894 0.15848184815276228 -0.07662242537861594
v 0.05638233740705123 0 -0.17882192826529256
v -0.05638233740705123 0 0.17882192826529256
v 0.2677530747524365 0.15848184815276228 0.2810214311519692
v -0.05638233740705123 0 0.17882192826529256
v 0.2677530747524365 0.15848184815276228 0.2810214311519692
vt 0 1
vt 0.125 1
vt 0.125 0.03125
vt 0 0.03125
vt 0 1
vt 0.1875 1
vt 0.1875 1
vt 0 1
vt 0 1
vt 0.15625 1
vt 0.15625 0
vt 0 0
vt 0 1
vt 0.1875 1
vt 0.1875 1
vt 0 1
vt 0.25 0
vt 0.75 0
vt 0.75 0.5
vt 0.25 0.5
vt 0 0.1875
vt 0.1875 0.1875
vt 0.1875 0
vt 0 0
vn -0.8643610990919672 -0.42261826174069944 -0.2725320076978044
vn 0.30070579950427323 0 -0.9537169507482269
vn 0.8643610990919672 0.42261826174069944 0.2725320076978044
vn -0.30070579950427323 0 0.9537169507482269
vn -0.4030581999178559 0.90630778703665 -0.12708376228184323
vn 0.4030581999178559 -0.90630778703665 0.12708376228184323
g Leaf
f 52/148/37 55/147/37 53/146/37 50/145/37
f 51/152/38 52/151/38 50/150/38 49/149/38
f 56/156/39 51/155/39 49/154/39 54/153/39
f 55/160/40 56/159/40 54/158/40 53/157/40
f 54/164/41 49/163/41 50/162/41 53/161/41
f 55/168/42 52/167/42 51/166/42 56/165/42
o cube
v 0.7296717289138678 0.2396423291157957 0.033465401441874515
v 0.38050545981208317 0.15847747388900707 -0.07662630032331144
v 0.7296717289138678 0.2396423291157957 0.033465401441874515
v 0.38050545981208317 0.15847747388900707 -0.07662630032331144
v 0.2677407849979807 0.15847747388900707 0.2810175562072737
v 0.6169070540997653 0.2396423291157957 0.39110925797245966
v 0.2677407849979807 0.15847747388900707 0.2810175562072737
v 0.6169070540997653 0.2396423291157957 0.39110925797245966
vt 0 1
vt 0.125 1
vt 0.125 0.03125
vt 0 0.03125
vt 0 1
vt 0.1875 1
vt 0.1875 1
vt 0 1
vt 0 1
vt 0.15625 1
vt 0.15625 0
vt 0 0
vt 0 1
vt 0.1875 1
vt 0.1875 1
vt 0 1
vt 0.25 0.5
vt 0.75 0.5
vt 0.75 1
vt 0.25 1
vt 0 0.1875
vt 0.1875 0.1875
vt 0.1875 0
vt 0 0
vn -0.9311100509380921 -0.2164396139381029 -0.2935778713738292
vn 0.3007057995042733 0 -0.953716950748227
vn 0.9311100509380921 0.2164396139381029 0.2935778713738292
vn -0.3007057995042733 0 0.953716950748227
vn -0.2064221286261709 0.9762960071199334 -0.06508464715365346
vn 0.2064221286261709 -0.9762960071199334 0.06508464715365346
g Leaf
f 60/172/43 63/171/43 61/170/43 58/169/43
f 59/176/44 60/175/44 58/174/44 57/173/44
f 64/180/45 59/179/45 57/178/45 62/177/45
f 63/184/46 64/183/46 62/182/46 61/181/46
f 62/188/47 57/187/47 58/186/47 61/185/47
f 63/192/48 60/191/48 59/190/48 64/189/48
o cube
v -0.32828478677459744 0.24104535363245222 -0.09953635649632324
v -0.14363333308480836 0 0.12052267681622615
v -0.32828478677459744 0.24104535363245222 -0.09953635649632324
v -0.14363333308480836 0 0.12052267681622615
v 0.14363333308480836 0 -0.12052267681622615
v -0.04101812060498072 0.24104535363245222 -0.3405817101287755
v 0.14363333308480836 0 -0.12052267681622615
v -0.04101812060498072 0.24104535363245222 -0.3405817101287755
vt 0 1
vt 0.125 1
vt 0.125 0.03125
vt 0 0.03125
vt 0 1
vt 0.1875 1
vt 0.1875 1
vt 0 1
vt 0 1
vt 0.15625 1
vt 0.15625 0
vt 0 0
vt 0 1
vt 0.1875 1
vt 0.1875 1
vt 0 1
vt 0.25 0
vt 0.75 0
vt 0.75 0.5
vt 0.25 0.5
vt 0 0.1875
vt 0.1875 0.1875
vt 0.1875 0
vt 0 0
vn 0.49240387650610423 -0.6427876096865394 0.5868240888334652
vn -0.766044443118978 0 0.6427876096865396
vn -0.49240387650610423 0.6427876096865394 -0.5868240888334652
vn 0.766044443118978 0 -0.6427876096865396
vn 0.41317591116653485 0.7660444431189781 0.4924038765061039
vn -0.41317591116653485 -0.7660444431189781 -0.4924038765061039
g Leaf
f 68/196/49 71/195/49 69/194/49 66/193/49
f 67/200/50 68/199/50 66/198/50 65/197/50
f 72/204/51 67/203/51 65/202/51 70/201/51
f 71/208/52 72/207/52 70/206/52 69/205/52
f 70/212/53 65/211/53 66/210/53 69/209/53
f 71/216/54 68/215/54 67/214/54 72/213/54
o cube
v -0.5420873536323713 0.4141935231962113 -0.3543363336549388
v -0.3282775136731106 0.24103779323307356 -0.09952768875149698
v -0.5420873536323713 0.4141935231962113 -0.3543363336549388
v -0.3282775136731106 0.24103779323307356 -0.09952768875149698
v -0.04101084750349386 0.24103779323307356 -0.34057304238394925
v -0.25482068746275455 0.4141935231962113 -0.595381687287391
v -0.04101084750349386 0.24103779323307356 -0.34057304238394925
v -0.25482068746275455 0.4141935231962113 -0.595381687287391
vt 0 1
vt 0.125 1
vt 0.125 0.03125
vt 0 0.03125
vt 0 1
vt 0.1875 1
vt 0.1875 1
vt 0 1
vt 0 1
vt 0.15625 1
vt 0.15625 0
vt 0 0
vt 0 1
vt 0.1875 1
vt 0.1875 1
vt 0 1
vt 0.25 0.5
vt 0.75 0.5
vt 0.75 1
vt 0.25 1
vt 0 0.1875
vt 0.1875 0.1875
vt 0.1875 0
vt 0 0
vn 0.570159573224695 -0.461748613235034 0.6794897197425116
vn -0.766044443118978 0 0.6427876096865396
vn -0.570159573224695 0.461748613235034 -0.6794897197425116
vn 0.766044443118978 0 -0.6427876096865396
vn 0.29680628737742193 0.8870108331782218 0.35371995928659195
vn -0.29680628737742193 -0.8870108331782218 -0.35371995928659195
g Leaf
f 76/220/55 79/219/55 77/218/55 74/217/55
f 75/224/56 76/223/56 74/222/56 73/221/56
f 80/228/57 75/227/57 73/226/57 78/225/57
f 79/232/58 80/231/58 78/230/58 77/229/58
f 78/236/59 73/235/59 74/234/59 77/233/59
f 79/240/60 76/239/60 75/238/60 80/237/60
o cube
v -0.2796929554441538 0.12825755374712577 0.28478606107342713
v 0.05638233740705119 0 0.17882192826529258
v -0.2796929554441538 0.12825755374712577 0.28478606107342713
v 0.05638233740705119 0 0.17882192826529258
v -0.05638233740705119 0 -0.17882192826529258
v -0.39245763025825614 0.12825755374712577 -0.07285779545715801
v -0.05638233740705119 0 -0.17882192826529258
v -0.39245763025825614 0.12825755374712577 -0.07285779545715801
vt 0 1
vt 0.125 1
vt 0.125 0.03125
vt 0 0.03125
vt 0 1
vt 0.1875 1
vt 0.1875 1
vt 0 1
vt 0 1
vt 0.15625 1
vt 0.15625 0
vt 0 0
vt 0 1
vt 0.1875 1
vt 0.1875 1
vt 0 1
vt 0.25 0
vt 0.75 0
vt 0.75 0.5
vt 0.25 0.5
vt 0 0.1875
vt 0.1875 0.1875
vt 0.1875 0
vt 0 0
vn 0.8962007809365464 -0.3420201433256688 -0.28257102082169216
vn 0.30070579950427295 0 0.953716950748227
vn -0.8962007809365464 0.3420201433256688 0.28257102082169216
vn -0.30070579950427295 0 -0.953716950748227
vn 0.3261904081870283 0.9396926207859084 -0.10284744064531125
vn -0.3261904081870283 -0.9396926207859084 0.10284744064531125
g Leaf
f 84/244/61 87/243/61 85/242/61 82/241/61
f 83/248/62 84/247/62 82/246/62 81/245/62
f 88/252/63 83/251/63 81/250/63 86/249/63
f 87/256/64 88/255/64 86/254/64 85/253/64
f 86/260/65 81/259/65 82/258/65 85/257/65
f 87/264/66 84/263/66 83/262/66 88/261/66
o cube
v -0.6342645126179305 0.17720164131460836 0.3965820436212541
v -0.27968034885876936 0.12825431923208902 0.28478208623232354
v -0.6342645126179305 0.17720164131460836 0.3965820436212541
v -0.27968034885876936 0.12825431923208902 0.28478208623232354
v -0.39244502367287176 0.12825431923208902 -0.07286177029826162
v -0.7470291874320327 0.17720164131460836 0.03893818709066893
v -0.39244502367287176 0.12825431923208902 -0.07286177029826162
v -0.7470291874320327 0.17720164131460836 0.03893818709066893
vt 0 1
vt 0.125 1
vt 0.125 0.03125
vt 0 0.03125
vt 0 1
vt 0.1875 1
vt 0.1875 1
vt 0 1
vt 0 1
vt 0.15625 1
vt 0.15625 0
vt 0 0
vt 0 1
vt 0.1875 1
vt 0.1875 1
vt 0 1
vt 0.25 0.5
vt 0.75 0.5
vt 0.75 1
vt 0.25 1
vt 0 0.1875
vt 0.1875 0.1875
vt 0.1875 0
vt 0 0
vn 0.9455577700244291 -0.1305261922200516 -0.2981332197038148
vn 0.30070579950427295 0 0.9537169507482269
vn -0.9455577700244291 0.1305261922200516 0.2981332197038148
vn -0.30070579950427295 0 -0.9537169507482269
vn 0.12448504203688451 0.9914448613738105 -0.039249982987779014
vn -0.12448504203688451 -0.9914448613738105 0.039249982987779014
g Leaf
f 92/268/67 95/267/67 93/266/67 90/265/67
f 91/272/68 92/271/68 90/270/68 89/269/68
f 96/276/69 91/275/69 89/274/69 94/273/69
f 95/280/70 96/279/70 94/278/70 93/277/70
f 94/284/71 89/283/71 90/282/71 93/281/71
f 95/288/72 92/287/72 91/286/72 96/285/72
o cube
v 0.12030987473000787 0.11276467481410242 -0.38547491767496306
v -0.13258252147247762 0 -0.13258252147247768
v 0.12030987473000787 0.11276467481410242 -0.38547491767496306
v -0.13258252147247762 0 -0.13258252147247768
v 0.13258252147247762 0 0.13258252147247768
v 0.3854749176749631 0.11276467481410242 -0.1203098747300077
v 0.13258252147247762 0 0.13258252147247768
v 0.3854749176749631 0.11276467481410242 -0.1203098747300077
vt 0 1
vt 0.125 1
vt 0.125 0.03125
vt 0 0.03125
vt 0 1
vt 0.1875 1
vt 0.1875 1
vt 0 1
vt 0 1
vt 0.15625 1
vt 0.15625 0
vt 0 0
vt 0 1
vt 0.1875 1
vt 0.1875 1
vt 0 1
vt 0.25 0
vt 0.75 0
vt 0.75 0.5
vt 0.25 0.5
vt 0 0.1875
vt 0.1875 0.1875
vt 0.1875 0
vt 0 0
vn -0.674379723206628 -0.30070579950427323 0.6743797232066276
vn -0.7071067811865475 0 -0.7071067811865478
vn 0.674379723206628 0.30070579950427323 -0.6743797232066276
vn 0.7071067811865475 0 0.7071067811865478
vn -0.2126311099715939 0.9537169507482268 0.2126311099715938
vn 0.2126311099715939 -0.9537169507482268 -0.2126311099715938
g Leaf
f 100/292/73 103/291/73 101/290/73 98/289/73
f 99/296/74 100/295/74 98/294/74 97/293/74
f 104/300/75 99/299/75 97/298/75 102/297/75
f 103/304/76 104/303/76 102/302/76 101/301/76
f 102/308/77 97/307/77 98/306/77 101/305/77
f 103/312/78 100/311/78 99/310/78 104/309/78
o cube
v 0.3844564469627139 0.1454454234852653 -0.6496214899076689
v 0.12030043706167934 0.11276201995489346 -0.38546548000663455
v 0.3844564469627139 0.1454454234852653 -0.6496214899076689
v 0.12030043706167934 0.11276201995489346 -0.38546548000663455
v 0.3854654800066346 0.11276201995489346 -0.1203004370616792
v 0.6496214899076691 0.1454454234852653 -0.38445644696271364
v 0.3854654800066346 0.11276201995489346 -0.1203004370616792
v 0.6496214899076691 0.1454454234852653 -0.38445644696271364
vt 0 1
vt 0.125 1
vt 0.125 0.03125
vt 0 0.03125
vt 0 1
vt 0.1875 1
vt 0.1875 1
vt 0 1
vt 0 1
vt 0.15625 1
vt 0.15625 0
vt 0 0
vt 0 1
vt 0.1875 1
vt 0.1875 1
vt 0 1
vt 0.25 0.5
vt 0.75 0.5
vt 0.75 1
vt 0.25 1
vt 0 0.1875
vt 0.1875 0.1875
vt 0.1875 0
vt 0 0
vn -0.7044160264027589 -0.08715574274765821 0.7044160264027586
vn -0.7071067811865474 0 -0.7071067811865477
vn 0.7044160264027589 0.08715574274765821 -0.7044160264027586
vn 0.7071067811865474 0 0.7071067811865477
vn -0.061628416716219395 0.9961946980917455 0.06162841671621935
vn 0.061628416716219395 -0.9961946980917455 -0.06162841671621935
g Leaf
f 108/316/79 111/315/79 109/314/79 106/313/79
f 107/320/80 108/319/80 106/318/80 105/317/80
f 112/324/81 107/323/81 105/322/81 110/321/81
f 111/328/82 112/327/82 110/326/82 109/325/82
f 110/332/83 105/331/83 106/330/83 109/329/83
f 111/336/84 108/335/84 107/334/84 112/333/84
o cube
v 0.1265121975570983 0.1346295673051666 0.021508241239564213
v 0.02876210921829892 0.002047045832688943 -0.0680632119682347
v 0.1265121975570983 0.1346295673051666 0.021508241239564213
v 0.02876210921829892 0.002047045832688943 -0.0680632119682347
v -0.09791105470963739 0.002047045832688943 0.07017628868366353
v -0.0001609663708379977 0.1346295673051666 0.15974774189146246
v -0.09791105470963739 0.002047045832688943 0.07017628868366353
v -0.0001609663708379977 0.1346295673051666 0.15974774189146246
vt 0 1
vt 0.09375 1
vt 0.09375 1
vt 0 1
vt 0 1
vt 0.09375 1
vt 0.09375 1
vt 0 1
vt 0 1
vt 0.09375 1
vt 0.09375 1
vt 0 1
vt 0 1
vt 0.09375 1
vt 0.09375 1
vt 0 1
vt 0.25 0
vt 0.75 0
vt 0.75 0.5
vt 0.25 0.5
vt 0 1
vt 0.09375 1
vt 0.09375 0.90625
vt 0 0.90625
vn -0.5213338044735969 -0.7071067811865475 -0.47771441710826096
vn 0.6755902076156604 0 -0.7372773368101241
vn 0.5213338044735969 0.7071067811865475 0.47771441710826096
vn -0.6755902076156604 0 0.7372773368101241
vn -0.5213338044735969 0.7071067811865476 -0.47771441710826096
vn 0.5213338044735969 -0.7071067811865476 0.47771441710826096
g Leaf
f 116/340/85 119/339/85 117/338/85 114/337/85
f 115/344/86 116/343/86 114/342/86 113/341/86
f 120/348/87 115/347/87 113/346/87 118/345/87
f 119/352/88 120/351/88 118/350/88 117/349/88
f 118/356/89 113/355/89 114/354/89 117/353/89
f 119/360/90 116/359/90 115/358/90 120/357/90
o cube
v 0.24622157348211338 0.22836963489125428 0.13120167422182633
v 0.12650265411109402 0.13461963489125428 0.021499496282482926
v 0.24622157348211338 0.22836963489125428 0.13120167422182633
v 0.12650265411109402 0.13461963489125428 0.021499496282482926
v -0.00017050981684225974 0.13461963489125428 0.15973899693438118
v 0.11954840955417707 0.22836963489125428 0.26944117487372454
v -0.00017050981684225974 0.13461963489125428 0.15973899693438118
v 0.11954840955417707 0.22836963489125428 0.26944117487372454
vt 0 1
vt 0.09375 1
vt 0.09375 1
vt 0 1
vt 0 1
vt 0.09375 1
vt 0.09375 1
vt 0 1
vt 0 1
vt 0.09375 1
vt 0.09375 1
vt 0 1
vt 0 1
vt 0.09375 1
vt 0.09375 1
vt 0 1
vt 0.25 0.5
vt 0.75 0.5
vt 0.75 1
vt 0.25 1
vt 0 1
vt 0.09375 1
vt 0.09375 0.90625
vt 0 0.90625
vn -0.6385009033121033 -0.5 -0.585078282343165
vn 0.6755902076156602 0 -0.7372773368101241
vn 0.6385009033121033 0.5 0.585078282343165
vn -0.6755902076156602 0 0.7372773368101241
vn -0.36863866840506204 0.8660254037844387 -0.3377951038078302
vn 0.36863866840506204 -0.8660254037844387 0.3377951038078302
g Leaf
f 124/364/91 127/363/91 125/362/91 122/361/91
f 123/368/92 124/367/92 122/366/92 121/365/92
f 128/372/93 123/371/93 121/370/93 126/369/93
f 127/376/94 128/375/94 126/374/94 125/373/94
f 126/380/95 121/379/95 122/378/95 125/377/95
f 127/384/96 124/383/96 123/382/96 128/381/96
o cube
v -0.101948365332419 0.06844614327092069 -0.17713639209850218
v -0.12494608401650627 0.00431736639735783 -0.002451375820550175
v -0.101948365332419 0.06844614327092069 -0.17713639209850218
v -0.12494608401650627 0.00431736639735783 -0.002451375820550175
v 0.060949827491083144 0.00431736639735783 0.022022285220709495
v 0.08394754617517043 0.06844614327092069 -0.15266273105724254
v 0.060949827491083144 0.00431736639735783 0.022022285220709495
v 0.08394754617517043 0.06844614327092069 -0.15266273105724254
vt 0 1
vt 0.09375 1
vt 0.09375 1
vt 0 1
vt 0 1
vt 0.09375 1
vt 0.09375 1
vt 0 1
vt 0 1
vt 0.09375 1
vt 0.09375 1
vt 0 1
vt 0 1
vt 0.09375 1
vt 0.09375 1
vt 0 1
vt 0.25 0
vt 0.75 0
vt 0.75 0.5
vt 0.25 0.5
vt 0 1
vt 0.09375 1
vt 0.09375 0.90625
vt 0 0.90625
vn -0.12265449964846552 -0.3420201433256686 0.9316534201490777
vn -0.9914448613738105 0 -0.13052619222005157
vn 0.12265449964846552 0.3420201433256686 -0.9316534201490777
vn 0.9914448613738105 0 0.13052619222005157
vn -0.04464258697085581 0.9396926207859084 0.3390941135865683
vn 0.04464258697085581 -0.9396926207859084 -0.3390941135865683
g Leaf
f 132/388/97 135/387/97 133/386/97 130/385/97
f 131/392/98 132/391/98 130/390/98 129/389/98
f 136/396/99 131/395/99 129/394/99 134/393/99
f 135/400/100 136/399/100 134/398/100 133/397/100
f 134/404/101 129/403/101 130/402/101 133/401/101
f 135/408/102 132/407/102 131/406/102 136/405/102
o cube
v -0.07756991311520534 0.08478431365627503 -0.3623091207892763
v -0.10195044448740273 0.06844261189108913 -0.17712059934848343
v -0.07756991311520534 0.08478431365627503 -0.3623091207892763
v -0.10195044448740273 0.06844261189108913 -0.17712059934848343
v 0.08394546702018671 0.06844261189108913 -0.15264693830722376
v 0.10832599839238408 0.08478431365627503 -0.33783545974801665
v 0.08394546702018671 0.06844261189108913 -0.15264693830722376
v 0.10832599839238408 0.08478431365627503 -0.33783545974801665
vt 0 1
vt 0.09375 1
vt 0.09375 1
vt 0 1
vt 0 1
vt 0.09375 1
vt 0.09375 1
vt 0 1
vt 0 1
vt 0.09375 1
vt 0.09375 1
vt 0 1
vt 0 1
vt 0.09375 1
vt 0.09375 1
vt 0 1
vt 0.25 0.5
vt 0.75 0.5
vt 0.75 1
vt 0.25 1
vt 0 1
vt 0.09375 1
vt 0.09375 0.90625
vt 0 0.90625
vn -0.13002950065171942 -0.08715574274765817 0.9876721143508956
vn -0.9914448613738105 0 -0.13052619222005157
vn 0.13002950065171942 0.08715574274765817 -0.9876721143508956
vn 0.9914448613738105 0 0.13052619222005157
vn -0.011376107230962199 0.9961946980917457 0.08641011328638346
vn 0.011376107230962199 -0.9961946980917457 -0.08641011328638346
g Leaf
f 140/412/103 143/411/103 141/410/103 138/409/103
f 139/416/104 140/415/104 138/414/104 137/413/104
f 144/420/105 139/419/105 137/418/105 142/417/105
f 143/424/106 144/423/106 142/422/106 141/421/106
f 142/428/107 137/427/107 138/426/107 141/425/107
f 143/432/108 140/431/108 139/430/108 144/429/108
o cube
v -0.17072770577141796 0.15024553840446075 0.04250501393137422
v -0.0672792263542625 0.0014917870998541333 0.09074383210808352
v -0.17072770577141796 0.15024553840446075 0.04250501393137422
v -0.0672792263542625 0.0014917870998541333 0.09074383210808352
v 0.011961697722118608 0.0014917870998541333 -0.07918887796128836
v -0.09148678169503685 0.15024553840446075 -0.12742769613799765
v 0.011961697722118608 0.0014917870998541333 -0.07918887796128836
v -0.09148678169503685 0.15024553840446075 -0.12742769613799765
vt 0 1
vt 0.09375 1
vt 0.09375 1
vt 0 1
vt 0 1
vt 0.09375 1
vt 0.09375 1
vt 0 1
vt 0 1
vt 0.09375 1
vt 0.09375 1
vt 0 1
vt 0 1
vt 0.09375 1
vt 0.09375 1
vt 0 1
vt 0.25 0
vt 0.75 0
vt 0.75 0.5
vt 0.25 0.5
vt 0 1
vt 0.09375 1
vt 0.09375 0.90625
vt 0 0.90625
vn 0.5517252235581624 -0.7933533402912353 0.25727369694244967
vn -0.4226182617406993 0 0.90630778703665
vn -0.5517252235581624 0.7933533402912353 -0.25727369694244967
vn 0.4226182617406993 0 -0.90630778703665
vn 0.7190223101774837 0.6087614290087207 0.33528560962005927
vn -0.7190223101774837 -0.6087614290087207 -0.33528560962005927
g Leaf
f 148/436/109 151/435/109 149/434/109 146/433/109
f 147/440/110 148/439/110 146/438/110 145/437/110
f 152/444/111 147/443/111 145/442/111 150/441/111
f 151/448/112 152/447/112 150/446/112 149/445/112
f 150/452/113 145/451/113 146/450/113 149/449/113
f 151/456/114 148/455/114 147/454/114 152/453/114
o cube
v -0.30553393286178243 0.2643767693491407 -0.020356162127844524
v -0.17071724970350424 0.15023400141000562 0.04250988967591658
v -0.30553393286178243 0.2643767693491407 -0.020356162127844524
v -0.17071724970350424 0.15023400141000562 0.04250988967591658
v -0.09147632562712313 0.15023400141000562 -0.12742282039345532
v -0.22629300878540135 0.2643767693491407 -0.1902888721972164
v -0.09147632562712313 0.15023400141000562 -0.12742282039345532
v -0.22629300878540135 0.2643767693491407 -0.1902888721972164
vt 0 1
vt 0.09375 1
vt 0.09375 1
vt 0 1
vt 0 1
vt 0.09375 1
vt 0.09375 1
vt 0 1
vt 0 1
vt 0.09375 1
vt 0.09375 1
vt 0 1
vt 0 1
vt 0.09375 1
vt 0.09375 1
vt 0 1
vt 0.25 0.5
vt 0.75 0.5
vt 0.75 1
vt 0.25 1
vt 0 1
vt 0.09375 1
vt 0.09375 0.90625
vt 0 0.90625
vn 0.7190223101774839 -0.6087614290087205 0.3352856096200593
vn -0.42261826174069916 0 0.9063077870366503
vn -0.7190223101774839 0.6087614290087205 -0.3352856096200593
vn 0.42261826174069916 0 -0.9063077870366503
vn 0.5517252235581623 0.7933533402912352 0.2572736969424496
vn -0.5517252235581623 -0.7933533402912352 -0.2572736969424496
g Leaf
f 156/460/115 159/459/115 157/458/115 154/457/115
f 155/464/116 156/463/116 154/462/116 153/461/116
f 160/468/117 155/467/117 153/466/117 158/465/117
f 159/472/118 160/471/118 158/470/118 157/469/118
f 158/476/119 153/475/119 154/474/119 157/473/119
f 159/480/120 156/479/120 155/478/120 160/477/120
