# Made in Blockbench 4.7.4

o cube
v -0.5441678468178356 0.03015718732414463 -0.5195101593421568
v -0.5441678468178356 0.03015718732414463 -0.5195101593421568
v -0.34641573308956175 0.13823083042212925 -0.4112780514280573
v -0.34641573308956175 0.13823083042212925 -0.4112780514280573
v -0.6781094166893437 0.0671044461582817 -0.3116771592555507
v -0.6781094166893437 0.0671044461582817 -0.3116771592555507
v -0.4803573029610698 0.17517808925626632 -0.2034450513414512
v -0.4803573029610698 0.17517808925626632 -0.2034450513414512
vt 0 1
vt 1 1
vt 1 0
vt 0 0
vt 0 1
vt 0 1
vt 0 0.75
vt 0 0.75
vt 0 1
vt 0.25 1
vt 0.25 0.75
vt 0 0.75
vt 0 1
vt 0 1
vt 0 0.75
vt 0 0.75
vt 0 1
vt 0.25 1
vt 0.25 1
vt 0 1
vt 0 1
vt 0.25 1
vt 0.25 1
vt 0 1
vn 0.29539823632122836 -0.8895390962261096 0.34851123118709393
vn 0.5357662794860321 -0.14778903533654827 -0.8313320003464246
vn -0.29539823632122836 0.8895390962261096 -0.34851123118709393
vn -0.5357662794860321 0.14778903533654827 0.8313320003464246
vn -0.7910084549130953 -0.43229457239193847 -0.43292843165639805
vn 0.7910084549130953 0.43229457239193847 0.43292843165639805
g 0
f 4/4/1 7/3/1 5/2/1 2/1/1
f 3/8/2 4/7/2 2/6/2 1/5/2
f 8/12/3 3/11/3 1/10/3 6/9/3
f 7/16/4 8/15/4 6/14/4 5/13/4
f 6/20/5 1/19/5 2/18/5 5/17/5
f 7/24/6 4/23/6 3/22/6 8/21/6
o cube
v -0.23882847815722996 0.04535811352218477 -0.5107755686937697
v -0.23882847815722996 0.04535811352218477 -0.5107755686937697
v -0.20208348630207196 0.24732279618722408 -0.36808684268651176
v -0.20208348630207196 0.24732279618722408 -0.36808684268651176
v -0.46728335372560625 0.017870200346015497 -0.41303722177580154
v -0.46728335372560625 0.017870200346015497 -0.41303722177580154
v -0.43053836187044825 0.2198348830110548 -0.2703484957685436
v -0.43053836187044825 0.2198348830110548 -0.2703484957685436
vt 0 1
vt 1 1
vt 1 0
vt 0 0
vt 0 1
vt 0 1
vt 0 0.75
vt 0 0.75
vt 0 1
vt 0.25 1
vt 0.25 0.75
vt 0 0.75
vt 0 1
vt 0 1
vt 0 0.75
vt 0 0.75
vt 0 1
vt 0.25 1
vt 0.25 1
vt 0 1
vt 0 1
vt 0.25 1
vt 0.25 1
vt 0 1
vn 0.37859055249917883 -0.5790292785029696 0.7220763728267926
vn 0.9138195022735052 0.10995165270467708 -0.39095338767187265
vn -0.37859055249917883 0.5790292785029696 -0.7220763728267926
vn -0.9138195022735052 -0.10995165270467708 0.39095338767187265
vn -0.14697996742063185 -0.8078587306601573 -0.5707549040290318
vn 0.14697996742063185 0.8078587306601573 0.5707549040290318
g 0
f 12/28/7 15/27/7 13/26/7 10/25/7
f 11/32/8 12/31/8 10/30/8 9/29/8
f 16/36/9 11/35/9 9/34/9 14/33/9
f 15/40/10 16/39/10 14/38/10 13/37/10
f 14/44/11 9/43/11 10/42/11 13/41/11
f 15/48/12 12/47/12 11/46/12 16/45/12
o cube
v -0.3183947864886229 0.2988400652886738 -0.44871822922395904
v -0.3183947864886229 0.2988400652886738 -0.44871822922395904
v -0.3339879039913363 0.370811727526853 -0.20981043420416468
v -0.3339879039913363 0.370811727526853 -0.20981043420416468
v -0.0757303122525711 0.358913766396331 -0.4509772951743856
v -0.0757303122525711 0.358913766396331 -0.4509772951743856
v -0.09132342975528451 0.4308854286345103 -0.21206950015459114
v -0.09132342975528451 0.4308854286345103 -0.21206950015459114
vt 0 1
vt 1 1
vt 1 0
vt 0 0
vt 0 1
vt 0 1
vt 0 0.75
vt 0 0.75
vt 0 1
vt 0.25 1
vt 0.25 0.75
vt 0 0.75
vt 0 1
vt 0 1
vt 0 0.75
vt 0 0.75
vt 0 1
vt 0.25 1
vt 0.25 1
vt 0 1
vt 0 1
vt 0.25 1
vt 0.25 1
vt 0 1
vn -0.2322346272298628 0.9270273374169831 -0.29442722971387264
vn -0.9706578969442077 -0.24029480443062887 0.009036263801706242
vn 0.2322346272298628 -0.9270273374169831 0.29442722971387264
vn 0.9706578969442077 0.24029480443062887 -0.009036263801706242
vn 0.06237247001085372 -0.28788664895271654 -0.9556311800791771
vn -0.06237247001085372 0.28788664895271654 0.9556311800791771
g 0
f 20/52/13 23/51/13 21/50/13 18/49/13
f 19/56/14 20/55/14 18/54/14 17/53/14
f 24/60/15 19/59/15 17/58/15 22/57/15
f 23/64/16 24/63/16 22/62/16 21/61/16
f 22/68/17 17/67/17 18/66/17 21/65/17
f 23/72/18 20/71/18 19/70/18 24/69/18
o cube
v 0.03912102849307775 0.4549160339420262 -0.2678916788860426
v 0.03912102849307775 0.4549160339420262 -0.2678916788860426
v 0.07375268735957208 0.39397226336782354 -0.027919795048885865
v 0.07375268735957208 0.39397226336782354 -0.027919795048885865
v -0.20810323234624545 0.4595639198392869 -0.23103300271425986
v -0.20810323234624545 0.4595639198392869 -0.23103300271425986
v -0.17347157347975106 0.39862014926508427 0.008938881122896758
v -0.17347157347975106 0.39862014926508427 0.008938881122896758
vt 0 1
vt 1 1
vt 1 0
vt 0 0
vt 0 1
vt 0 1
vt 0 0.75
vt 0 0.75
vt 0 1
vt 0.25 1
vt 0.25 0.75
vt 0 0.75
vt 0 1
vt 0 1
vt 0 0.75
vt 0 0.75
vt 0 1
vt 0.25 1
vt 0.25 1
vt 0 1
vt 0 1
vt 0.25 1
vt 0.25 1
vt 0 1
vn -0.05378669822252427 -0.9696535792530032 -0.23849303414598744
vn 0.9888970433572928 -0.01859154358904284 -0.14743470468713044
vn 0.05378669822252427 0.9696535792530032 0.23849303414598744
vn -0.9888970433572928 0.01859154358904284 0.14743470468713044
vn -0.13852663546597743 0.24377508229681066 -0.9598875353486258
vn 0.13852663546597743 -0.24377508229681066 0.9598875353486258
g 0
f 28/76/19 31/75/19 29/74/19 26/73/19
f 27/80/20 28/79/20 26/78/20 25/77/20
f 32/84/21 27/83/21 25/82/21 30/81/21
f 31/88/22 32/87/22 30/86/22 29/85/22
f 30/92/23 25/91/23 26/90/23 29/89/23
f 31/96/24 28/95/24 27/94/24 32/93/24
o cube
v -0.37430838651867415 0.42608996763008977 -0.25588253703051855
v -0.37430838651867415 0.42608996763008977 -0.25588253703051855
v -0.1340127001625323 0.4666112786349248 -0.2000613361021984
v -0.1340127001625323 0.4666112786349248 -0.2000613361021984
v -0.4274906089549525 0.40608517303062563 -0.01242523192391165
v -0.4274906089549525 0.40608517303062563 -0.01242523192391165
v -0.18719492259881065 0.44660648403546066 0.04339596900440845
v -0.18719492259881065 0.44660648403546066 0.04339596900440845
vt 0 1
vt 1 1
vt 1 0
vt 0 0
vt 0 1
vt 0 1
vt 0 0.75
vt 0 0.75
vt 0 1
vt 0.25 1
vt 0.25 0.75
vt 0 0.75
vt 0 1
vt 0 1
vt 0 0.75
vt 0 0.75
vt 0 1
vt 0.25 1
vt 0.25 1
vt 0 1
vt 0 1
vt 0.25 1
vt 0.25 1
vt 0 1
vn 0.1757104133678451 -0.9835269720550236 -0.042432839574770134
vn 0.2127288897451134 0.0800191783978567 -0.9738292204264275
vn -0.1757104133678451 0.9835269720550236 0.042432839574770134
vn -0.2127288897451134 -0.0800191783978567 0.9738292204264275
vn -0.9611827454245693 -0.1620852440193406 -0.22328480371328094
vn 0.9611827454245693 0.1620852440193406 0.22328480371328094
g 0
f 36/100/25 39/99/25 37/98/25 34/97/25
f 35/104/26 36/103/26 34/102/26 33/101/26
f 40/108/27 35/107/27 33/106/27 38/105/27
f 39/112/28 40/111/28 38/110/28 37/109/28
f 38/116/29 33/115/29 34/114/29 37/113/29
f 39/120/30 36/119/30 35/118/30 40/117/30
o cube
v -0.02202138768419648 0.4308004985989218 -0.4061995289200413
v -0.02202138768419648 0.4308004985989218 -0.4061995289200413
v -0.026525282098133318 0.44709979067396555 -0.1567720885431647
v -0.026525282098133318 0.44709979067396555 -0.1567720885431647
v -0.2719401578578772 0.4260075904114937 -0.41039909389534923
v -0.2719401578578772 0.4260075904114937 -0.41039909389534923
v -0.276444052271814 0.4423068824865375 -0.16097165351847276
v -0.276444052271814 0.4423068824865375 -0.16097165351847276
vt 0 1
vt 1 1
vt 1 0
vt 0 0
vt 0 1
vt 0 1
vt 0 0.75
vt 0 0.75
vt 0 1
vt 0.25 1
vt 0.25 0.75
vt 0 0.75
vt 0 1
vt 0 1
vt 0 0.75
vt 0 0.75
vt 0 1
vt 0.25 1
vt 0.25 1
vt 0 1
vt 0 1
vt 0.25 1
vt 0.25 1
vt 0 1
vn 0.01803252616049423 -0.9976882167006629 0.06552137252013482
vn 0.9996750806947231 0.019171632749712342 0.016798259901231884
vn -0.01803252616049423 0.9976882167006629 -0.06552137252013482
vn -0.9996750806947231 -0.019171632749712342 -0.016798259901231884
vn 0.01801557765574737 -0.06519716830017495 -0.997709761507508
vn -0.01801557765574737 0.06519716830017495 0.997709761507508
g 0
f 44/124/31 47/123/31 45/122/31 42/121/31
f 43/128/32 44/127/32 42/126/32 41/125/32
f 48/132/33 43/131/33 41/130/33 46/129/33
f 47/136/34 48/135/34 46/134/34 45/133/34
f 46/140/35 41/139/35 42/138/35 45/137/35
f 47/144/36 44/143/36 43/142/36 48/141/36
o cube
v -0.36962706965155956 0.24821737734744076 -0.45377045720692866
v -0.36962706965155956 0.24821737734744076 -0.45377045720692866
v -0.20555273229237137 0.3617260940170397 -0.3031205881058767
v -0.20555273229237137 0.3617260940170397 -0.3031205881058767
v -0.5431950806552799 0.26089742103222335 -0.27428964472725326
v -0.5431950806552799 0.26089742103222335 -0.27428964472725326
v -0.37912074329609163 0.3744061377018224 -0.12363977562620126
v -0.37912074329609163 0.3744061377018224 -0.12363977562620126
vt 0 1
vt 1 1
vt 1 0
vt 0 0
vt 0 1
vt 0 1
vt 0 0.75
vt 0 0.75
vt 0 1
vt 0.25 1
vt 0.25 0.75
vt 0 0.75
vt 0 1
vt 0 1
vt 0 0.75
vt 0 0.75
vt 0 1
vt 0.25 1
vt 0.25 1
vt 0 1
vt 0 1
vt 0.25 1
vt 0.25 1
vt 0 1
vn 0.2953982363212286 -0.8895390962261095 0.34851123118709404
vn 0.6942720440148812 -0.05072017473913032 -0.717923249918702
vn -0.2953982363212286 0.8895390962261095 -0.34851123118709404
vn -0.6942720440148812 0.05072017473913032 0.717923249918702
vn -0.6562973494367524 -0.45403486667839577 -0.6025994764042073
vn 0.6562973494367524 0.45403486667839577 0.6025994764042073
g 0
f 52/148/37 55/147/37 53/146/37 50/145/37
f 51/152/38 52/151/38 50/150/38 49/149/38
f 56/156/39 51/155/39 49/154/39 54/153/39
f 55/160/40 56/159/40 54/158/40 53/157/40
f 54/164/41 49/163/41 50/162/41 53/161/41
f 55/168/42 52/167/42 51/166/42 56/165/42
o cube
v -0.3224884385269391 0.17466634706538886 -0.35946016025141214
v -0.3224884385269391 0.17466634706538886 -0.35946016025141214
v -0.26990455616593834 0.27941325667294203 -0.3160088053414499
v -0.26990455616593834 0.27941325667294203 -0.3160088053414499
v -0.40927244402879925 0.1810063689077801 -0.26971975401157433
v -0.40927244402879925 0.1810063689077801 -0.26971975401157433
v -0.3566885616677985 0.2857532785153333 -0.22626839910161212
v -0.3566885616677985 0.2857532785153333 -0.22626839910161212
vt 0 1
vt 0.03125 1
vt 0.03125 0.21875
vt 0 0.21875
vt 0 1
vt 0 1
vt 0 0.125
vt 0 0.125
vt 0.375 0.9375
vt 0.53125 0.9375
vt 0.53125 0.78125
vt 0.375 0.78125
vt 0 1
vt 0 1
vt 0 0.125
vt 0 0.125
vt 0 1
vt 0.4375 1
vt 0.4375 1
vt 0 1
vt 0 1
vt 0.4375 1
vt 0.4375 1
vt 0 1
vn 0.5839710516056791 -0.5433460216520632 0.6031193179143186
vn 0.6942720440148811 -0.05072017473913032 -0.717923249918702
vn -0.5839710516056791 0.5433460216520632 -0.6031193179143186
vn -0.6942720440148811 0.05072017473913032 0.717923249918702
vn -0.4206710588880061 -0.837975276860426 -0.347610839279698
vn 0.4206710588880061 0.837975276860426 0.347610839279698
g 0
f 60/172/43 63/171/43 61/170/43 58/169/43
f 59/176/44 60/175/44 58/174/44 57/173/44
f 64/180/45 59/179/45 57/178/45 62/177/45
f 63/184/46 64/183/46 62/182/46 61/181/46
f 62/188/47 57/187/47 58/186/47 61/185/47
f 63/192/48 60/191/48 59/190/48 64/189/48
o cube
v -0.35733897890914706 0.13285434499472326 -0.39020863351434304
v -0.35733897890914706 0.13285434499472326 -0.39020863351434304
v -0.32249648702812256 0.1746539489464094 -0.3594670676953588
v -0.32249648702812256 0.1746539489464094 -0.3594670676953588
v -0.4441229844110072 0.1391943668371145 -0.30046822727450523
v -0.4441229844110072 0.1391943668371145 -0.30046822727450523
v -0.4092804925299827 0.18099397078880064 -0.2697266614555211
v -0.4092804925299827 0.18099397078880064 -0.2697266614555211
vt 0 1
vt 0.03125 1
vt 0.03125 0.21875
vt 0 0.21875
vt 0 1
vt 0 1
vt 0 0.125
vt 0 0.125
vt 0.375 1
vt 0.53125 1
vt 0.53125 0.9375
vt 0.375 0.9375
vt 0 1
vt 0 1
vt 0 0.125
vt 0 0.125
vt 0 1
vt 0.4375 1
vt 0.4375 1
vt 0 1
vt 0 1
vt 0.4375 1
vt 0.4375 1
vt 0 1
vn 0.4551950387874518 -0.7417159159016831 0.4926002200176302
vn 0.6942720440148812 -0.05072017473913033 -0.717923249918702
vn -0.4551950387874518 0.7417159159016831 -0.4926002200176302
vn -0.6942720440148812 0.05072017473913033 0.717923249918702
vn -0.5574798700963913 -0.6687936632269773 -0.49186505310374634
vn 0.5574798700963913 0.6687936632269773 0.49186505310374634
g 0
f 68/196/49 71/195/49 69/194/49 66/193/49
f 67/200/50 68/199/50 66/198/50 65/197/50
f 72/204/51 67/203/51 65/202/51 70/201/51
f 71/208/52 72/207/52 70/206/52 69/205/52
f 70/212/53 65/211/53 66/210/53 69/209/53
f 71/216/54 68/215/54 67/214/54 72/213/54
o cube
v -0.26990240355880896 0.2794179505452471 -0.3160070552645046
v -0.26990240355880896 0.2794179505452471 -0.3160070552645046
v -0.22388067258892796 0.38968573229854586 -0.2792917098930829
v -0.22388067258892796 0.38968573229854586 -0.2792917098930829
v -0.3566864090606691 0.28575797238763834 -0.2262666490246668
v -0.3566864090606691 0.28575797238763834 -0.2262666490246668
v -0.31066467809078807 0.3960257541409371 -0.18955130365324507
v -0.31066467809078807 0.3960257541409371 -0.18955130365324507
vt 0 1
vt 0.03125 1
vt 0.03125 0.21875
vt 0 0.21875
vt 0 1
vt 0 1
vt 0 0.125
vt 0 0.125
vt 0.375 0.78125
vt 0.53125 0.78125
vt 0.53125 0.625
vt 0.375 0.625
vt 0 1
vt 0 1
vt 0 0.125
vt 0 0.125
vt 0 1
vt 0.4375 1
vt 0.4375 1
vt 0 1
vt 0 1
vt 0.4375 1
vt 0.4375 1
vt 0 1
vn 0.6184127640384667 -0.4682440683400833 0.631120547707513
vn 0.6942720440148811 -0.05072017473913035 -0.7179232499187022
vn -0.6184127640384667 0.4682440683400833 -0.631120547707513
vn -0.6942720440148811 0.05072017473913035 0.7179232499187022
vn -0.3681738477590481 -0.8821422540263899 -0.29372276297137356
vn 0.3681738477590481 0.8821422540263899 0.29372276297137356
g 0
f 76/220/55 79/219/55 77/218/55 74/217/55
f 75/224/56 76/223/56 74/222/56 73/221/56
f 80/228/57 75/227/57 73/226/57 78/225/57
f 79/232/58 80/231/58 78/230/58 77/229/58
f 78/236/59 73/235/59 74/234/59 77/233/59
f 79/240/60 76/239/60 75/238/60 80/237/60
o cube
v -0.22390826428582744 0.3896553183435123 -0.2793162439121335
v -0.22390826428582744 0.3896553183435123 -0.2793162439121335
v -0.04950274342835681 0.4628228717984113 -0.11582549978311912
v -0.04950274342835681 0.4628228717984113 -0.11582549978311912
v -0.3106922697876876 0.39599534018590354 -0.18957583767229574
v -0.3106922697876876 0.39599534018590354 -0.18957583767229574
v -0.13628674893021697 0.46916289364080255 -0.026085093543281368
v -0.13628674893021697 0.46916289364080255 -0.026085093543281368
vt 0 1
vt 0.03125 1
vt 0.03125 0.21875
vt 0 0.21875
vt 0 1
vt 0 1
vt 0 0.125
vt 0 0.125
vt 0.375 0.625
vt 0.53125 0.625
vt 0.53125 0.3125
vt 0.375 0.3125
vt 0 1
vt 0 1
vt 0 0.125
vt 0 0.125
vt 0 1
vt 0.4375 1
vt 0.4375 1
vt 0 1
vt 0 1
vt 0.4375 1
vt 0.4375 1
vt 0 1
vn 0.17694563461794974 -0.9548673257668964 0.23857626154424333
vn 0.6942720440148812 -0.05072017473913033 -0.717923249918702
vn -0.17694563461794974 0.9548673257668964 -0.23857626154424333
vn -0.6942720440148812 0.05072017473913033 0.717923249918702
vn -0.6976220834298826 -0.2926702138195963 -0.6539629765160577
vn 0.6976220834298826 0.2926702138195963 0.6539629765160577
g 0
f 84/244/61 87/243/61 85/242/61 82/241/61
f 83/248/62 84/247/62 82/246/62 81/245/62
f 88/252/63 83/251/63 81/250/63 86/249/63
f 87/256/64 88/255/64 86/254/64 85/253/64
f 86/260/65 81/259/65 82/258/65 85/257/65
f 87/264/66 84/263/66 83/262/66 88/261/66
o cube
v -0.04951380253104565 0.4628825510091066 -0.11584041080017399
v -0.04951380253104565 0.4628825510091066 -0.11584041080017399
v 0.07025587856285431 0.2849231517999177 0.012556145710388211
v 0.07025587856285431 0.2849231517999177 0.012556145710388211
v -0.1362978080329058 0.4692225728514978 -0.026100004560336176
v -0.1362978080329058 0.4692225728514978 -0.026100004560336176
v -0.016528126939005794 0.291263173642309 0.10229655195022613
v -0.016528126939005794 0.291263173642309 0.10229655195022613
vt 0 1
vt 0.03125 1
vt 0.03125 0.21875
vt 0 0.21875
vt 0 1
vt 0 1
vt 0 0.125
vt 0 0.125
vt 0.375 0.3125
vt 0.53125 0.3125
vt 0.53125 0
vt 0.375 0
vt 0 1
vt 0 1
vt 0 0.125
vt 0 0.125
vt 0 1
vt 0.4375 1
vt 0.4375 1
vt 0 1
vt 0 1
vt 0.4375 1
vt 0.4375 1
vt 0 1
vn -0.5370939440638359 -0.700510313702878 -0.46990998674836526
vn 0.6942720440148812 -0.05072017473913035 -0.717923249918702
vn 0.5370939440638359 0.700510313702878 0.46990998674836526
vn -0.6942720440148812 0.05072017473913035 0.717923249918702
vn -0.4790787243756 0.7118375968367558 -0.5135862260422491
vn 0.4790787243756 -0.7118375968367558 0.5135862260422491
g 0
f 92/268/67 95/267/67 93/266/67 90/265/67
f 91/272/68 92/271/68 90/270/68 89/269/68
f 96/276/69 91/275/69 89/274/69 94/273/69
f 95/280/70 96/279/70 94/278/70 93/277/70
f 94/284/71 89/283/71 90/282/71 93/281/71
f 95/288/72 92/287/72 91/286/72 96/285/72
o cube
v 0.6240306111296572 0.23339904686933055 -0.007159246914887563
v 0.6240306111296572 0.23339904686933055 -0.007159246914887563
v 0.39455394279311484 0.33125102003066076 -0.023451884442153847
v 0.39455394279311484 0.33125102003066076 -0.023451884442153847
v 0.6221079043703353 0.1879589216924622 -0.252987435336452
v 0.6221079043703353 0.1879589216924622 -0.252987435336452
v 0.3926312360337929 0.2858108948537925 -0.2692800728637183
v 0.3926312360337929 0.2858108948537925 -0.2692800728637183
vt 0 1
vt 1 1
vt 1 0
vt 0 0
vt 0 1
vt 0 1
vt 0 0.75
vt 0 0.75
vt 0 1
vt 0.25 1
vt 0.25 0.75
vt 0 0.75
vt 0 1
vt 0 1
vt 0 0.75
vt 0 0.75
vt 0 1
vt 0.25 1
vt 0.25 1
vt 0 1
vt 0 1
vt 0.25 1
vt 0.25 1
vt 0 1
vn -0.39672180455081074 -0.9020881231662002 0.16984942695349534
vn 0.007690827037287478 0.18176050070747327 0.9833127536862578
vn 0.39672180455081074 0.9020881231662002 -0.16984942695349534
vn -0.007690827037287478 -0.18176050070747327 -0.9833127536862578
vn 0.917906673346169 -0.391407892645321 0.06517055010906496
vn -0.917906673346169 0.391407892645321 -0.06517055010906496
g 0
f 100/292/73 103/291/73 101/290/73 98/289/73
f 99/296/74 100/295/74 98/294/74 97/293/74
f 104/300/75 99/299/75 97/298/75 102/297/75
f 103/304/76 104/303/76 102/302/76 101/301/76
f 102/308/77 97/307/77 98/306/77 101/305/77
f 103/312/78 100/311/78 99/310/78 104/309/78
o cube
v 0.4823413664226305 0.032018484844830164 -0.10032017717790925
v 0.4823413664226305 0.032018484844830164 -0.10032017717790925
v 0.4204223544591893 0.2739421757690834 -0.08853188947113905
v 0.4204223544591893 0.2739421757690834 -0.08853188947113905
v 0.48291307361791147 0.04433181776771056 -0.3500161022211771
v 0.48291307361791147 0.04433181776771056 -0.3500161022211771
v 0.4209940616544704 0.2862555086919638 -0.33822781451440687
v 0.4209940616544704 0.2862555086919638 -0.33822781451440687
vt 0 1
vt 1 1
vt 1 0
vt 0 0
vt 0 1
vt 0 1
vt 0 0.75
vt 0 0.75
vt 0 1
vt 0.25 1
vt 0.25 0.75
vt 0 0.75
vt 0 1
vt 0 1
vt 0 0.75
vt 0 0.75
vt 0 1
vt 0.25 1
vt 0.25 1
vt 0 1
vt 0 1
vt 0.25 1
vt 0.25 1
vt 0 1
vn -0.9688402065013949 -0.2472669683371935 -0.014411822773952313
vn -0.0022868287811246206 -0.04925333169152171 0.9987837001730709
vn 0.9688402065013949 0.2472669683371935 0.014411822773952313
vn 0.0022868287811246206 0.04925333169152171 -0.9987837001730709
vn 0.24767604785376468 -0.9676947636970132 -0.04715315082708065
vn -0.24767604785376468 0.9676947636970132 0.04715315082708065
g 0
f 108/316/79 111/315/79 109/314/79 106/313/79
f 107/320/80 108/319/80 106/318/80 105/317/80
f 112/324/81 107/323/81 105/322/81 110/321/81
f 111/328/82 112/327/82 110/326/82 109/325/82
f 110/332/83 105/331/83 106/330/83 109/329/83
f 111/336/84 108/335/84 107/334/84 112/333/84
o cube
v 0.569891286194482 0.37373970224987396 -0.12022344185302936
v 0.569891286194482 0.37373970224987396 -0.12022344185302936
v 0.3552270423933328 0.462672842788606 -0.2124739646005943
v 0.3552270423933328 0.462672842788606 -0.2124739646005943
v 0.4699140054593268 0.37007302475097337 0.10888591808873072
v 0.4699140054593268 0.37007302475097337 0.10888591808873072
v 0.2552497616581776 0.4590061652897053 0.01663539534116576
v 0.2552497616581776 0.4590061652897053 0.01663539534116576
vt 0 1
vt 1 1
vt 1 0
vt 0 0
vt 0 1
vt 0 1
vt 0 0.75
vt 0 0.75
vt 0 1
vt 0.25 1
vt 0.25 0.75
vt 0 0.75
vt 0 1
vt 0 1
vt 0 0.75
vt 0 0.75
vt 0 1
vt 0.25 1
vt 0.25 1
vt 0 1
vt 0 1
vt 0.25 1
vt 0.25 1
vt 0 1
vn 0.32059459184670636 0.9344727025657814 0.15485436977382422
vn 0.39990912294062125 0.01466670999560261 -0.9164374397670405
vn -0.32059459184670636 -0.9344727025657814 -0.15485436977382422
vn -0.39990912294062125 -0.01466670999560261 0.9164374397670405
vn 0.8586569752045964 -0.35573256215492793 0.3690020909902593
vn -0.8586569752045964 0.35573256215492793 -0.3690020909902593
g 0
f 116/340/85 119/339/85 117/338/85 114/337/85
f 115/344/86 116/343/86 114/342/86 113/341/86
f 120/348/87 115/347/87 113/346/87 118/345/87
f 119/352/88 120/351/88 118/350/88 117/349/88
f 118/356/89 113/355/89 114/354/89 117/353/89
f 119/360/90 116/359/90 115/358/90 120/357/90
o cube
v 0.19694530592631976 0.5125366625077394 0.20526194208548754
v 0.19694530592631976 0.5125366625077394 0.20526194208548754
v -0.01284639575655655 0.39914225944104764 0.1302342721353169
v -0.01284639575655655 0.39914225944104764 0.1302342721353169
v 0.24961944636639388 0.5719349680090415 -0.03179770490757067
v 0.24961944636639388 0.5719349680090415 -0.03179770490757067
v 0.03982774468351746 0.45854056494234974 -0.10682537485774118
v 0.03982774468351746 0.45854056494234974 -0.10682537485774118
vt 0 1
vt 1 1
vt 1 0
vt 0 0
vt 0 1
vt 0 1
vt 0 0.75
vt 0 0.75
vt 0 1
vt 0.25 1
vt 0.25 0.75
vt 0 0.75
vt 0 1
vt 0 1
vt 0 0.75
vt 0 0.75
vt 0 1
vt 0.25 1
vt 0.25 1
vt 0 1
vt 0 1
vt 0.25 1
vt 0.25 1
vt 0 1
vn 0.5014040579636735 -0.8589626362697985 -0.1038131020151081
vn -0.2106965617602963 -0.23759322200520888 0.9482385879722324
vn -0.5014040579636735 0.8589626362697985 0.1038131020151081
vn 0.2106965617602963 0.23759322200520888 -0.9482385879722324
vn 0.8391668067315049 0.45357761226676707 0.300110679800682
vn -0.8391668067315049 -0.45357761226676707 -0.300110679800682
g 0
f 124/364/91 127/363/91 125/362/91 122/361/91
f 123/368/92 124/367/92 122/366/92 121/365/92
f 128/372/93 123/371/93 121/370/93 126/369/93
f 127/376/94 128/375/94 126/374/94 125/373/94
f 126/380/95 121/379/95 122/378/95 125/377/95
f 127/384/96 124/383/96 123/382/96 128/381/96
o cube
v 0.3395645754736363 0.5868786170339542 -0.17687947223007405
v 0.3395645754736363 0.5868786170339542 -0.17687947223007405
v 0.1939247531576579 0.5539199500948337 0.023626808044051262
v 0.1939247531576579 0.5539199500948337 0.023626808044051262
v 0.14616093796995222 0.5337010727975546 -0.3261013935061696
v 0.14616093796995222 0.5337010727975546 -0.3261013935061696
v 0.000521115653973725 0.5007424058584342 -0.12559511323204436
v 0.000521115653973725 0.5007424058584342 -0.12559511323204436
vt 0 1
vt 1 1
vt 1 0
vt 0 0
vt 0 1
vt 0 1
vt 0 0.75
vt 0 0.75
vt 0 1
vt 0.25 1
vt 0.25 0.75
vt 0 0.75
vt 0 1
vt 0 1
vt 0 0.75
vt 0 0.75
vt 0 1
vt 0.25 1
vt 0.25 1
vt 0 1
vt 0 1
vt 0.25 1
vt 0.25 1
vt 0 1
vn 0.24928939507692394 -0.9681807687623785 0.021927072327856012
vn 0.7736145500147371 0.21271017694559802 0.5968876851043826
vn -0.24928939507692394 0.9681807687623785 -0.021927072327856012
vn -0.7736145500147371 -0.21271017694559802 -0.5968876851043826
vn 0.582559289263915 0.13183466775648212 -0.8020251210965029
vn -0.582559289263915 -0.13183466775648212 0.8020251210965029
g 0
f 132/388/97 135/387/97 133/386/97 130/385/97
f 131/392/98 132/391/98 130/390/98 129/389/98
f 136/396/99 131/395/99 129/394/99 134/393/99
f 135/400/100 136/399/100 134/398/100 133/397/100
f 134/404/101 129/403/101 130/402/101 133/401/101
f 135/408/102 132/407/102 131/406/102 136/405/102
o cube
v 0.34878870898428027 0.5320993901130775 0.20211613244029047
v 0.34878870898428027 0.5320993901130775 0.20211613244029047
v 0.12285188737940611 0.4999199381299251 0.10005225286896002
v 0.12285188737940611 0.4999199381299251 0.10005225286896002
v 0.44173892207856424 0.591253597985848 -0.022296517775048763
v 0.44173892207856424 0.591253597985848 -0.022296517775048763
v 0.21580210047369008 0.5590741460026958 -0.12436039734637927
v 0.21580210047369008 0.5590741460026958 -0.12436039734637927
vt 0 1
vt 1 1
vt 1 0
vt 0 0
vt 0 1
vt 0 1
vt 0 0.75
vt 0 0.75
vt 0 1
vt 0.25 1
vt 0.25 0.75
vt 0 0.75
vt 0 1
vt 0 1
vt 0 0.75
vt 0 0.75
vt 0 1
vt 0.25 1
vt 0.25 1
vt 0 1
vt 0 1
vt 0.25 1
vt 0.25 1
vt 0 1
vn 0.21214374480768625 -0.9630390443674361 -0.165984428675785
vn -0.3718008523771359 -0.23661683149108256 0.8976506008613574
vn -0.21214374480768625 0.9630390443674361 0.165984428675785
vn 0.3718008523771359 0.23661683149108256 -0.8976506008613574
vn 0.9037472864194983 0.12871780793260906 0.4082555182853225
vn -0.9037472864194983 -0.12871780793260906 -0.4082555182853225
g 0
f 140/412/103 143/411/103 141/410/103 138/409/103
f 139/416/104 140/415/104 138/414/104 137/413/104
f 144/420/105 139/419/105 137/418/105 142/417/105
f 143/424/106 144/423/106 142/422/106 141/421/106
f 142/428/107 137/427/107 138/426/107 141/425/107
f 143/432/108 140/431/108 139/430/108 144/429/108
o cube
v 0.5739592677439971 0.4135211365346605 -0.13401749435571764
v 0.5739592677439971 0.4135211365346605 -0.13401749435571764
v 0.377160034918405 0.5230018825996332 -0.025463230504335854
v 0.377160034918405 0.5230018825996332 -0.025463230504335854
v 0.44014299331898743 0.37965015103693445 -0.34245444175330175
v 0.44014299331898743 0.37965015103693445 -0.34245444175330175
v 0.24334376049339523 0.48913089710190694 -0.23390017790192014
v 0.24334376049339523 0.48913089710190694 -0.23390017790192014
vt 0 1
vt 1 1
vt 1 0
vt 0 0
vt 0 1
vt 0 1
vt 0 0.75
vt 0 0.75
vt 0 1
vt 0.25 1
vt 0.25 0.75
vt 0 0.75
vt 0 1
vt 0 1
vt 0 0.75
vt 0 0.75
vt 0 1
vt 0.25 1
vt 0.25 1
vt 0 1
vt 0 1
vt 0.25 1
vt 0.25 1
vt 0 1
vn -0.3062878817914634 -0.8887449360303087 0.3410574323309509
vn 0.535265097700039 0.1354839419909044 0.833747789590337
vn 0.3062878817914634 0.8887449360303087 -0.3410574323309509
vn -0.535265097700039 -0.1354839419909044 -0.833747789590337
vn 0.7871969313023686 -0.43792298425989007 -0.43421705540552663
vn -0.7871969313023686 0.43792298425989007 0.43421705540552663
g 0
f 148/436/109 151/435/109 149/434/109 146/433/109
f 147/440/110 148/439/110 146/438/110 145/437/110
f 152/444/111 147/443/111 145/442/111 150/441/111
f 151/448/112 152/447/112 150/446/112 149/445/112
f 150/452/113 145/451/113 146/450/113 149/449/113
f 151/456/114 148/455/114 147/454/114 152/453/114
o cube
v 0.4021714540142669 0.2922967639928352 -0.09640302859402416
v 0.4021714540142669 0.2922967639928352 -0.09640302859402416
v 0.35072398679831807 0.4012612617604371 -0.06316304749718571
v 0.35072398679831807 0.4012612617604371 -0.06316304749718571
v 0.35069172556507766 0.30259608694853224 -0.20984359235078626
v 0.35069172556507766 0.30259608694853224 -0.20984359235078626
v 0.2992442583491288 0.4115605847161341 -0.1766036112539478
v 0.2992442583491288 0.4115605847161341 -0.1766036112539478
vt 0 1
vt 0.03125 1
vt 0.03125 0.21875
vt 0 0.21875
vt 0 1
vt 0 1
vt 0 0.125
vt 0 0.125
vt 0.375 0.9375
vt 0.53125 0.9375
vt 0.53125 0.78125
vt 0.375 0.78125
vt 0 1
vt 0 1
vt 0 0.125
vt 0 0.125
vt 0 1
vt 0.4375 1
vt 0.4375 1
vt 0 1
vt 0 1
vt 0.4375 1
vt 0.4375 1
vt 0 1
vn -0.8130139748215545 -0.48303455266279616 0.3250936752363991
vn 0.41183782759351384 -0.08239458364557643 0.9075245100540962
vn 0.8130139748215545 0.48303455266279616 -0.3250936752363991
vn -0.41183782759351384 0.08239458364557643 -0.9075245100540962
vn 0.4115797377275904 -0.8717159821408144 -0.26591984877470787
vn -0.4115797377275904 0.8717159821408144 0.26591984877470787
g 0
f 156/460/115 159/459/115 157/458/115 154/457/115
f 155/464/116 156/463/116 154/462/116 153/461/116
f 160/468/117 155/467/117 153/466/117 158/465/117
f 159/472/118 160/471/118 158/470/118 157/469/118
f 158/476/119 153/475/119 154/474/119 157/473/119
f 159/480/120 156/479/120 155/478/120 160/477/120
o cube
v 0.4535634991925318 0.2674815797989931 -0.12197790261055175
v 0.4535634991925318 0.2674815797989931 -0.12197790261055175
v 0.4022222673901067 0.29232695365381056 -0.09642334694969168
v 0.4022222673901067 0.29232695365381056 -0.09642334694969168
v 0.40208377074334256 0.27778090275469025 -0.23541846636731378
v 0.40208377074334256 0.27778090275469025 -0.23541846636731378
v 0.35074253894091745 0.3026262766095076 -0.2098639107064536
v 0.35074253894091745 0.3026262766095076 -0.2098639107064536
vt 0 1
vt 0.03125 1
vt 0.03125 0.21875
vt 0 0.21875
vt 0 1
vt 0 1
vt 0 0.125
vt 0 0.125
vt 0.375 1
vt 0.53125 1
vt 0.53125 0.9375
vt 0.375 0.9375
vt 0 1
vt 0 1
vt 0 0.125
vt 0 0.125
vt 0 1
vt 0.4375 1
vt 0.4375 1
vt 0 1
vt 0 1
vt 0.4375 1
vt 0.4375 1
vt 0 1
vn -0.39445348333805214 -0.9138841428088943 0.09603240601447728
vn 0.4118378275935139 -0.08239458364557652 0.9075245100540963
vn 0.39445348333805214 0.9138841428088943 -0.09603240601447728
vn -0.4118378275935139 0.08239458364557652 -0.9075245100540963
vn 0.8214597088388036 -0.3975259816770781 -0.4088728905737618
vn -0.8214597088388036 0.3975259816770781 0.4088728905737618
g 0
f 164/484/121 167/483/121 165/482/121 162/481/121
f 163/488/122 164/487/122 162/486/122 161/485/122
f 168/492/123 163/491/123 161/490/123 166/489/123
f 167/496/124 168/495/124 166/494/124 165/493/124
f 166/500/125 161/499/125 162/498/125 165/497/125
f 167/504/126 164/503/126 163/502/126 168/501/126
o cube
v 0.3507202918879979 0.4012711811529065 -0.06316047014745457
v 0.3507202918879979 0.4012711811529065 -0.06316047014745457
v 0.31770172669407903 0.5190650220850292 -0.03748196958778949
v 0.31770172669407903 0.5190650220850292 -0.03748196958778949
v 0.29924056343880867 0.4115705041086035 -0.17660103390421655
v 0.29924056343880867 0.4115705041086035 -0.17660103390421655
v 0.2662219982448898 0.5293643450407262 -0.15092253334455147
v 0.2662219982448898 0.5293643450407262 -0.15092253334455147
vt 0 1
vt 0.03125 1
vt 0.03125 0.21875
vt 0 0.21875
vt 0 1
vt 0 1
vt 0 0.125
vt 0 0.125
vt 0.375 0.78125
vt 0.53125 0.78125
vt 0.53125 0.625
vt 0.375 0.625
vt 0 1
vt 0 1
vt 0 0.125
vt 0 0.125
vt 0 1
vt 0.4375 1
vt 0.4375 1
vt 0 1
vt 0 1
vt 0.4375 1
vt 0.4375 1
vt 0 1
vn -0.8721325371325682 -0.32432428069321434 0.36633126897323254
vn 0.4118378275935139 -0.0823945836455765 0.9075245100540963
vn 0.8721325371325682 0.32432428069321434 -0.36633126897323254
vn -0.4118378275935139 0.0823945836455765 -0.9075245100540963
vn 0.2641485215513515 -0.9423507274569809 -0.2054280044773205
vn -0.2641485215513515 0.9423507274569809 0.2054280044773205
g 0
f 172/508/127 175/507/127 173/506/127 170/505/127
f 171/512/128 172/511/128 170/510/128 169/509/128
f 176/516/129 171/515/129 169/514/129 174/513/129
f 175/520/130 176/519/130 174/518/130 173/517/130
f 174/524/131 169/523/131 170/522/131 173/521/131
f 175/528/132 172/527/132 171/526/132 176/525/132
o cube
v 0.3177562405037042 0.5190852891887268 -0.03750486808709047
v 0.3177562405037042 0.5190852891887268 -0.03750486808709047
v 0.08995659642286469 0.512599480407987 0.06528256519685949
v 0.08995659642286469 0.512599480407987 0.06528256519685949
v 0.26627651205451497 0.5293846121444239 -0.1509454318438525
v 0.26627651205451497 0.5293846121444239 -0.1509454318438525
v 0.03847686797367533 0.5228988033636841 -0.048157998559902604
v 0.03847686797367533 0.5228988033636841 -0.048157998559902604
vt 0 1
vt 0.03125 1
vt 0.03125 0.21875
vt 0 0.21875
vt 0 1
vt 0 1
vt 0 0.125
vt 0 0.125
vt 0.375 0.625
vt 0.53125 0.625
vt 0.53125 0.3125
vt 0.375 0.3125
vt 0 1
vt 0 1
vt 0 0.125
vt 0 0.125
vt 0 1
vt 0.4375 1
vt 0.4375 1
vt 0 1
vt 0 1
vt 0.4375 1
vt 0.4375 1
vt 0 1
vn -0.010332389333531892 -0.9962620544501467 -0.08576223290839242
vn 0.41183782759351384 -0.08239458364557649 0.9075245100540963
vn 0.010332389333531892 0.9962620544501467 0.08576223290839242
vn -0.41183782759351384 0.08239458364557649 -0.9075245100540963
vn 0.9111985763233584 0.025943235122959422 -0.41114973313579983
vn -0.9111985763233584 -0.025943235122959422 0.41114973313579983
g 0
f 180/532/133 183/531/133 181/530/133 178/529/133
f 179/536/134 180/535/134 178/534/134 177/533/134
f 184/540/135 179/539/135 177/538/135 182/537/135
f 183/544/136 184/543/136 182/542/136 181/541/136
f 182/548/137 177/547/137 178/546/137 181/545/137
f 183/552/138 180/551/138 179/550/138 184/549/138
o cube
v 0.08995724219722856 0.5126617467893477 0.06528792533667094
v 0.08995724219722856 0.5126617467893477 0.06528792533667094
v -0.01752016287039787 0.28874312483371567 0.09373187269669891
v -0.01752016287039787 0.28874312483371567 0.09373187269669891
v 0.038477513748039316 0.5229610697450449 -0.04815263842009099
v 0.038477513748039316 0.5229610697450449 -0.04815263842009099
v -0.06899989131958711 0.2990424477894127 -0.01970869106006312
v -0.06899989131958711 0.2990424477894127 -0.01970869106006312
vt 0 1
vt 0.03125 1
vt 0.03125 0.21875
vt 0 0.21875
vt 0 1
vt 0 1
vt 0 0.125
vt 0 0.125
vt 0.375 0.3125
vt 0.53125 0.3125
vt 0.53125 0
vt 0.375 0
vt 0 1
vt 0 1
vt 0 0.125
vt 0 0.125
vt 0 1
vt 0.4375 1
vt 0.4375 1
vt 0 1
vt 0 1
vt 0.4375 1
vt 0.4375 1
vt 0 1
vn 0.803472041929229 -0.43701069145928606 -0.4042948594631796
vn 0.41183782759351384 -0.08239458364557646 0.9075245100540963
vn -0.803472041929229 0.43701069145928606 0.4042948594631796
vn -0.41183782759351384 0.08239458364557646 -0.9075245100540963
vn 0.4299096202705057 0.8956744878225287 -0.11377578944011187
vn -0.4299096202705057 -0.8956744878225287 0.11377578944011187
g 0
f 188/556/139 191/555/139 189/554/139 186/553/139
f 187/560/140 188/559/140 186/558/140 185/557/140
f 192/564/141 187/563/141 185/562/141 190/561/141
f 191/568/142 192/567/142 190/566/142 189/565/142
f 190/572/143 185/571/143 186/570/143 189/569/143
f 191/576/144 188/575/144 187/574/144 192/573/144
o cube
v 0.004410901013856661 0.15643394864370075 0.49177306381271
v 0.004410901013856661 0.15643394864370075 0.49177306381271
v 0.01792552386842927 0.18688870615646513 0.43889478174968
v 0.01792552386842927 0.18688870615646513 0.43889478174968
v -0.11762608935524199 0.170970656043133 0.46895515155861023
v -0.11762608935524199 0.170970656043133 0.46895515155861023
v -0.10411146650066938 0.2014254135558975 0.4160768694955801
v -0.10411146650066938 0.2014254135558975 0.4160768694955801
vt 0 1
vt 0.03125 1
vt 0.03125 0.21875
vt 0 0.21875
vt 0 1
vt 0 1
vt 0 0.125
vt 0 0.125
vt 0.375 1
vt 0.53125 1
vt 0.53125 0.9375
vt 0.375 0.9375
vt 0 1
vt 0 1
vt 0 0.125
vt 0 0.125
vt 0 1
vt 0.4375 1
vt 0.4375 1
vt 0 1
vt 0 1
vt 0.4375 1
vt 0.4375 1
vt 0 1
vn 0.009441552574562974 0.8654696802948343 0.5008723286181211
vn 0.9762959229527898 -0.11629365919545845 0.18254329803279873
vn -0.009441552574562974 -0.8654696802948343 -0.5008723286181211
vn -0.9762959229527898 0.11629365919545845 -0.18254329803279873
vn -0.21623396567316233 -0.48727612020423067 0.8460525130084833
vn 0.21623396567316233 0.48727612020423067 -0.8460525130084833
g 0
f 196/580/145 199/579/145 197/578/145 194/577/145
f 195/584/146 196/583/146 194/582/146 193/581/146
f 200/588/147 195/587/147 193/586/147 198/585/147
f 199/592/148 200/591/148 198/590/148 197/589/148
f 198/596/149 193/595/149 194/594/149 197/593/149
f 199/600/150 196/599/150 195/598/150 200/597/150
o cube
v 0.06666693003088953 0.014794961385103944 0.6408476684740236
v 0.06666693003088953 0.014794961385103944 0.6408476684740236
v 0.0334113746410174 0.18867324405125063 0.4643245514247747
v 0.0334113746410174 0.18867324405125063 0.4643245514247747
v -0.17953500822216228 -0.028451887096168527 0.6446312774493581
v -0.17953500822216228 -0.028451887096168527 0.6446312774493581
v -0.21279056361203452 0.14542639556997816 0.46810816040010916
v -0.21279056361203452 0.14542639556997816 0.46810816040010916
vt 0 1
vt 1 1
vt 1 0
vt 0 0
vt 0 1
vt 0 1
vt 0 0.75
vt 0 0.75
vt 0 1
vt 0.25 1
vt 0.25 0.75
vt 0 0.75
vt 0 1
vt 0 1
vt 0 0.75
vt 0 0.75
vt 0 1
vt 0.25 1
vt 0.25 1
vt 0 1
vt 0 1
vt 0.25 1
vt 0.25 1
vt 0 1
vn -0.1116188970489509 0.6973785533095722 0.7079578908419795
vn 0.984807753012208 0.17298739392509022 -0.015134435901337676
vn 0.1116188970489509 -0.6973785533095722 -0.7079578908419795
vn -0.984807753012208 -0.17298739392509022 0.015134435901337676
vn 0.1330222215594888 -0.6955131306645864 0.7060924681969949
vn -0.1330222215594888 0.6955131306645864 -0.7060924681969949
g 0
f 204/604/151 207/603/151 205/602/151 202/601/151
f 203/608/152 204/607/152 202/606/152 201/605/152
f 208/612/153 203/611/153 201/610/153 206/609/153
f 207/616/154 208/615/154 206/614/154 205/613/154
f 206/620/155 201/619/155 202/618/155 205/617/155
f 207/624/156 204/623/156 203/622/156 208/621/156
o cube
v 0.01792540328176817 0.18688875189619536 0.4388947199033295
v 0.01792540328176817 0.18688875189619536 0.4388947199033295
v 0.0440585442824557 0.2775106578578669 0.3568597937967486
v 0.0440585442824557 0.2775106578578669 0.3568597937967486
v -0.10411158708733059 0.2014254592956276 0.4160768076492296
v -0.10411158708733059 0.2014254592956276 0.4160768076492296
v -0.07797844608664295 0.29204736525729913 0.3340418815426487
v -0.07797844608664295 0.29204736525729913 0.3340418815426487
vt 0 1
vt 0.03125 1
vt 0.03125 0.21875
vt 0 0.21875
vt 0 1
vt 0 1
vt 0 0.125
vt 0 0.125
vt 0.375 0.9375
vt 0.53125 0.9375
vt 0.53125 0.78125
vt 0.375 0.78125
vt 0 1
vt 0 1
vt 0 0.125
vt 0 0.125
vt 0 1
vt 0.4375 1
vt 0.4375 1
vt 0 1
vt 0 1
vt 0.4375 1
vt 0.4375 1
vt 0 1
vn -0.05601823879598655 0.6788863491504786 0.7321033273106538
vn 0.9762959229527897 -0.11629365919545842 0.1825432980327987
vn 0.05601823879598655 -0.6788863491504786 -0.7321033273106538
vn -0.9762959229527897 0.11629365919545842 -0.1825432980327987
vn -0.20906512800550078 -0.7249752476933713 0.6562794088526461
vn 0.20906512800550078 0.7249752476933713 -0.6562794088526461
g 0
f 212/628/157 215/627/157 213/626/157 210/625/157
f 211/632/158 212/631/158 210/630/158 209/629/158
f 216/636/159 211/635/159 209/634/159 214/633/159
f 215/640/160 216/639/160 214/638/160 213/637/160
f 214/644/161 209/643/161 210/642/161 213/641/161
f 215/648/162 212/647/162 211/646/162 216/645/162
o cube
v 0.053312213564207456 0.3990030991374336 0.3847696106643236
v 0.053312213564207456 0.3990030991374336 0.3847696106643236
v 0.09763644717481834 0.38549009695510217 0.13910162111979163
v 0.09763644717481834 0.38549009695510217 0.13910162111979163
v -0.06872477680489131 0.41353980653686595 0.3619516984102238
v -0.06872477680489131 0.41353980653686595 0.3619516984102238
v -0.024400543194280366 0.4000268043545345 0.11628370886569184
v -0.024400543194280366 0.4000268043545345 0.11628370886569184
vt 0 1
vt 0.03125 1
vt 0.03125 0.21875
vt 0 0.21875
vt 0 1
vt 0 1
vt 0 0.125
vt 0 0.125
vt 0.375 0.625
vt 0.53125 0.625
vt 0.53125 0.3125
vt 0.375 0.3125
vt 0 1
vt 0 1
vt 0 0.125
vt 0 0.125
vt 0 1
vt 0.4375 1
vt 0.4375 1
vt 0 1
vt 0 1
vt 0.4375 1
vt 0.4375 1
vt 0 1
vn 0.12414534974404975 0.9917429935135693 -0.032152246479400313
vn 0.9762959229527897 -0.11629365919545843 0.18254329803279873
vn -0.12414534974404975 -0.9917429935135693 0.032152246479400313
vn -0.9762959229527897 0.11629365919545843 -0.18254329803279873
vn -0.17729693444244368 0.05405200872932569 0.9826719581781282
vn 0.17729693444244368 -0.05405200872932569 -0.9826719581781282
g 0
f 220/652/163 223/651/163 221/650/163 218/649/163
f 219/656/164 220/655/164 218/654/164 217/653/164
f 224/660/165 219/659/165 217/658/165 222/657/165
f 223/664/166 224/663/166 222/662/166 221/661/166
f 222/668/167 217/667/167 218/666/167 221/665/167
f 223/672/168 220/671/168 219/670/168 224/669/168
o cube
v 0.18077215863499585 0.12011772951722222 0.5791996422860033
v 0.18077215863499585 0.12011772951722222 0.5791996422860033
v 0.12371966913236276 0.21971999628692818 0.35710866566631183
v 0.12371966913236276 0.21971999628692818 0.35710866566631183
v -0.05717511760374877 0.14532060937836389 0.6516282870149184
v -0.05717511760374877 0.14532060937836389 0.6516282870149184
v -0.11422760710638191 0.24492287614806996 0.4295373103952269
v -0.11422760710638191 0.24492287614806996 0.4295373103952269
vt 0 1
vt 1 1
vt 1 0
vt 0 0
vt 0 1
vt 0 1
vt 0 0.75
vt 0 0.75
vt 0 1
vt 0.25 1
vt 0.25 0.75
vt 0 0.75
vt 0 1
vt 0 1
vt 0 0.75
vt 0 0.75
vt 0 1
vt 0.25 1
vt 0.25 1
vt 0 1
vt 0 1
vt 0.25 1
vt 0.25 1
vt 0 1
vn 0.20498223033675797 0.9116508393111142 0.35619521674147914
vn 0.9517891049549786 -0.10081151944456695 -0.2897145789156603
vn -0.20498223033675797 -0.9116508393111142 -0.35619521674147914
vn -0.9517891049549786 0.10081151944456695 0.2897145789156603
vn 0.2282099580105324 -0.3984090670788237 0.8883639064787654
vn -0.2282099580105324 0.3984090670788237 -0.8883639064787654
g 0
f 228/676/169 231/675/169 229/674/169 226/673/169
f 227/680/170 228/679/170 226/678/170 225/677/170
