# Made in Blockbench 4.1.3

o cube
v 0.1875 0.15625 0
v 0.1875 0.15625 -0.375
v 0.1875 -0.21875 0
v 0.1875 -0.21875 -0.375
v -0.1875 0.15625 -0.375
v -0.1875 0.15625 0
v -0.1875 -0.21875 -0.375
v -0.1875 -0.21875 0
vt 0 1
vt 1 1
vt 1 0
vt 0 0
vt 0 1
vt 1 1
vt 1 0
vt 0 0
vt 0 1
vt 1 1
vt 1 0
vt 0 0
vt 0 1
vt 1 1
vt 1 0
vt 0 0
vt 1 0
vt 0 0
vt 0 1
vt 1 1
vt 0 1
vt 1 1
vt 1 0
vt 0 0
vn 0 0 -1
vn 1 0 0
vn 0 0 1
vn -1 0 0
vn 0 1 0
vn 0 -1 0
g _
f 4/4/1 7/3/1 5/2/1 2/1/1
f 3/8/2 4/7/2 2/6/2 1/5/2
f 8/12/3 3/11/3 1/10/3 6/9/3
f 7/16/4 8/15/4 6/14/4 5/13/4
f 6/20/5 1/19/5 2/18/5 5/17/5
f 7/24/6 4/23/6 3/22/6 8/21/6
o cube
v 0.020562603333072686 0.11615946202257355 0.06782574431524575
v 0.2851674022144597 0.3109596582311034 -0.19677905456614075
v 0.12259559571494053 -0.16103142334562076 -0.034207248066621926
v 0.38720039459632755 0.033768772862909135 -0.29881204694800845
v 0.0641965330936638 0.3109596582311034 -0.41774992368693703
v -0.20040826578772322 0.11615946202257355 -0.15314512480555054
v 0.16622952547553163 0.033768772862909135 -0.5197829160688048
v -0.09837527340585539 -0.16103142334562076 -0.25517811718741823
vt 0 1
vt 1 1
vt 1 0
vt 0 0
vt 0 1
vt 1 1
vt 1 0
vt 0 0
vt 0 1
vt 1 1
vt 1 0
vt 0 0
vt 0 1
vt 1 1
vt 1 0
vt 0 0
vt 1 0
vt 0 0
vt 0 1
vt 1 1
vt 0 1
vt 1 1
vt 1 0
vt 0 0
vn 0.6272113751262507 0.4617486132350339 -0.6272113751262496
vn 0.7071067811865469 0 0.7071067811865482
vn -0.6272113751262507 -0.4617486132350339 0.6272113751262496
vn -0.7071067811865469 0 -0.7071067811865482
vn -0.326505575621977 0.8870108331782218 0.3265055756219766
vn 0.326505575621977 -0.8870108331782218 -0.3265055756219766
g _
f 12/28/7 15/27/7 13/26/7 10/25/7
f 11/32/8 12/31/8 10/30/8 9/29/8
f 16/36/9 11/35/9 9/34/9 14/33/9
f 15/40/10 16/39/10 14/38/10 13/37/10
f 14/44/11 9/43/11 10/42/11 13/41/11
f 15/48/12 12/47/12 11/46/12 16/45/12
o cube
v 0.09705714191344524 0.14347218485840063 0
v 0.17964866430078322 0.12134185313305645 -0.2349231551964771
v 0 -0.21875 0
v 0.08259152238733798 -0.2408803317253442 -0.2349231551964771
v -0.1607288498956051 0.21254573318369163 -0.36318070894360277
v -0.24332037228294306 0.2346760649090358 -0.1282575537471257
v -0.2577859918090503 -0.149676451674709 -0.36318070894360277
v -0.3403775141963883 -0.12754611994936482 -0.1282575537471257
vt 0 1
vt 1 1
vt 1 0
vt 0 0
vt 0 1
vt 1 1
vt 1 0
vt 0 0
vt 0 1
vt 1 1
vt 1 0
vt 0 0
vt 0 1
vt 1 1
vt 1 0
vt 0 0
vt 1 0
vt 0 0
vt 0 1
vt 1 1
vt 0 1
vt 1 1
vt 1 0
vt 0 0
vn 0.3303660895493519 -0.08852132690137676 -0.9396926207859084
vn 0.9076733711903687 -0.24321034680169384 0.34202014332566855
vn -0.3303660895493519 0.08852132690137676 0.9396926207859084
vn -0.9076733711903687 0.24321034680169384 -0.34202014332566855
vn 0.2588190451025207 0.9659258262890684 0
vn -0.2588190451025207 -0.9659258262890684 0
g _
f 20/52/13 23/51/13 21/50/13 18/49/13
f 19/56/14 20/55/14 18/54/14 17/53/14
f 24/60/15 19/59/15 17/58/15 22/57/15
f 23/64/16 24/63/16 22/62/16 21/61/16
f 22/68/17 17/67/17 18/66/17 21/65/17
f 23/72/18 20/71/18 19/70/18 24/69/18
o cube
v 0.17882192826529256 -0.05688256758261445 -0.11015512831496178
v 0.09424842215471572 -0.1375417539444803 -0.36597338454310124
v 0.17882192826529256 -0.29531180526967116 -0.03497867843889352
v 0.09424842215471572 -0.375970991631537 -0.290796934667033
v -0.2633954343758694 -0.10363276224866627 -0.2584278027272801
v -0.17882192826529256 -0.022973575886800435 -0.002609546499140622
v -0.2633954343758694 -0.342061999935723 -0.18325135285121183
v -0.17882192826529256 -0.2614028135738572 0.07256690337692764
vt 0 1
vt 1 1
vt 1 0
vt 0 0
vt 0 1
vt 1 1
vt 1 0
vt 0 0
vt 0 1
vt 1 1
vt 1 0
vt 0 0
vt 0 1
vt 1 1
vt 1 0
vt 0 0
vt 1 0
vt 0 0
vt 0 1
vt 1 1
vt 0 1
vt 1 1
vt 1 0
vt 0 0
vn -0.3007057995042731 -0.28678821817552297 -0.909576022144496
vn 0.9537169507482269 -0.09042397785550403 -0.2867882181755231
vn 0.3007057995042731 0.28678821817552297 0.909576022144496
vn -0.9537169507482269 0.09042397785550403 0.2867882181755231
vn 0 0.953716950748227 -0.300705799504273
vn 0 -0.953716950748227 0.300705799504273
g _
f 28/76/19 31/75/19 29/74/19 26/73/19
f 27/80/20 28/79/20 26/78/20 25/77/20
f 32/84/21 27/83/21 25/82/21 30/81/21
f 31/88/22 32/87/22 30/86/22 29/85/22
f 30/92/23 25/91/23 26/90/23 29/89/23
f 31/96/24 28/95/24 27/94/24 32/93/24
o cube
v 0.06682794524612727 0.08241219019302054 -0.17272915484168716
v 0.28643359300837457 -0.009850634467307884 -0.24862994967692761
v 0.11100383129677849 -0.002448897353395263 0.05824072828613415
v 0.33060947905902577 -0.0947117220137237 -0.017660066549106304
v 0.17542976171159608 -0.22615173711391262 -0.3068706779630618
v -0.04417588605065122 -0.1338889124535842 -0.2309698831278213
v 0.21960564776224728 -0.3110128246603284 -0.07590079483524045
v 0 -0.21875 0
vt 0 1
vt 1 1
vt 1 0
vt 0 0
vt 0 1
vt 1 1
vt 1 0
vt 0 0
vt 0 1
vt 1 1
vt 1 0
vt 0 0
vt 0 1
vt 1 1
vt 1 0
vt 0 0
vt 1 0
vt 0 0
vt 0 1
vt 1 1
vt 0 1
vt 1 1
vt 1 0
vt 0 0
vn 0.8784225910489891 -0.36905129864131386 -0.3036031793409618
vn 0.4440153251871139 0.8652044105864192 0.2329629131445366
vn -0.8784225910489891 0.36905129864131386 0.3036031793409618
vn -0.4440153251871139 -0.8652044105864192 -0.2329629131445366
vn -0.17670354420260492 0.3394443501856633 -0.9238795325112852
vn 0.17670354420260492 -0.3394443501856633 0.9238795325112852
g _
f 36/100/25 39/99/25 37/98/25 34/97/25
f 35/104/26 36/103/26 34/102/26 33/101/26
f 40/108/27 35/107/27 33/106/27 38/105/27
f 39/112/28 40/111/28 38/110/28 37/109/28
f 38/116/29 33/115/29 34/114/29 37/113/29
f 39/120/30 36/119/30 35/118/30 40/117/30
o cube
v 0.061308218494804625 0.37099893161835673 0
v 0.061308218494804625 0.37099893161835673 -0.25
v 0.12894559785046178 0.06590642939337765 0
v 0.12894559785046178 0.06590642939337765 -0.25
v -0.12174728284018287 0.3304165040049625 -0.25
v -0.12174728284018287 0.3304165040049625 0
v -0.05410990348452572 0.02532400177998334 -0.25
v -0.05410990348452572 0.02532400177998334 0
vt 0 1
vt 1 1
vt 1 0
vt 0 0
vt 0 1
vt 1 1
vt 1 0
vt 0 0
vt 0 1
vt 1 1
vt 1 0
vt 0 0
vt 0 1
vt 1 1
vt 1 0
vt 0 0
vt 1 0
vt 0 0
vt 0 1
vt 1 1
vt 0 1
vt 1 1
vt 1 0
vt 0 0
vn 0 0 -1
vn 0.9762960071199334 0.21643961393810288 0
vn 0 0 1
vn -0.9762960071199334 -0.21643961393810288 0
vn -0.21643961393810288 0.9762960071199334 0
vn 0.21643961393810288 -0.9762960071199334 0
g _
f 44/124/31 47/123/31 45/122/31 42/121/31
f 43/128/32 44/127/32 42/126/32 41/125/32
f 48/132/33 43/131/33 41/130/33 46/129/33
f 47/136/34 48/135/34 46/134/34 45/133/34
f 46/140/35 41/139/35 42/138/35 45/137/35
f 47/144/36 44/143/36 43/142/36 48/141/36
o cube
v -0.17414418675148968 0.19340181028434444 0
v -0.17414418675148968 0.19340181028434444 -0.25
v -0.030750077663728156 -0.011386200787903478 0
v -0.030750077663728156 -0.011386200787903478 -0.25
v -0.3789321978237376 0.05000770119658293 -0.25
v -0.3789321978237376 0.05000770119658293 0
v -0.2355380887359761 -0.154780309875665 -0.25
v -0.2355380887359761 -0.154780309875665 0
vt 0 1
vt 1 1
vt 1 0
vt 0 0
vt 0 1
vt 1 1
vt 1 0
vt 0 0
vt 0 1
vt 1 1
vt 1 0
vt 0 0
vt 0 1
vt 1 1
vt 1 0
vt 0 0
vt 1 0
vt 0 0
vt 0 1
vt 1 1
vt 0 1
vt 1 1
vt 1 0
vt 0 0
vn 0 0 -1
vn 0.8191520442889918 0.573576436351046 0
vn 0 0 1
vn -0.8191520442889918 -0.573576436351046 0
vn -0.573576436351046 0.8191520442889918 0
vn 0.573576436351046 -0.8191520442889918 0
g _
f 52/148/37 55/147/37 53/146/37 50/145/37
f 51/152/38 52/151/38 50/150/38 49/149/38
f 56/156/39 51/155/39 49/154/39 54/153/39
f 55/160/40 56/159/40 54/158/40 53/157/40
f 54/164/41 49/163/41 50/162/41 53/161/41
f 55/168/42 52/167/42 51/166/42 56/165/42
