# Made in Blockbench 4.9.3

o cube
v 0.28098722899209627 0.18448387632959085 0.107615945068536
v 0.3258347374746353 0.24741987110085806 -0.06321734075439611
v 0.28098722899209627 0.18448387632959085 0.107615945068536
v 0.3258347374746353 0.24741987110085806 -0.06321734075439611
v -0.28075226668813236 0.28153437186315877 -0.2098918348512815
v -0.3255997751706715 0.21859837709189167 -0.039058549028349376
v -0.28075226668813236 0.28153437186315877 -0.2098918348512815
v -0.3255997751706715 0.21859837709189167 -0.039058549028349376
vt 0 1
vt 0.125 1
vt 0.125 1
vt 0 1
vt 0 1
vt 0.3125 1
vt 0.3125 1
vt 0 1
vt 0 1
vt 0.125 1
vt 0.125 1
vt 0 1
vt 0 1
vt 0.3125 1
vt 0.3125 1
vt 0 1
vt 0 0.3125
vt 1 0.3125
vt 1 0
vt 0 0
vt 0 1
vt 0.0625 1
vt 0.0625 0.6875
vt 0 0.6875
vn 0.2391867119068755 0.33565863878009145 -0.9111108577223045
vn 0.9705392066604286 -0.05458320121968115 0.23467919055501676
vn -0.2391867119068755 -0.33565863878009145 0.9111108577223045
vn -0.9705392066604286 0.05458320121968115 -0.23467919055501676
vn -0.02904075037121765 0.9404009529753296 0.33882544541543613
vn 0.02904075037121765 -0.9404009529753296 -0.33882544541543613
g Frond
f 4/4/1 7/3/1 5/2/1 2/1/1
f 3/8/2 4/7/2 2/6/2 1/5/2
f 8/12/3 3/11/3 1/10/3 6/9/3
f 7/16/4 8/15/4 6/14/4 5/13/4
f 6/20/5 1/19/5 2/18/5 5/17/5
f 7/24/6 4/23/6 3/22/6 8/21/6
o cube
v 0.3258327706884866 0.24741763566439 -0.06320972684629578
v 0.37100733599988756 0.2868001501098161 -0.24087380933029656
v 0.3258327706884866 0.24741763566439 -0.06320972684629578
v 0.37100733599988756 0.2868001501098161 -0.24087380933029656
v -0.23557966816288034 0.3209146508721168 -0.38754830342718194
v -0.2807542334742812 0.2815321364266907 -0.20988422094318115
v -0.23557966816288034 0.3209146508721168 -0.38754830342718194
v -0.2807542334742812 0.2815321364266907 -0.20988422094318115
vt 0 1
vt 0.125 1
vt 0.125 1
vt 0 1
vt 0 1
vt 0.3125 1
vt 0.3125 1
vt 0 1
vt 0 1
vt 0.125 1
vt 0.125 1
vt 0 1
vt 0 1
vt 0.3125 1
vt 0.3125 1
vt 0 1
vt 0 0.625
vt 1 0.625
vt 1 0.3125
vt 0 0.3125
vt 0 1
vt 0.0625 1
vt 0.0625 0.6875
vt 0 0.6875
vn 0.24093101499413783 0.2100400770422722 -0.9475417732480036
vn 0.9705392066604286 -0.054583201219681174 0.23467919055501676
vn -0.24093101499413783 -0.2100400770422722 0.9475417732480036
vn -0.9705392066604286 0.054583201219681174 -0.23467919055501676
vn 0.002427828008855618 0.976167936464156 0.2170029158109891
vn -0.002427828008855618 -0.976167936464156 -0.2170029158109891
g Frond
f 12/28/7 15/27/7 13/26/7 10/25/7
f 11/32/8 12/31/8 10/30/8 9/29/8
f 16/36/9 11/35/9 9/34/9 14/33/9
f 15/40/10 16/39/10 14/38/10 13/37/10
f 14/44/11 9/43/11 10/42/11 13/41/11
f 15/48/12 12/47/12 11/46/12 16/45/12
o cube
v 0.3709998314861307 0.28680176076638286 -0.24084239904802202
v 0.4163769958230199 0.2198240270193701 -0.4440823031979138
v 0.3709998314861307 0.28680176076638286 -0.24084239904802202
v 0.4163769958230199 0.2198240270193701 -0.4440823031979138
v -0.19021000833974777 0.2539385277816709 -0.5907567972947992
v -0.23558717267663704 0.3209162615286836 -0.3875168931449074
v -0.19021000833974777 0.2539385277816709 -0.5907567972947992
v -0.23558717267663704 0.3209162615286836 -0.3875168931449074
vt 0 1
vt 0.125 1
vt 0.125 1
vt 0 1
vt 0 1
vt 0.3125 1
vt 0.3125 1
vt 0 1
vt 0 1
vt 0.125 1
vt 0.125 1
vt 0 1
vt 0 1
vt 0.3125 1
vt 0.3125 1
vt 0 1
vt 0 1
vt 1 1
vt 1 0.625
vt 0 0.625
vt 0 1
vt 0.0625 1
vt 0.0625 0.6875
vt 0 0.6875
vn 0.20743846554006506 -0.30618392570062963 -0.9290967046852198
vn 0.9705392066604286 -0.05458320121968118 0.23467919055501676
vn -0.20743846554006506 0.30618392570062963 0.9290967046852198
vn -0.9705392066604286 0.05458320121968118 -0.23467919055501676
vn 0.12256806822875727 0.950406269858929 -0.28584084883638944
vn -0.12256806822875727 -0.950406269858929 0.28584084883638944
g Frond
f 20/52/13 23/51/13 21/50/13 18/49/13
f 19/56/14 20/55/14 18/54/14 17/53/14
f 24/60/15 19/59/15 17/58/15 22/57/15
f 23/64/16 24/63/16 22/62/16 21/61/16
f 22/68/17 17/67/17 18/66/17 21/65/17
f 23/72/18 20/71/18 19/70/18 24/69/18
o cube
v 0.2507316053765132 -0.07020440486803059 0.27809094702489057
v 0.3313192972710739 -0.07038367409694357 0.10879286145493816
v 0.2507316053765132 -0.07020440486803059 0.27809094702489057
v 0.3313192972710739 -0.07038367409694357 0.10879286145493816
v -0.22412709793292085 -0.18110753426626713 -0.15548829346173682
v -0.30471478982748157 -0.18092826503735415 0.013809792108215646
v -0.22412709793292085 -0.18110753426626713 -0.15548829346173682
v -0.30471478982748157 -0.18092826503735415 0.013809792108215646
vt 0 1
vt 0.125 1
vt 0.125 1
vt 0 1
vt 0 1
vt 0.3125 1
vt 0.3125 1
vt 0 1
vt 0 1
vt 0.125 1
vt 0.125 1
vt 0 1
vt 0 1
vt 0.3125 1
vt 0.3125 1
vt 0 1
vt 0 0.3125
vt 1 0.3125
vt 1 0
vt 0 0
vt 0 1
vt 0.0625 1
vt 0.0625 0.6875
vt 0 0.6875
vn 0.42980102343765697 -0.0009561025542028647 -0.9029231230397462
vn 0.8887142323263919 0.1771581762709177 0.4228498478666801
vn -0.42980102343765697 0.0009561025542028647 0.9029231230397462
vn -0.8887142323263919 -0.1771581762709177 -0.4228498478666801
vn -0.15955592597097332 0.984181927515573 -0.07699246741907294
vn 0.15955592597097332 -0.984181927515573 0.07699246741907294
g Frond
f 28/76/19 31/75/19 29/74/19 26/73/19
f 27/80/20 28/79/20 26/78/20 25/77/20
f 32/84/21 27/83/21 25/82/21 30/81/21
f 31/88/22 32/87/22 30/86/22 29/85/22
f 30/92/23 25/91/23 26/90/23 29/89/23
f 31/96/24 28/95/24 27/94/24 32/93/24
o cube
v 0.33131570568894475 -0.07038314005886548 0.10880018623218113
v 0.41511887635712075 -0.09464741051162351 -0.057165243196227344
v 0.33131570568894475 -0.07038314005886548 0.10880018623218113
v 0.41511887635712075 -0.09464741051162351 -0.057165243196227344
v -0.1403275188468741 -0.20537127068094707 -0.3214463981129024
v -0.2241306895150501 -0.1811070002281891 -0.1554809686844939
v -0.1403275188468741 -0.20537127068094707 -0.3214463981129024
v -0.2241306895150501 -0.1811070002281891 -0.1554809686844939
vt 0 1
vt 0.125 1
vt 0.125 1
vt 0 1
vt 0 1
vt 0.3125 1
vt 0.3125 1
vt 0 1
vt 0 1
vt 0.125 1
vt 0.125 1
vt 0 1
vt 0 1
vt 0.3125 1
vt 0.3125 1
vt 0 1
vt 0 0.625
vt 1 0.625
vt 1 0.3125
vt 0 0.3125
vt 0 1
vt 0.0625 1
vt 0.0625 0.6875
vt 0 0.6875
vn 0.44695024356360524 -0.12940944241470934 -0.8851489569515111
vn 0.8887142323263918 0.17715817627091773 0.42284984786668
vn -0.44695024356360524 0.12940944241470934 0.8851489569515111
vn -0.8887142323263918 -0.17715817627091773 -0.42284984786668
vn -0.10209061190406306 0.9756373182665148 -0.19418890330494556
vn 0.10209061190406306 -0.9756373182665148 0.19418890330494556
g Frond
f 36/100/25 39/99/25 37/98/25 34/97/25
f 35/104/26 36/103/26 34/102/26 33/101/26
f 40/108/27 35/107/27 33/106/27 38/105/27
f 39/112/28 40/111/28 38/110/28 37/109/28
f 38/116/29 33/115/29 34/114/29 37/113/29
f 39/120/30 36/119/30 35/118/30 40/117/30
o cube
v 0.41510406254685006 -0.09463520249964363 -0.05713922333376348
v 0.5109418437262341 -0.22586125457082573 -0.20358513640894593
v 0.41510406254685006 -0.09463520249964363 -0.05713922333376348
v 0.5109418437262341 -0.22586125457082573 -0.20358513640894593
v -0.04450455147776078 -0.3365851147401493 -0.46786629132562096
v -0.1403423326571449 -0.2053590626689672 -0.32142037825043845
v -0.04450455147776078 -0.3365851147401493 -0.46786629132562096
v -0.1403423326571449 -0.2053590626689672 -0.32142037825043845
vt 0 1
vt 0.125 1
vt 0.125 1
vt 0 1
vt 0 1
vt 0.3125 1
vt 0.3125 1
vt 0 1
vt 0 1
vt 0.125 1
vt 0.125 1
vt 0 1
vt 0 1
vt 0.3125 1
vt 0.3125 1
vt 0 1
vt 0 1
vt 1 1
vt 1 0.625
vt 0 0.625
vt 0 1
vt 0.0625 1
vt 0.0625 0.6875
vt 0 0.6875
vn 0.43811557110575594 -0.5998905237539751 -0.6694670312008344
vn 0.8887142323263919 0.17715817627091773 0.42284984786668
vn -0.43811557110575594 0.5998905237539751 0.6694670312008344
vn -0.8887142323263919 -0.17715817627091773 -0.42284984786668
vn 0.135062058384986 0.7802219812915706 -0.6107470018708784
vn -0.135062058384986 -0.7802219812915706 0.6107470018708784
g Frond
f 44/124/31 47/123/31 45/122/31 42/121/31
f 43/128/32 44/127/32 42/126/32 41/125/32
f 48/132/33 43/131/33 41/130/33 46/129/33
f 47/136/34 48/135/34 46/134/34 45/133/34
f 46/140/35 41/139/35 42/138/35 45/137/35
f 47/144/36 44/143/36 43/142/36 48/141/36
o cube
v 0.34006086505497524 -0.14198674400421707 0.10383876209210507
v 0.39450611931555213 -0.2540216535575976 -0.03630453360864183
v 0.34006086505497524 -0.14198674400421707 0.10383876209210507
v 0.39450611931555213 -0.2540216535575976 -0.03630453360864183
v -0.2026328954455669 -0.33993059970172285 -0.1996129841631854
v -0.25707814970614384 -0.22789569014834232 -0.05946968846243844
v -0.2026328954455669 -0.33993059970172285 -0.1996129841631854
v -0.25707814970614384 -0.22789569014834232 -0.05946968846243844
vt 0 1
vt 0.125 1
vt 0.125 1
vt 0 1
vt 0 1
vt 0.3125 1
vt 0.3125 1
vt 0 1
vt 0 1
vt 0.125 1
vt 0.125 1
vt 0 1
vt 0 1
vt 0.3125 1
vt 0.3125 1
vt 0 1
vt 0 0.3125
vt 1 0.3125
vt 1 0
vt 0 0
vt 0 1
vt 0.0625 1
vt 0.0625 0.6875
vt 0 0.6875
vn 0.2903746893897435 -0.5975195176180293 -0.7474309104039835
vn 0.9554224236177906 0.13745431383060053 0.26129352088726987
vn -0.2903746893897435 0.5975195176180293 0.7474309104039835
vn -0.9554224236177906 -0.13745431383060053 -0.26129352088726987
vn 0.0533903756319173 0.7899852768722189 -0.6107967993653916
vn -0.0533903756319173 -0.7899852768722189 0.6107967993653916
g Frond
f 52/148/37 55/147/37 53/146/37 50/145/37
f 51/152/38 52/151/38 50/150/38 49/149/38
f 56/156/39 51/155/39 49/154/39 54/153/39
f 55/160/40 56/159/40 54/158/40 53/157/40
f 54/164/41 49/163/41 50/162/41 53/161/41
f 55/168/42 52/167/42 51/166/42 56/165/42
o cube
v 0.39450377901927347 -0.2540163566587871 -0.036298762742429824
v 0.44717658862603205 -0.38442662392372223 -0.16029467928817098
v 0.39450377901927347 -0.2540163566587871 -0.036298762742429824
v 0.44717658862603205 -0.38442662392372223 -0.16029467928817098
v -0.1499624261350871 -0.4703355700678475 -0.32360312984271455
v -0.2026352357418456 -0.33992530280291233 -0.19960721329697334
v -0.1499624261350871 -0.4703355700678475 -0.32360312984271455
v -0.2026352357418456 -0.33992530280291233 -0.19960721329697334
vt 0 1
vt 0.125 1
vt 0.125 1
vt 0 1
vt 0 1
vt 0.3125 1
vt 0.3125 1
vt 0 1
vt 0 1
vt 0.125 1
vt 0.125 1
vt 0 1
vt 0 1
vt 0.3125 1
vt 0.3125 1
vt 0 1
vt 0 0.625
vt 1 0.625
vt 1 0.3125
vt 0 0.3125
vt 0 1
vt 0.0625 1
vt 0.0625 0.6875
vt 0 0.6875
vn 0.2809216512360451 -0.6955214254129871 -0.661311554910619
vn 0.9554224236177906 0.13745431383060056 0.2612935208872699
vn -0.2809216512360451 0.6955214254129871 0.661311554910619
vn -0.9554224236177906 -0.13745431383060056 -0.2612935208872699
vn 0.09083511609020534 0.705234895904085 -0.7031306587569863
vn -0.09083511609020534 -0.705234895904085 0.7031306587569863
g Frond
f 60/172/43 63/171/43 61/170/43 58/169/43
f 59/176/44 60/175/44 58/174/44 57/173/44
f 64/180/45 59/179/45 57/178/45 62/177/45
f 63/184/46 64/183/46 62/182/46 61/181/46
f 62/188/47 57/187/47 58/186/47 61/185/47
f 63/192/48 60/191/48 59/190/48 64/189/48
o cube
v 0.4471685750962626 -0.38439899823531076 -0.16027991031886712
v 0.49045214068340914 -0.5932957700681972 -0.20865587716049316
v 0.4471685750962626 -0.38439899823531076 -0.16027991031886712
v 0.49045214068340914 -0.5932957700681972 -0.20865587716049316
v -0.10668687407770983 -0.6792047162123225 -0.3719643277150367
v -0.14997043966485646 -0.4703079443794361 -0.3235883608734107
v -0.10668687407770983 -0.6792047162123225 -0.3719643277150367
v -0.14997043966485646 -0.4703079443794361 -0.3235883608734107
vt 0 1
vt 0.125 1
vt 0.125 1
vt 0 1
vt 0 1
vt 0.3125 1
vt 0.3125 1
vt 0 1
vt 0 1
vt 0.125 1
vt 0.125 1
vt 0 1
vt 0 1
vt 0.3125 1
vt 0.3125 1
vt 0 1
vt 0 1
vt 1 1
vt 1 0.625
vt 0 0.625
vt 0 1
vt 0.0625 1
vt 0.0625 0.6875
vt 0 0.6875
vn 0.1978677283983845 -0.954956671236053 -0.22114727699029055
vn 0.9554224236177906 0.13745431383060053 0.2612935208872699
vn -0.1978677283983845 0.954956671236053 0.22114727699029055
vn -0.9554224236177906 -0.13745431383060053 -0.2612935208872699
vn 0.21912634370784898 0.2629906227817182 -0.9395847901185468
vn -0.21912634370784898 -0.2629906227817182 0.9395847901185468
g Frond
f 68/196/49 71/195/49 69/194/49 66/193/49
f 67/200/50 68/199/50 66/198/50 65/197/50
f 72/204/51 67/203/51 65/202/51 70/201/51
f 71/208/52 72/207/52 70/206/52 69/205/52
f 70/212/53 65/211/53 66/210/53 69/209/53
f 71/216/54 68/215/54 67/214/54 72/213/54
o cube
v 0.165707003065658 -0.303681360395157 -0.1547356476562829
v 0.09042543347051557 -0.4066166224248785 -0.2921884290401614
v 0.165707003065658 -0.303681360395157 -0.1547356476562829
v 0.09042543347051557 -0.4066166224248785 -0.2921884290401614
v -0.4714971926464095 -0.3542839796965318 -0.02361952398426076
v -0.396215623051267 -0.25134871766681033 0.1138332573996177
v -0.4714971926464095 -0.3542839796965318 -0.02361952398426076
v -0.396215623051267 -0.25134871766681033 0.1138332573996177
vt 0 1
vt 0.125 1
vt 0.125 1
vt 0 1
vt 0 1
vt 0.3125 1
vt 0.3125 1
vt 0 1
vt 0 1
vt 0.125 1
vt 0.125 1
vt 0 1
vt 0 1
vt 0.3125 1
vt 0.3125 1
vt 0 1
vt 0 0.3125
vt 1 0.3125
vt 1 0
vt 0 0
vt 0 1
vt 0.0625 1
vt 0.0625 0.6875
vt 0 0.6875
vn -0.40150170450742634 -0.5489880641585146 -0.7330815007140189
vn 0.8990762017870804 -0.08373222836535466 -0.4297102480894412
vn 0.40150170450742634 0.5489880641585146 0.7330815007140189
vn -0.8990762017870804 0.08373222836535466 0.4297102480894412
vn -0.17452324961949425 0.8316255283145525 -0.5272007359609744
vn 0.17452324961949425 -0.8316255283145525 0.5272007359609744
g Frond
f 76/220/55 79/219/55 77/218/55 74/217/55
f 75/224/56 76/223/56 74/222/56 73/221/56
f 80/228/57 75/227/57 73/226/57 78/225/57
f 79/232/58 80/231/58 78/230/58 77/229/58
f 78/236/59 73/235/59 74/234/59 77/233/59
f 79/240/60 76/239/60 75/238/60 80/237/60
o cube
v 0.09042861555914472 -0.40661169917529916 -0.29218273053631794
v 0.020062313082892524 -0.529019257062062 -0.41555705220829053
v 0.09042861555914472 -0.40661169917529916 -0.29218273053631794
v 0.020062313082892524 -0.529019257062062 -0.41555705220829053
v -0.5418603130340327 -0.4766866143337154 -0.1469881471523899
v -0.4714940105577804 -0.35427905644695246 -0.023613825480417294
v -0.5418603130340327 -0.4766866143337154 -0.1469881471523899
v -0.4714940105577804 -0.35427905644695246 -0.023613825480417294
vt 0 1
vt 0.125 1
vt 0.125 1
vt 0 1
vt 0 1
vt 0.3125 1
vt 0.3125 1
vt 0 1
vt 0 1
vt 0.125 1
vt 0.125 1
vt 0 1
vt 0 1
vt 0.3125 1
vt 0.3125 1
vt 0 1
vt 0 0.625
vt 1 0.625
vt 1 0.3125
vt 0 0.3125
vt 0 1
vt 0.0625 1
vt 0.0625 0.6875
vt 0 0.6875
vn -0.3752869465400117 -0.6528403087294025 -0.6579963822505205
vn 0.8990762017870804 -0.08373222836535468 -0.4297102480894412
vn 0.3752869465400117 0.6528403087294025 0.6579963822505205
vn -0.8990762017870804 0.08373222836535468 0.4297102480894412
vn -0.2254366676847211 0.7528535350458753 -0.6183767974561609
vn 0.2254366676847211 -0.7528535350458753 0.6183767974561609
g Frond
f 84/244/61 87/243/61 85/242/61 82/241/61
f 83/248/62 84/247/62 82/246/62 81/245/62
f 88/252/63 83/251/63 81/250/63 86/249/63
f 87/256/64 88/255/64 86/254/64 85/253/64
f 86/260/65 81/259/65 82/258/65 85/257/65
f 87/264/66 84/263/66 83/262/66 88/261/66
o cube
v 0.020072147221503522 -0.5289925658277236 -0.41554167737492165
v -0.02636622368443009 -0.7350119850927089 -0.4725595613528555
v 0.020072147221503522 -0.5289925658277236 -0.41554167737492165
v -0.02636622368443009 -0.7350119850927089 -0.4725595613528555
v -0.5882888498013552 -0.6826793423643622 -0.2039906562969549
v -0.5418504788954216 -0.4766599230993769 -0.14697277231902095
v -0.5882888498013552 -0.6826793423643622 -0.2039906562969549
v -0.5418504788954216 -0.4766599230993769 -0.14697277231902095
vt 0 1
vt 0.125 1
vt 0.125 1
vt 0 1
vt 0 1
vt 0.3125 1
vt 0.3125 1
vt 0 1
vt 0 1
vt 0.125 1
vt 0.125 1
vt 0 1
vt 0 1
vt 0.3125 1
vt 0.3125 1
vt 0 1
vt 0 1
vt 1 1
vt 1 0.625
vt 0 0.625
vt 0 1
vt 0.0625 1
vt 0.0625 0.6875
vt 0 0.6875
vn -0.21228969556998217 -0.9418030594970759 -0.2606531838991263
vn 0.8990762017870805 -0.08373222836535461 -0.42971024808944125
vn 0.21228969556998217 0.9418030594970759 0.2606531838991263
vn -0.8990762017870805 0.08373222836535461 0.42971024808944125
vn -0.38287735442948473 0.3255701323139449 -0.86452820683316
vn 0.38287735442948473 -0.3255701323139449 0.86452820683316
g Frond
f 92/268/67 95/267/67 93/266/67 90/265/67
f 91/272/68 92/271/68 90/270/68 89/269/68
f 96/276/69 91/275/69 89/274/69 94/273/69
f 95/280/70 96/279/70 94/278/70 93/277/70
f 94/284/71 89/283/71 90/282/71 93/281/71
f 95/288/72 92/287/72 91/286/72 96/285/72
o cube
v 0.2902690268645214 0.17960477280174592 0.18310230330835853
v 0.3974711929309651 0.19181769528854709 0.029756973692507516
v 0.2902690268645214 0.17960477280174592 0.18310230330835853
v 0.3974711929309651 0.19181769528854709 0.029756973692507516
v -0.11223243404877925 0.15198816564074924 -0.3297438207596447
v -0.2194346001152231 0.13977524315394807 -0.1763984911437937
v -0.11223243404877925 0.15198816564074924 -0.3297438207596447
v -0.2194346001152231 0.13977524315394807 -0.1763984911437937
vt 0 1
vt 0.125 1
vt 0.125 1
vt 0 1
vt 0 1
vt 0.3125 1
vt 0.3125 1
vt 0 1
vt 0 1
vt 0.125 1
vt 0.125 1
vt 0 1
vt 0 1
vt 0.3125 1
vt 0.3125 1
vt 0 1
vt 0 0.3125
vt 1 0.3125
vt 1 0
vt 0 0
vt 0 1
vt 0.0625 1
vt 0.0625 0.6875
vt 0 0.6875
vn 0.5717448856877002 0.06513558659627283 -0.8178417579512054
vn 0.8155258031675914 0.06372724743647655 0.5752012711234435
vn -0.5717448856877002 -0.06513558659627283 0.8178417579512054
vn -0.8155258031675914 -0.06372724743647655 -0.5752012711234435
vn -0.08958487627838667 0.9958394415230447 0.016684023772957503
vn 0.08958487627838667 -0.9958394415230447 -0.016684023772957503
g Frond
f 100/292/73 103/291/73 101/290/73 98/289/73
f 99/296/74 100/295/74 98/294/74 97/293/74
f 104/300/75 99/299/75 97/298/75 102/297/75
f 103/304/76 104/303/76 102/302/76 101/301/76
f 102/308/77 97/307/77 98/306/77 101/305/77
f 103/312/78 100/311/78 99/310/78 104/309/78
o cube
v 0.3974664808000974 0.1918176963913205 0.029763654474047496
v 0.5059439873712752 0.17955429868986383 -0.12267810373188476
v 0.3974664808000974 0.1918176963913205 0.029763654474047496
v 0.5059439873712752 0.17955429868986383 -0.12267810373188476
v -0.0037596396084692563 0.139724769042066 -0.48217889818403703
v -0.1122371461796472 0.15198816674352267 -0.3297371399781047
v -0.0037596396084692563 0.139724769042066 -0.48217889818403703
v -0.1122371461796472 0.15198816674352267 -0.3297371399781047
vt 0 1
vt 0.125 1
vt 0.125 1
vt 0 1
vt 0 1
vt 0.3125 1
vt 0.3125 1
vt 0 1
vt 0 1
vt 0.125 1
vt 0.125 1
vt 0 1
vt 0 1
vt 0.3125 1
vt 0.3125 1
vt 0 1
vt 0 0.625
vt 1 0.625
vt 1 0.3125
vt 0 0.3125
vt 0 1
vt 0.0625 1
vt 0.0625 0.6875
vt 0 0.6875
vn 0.5785467017129493 -0.0654047877411022 -0.8130227104316392
vn 0.8155258031675912 0.06372724743647654 0.5752012711234435
vn -0.5785467017129493 0.0654047877411022 0.8130227104316392
vn -0.8155258031675912 -0.06372724743647654 -0.5752012711234435
vn -0.014190782392910852 0.9958217971478187 -0.09020848086718675
vn 0.014190782392910852 -0.9958217971478187 0.09020848086718675
g Frond
f 108/316/79 111/315/79 109/314/79 106/313/79
f 107/320/80 108/319/80 106/318/80 105/317/80
f 112/324/81 107/323/81 105/322/81 110/321/81
f 111/328/82 112/327/82 110/326/82 109/325/82
f 110/332/83 105/331/83 106/330/83 109/329/83
f 111/336/84 108/335/84 107/334/84 112/333/84
o cube
v 0.5059257992349253 0.17956467663545328 -0.12265346620531792
v 0.6170795718939557 0.05825618463520854 -0.2668084213483556
v 0.5059257992349253 0.17956467663545328 -0.12265346620531792
v 0.6170795718939557 0.05825618463520854 -0.2668084213483556
v 0.10737594491421121 0.018426654987410584 -0.6263092158005079
v -0.0037778277448193287 0.13973514698765543 -0.48215426065747025
v 0.10737594491421121 0.018426654987410584 -0.6263092158005079
v -0.0037778277448193287 0.13973514698765543 -0.48215426065747025
vt 0 1
vt 0.125 1
vt 0.125 1
vt 0 1
vt 0 1
vt 0.3125 1
vt 0.3125 1
vt 0 1
vt 0 1
vt 0.125 1
vt 0.125 1
vt 0 1
vt 0 1
vt 0.3125 1
vt 0.3125 1
vt 0 1
vt 0 1
vt 1 1
vt 1 0.625
vt 0 0.625
vt 0 1
vt 0.0625 1
vt 0.0625 0.6875
vt 0 0.6875
vn 0.5081315321555675 -0.554553106286833 -0.6589940806538858
vn 0.8155258031675914 0.0637272474364765 0.5752012711234437
vn -0.5081315321555675 0.554553106286833 0.6589940806538858
vn -0.8155258031675914 -0.0637272474364765 -0.5752012711234437
vn 0.2769837728046369 0.829704580101734 -0.48463419128360574
vn -0.2769837728046369 -0.829704580101734 0.48463419128360574
g Frond
f 116/340/85 119/339/85 117/338/85 114/337/85
f 115/344/86 116/343/86 114/342/86 113/341/86
f 120/348/87 115/347/87 113/346/87 118/345/87
f 119/352/88 120/351/88 118/350/88 117/349/88
f 118/356/89 113/355/89 114/354/89 117/353/89
f 119/360/90 116/359/90 115/358/90 120/357/90
o cube
v 0.2637691323918836 0.06951581708300969 -0.01607294741171772
v 0.21139895942976628 0.002643596983930241 -0.1832307206767928
v 0.2637691323918836 0.06951581708300969 -0.01607294741171772
v 0.21139895942976628 0.002643596983930241 -0.1832307206767928
v -0.38872154479238685 0.0699782715894649 -0.022151789689790147
v -0.3363513718302694 0.13685049168854424 0.14500598357528482
v -0.38872154479238685 0.0699782715894649 -0.022151789689790147
v -0.3363513718302694 0.13685049168854424 0.14500598357528482
vt 0 1
vt 0.125 1
vt 0.125 1
vt 0 1
vt 0 1
vt 0.3125 1
vt 0.3125 1
vt 0 1
vt 0 1
vt 0.125 1
vt 0.125 1
vt 0 1
vt 0 1
vt 0.3125 1
vt 0.3125 1
vt 0 1
vt 0 0.3125
vt 1 0.3125
vt 1 0
vt 0 0
vt 0 1
vt 0.0625 1
vt 0.0625 0.6875
vt 0 0.6875
vn -0.2793075891312926 -0.356651840528423 -0.8915081240803998
vn 0.960192806755445 -0.10773547936885555 -0.2577262895792041
vn 0.2793075891312926 0.356651840528423 0.8915081240803998
vn -0.960192806755445 0.10773547936885555 0.2577262895792041
vn 0.004128499578046327 0.9280045965041613 -0.37254586879790097
vn -0.004128499578046327 -0.9280045965041613 0.37254586879790097
g Frond
f 124/364/91 127/363/91 125/362/91 122/361/91
f 123/368/92 124/367/92 122/366/92 121/365/92
f 128/372/93 123/371/93 121/370/93 126/369/93
f 127/376/94 128/375/94 126/374/94 125/373/94
f 126/380/95 121/379/95 122/378/95 125/377/95
f 127/384/96 124/383/96 123/382/96 128/381/96
o cube
v 0.21140124019701334 0.0026470027098466353 -0.18322364705309158
v 0.15937806182518233 -0.08636478621561783 -0.33983380108015726
v 0.21140124019701334 0.0026470027098466353 -0.18322364705309158
v 0.15937806182518233 -0.08636478621561783 -0.33983380108015726
v -0.44074244239697075 -0.019030111610083278 -0.17875487009315472
v -0.38871926402513973 0.06998167731538119 -0.022144716066088976
v -0.44074244239697075 -0.019030111610083278 -0.17875487009315472
v -0.38871926402513973 0.06998167731538119 -0.022144716066088976
vt 0 1
vt 0.125 1
vt 0.125 1
vt 0 1
vt 0 1
vt 0.3125 1
vt 0.3125 1
vt 0 1
vt 0 1
vt 0.125 1
vt 0.125 1
vt 0 1
vt 0 1
vt 0.3125 1
vt 0.3125 1
vt 0 1
vt 0 0.625
vt 1 0.625
vt 1 0.3125
vt 0 0.3125
vt 0 1
vt 0.0625 1
vt 0.0625 0.6875
vt 0 0.6875
vn -0.277456951316432 -0.4747295409358103 -0.8352541548110168
vn 0.9601928067554449 -0.10773547936885555 -0.25772628957920407
vn 0.277456951316432 0.4747295409358103 0.8352541548110168
vn -0.9601928067554449 0.10773547936885555 0.25772628957920407
vn -0.032363776375632314 0.873512981842879 -0.4857238480151766
vn 0.032363776375632314 -0.873512981842879 0.4857238480151766
g Frond
f 132/388/97 135/387/97 133/386/97 130/385/97
f 131/392/98 132/391/98 130/390/98 129/389/98
f 136/396/99 131/395/99 129/394/99 134/393/99
f 135/400/100 136/399/100 134/398/100 133/397/100
f 134/404/101 129/403/101 130/402/101 133/401/101
f 135/408/102 132/407/102 131/406/102 136/405/102
o cube
v 0.15938645655964212 -0.08634264785355433 -0.3398117797465836
v 0.110363951535843 -0.27181734576266153 -0.444918834394295
v 0.15938645655964212 -0.08634264785355433 -0.3398117797465836
v 0.110363951535843 -0.27181734576266153 -0.444918834394295
v -0.48975655268631013 -0.20448267115712693 -0.28383990340729237
v -0.440734047662511 -0.019007973248019727 -0.17873284875958095
v -0.48975655268631013 -0.20448267115712693 -0.28383990340729237
v -0.440734047662511 -0.019007973248019727 -0.17873284875958095
vt 0 1
vt 0.125 1
vt 0.125 1
vt 0 1
vt 0 1
vt 0.3125 1
vt 0.3125 1
vt 0 1
vt 0 1
vt 0.125 1
vt 0.125 1
vt 0 1
vt 0 1
vt 0.3125 1
vt 0.3125 1
vt 0 1
vt 0 1
vt 1 1
vt 1 0.625
vt 0 0.625
vt 0 1
vt 0.0625 1
vt 0.0625 0.6875
vt 0 0.6875
vn -0.22410288010879625 -0.847884333298776 -0.4804893926752526
vn 0.9601928067554449 -0.10773547936885555 -0.25772628957920407
vn 0.22410288010879625 0.847884333298776 0.4804893926752526
vn -0.9601928067554449 0.10773547936885555 0.25772628957920407
vn -0.16675632816191224 0.5191196623435232 -0.8382762690105829
vn 0.16675632816191224 -0.5191196623435232 0.8382762690105829
g Frond
f 140/412/103 143/411/103 141/410/103 138/409/103
f 139/416/104 140/415/104 138/414/104 137/413/104
f 144/420/105 139/419/105 137/418/105 142/417/105
f 143/424/106 144/423/106 142/422/106 141/421/106
f 142/428/107 137/427/107 138/426/107 141/425/107
f 143/432/108 140/431/108 139/430/108 144/429/108
o cube
v 0.23264596193142995 0.3235994461156777 -0.006751233724573091
v 0.21106937552773297 0.4193711149874728 -0.16649630676494898
v 0.23264596193142995 0.3235994461156777 -0.006751233724573091
v 0.21106937552773297 0.4193711149874728 -0.16649630676494898
v -0.40963305466739053 0.3940047962329891 -0.0978665535764548
v -0.3880564682636935 0.298233127361194 0.06187851946392109
v -0.40963305466739053 0.3940047962329891 -0.0978665535764548
v -0.3880564682636935 0.298233127361194 0.06187851946392109
vt 0 1
vt 0.125 1
vt 0.125 1
vt 0 1
vt 0 1
vt 0.3125 1
vt 0.3125 1
vt 0 1
vt 0 1
vt 0.125 1
vt 0.125 1
vt 0 1
vt 0 1
vt 0.3125 1
vt 0.3125 1
vt 0 1
vt 0 0.3125
vt 1 0.3125
vt 1 0
vt 0 0
vt 0 1
vt 0.0625 1
vt 0.0625 0.6875
vt 0 0.6875
vn -0.1150751274863841 0.510782233982907 -0.8519737228820049
vn 0.9931238883121979 0.04058611000717403 -0.10980760510159078
vn 0.1150751274863841 -0.510782233982907 0.8519737228820049
vn -0.9931238883121979 -0.04058611000717403 0.10980760510159078
vn 0.021509474601992724 0.8587515805644358 0.5119404900771475
vn -0.021509474601992724 -0.8587515805644358 -0.5119404900771475
g Frond
f 148/436/109 151/435/109 149/434/109 146/433/109
f 147/440/110 148/439/110 146/438/110 145/437/110
f 152/444/111 147/443/111 145/442/111 150/441/111
f 151/448/112 152/447/112 150/446/112 149/445/112
f 150/452/113 145/451/113 146/450/113 149/449/113
f 151/456/114 148/455/114 147/454/114 152/453/114
o cube
v 0.2110703257986547 0.4193674072548955 -0.16648908272696272
v 0.18915191449213653 0.49330294112165085 -0.3373965725500718
v 0.2110703257986547 0.4193674072548955 -0.16648908272696272
v 0.18915191449213653 0.49330294112165085 -0.3373965725500718
v -0.4315505157029871 0.46793662236716704 -0.26876681936157765
v -0.4096321043964689 0.3940010885004117 -0.09785932953846854
v -0.4315505157029871 0.46793662236716704 -0.26876681936157765
v -0.4096321043964689 0.3940010885004117 -0.09785932953846854
vt 0 1
vt 0.125 1
vt 0.125 1
vt 0 1
vt 0 1
vt 0.3125 1
vt 0.3125 1
vt 0 1
vt 0 1
vt 0.125 1
vt 0.125 1
vt 0 1
vt 0 1
vt 0.3125 1
vt 0.3125 1
vt 0 1
vt 0 0.625
vt 1 0.625
vt 1 0.3125
vt 0 0.3125
vt 0 1
vt 0.0625 1
vt 0.0625 0.6875
vt 0 0.6875
vn -0.11689819363476363 0.39432284728936173 -0.9115066123899156
vn 0.9931238883121978 0.04058611000717403 -0.1098076051015908
vn 0.11689819363476363 -0.39432284728936173 0.9115066123899156
vn -0.9931238883121978 -0.04058611000717403 0.1098076051015908
vn 0.006305139854961466 0.9180753018026878 0.3963558822968486
vn -0.006305139854961466 -0.9180753018026878 -0.3963558822968486
g Frond
f 156/460/115 159/459/115 157/458/115 154/457/115
f 155/464/116 156/463/116 154/462/116 153/461/116
f 160/468/117 155/467/117 153/466/117 158/465/117
f 159/472/118 160/471/118 158/470/118 157/469/118
f 158/476/119 153/475/119 154/474/119 157/473/119
f 159/480/120 156/479/120 155/478/120 160/477/120
o cube
v 0.18915561826931138 0.49329830995386437 -0.33736478651393265
v 0.1663204424286273 0.4675855494853327 -0.5533948103379672
v 0.18915561826931138 0.49329830995386437 -0.33736478651393265
v 0.1663204424286273 0.4675855494853327 -0.5533948103379672
v -0.45438198776649624 0.442219230730849 -0.48476505714947304
v -0.43154681192581223 0.46793199119938067 -0.26873503332543847
v -0.45438198776649624 0.442219230730849 -0.48476505714947304
v -0.43154681192581223 0.46793199119938067 -0.26873503332543847
vt 0 1
vt 0.125 1
vt 0.125 1
vt 0 1
vt 0 1
vt 0.3125 1
vt 0.3125 1
vt 0 1
vt 0 1
vt 0.125 1
vt 0.125 1
vt 0 1
vt 0 1
vt 0.3125 1
vt 0.3125 1
vt 0 1
vt 0 1
vt 1 1
vt 1 0.625
vt 0 0.625
vt 0 1
vt 0.0625 1
vt 0.0625 0.6875
vt 0 0.6875
vn -0.10438937527169842 -0.11754404785614472 -0.9875658231955867
vn 0.9931238883121979 0.040586110007174034 -0.10980760510159078
vn 0.10438937527169842 0.11754404785614472 0.9875658231955867
vn -0.9931238883121979 -0.040586110007174034 0.10980760510159078
vn -0.0529886855285715 0.992237957592874 -0.11249904318649234
vn 0.0529886855285715 -0.992237957592874 0.11249904318649234
g Frond
f 164/484/121 167/483/121 165/482/121 162/481/121
f 163/488/122 164/487/122 162/486/122 161/485/122
f 168/492/123 163/491/123 161/490/123 166/489/123
f 167/496/124 168/495/124 166/494/124 165/493/124
f 166/500/125 161/499/125 162/498/125 165/497/125
f 167/504/126 164/503/126 163/502/126 168/501/126
