# Made in Blockbench 4.9.3

o cube
v 0.328125 -0.5618283587688095 0.22047903808793834
v 0.328125 -0.8097512776098199 0.030241091522713592
v 0.328125 -0.5618283587688095 0.22047903808793834
v 0.328125 -0.8097512776098199 0.030241091522713592
v -0.328125 -0.8097512776098199 0.030241091522713592
v -0.328125 -0.5618283587688095 0.22047903808793834
v -0.328125 -0.8097512776098199 0.030241091522713592
v -0.328125 -0.5618283587688095 0.22047903808793834
vt 0 1
vt 0.1875 1
vt 0.1875 1
vt 0 1
vt 0 1
vt 0.15625 1
vt 0.15625 1
vt 0 1
vt 0 1
vt 0.1875 1
vt 0.1875 1
vt 0 1
vt 0 1
vt 0.15625 1
vt 0.15625 1
vt 0 1
vt 0 1
vt 0 1
vt 0 1
vt 0 1
vt 0.1875 0.28125
vt 0.78125 0.28125
vt 0.78125 0
vt 0.1875 0
vn 0 -0.7933533402912352 -0.6087614290087207
vn 1 0 0
vn 0 0.7933533402912352 0.6087614290087207
vn -1 0 0
vn 0 0.6087614290087207 -0.7933533402912352
vn 0 -0.6087614290087207 0.7933533402912352
g Frond
f 4/4/1 7/3/1 5/2/1 2/1/1
f 3/8/2 4/7/2 2/6/2 1/5/2
f 8/12/3 3/11/3 1/10/3 6/9/3
f 7/16/4 8/15/4 6/14/4 5/13/4
f 6/20/5 1/19/5 2/18/5 5/17/5
f 7/24/6 4/23/6 3/22/6 8/21/6
o cube
v 0.328125 -0.3609670609306148 0.45985851620400986
v 0.328125 -0.5618381889576585 0.2204696277293292
v 0.328125 -0.3609670609306148 0.45985851620400986
v 0.328125 -0.5618381889576585 0.2204696277293292
v -0.328125 -0.5618381889576585 0.2204696277293292
v -0.328125 -0.3609670609306148 0.45985851620400986
v -0.328125 -0.5618381889576585 0.2204696277293292
v -0.328125 -0.3609670609306148 0.45985851620400986
vt 0 1
vt 0.1875 1
vt 0.1875 1
vt 0 1
vt 0 1
vt 0.15625 1
vt 0.15625 1
vt 0 1
vt 0 1
vt 0.1875 1
vt 0.1875 1
vt 0 1
vt 0 1
vt 0.15625 1
vt 0.15625 1
vt 0 1
vt 0 1
vt 0 1
vt 0 1
vt 0 1
vt 0.1875 0.5625
vt 0.78125 0.5625
vt 0.78125 0.28125
vt 0.1875 0.28125
vn 0 -0.6427876096865394 -0.766044443118978
vn 1 0 0
vn 0 0.6427876096865394 0.766044443118978
vn -1 0 0
vn 0 0.766044443118978 -0.6427876096865394
vn 0 -0.766044443118978 0.6427876096865394
g Frond
f 12/28/7 15/27/7 13/26/7 10/25/7
f 11/32/8 12/31/8 10/30/8 9/29/8
f 16/36/9 11/35/9 9/34/9 14/33/9
f 15/40/10 16/39/10 14/38/10 13/37/10
f 14/44/11 9/43/11 10/42/11 13/41/11
f 15/48/12 12/47/12 11/46/12 16/45/12
o cube
v 0.328125 -0.243702173705578 0.8975196582048142
v 0.328125 -0.36097955351765654 0.45983451816758447
v 0.328125 -0.243702173705578 0.8975196582048142
v 0.328125 -0.36097955351765654 0.45983451816758447
v -0.328125 -0.36097955351765654 0.45983451816758447
v -0.328125 -0.243702173705578 0.8975196582048142
v -0.328125 -0.36097955351765654 0.45983451816758447
v -0.328125 -0.243702173705578 0.8975196582048142
vt 0 1
vt 0.1875 1
vt 0.1875 1
vt 0 1
vt 0 1
vt 0.15625 1
vt 0.15625 1
vt 0 1
vt 0 1
vt 0.1875 1
vt 0.1875 1
vt 0 1
vt 0 1
vt 0.15625 1
vt 0.15625 1
vt 0 1
vt 0 1
vt 0.0625 1
vt 0.0625 0.90625
vt 0 0.90625
vt 0.1875 1
vt 0.78125 1
vt 0.78125 0.5625
vt 0.1875 0.5625
vn 0 -0.25881904510252074 -0.9659258262890683
vn 1 0 0
vn 0 0.25881904510252074 0.9659258262890683
vn -1 0 0
vn 0 0.9659258262890683 -0.25881904510252074
vn 0 -0.9659258262890683 0.25881904510252074
g Frond
f 20/52/13 23/51/13 21/50/13 18/49/13
f 19/56/14 20/55/14 18/54/14 17/53/14
f 24/60/15 19/59/15 17/58/15 22/57/15
f 23/64/16 24/63/16 22/62/16 21/61/16
f 22/68/17 17/67/17 18/66/17 21/65/17
f 23/72/18 20/71/18 19/70/18 24/69/18
o cube
v 0.08217724733324616 -0.05777568539446487 0.3472443081223331
v 0.1567291068587655 -0.3558122325032859 0.2900386543043858
v 0.08217724733324616 -0.05777568539446487 0.3472443081223331
v 0.1567291068587655 -0.3558122325032859 0.2900386543043858
v -0.24277058092820702 -0.35581223250328603 -0.23059947526173752
v -0.3173224404537265 -0.05777568539446504 -0.17339382144379023
v -0.24277058092820702 -0.35581223250328603 -0.23059947526173752
v -0.3173224404537265 -0.05777568539446504 -0.17339382144379023
vt 0 1
vt 0.1875 1
vt 0.1875 1
vt 0 1
vt 0 1
vt 0.15625 1
vt 0.15625 1
vt 0 1
vt 0 1
vt 0.1875 1
vt 0.1875 1
vt 0 1
vt 0 1
vt 0.15625 1
vt 0.15625 1
vt 0 1
vt 0 1
vt 0 1
vt 0 1
vt 0 1
vt 0.1875 0.5625
vt 0.78125 0.5625
vt 0.78125 0.28125
vt 0.1875 0.28125
vn 0.23856595048166226 -0.9537169507482267 -0.1830580922174312
vn 0.6087614290087201 0 0.7933533402912356
vn -0.23856595048166226 0.9537169507482267 0.1830580922174312
vn -0.6087614290087201 0 -0.7933533402912356
vn 0.7566345285684776 0.3007057995042737 -0.5805860938073296
vn -0.7566345285684776 -0.3007057995042737 0.5805860938073296
g Frond
f 28/76/19 31/75/19 29/74/19 26/73/19
f 27/80/20 28/79/20 26/78/20 25/77/20
f 32/84/21 27/83/21 25/82/21 30/81/21
f 31/88/22 32/87/22 30/86/22 29/85/22
f 30/92/23 25/91/23 26/90/23 29/89/23
f 31/96/24 28/95/24 27/94/24 32/93/24
o cube
v 0.1567270006172441 -0.3557988856241033 0.2900402704803484
v 0.1783349067529998 -0.6671097287777725 0.273459940948667
v 0.1567270006172441 -0.3557988856241033 0.2900402704803484
v 0.1783349067529998 -0.6671097287777725 0.273459940948667
v -0.2211647810339728 -0.6671097287777727 -0.24717818861745633
v -0.24277268716972855 -0.3557988856241035 -0.2305978590857748
v -0.2211647810339728 -0.6671097287777727 -0.24717818861745633
v -0.24277268716972855 -0.3557988856241035 -0.2305978590857748
vt 0 1
vt 0.1875 1
vt 0.1875 1
vt 0 1
vt 0 1
vt 0.15625 1
vt 0.15625 1
vt 0 1
vt 0 1
vt 0.1875 1
vt 0.1875 1
vt 0 1
vt 0 1
vt 0.15625 1
vt 0.15625 1
vt 0 1
vt 0 1
vt 0 1
vt 0 1
vt 0 1
vt 0.1875 0.28125
vt 0.78125 0.28125
vt 0.78125 0
vt 0.1875 0
vn 0.06914529963441889 -0.9961946980917455 -0.053057054501381
vn 0.60876142900872 0 0.7933533402912357
vn -0.06914529963441889 0.9961946980917455 0.053057054501381
vn -0.60876142900872 0 -0.7933533402912357
vn 0.7903343913115052 0.08715574274765871 -0.6064449079812415
vn -0.7903343913115052 -0.08715574274765871 0.6064449079812415
g Frond
f 36/100/25 39/99/25 37/98/25 34/97/25
f 35/104/26 36/103/26 34/102/26 33/101/26
f 40/108/27 35/107/27 33/106/27 38/105/27
f 39/112/28 40/111/28 38/110/28 37/109/28
f 38/116/29 33/115/29 34/114/29 37/113/29
f 39/120/30 36/119/30 35/118/30 40/117/30
o cube
v -0.1606787501061715 0.2762796775710028 0.5335942691501472
v 0.08218797940192346 -0.05779911567108442 0.34723607311640015
v -0.1606787501061715 0.2762796775710028 0.5335942691501472
v 0.08218797940192346 -0.05779911567108442 0.34723607311640015
v -0.3173117083850491 -0.05779911567108453 -0.17340205644972317
v -0.560178437893144 0.2762796775710026 0.012956139584023862
v -0.3173117083850491 -0.05779911567108453 -0.17340205644972317
v -0.560178437893144 0.2762796775710026 0.012956139584023862
vt 0 1
vt 0.1875 1
vt 0.1875 1
vt 0 1
vt 0 1
vt 0.15625 1
vt 0.15625 1
vt 0 1
vt 0 1
vt 0.1875 1
vt 0.1875 1
vt 0 1
vt 0 1
vt 0.15625 1
vt 0.15625 1
vt 0 1
vt 0 1
vt 0.0625 1
vt 0.0625 0.90625
vt 0 0.90625
vt 0.1875 1
vt 0.78125 1
vt 0.78125 0.5625
vt 0.1875 0.5625
vn 0.5359817478799338 -0.7372773368101235 -0.4112732602124074
vn 0.60876142900872 0 0.7933533402912357
vn -0.5359817478799338 0.7372773368101235 0.4112732602124074
vn -0.60876142900872 0 -0.7933533402912357
vn 0.5849214378793378 0.6755902076156607 -0.44882600513227444
vn -0.5849214378793378 -0.6755902076156607 0.44882600513227444
g Frond
f 44/124/31 47/123/31 45/122/31 42/121/31
f 43/128/32 44/127/32 42/126/32 41/125/32
f 48/132/33 43/131/33 41/130/33 46/129/33
f 47/136/34 48/135/34 46/134/34 45/133/34
f 46/140/35 41/139/35 42/138/35 45/137/35
f 47/144/36 44/143/36 43/142/36 48/141/36
o cube
v -0.4202647969064321 -0.24257725622882997 -0.28546840982752764
v -0.3560099036781257 -0.5061370830453555 -0.1303433751469124
v -0.4202647969064321 -0.24257725622882997 -0.28546840982752764
v -0.3560099036781257 -0.5061370830453555 -0.1303433751469124
v 0.25028603953240736 -0.5061370830453562 -0.38147937763649953
v 0.1860311463041009 -0.24257725622883053 -0.5366044123171148
v 0.25028603953240736 -0.5061370830453562 -0.38147937763649953
v 0.1860311463041009 -0.24257725622883053 -0.5366044123171148
vt 0 1
vt 0.1875 1
vt 0.1875 1
vt 0 1
vt 0 1
vt 0.15625 1
vt 0.15625 1
vt 0 1
vt 0 1
vt 0.1875 1
vt 0.1875 1
vt 0 1
vt 0 1
vt 0.15625 1
vt 0.15625 1
vt 0 1
vt 0 1
vt 0 1
vt 0 1
vt 0 1
vt 0.1875 0.5625
vt 0.78125 0.5625
vt 0.78125 0.28125
vt 0.1875 0.28125
vn 0.20561565833058054 -0.8433914458128815 0.4964001109779687
vn -0.9238795325112887 0 0.3826834323650853
vn -0.20561565833058054 0.8433914458128815 -0.4964001109779687
vn 0.9238795325112887 0 -0.3826834323650853
vn 0.32275193331102586 0.5372996083468303 0.7791920946816248
vn -0.32275193331102586 -0.5372996083468303 -0.7791920946816248
g Frond
f 52/148/37 55/147/37 53/146/37 50/145/37
f 51/152/38 52/151/38 50/150/38 49/149/38
f 56/156/39 51/155/39 49/154/39 54/153/39
f 55/160/40 56/159/40 54/158/40 53/157/40
f 54/164/41 49/163/41 50/162/41 53/161/41
f 55/168/42 52/167/42 51/166/42 56/165/42
o cube
v -0.35601220698224645 -0.5061248780782117 -0.13034893581495893
v -0.3151105062366629 -0.7997788220738071 -0.031603495150843486
v -0.35601220698224645 -0.5061248780782117 -0.13034893581495893
v -0.3151105062366629 -0.7997788220738071 -0.031603495150843486
v 0.29118543697387 -0.7997788220738076 -0.28273949764043066
v 0.2502837362282866 -0.5061248780782124 -0.3814849383045461
v 0.29118543697387 -0.7997788220738076 -0.28273949764043066
v 0.2502837362282866 -0.5061248780782124 -0.3814849383045461
vt 0 1
vt 0.1875 1
vt 0.1875 1
vt 0 1
vt 0 1
vt 0.15625 1
vt 0.15625 1
vt 0 1
vt 0 1
vt 0.1875 1
vt 0.1875 1
vt 0 1
vt 0 1
vt 0.15625 1
vt 0.15625 1
vt 0 1
vt 0 1
vt 0 1
vt 0 1
vt 0 1
vt 0.1875 0.28125
vt 0.78125 0.28125
vt 0.78125 0
vt 0.1875 0
vn 0.13088544238586747 -0.9396926207859055 0.3159854101251701
vn -0.9238795325112885 0 0.3826834323650853
vn -0.13088544238586747 0.9396926207859055 -0.3159854101251701
vn 0.9238795325112885 0 -0.3826834323650853
vn 0.3596047974904933 0.3420201433256759 0.8681627791959902
vn -0.3596047974904933 -0.3420201433256759 -0.8681627791959902
g Frond
f 60/172/43 63/171/43 61/170/43 58/169/43
f 59/176/44 60/175/44 58/174/44 57/173/44
f 64/180/45 59/179/45 57/178/45 62/177/45
f 63/184/46 64/183/46 62/182/46 61/181/46
f 62/188/47 57/187/47 58/186/47 61/185/47
f 63/192/48 60/191/48 59/190/48 64/189/48
o cube
v -0.5665044456704585 0.0008674980625724693 -0.6385221532303232
v -0.4202574758888983 -0.24259638696958014 -0.28545073532770693
v -0.5665044456704585 0.0008674980625724693 -0.6385221532303232
v -0.4202574758888983 -0.24259638696958014 -0.28545073532770693
v 0.18603846732163476 -0.2425963869695808 -0.536586737817294
v 0.039791497540074494 0.0008674980625718032 -0.8896581557199105
v 0.18603846732163476 -0.2425963869695808 -0.536586737817294
v 0.039791497540074494 0.0008674980625718032 -0.8896581557199105
vt 0 1
vt 0.1875 1
vt 0.1875 1
vt 0 1
vt 0 1
vt 0.15625 1
vt 0.15625 1
vt 0 1
vt 0 1
vt 0.1875 1
vt 0.1875 1
vt 0 1
vt 0 1
vt 0.15625 1
vt 0.15625 1
vt 0 1
vt 0 1
vt 0.0625 1
vt 0.0625 0.90625
vt 0 0.90625
vt 0.1875 1
vt 0.78125 1
vt 0.78125 0.5625
vt 0.1875 0.5625
vn 0.32275193331102814 -0.5372996083468172 0.7791920946816329
vn -0.9238795325112886 0 0.3826834323650854
vn -0.32275193331102814 0.5372996083468172 -0.7791920946816329
vn 0.9238795325112886 0 -0.3826834323650854
vn 0.20561565833057674 0.84339144581289 0.49640011097795567
vn -0.20561565833057674 -0.84339144581289 -0.49640011097795567
g Frond
f 68/196/49 71/195/49 69/194/49 66/193/49
f 67/200/50 68/199/50 66/198/50 65/197/50
f 72/204/51 67/203/51 65/202/51 70/201/51
f 71/208/52 72/207/52 70/206/52 69/205/52
f 70/212/53 65/211/53 66/210/53 69/209/53
f 71/216/54 68/215/54 67/214/54 72/213/54
o cube
v 0.5551012428090911 -0.6127801740696794 0.3198502358358999
v 0.41349065108461425 -0.7806863016780617 0.09756613243891565
v 0.5551012428090911 -0.6127801740696794 0.3198502358358999
v 0.41349065108461425 -0.7806863016780617 0.09756613243891565
v -0.13998498523009195 -0.7806863016780613 0.45016900041651897
v 0.0016256064943847015 -0.612780174069679 0.6724531038135031
v -0.13998498523009195 -0.7806863016780613 0.45016900041651897
v 0.0016256064943847015 -0.612780174069679 0.6724531038135031
vt 0 1
vt 0.1875 1
vt 0.1875 1
vt 0 1
vt 0 1
vt 0.15625 1
vt 0.15625 1
vt 0 1
vt 0 1
vt 0.1875 1
vt 0.1875 1
vt 0 1
vt 0 1
vt 0.15625 1
vt 0.15625 1
vt 0 1
vt 0 1
vt 0 1
vt 0 1
vt 0 1
vt 0.1875 0.5625
vt 0.78125 0.5625
vt 0.78125 0.28125
vt 0.1875 0.28125
vn -0.4531538935183255 -0.5372996083468234 -0.7113091308703497
vn 0.8433914458128858 0 -0.5372996083468239
vn 0.4531538935183255 0.5372996083468234 0.7113091308703497
vn -0.8433914458128858 0 0.5372996083468239
vn -0.2886908691296495 0.8433914458128862 -0.4531538935183251
vn 0.2886908691296495 -0.8433914458128862 0.4531538935183251
g Frond
f 76/220/55 79/219/55 77/218/55 74/217/55
f 75/224/56 76/223/56 74/222/56 73/221/56
f 80/228/57 75/227/57 73/226/57 78/225/57
f 79/232/58 80/231/58 78/230/58 77/229/58
f 78/236/59 73/235/59 74/234/59 77/233/59
f 79/240/60 76/239/60 75/238/60 80/237/60
o cube
v 0.4134963534178513 -0.7806777838861176 0.09757508330915365
v 0.29476879198319017 -1.0016486530069133 -0.0887898574811643
v 0.4134963534178513 -0.7806777838861176 0.09757508330915365
v 0.29476879198319017 -1.0016486530069133 -0.0887898574811643
v -0.25870684433151603 -1.0016486530069129 0.2638130104964389
v -0.13997928289685496 -0.7806777838861171 0.45017795128675675
v -0.25870684433151603 -1.0016486530069129 0.2638130104964389
v -0.13997928289685496 -0.7806777838861171 0.45017795128675675
vt 0 1
vt 0.1875 1
vt 0.1875 1
vt 0 1
vt 0 1
vt 0.15625 1
vt 0.15625 1
vt 0 1
vt 0 1
vt 0.1875 1
vt 0.1875 1
vt 0 1
vt 0 1
vt 0.15625 1
vt 0.15625 1
vt 0 1
vt 0 1
vt 0 1
vt 0 1
vt 0 1
vt 0.1875 0.28125
vt 0.78125 0.28125
vt 0.78125 0
vt 0.1875 0
vn -0.379928196590916 -0.7071067811865471 -0.5963678105290181
vn 0.8433914458128857 0 -0.5372996083468238
vn 0.379928196590916 0.7071067811865471 0.5963678105290181
vn -0.8433914458128857 0 0.5372996083468238
vn -0.3799281965909146 0.7071067811865479 -0.5963678105290181
vn 0.3799281965909146 -0.7071067811865479 0.5963678105290181
g Frond
f 84/244/61 87/243/61 85/242/61 82/241/61
f 83/248/62 84/247/62 82/246/62 81/245/62
f 88/252/63 83/251/63 81/250/63 86/249/63
f 87/256/64 88/255/64 86/254/64 85/253/64
f 86/260/65 81/259/65 82/258/65 85/257/65
f 87/264/66 84/263/66 83/262/66 88/261/66
o cube
v 0.7964686006038548 -0.5536447465588804 0.6987210961532977
v 0.5550875828586188 -0.6127894274085917 0.31982879400865927
v 0.7964686006038548 -0.5536447465588804 0.6987210961532977
v 0.5550875828586188 -0.6127894274085917 0.31982879400865927
v 0.0016119465439123903 -0.6127894274085912 0.6724316619862627
v 0.24299296428914863 -0.55364474655888 1.0513239641309007
v 0.0016119465439123903 -0.6127894274085912 0.6724316619862627
v 0.24299296428914863 -0.55364474655888 1.0513239641309007
vt 0 1
vt 0.1875 1
vt 0.1875 1
vt 0 1
vt 0 1
vt 0.15625 1
vt 0.15625 1
vt 0 1
vt 0 1
vt 0.1875 1
vt 0.1875 1
vt 0 1
vt 0 1
vt 0.15625 1
vt 0.15625 1
vt 0 1
vt 0 1
vt 0.0625 1
vt 0.0625 0.90625
vt 0 0.90625
vt 0.1875 1
vt 0.78125 1
vt 0.78125 0.5625
vt 0.1875 0.5625
vn -0.5327029357136196 -0.13052619222005107 -0.836176115077814
vn 0.8433914458128858 0 -0.5372996083468239
vn 0.5327029357136196 0.13052619222005107 0.836176115077814
vn -0.8433914458128858 0 0.5372996083468239
vn -0.070131671958835 0.9914448613738105 -0.11008467397291996
vn 0.070131671958835 -0.9914448613738105 0.11008467397291996
g Frond
f 92/268/67 95/267/67 93/266/67 90/265/67
f 91/272/68 92/271/68 90/270/68 89/269/68
f 96/276/69 91/275/69 89/274/69 94/273/69
f 95/280/70 96/279/70 94/278/70 93/277/70
f 94/284/71 89/283/71 90/282/71 93/281/71
f 95/288/72 92/287/72 91/286/72 96/285/72
o cube
v 0.1650187864490842 -0.44396868340957085 -0.27015727175828164
v 0.013847080218363006 -0.699953697249882 -0.17385027344316317
v 0.1650187864490842 -0.44396868340957085 -0.27015727175828164
v 0.013847080218363006 -0.699953697249882 -0.17385027344316317
v 0.36644994819596455 -0.6999536972498827 0.3796253628715438
v 0.5176216544266858 -0.4439686834095714 0.28331836455642545
v 0.36644994819596455 -0.6999536972498827 0.3796253628715438
v 0.5176216544266858 -0.4439686834095714 0.28331836455642545
vt 0 1
vt 0.1875 1
vt 0.1875 1
vt 0 1
vt 0 1
vt 0.15625 1
vt 0.15625 1
vt 0 1
vt 0 1
vt 0.1875 1
vt 0.1875 1
vt 0 1
vt 0 1
vt 0.15625 1
vt 0.15625 1
vt 0 1
vt 0 1
vt 0 1
vt 0 1
vt 0 1
vt 0.1875 0.5625
vt 0.78125 0.5625
vt 0.78125 0.28125
vt 0.1875 0.28125
vn -0.48374945993830804 -0.8191520442889956 0.3081823946083792
vn -0.5372996083468216 0 -0.8433914458128872
vn 0.48374945993830804 0.8191520442889956 -0.3081823946083792
vn 0.5372996083468216 0 0.8433914458128872
vn -0.6908658269734781 0.5735764363510406 0.440130072572976
vn 0.6908658269734781 -0.5735764363510406 -0.440130072572976
g Frond
f 100/292/73 103/291/73 101/290/73 98/289/73
f 99/296/74 100/295/74 98/294/74 97/293/74
f 104/300/75 99/299/75 97/298/75 102/297/75
f 103/304/76 104/303/76 102/302/76 101/301/76
f 102/308/77 97/307/77 98/306/77 101/305/77
f 103/312/78 100/311/78 99/310/78 104/309/78
o cube
v 0.013852600610357535 -0.6999417664365668 -0.17385379032073112
v -0.08700737854933782 -0.9886541203463437 -0.10959889709242632
v 0.013852600610357535 -0.6999417664365668 -0.17385379032073112
v -0.08700737854933782 -0.9886541203463437 -0.10959889709242632
v 0.2655954894282636 -0.9886541203463443 0.44387673922228077
v 0.3664554685879591 -0.6999417664365672 0.37962184599397597
v 0.2655954894282636 -0.9886541203463443 0.44387673922228077
v 0.3664554685879591 -0.6999417664365672 0.37962184599397597
vt 0 1
vt 0.1875 1
vt 0.1875 1
vt 0 1
vt 0 1
vt 0.15625 1
vt 0.15625 1
vt 0 1
vt 0 1
vt 0.1875 1
vt 0.1875 1
vt 0 1
vt 0 1
vt 0.15625 1
vt 0.15625 1
vt 0 1
vt 0 1
vt 0 1
vt 0 1
vt 0 1
vt 0.1875 0.28125
vt 0.78125 0.28125
vt 0.78125 0
vt 0.1875 0
vn -0.3227519333110266 -0.9238795325112894 0.20561565833057618
vn -0.5372996083468216 0 -0.8433914458128872
vn 0.3227519333110266 0.9238795325112894 -0.20561565833057618
vn 0.5372996083468216 0 0.8433914458128872
vn -0.7791920946816305 0.38268343236508345 0.49640011097796055
vn 0.7791920946816305 -0.38268343236508345 -0.49640011097796055
g Frond
f 108/316/79 111/315/79 109/314/79 106/313/79
f 107/320/80 108/319/80 106/318/80 105/317/80
f 112/324/81 107/323/81 105/322/81 110/321/81
f 111/328/82 112/327/82 110/326/82 109/325/82
f 110/332/83 105/331/83 106/330/83 109/329/83
f 111/336/84 108/335/84 107/334/84 112/333/84
o cube
v 0.4959637462049844 -0.21742446147089978 -0.480992463582897
v 0.16500196331678052 -0.4439869614709042 -0.27014655424099737
v 0.4959637462049844 -0.21742446147089978 -0.480992463582897
v 0.16500196331678052 -0.4439869614709042 -0.27014655424099737
v 0.517604831294382 -0.44398696147090466 0.28332908207370966
v 0.848566614182586 -0.21742446147090022 0.07248317273181004
v 0.517604831294382 -0.44398696147090466 0.28332908207370966
v 0.848566614182586 -0.21742446147090022 0.07248317273181004
vt 0 1
vt 0.1875 1
vt 0.1875 1
vt 0 1
vt 0 1
vt 0.15625 1
vt 0.15625 1
vt 0 1
vt 0 1
vt 0.1875 1
vt 0.1875 1
vt 0 1
vt 0 1
vt 0.15625 1
vt 0.15625 1
vt 0 1
vt 0 1
vt 0.0625 1
vt 0.0625 0.90625
vt 0 0.90625
vt 0.1875 1
vt 0.78125 1
vt 0.78125 0.5625
vt 0.1875 0.5625
vn -0.7303984174084446 -0.5000000000000059 0.46531511027177475
vn -0.5372996083468216 0 -0.8433914458128873
vn 0.7303984174084446 0.5000000000000059 -0.46531511027177475
vn 0.5372996083468216 0 0.8433914458128873
vn -0.42169572290644813 0.8660254037844354 0.26864980417341444
vn 0.42169572290644813 -0.8660254037844354 -0.26864980417341444
g Frond
f 116/340/85 119/339/85 117/338/85 114/337/85
f 115/344/86 116/343/86 114/342/86 113/341/86
f 120/348/87 115/347/87 113/346/87 118/345/87
f 119/352/88 120/351/88 118/350/88 117/349/88
f 118/356/89 113/355/89 114/354/89 117/353/89
f 119/360/90 116/359/90 115/358/90 120/357/90
o cube
v -0.2611815944403407 -0.07099851660897555 -0.3003341172727616
v -0.26473662795001707 -0.36468605552060246 -0.19360435935690862
v -0.2611815944403407 -0.07099851660897555 -0.3003341172727616
v -0.26473662795001707 -0.36468605552060246 -0.19360435935690862
v 0.389016142672691 -0.3523065848465839 -0.1377641757167713
v 0.39257117618236737 -0.05861904593495704 -0.24449393363262428
v 0.389016142672691 -0.3523065848465839 -0.1377641757167713
v 0.39257117618236737 -0.05861904593495704 -0.24449393363262428
vt 0 1
vt 0.1875 1
vt 0.1875 1
vt 0 1
vt 0 1
vt 0.15625 1
vt 0.15625 1
vt 0 1
vt 0 1
vt 0.1875 1
vt 0.1875 1
vt 0 1
vt 0 1
vt 0.15625 1
vt 0.15625 1
vt 0 1
vt 0 1
vt 0 1
vt 0 1
vt 0 1
vt 0.1875 0.5625
vt 0.78125 0.5625
vt 0.78125 0.28125
vt 0.1875 0.28125
vn -0.011376107230964203 -0.9398001245172071 0.341535225330729
vn -0.9961946980917454 -0.01886395531279017 -0.08508980364211406
vn 0.011376107230964203 0.9398001245172071 -0.341535225330729
vn 0.9961946980917454 0.01886395531279017 0.08508980364211406
vn -0.086410113286386 0.3412035714165368 0.936009302931565
vn 0.086410113286386 -0.3412035714165368 -0.936009302931565
g Frond
f 124/364/91 127/363/91 125/362/91 122/361/91
f 123/368/92 124/367/92 122/366/92 121/365/92
f 128/372/93 123/371/93 121/370/93 126/369/93
f 127/376/94 128/375/94 126/374/94 125/373/94
f 126/380/95 121/379/95 122/378/95 125/377/95
f 127/384/96 124/383/96 123/382/96 128/381/96
o cube
v -0.2647366020765442 -0.3646728369035286 -0.19360759276921558
v -0.26236281348470214 -0.6744769238812358 -0.15271697257789751
v -0.2647366020765442 -0.3646728369035286 -0.19360759276921558
v -0.26236281348470214 -0.6744769238812358 -0.15271697257789751
v 0.39138995713800595 -0.6620974532072174 -0.0968767889377602
v 0.38901616854616394 -0.35229336622951 -0.1377674091290782
v 0.39138995713800595 -0.6620974532072174 -0.0968767889377602
v 0.38901616854616394 -0.35229336622951 -0.1377674091290782
vt 0 1
vt 0.1875 1
vt 0.1875 1
vt 0 1
vt 0 1
vt 0.15625 1
vt 0.15625 1
vt 0 1
vt 0 1
vt 0.1875 1
vt 0.1875 1
vt 0 1
vt 0 1
vt 0.15625 1
vt 0.15625 1
vt 0 1
vt 0 1
vt 0 1
vt 0 1
vt 0 1
vt 0.1875 0.28125
vt 0.78125 0.28125
vt 0.78125 0
vt 0.1875 0
vn 0.007596123493894576 -0.9913730783286624 0.13084998461221667
vn -0.9961946980917453 -0.018863955312790174 -0.08508980364211403
vn -0.007596123493894576 0.9913730783286624 -0.13084998461221667
vn 0.9961946980917453 0.018863955312790174 0.08508980364211403
vn -0.08682408883346811 0.12970570825954078 0.9877438973960452
vn 0.08682408883346811 -0.12970570825954078 -0.9877438973960452
g Frond
f 132/388/97 135/387/97 133/386/97 130/385/97
f 131/392/98 132/391/98 130/390/98 129/389/98
f 136/396/99 131/395/99 129/394/99 134/393/99
f 135/400/100 136/399/100 134/398/100 133/397/100
f 134/404/101 129/403/101 130/402/101 133/401/101
f 135/408/102 132/407/102 131/406/102 136/405/102
o cube
v -0.23996312518975726 0.24958693933556553 -0.6198228823222484
v -0.26118240092196654 -0.0710213421461432 -0.3003196150341858
v -0.23996312518975726 0.24958693933556553 -0.6198228823222484
v -0.26118240092196654 -0.0710213421461432 -0.3003196150341858
v 0.39257036970074166 -0.05864187147212463 -0.24447943139404849
v 0.4137896454329508 0.261966410009584 -0.5639826986821111
v 0.39257036970074166 -0.05864187147212463 -0.24447943139404849
v 0.4137896454329508 0.261966410009584 -0.5639826986821111
vt 0 1
vt 0.1875 1
vt 0.1875 1
vt 0 1
vt 0 1
vt 0.15625 1
vt 0.15625 1
vt 0 1
vt 0 1
vt 0.1875 1
vt 0.1875 1
vt 0 1
vt 0 1
vt 0.15625 1
vt 0.15625 1
vt 0 1
vt 0 1
vt 0.0625 1
vt 0.0625 0.90625
vt 0 0.90625
vt 0.1875 1
vt 0.78125 1
vt 0.78125 0.5625
vt 0.1875 0.5625
vn -0.046828746443496196 -0.7075493108561827 0.7051106588426188
vn -0.9961946980917453 -0.018863955312790167 -0.08508980364211402
vn 0.046828746443496196 0.7075493108561827 -0.7051106588426188
vn 0.9961946980917453 0.018863955312790167 0.08508980364211402
vn -0.07350640788684483 0.7064121487466777 0.7039734967331333
vn 0.07350640788684483 -0.7064121487466777 -0.7039734967331333
g Frond
f 140/412/103 143/411/103 141/410/103 138/409/103
f 139/416/104 140/415/104 138/414/104 137/413/104
f 144/420/105 139/419/105 137/418/105 142/417/105
f 143/424/106 144/423/106 142/422/106 141/421/106
f 142/428/107 137/427/107 138/426/107 141/425/107
f 143/432/108 140/431/108 139/430/108 144/429/108
o cube
v -0.26866256004479094 -0.3339178788387629 0.4794100021502996
v -0.13414401798951603 -0.5818407976797744 0.3448914600950246
v -0.26866256004479094 -0.3339178788387629 0.4794100021502996
v -0.13414401798951603 -0.5818407976797744 0.3448914600950246
v -0.5981828431431879 -0.5818407976797741 -0.11914736505864704
v -0.7327013851984627 -0.33391787883876267 0.015371176996627933
v -0.5981828431431879 -0.5818407976797741 -0.11914736505864704
v -0.7327013851984627 -0.33391787883876267 0.015371176996627933
vt 0 1
vt 0.1875 1
vt 0.1875 1
vt 0 1
vt 0 1
vt 0.15625 1
vt 0.15625 1
vt 0 1
vt 0 1
vt 0.1875 1
vt 0.1875 1
vt 0 1
vt 0 1
vt 0.15625 1
vt 0.15625 1
vt 0 1
vt 0 1
vt 0 1
vt 0 1
vt 0 1
vt 0.1875 0.5625
vt 0.78125 0.5625
vt 0.78125 0.28125
vt 0.1875 0.28125
vn 0.43045933457687907 -0.7933533402912355 -0.4304593345768795
vn 0.7071067811865477 0 0.7071067811865475
vn -0.43045933457687907 0.7933533402912355 0.4304593345768795
vn -0.7071067811865477 0 -0.7071067811865475
vn 0.5609855267969313 0.6087614290087202 -0.5609855267969313
vn -0.5609855267969313 -0.6087614290087202 0.5609855267969313
g Frond
f 148/436/109 151/435/109 149/434/109 146/433/109
f 147/440/110 148/439/110 146/438/110 145/437/110
f 152/444/111 147/443/111 145/442/111 150/441/111
f 151/448/112 152/447/112 150/446/112 149/445/112
f 150/452/113 145/451/113 146/450/113 149/449/113
f 151/456/114 148/455/114 147/454/114 152/453/114
o cube
v -0.134149009918207 -0.5818291637312674 0.34489645202371566
v -0.0407626853150444 -0.8650503471802213 0.2515101274205529
v -0.134149009918207 -0.5818291637312674 0.34489645202371566
v -0.0407626853150444 -0.8650503471802213 0.2515101274205529
v -0.5048015104687162 -0.8650503471802211 -0.21252869773311883
v -0.5981878350718789 -0.5818291637312671 -0.11914237312995613
v -0.5048015104687162 -0.8650503471802211 -0.21252869773311883
v -0.5981878350718789 -0.5818291637312671 -0.11914237312995613
vt 0 1
vt 0.1875 1
vt 0.1875 1
vt 0 1
vt 0 1
vt 0.15625 1
vt 0.15625 1
vt 0 1
vt 0 1
vt 0.1875 1
vt 0.1875 1
vt 0 1
vt 0 1
vt 0.15625 1
vt 0.15625 1
vt 0 1
vt 0 1
vt 0 1
vt 0 1
vt 0 1
vt 0.1875 0.28125
vt 0.78125 0.28125
vt 0.78125 0
vt 0.1875 0
vn 0.2988362387301194 -0.9063077870366503 -0.29883623873011983
vn 0.7071067811865477 0 0.7071067811865475
vn -0.2988362387301194 0.9063077870366503 0.29883623873011983
vn -0.7071067811865477 0 -0.7071067811865475
vn 0.6408563820557887 0.4226182617406991 -0.6408563820557888
vn -0.6408563820557887 -0.4226182617406991 0.6408563820557888
g Frond
f 156/460/115 159/459/115 157/458/115 154/457/115
f 155/464/116 156/463/116 154/462/116 153/461/116
f 160/468/117 155/467/117 153/466/117 158/465/117
f 159/472/118 160/471/118 158/470/118 157/469/118
f 158/476/119 153/475/119 154/474/119 157/473/119
f 159/480/120 156/479/120 155/478/120 160/477/120
o cube
v -0.55285305940123 -0.12470542905522453 0.7636005015067389
v -0.26864790504714725 -0.3339352694273501 0.47939534715265597
v -0.55285305940123 -0.12470542905522453 0.7636005015067389
v -0.26864790504714725 -0.3339352694273501 0.47939534715265597
v -0.7326867302008192 -0.33393526942734986 0.015356521998984407
v -1.016891884554902 -0.1247054290552243 0.2995616763530673
v -0.7326867302008192 -0.33393526942734986 0.015356521998984407
v -1.016891884554902 -0.1247054290552243 0.2995616763530673
vt 0 1
vt 0.1875 1
vt 0.1875 1
vt 0 1
vt 0 1
vt 0.15625 1
vt 0.15625 1
vt 0 1
vt 0 1
vt 0.1875 1
vt 0.1875 1
vt 0 1
vt 0 1
vt 0.15625 1
vt 0.15625 1
vt 0 1
vt 0 1
vt 0.0625 1
vt 0.0625 0.90625
vt 0 0.90625
vt 0.1875 1
vt 0.78125 1
vt 0.78125 0.5625
vt 0.1875 0.5625
vn 0.6272113751262497 -0.46174861323503424 -0.6272113751262502
vn 0.7071067811865477 0 0.7071067811865474
vn -0.6272113751262497 0.46174861323503424 0.6272113751262502
vn -0.7071067811865477 0 -0.7071067811865474
vn 0.3265055756219773 0.8870108331782216 -0.32650557562197713
vn -0.3265055756219773 -0.8870108331782216 0.32650557562197713
g Frond
f 164/484/121 167/483/121 165/482/121 162/481/121
f 163/488/122 164/487/122 162/486/122 161/485/122
f 168/492/123 163/491/123 161/490/123 166/489/123
f 167/496/124 168/495/124 166/494/124 165/493/124
f 166/500/125 161/499/125 162/498/125 165/497/125
f 167/504/126 164/503/126 163/502/126 168/501/126
o cube
v -0.06040682272589398 -0.6837127127371263 0.5243331275638374
v 0.08120376899858261 -0.8157809195310953 0.2790563878071507
v -0.06040682272589398 -0.6837127127371263 0.5243331275638374
v 0.08120376899858261 -0.8157809195310953 0.2790563878071507
v -0.4871254022349555 -0.8157809195310951 -0.04906861219284897
v -0.628735993959432 -0.6837127127371261 0.19620812756383765
v -0.4871254022349555 -0.8157809195310951 -0.04906861219284897
v -0.628735993959432 -0.6837127127371261 0.19620812756383765
vt 0 1
vt 0.1875 1
vt 0.1875 1
vt 0 1
vt 0 1
vt 0.15625 1
vt 0.15625 1
vt 0 1
vt 0 1
vt 0.1875 1
vt 0.1875 1
vt 0 1
vt 0 1
vt 0.15625 1
vt 0.15625 1
vt 0 1
vt 0 1
vt 0 1
vt 0 1
vt 0 1
vt 0.1875 0.5625
vt 0.78125 0.5625
vt 0.78125 0.28125
vt 0.1875 0.28125
vn 0.45315389351832425 -0.42261826174069994 -0.7848855672213958
vn 0.866025403784439 0 0.4999999999999994
vn -0.45315389351832425 0.42261826174069994 0.7848855672213958
vn -0.866025403784439 0 -0.4999999999999994
vn 0.21130913087034994 0.9063077870366498 -0.36599815077066733
vn -0.21130913087034994 -0.9063077870366498 0.36599815077066733
g Frond
f 172/508/127 175/507/127 173/506/127 170/505/127
f 171/512/128 172/511/128 170/510/128 169/509/128
f 176/516/129 171/515/129 169/514/129 174/513/129
f 175/520/130 176/519/130 174/518/130 173/517/130
f 174/524/131 169/523/131 170/522/131 173/521/131
f 175/528/132 172/527/132 171/526/132 176/525/132
o cube
v 0.08119795202432945 -0.8157738598778363 0.27906646310210337
v 0.20515941144483496 -1.006011806443062 0.06435891720539977
v 0.08119795202432945 -0.8157738598778363 0.27906646310210337
v 0.20515941144483496 -1.006011806443062 0.06435891720539977
v -0.36316975978870303 -1.0060118064430619 -0.26376608279459984
v -0.48713121920920854 -0.8157738598778361 -0.04905853689789624
v -0.36316975978870303 -1.0060118064430619 -0.26376608279459984
v -0.48713121920920854 -0.8157738598778361 -0.04905853689789624
vt 0 1
vt 0.1875 1
vt 0.1875 1
vt 0 1
vt 0 1
vt 0.15625 1
vt 0.15625 1
vt 0 1
vt 0 1
vt 0.1875 1
vt 0.1875 1
vt 0 1
vt 0 1
vt 0.15625 1
vt 0.15625 1
vt 0 1
vt 0 1
vt 0 1
vt 0 1
vt 0 1
vt 0.1875 0.28125
vt 0.78125 0.28125
vt 0.78125 0
vt 0.1875 0
vn 0.3966766701456169 -0.6087614290087212 -0.6870641468694502
vn 0.866025403784439 0 0.49999999999999944
vn -0.3966766701456169 0.6087614290087212 0.6870641468694502
vn -0.866025403784439 0 -0.49999999999999944
vn 0.3043807145043604 0.7933533402912349 -0.5272028623656697
vn -0.3043807145043604 -0.7933533402912349 0.5272028623656697
g Frond
f 180/532/133 183/531/133 181/530/133 178/529/133
f 179/536/134 180/535/134 178/534/134 177/533/134
f 184/540/135 179/539/135 177/538/135 182/537/135
f 183/544/136 184/543/136 182/542/136 181/541/136
f 182/548/137 177/547/137 178/546/137 181/545/137
f 183/552/138 180/551/138 179/550/138 184/549/138
o cube
v -0.2869561159045869 -0.6837185685007137 0.9167280137681515
v -0.060393615904587195 -0.683718568500714 0.5243102526783274
v -0.2869561159045869 -0.6837185685007137 0.9167280137681515
v -0.060393615904587195 -0.683718568500714 0.5243102526783274
v -0.6287227871381253 -0.6837185685007139 0.19618525267832787
v -0.855285287138125 -0.6837185685007136 0.5886030137681519
v -0.6287227871381253 -0.6837185685007139 0.19618525267832787
v -0.855285287138125 -0.6837185685007136 0.5886030137681519
vt 0 1
vt 0.1875 1
vt 0.1875 1
vt 0 1
vt 0 1
vt 0.15625 1
vt 0.15625 1
vt 0 1
vt 0 1
vt 0.1875 1
vt 0.1875 1
vt 0 1
vt 0 1
vt 0.15625 1
vt 0.15625 1
vt 0 1
vt 0 1
vt 0.0625 1
vt 0.0625 0.90625
vt 0 0.90625
vt 0.1875 1
vt 0.78125 1
vt 0.78125 0.5625
vt 0.1875 0.5625
vn 0.49999999999999944 0 -0.8660254037844389
vn 0.8660254037844389 0 0.4999999999999994
vn -0.49999999999999944 0 0.8660254037844389
vn -0.8660254037844389 0 -0.4999999999999994
vn 0 1 0
vn 0 -1 0
g Frond
f 188/556/139 191/555/139 189/554/139 186/553/139
f 187/560/140 188/559/140 186/558/140 185/557/140
f 192/564/141 187/563/141 185/562/141 190/561/141
f 191/568/142 192/567/142 190/566/142 189/565/142
f 190/572/143 185/571/143 186/570/143 189/569/143
f 191/576/144 188/575/144 187/574/144 192/573/144
o cube
v -0.5592896276987138 -0.6837127127371232 0.06995289083874245
v -0.28278191716571865 -0.8157809195310927 0.1312531744435248
v -0.5592896276987138 -0.6837127127371232 0.06995289083874245
v -0.28278191716571865 -0.8157809195310927 0.1312531744435248
v -0.14074342051884203 -0.8157809195310924 -0.5094410802289322
v -0.4172511310518371 -0.683712712737123 -0.5707413638337145
v -0.14074342051884203 -0.8157809195310924 -0.5094410802289322
v -0.4172511310518371 -0.683712712737123 -0.5707413638337145
vt 0 1
vt 0.1875 1
vt 0.1875 1
vt 0 1
vt 0 1
vt 0.15625 1
vt 0.15625 1
vt 0 1
vt 0 1
vt 0.1875 1
vt 0.1875 1
vt 0 1
vt 0 1
vt 0.15625 1
vt 0.15625 1
vt 0 1
vt 0 1
vt 0 1
vt 0 1
vt 0 1
vt 0.1875 0.5625
vt 0.78125 0.5625
vt 0.78125 0.28125
vt 0.1875 0.28125
vn 0.8848246737055843 -0.422618261740702 0.19616090753530382
vn -0.2164396139380976 0 0.9762960071199345
vn -0.8848246737055843 0.422618261740702 -0.19616090753530382
vn 0.2164396139380976 0 -0.9762960071199345
vn 0.41260052147341464 0.9063077870366488 0.09147133341434793
vn -0.41260052147341464 -0.9063077870366488 -0.09147133341434793
g Frond
f 196/580/145 199/579/145 197/578/145 194/577/145
f 195/584/146 196/583/146 194/582/146 193/581/146
f 200/588/147 195/587/147 193/586/147 198/585/147
f 199/592/148 200/591/148 198/590/148 197/589/148
f 198/596/149 193/595/149 194/594/149 197/593/149
f 199/600/150 196/599/150 195/598/150 200/597/150
o cube
v -0.2827932753431932 -0.8157738598778367 0.13125065639620148
v -0.04074711960519506 -1.0060118064430625 0.1849109972365559
v -0.2827932753431932 -0.8157738598778367 0.13125065639620148
v -0.04074711960519506 -1.0060118064430625 0.1849109972365559
v 0.10129137704168156 -1.0060118064430623 -0.4557832574359011
v -0.14075477869631658 -0.8157738598778365 -0.5094435982762555
v 0.10129137704168156 -1.0060118064430623 -0.4557832574359011
v -0.14075477869631658 -0.8157738598778365 -0.5094435982762555
vt 0 1
vt 0.1875 1
vt 0.1875 1
vt 0 1
vt 0 1
vt 0.15625 1
vt 0.15625 1
vt 0 1
vt 0 1
vt 0.1875 1
vt 0.1875 1
vt 0 1
vt 0 1
vt 0.15625 1
vt 0.15625 1
vt 0 1
vt 0 1
vt 0 1
vt 0 1
vt 0 1
vt 0.1875 0.28125
vt 0.78125 0.28125
vt 0.78125 0
vt 0.1875 0
vn 0.7745476983615941 -0.6087614290087229 0.17171309068913457
vn -0.21643961393809763 0 0.9762960071199345
vn -0.7745476983615941 0.6087614290087229 -0.17171309068913457
vn 0.21643961393809763 0 -0.9762960071199345
vn 0.5943313524298415 0.7933533402912334 0.13176008867505307
vn -0.5943313524298415 -0.7933533402912334 -0.13176008867505307
g Frond
f 204/604/151 207/603/151 205/602/151 202/601/151
f 203/608/152 204/607/152 202/606/152 201/605/152
f 208/612/153 203/611/153 201/610/153 206/609/153
f 207/616/154 208/615/154 206/614/154 205/613/154
f 206/620/155 201/619/155 202/618/155 205/617/155
f 207/624/156 204/623/156 203/622/156 208/621/156
o cube
v -1.0016479683911192 -0.6837185685007117 -0.028115592268348533
v -0.5592638401648993 -0.683718568500713 0.06995860779735186
v -1.0016479683911192 -0.6837185685007117 -0.028115592268348533
v -0.5592638401648993 -0.683718568500713 0.06995860779735186
v -0.41722534351802265 -0.6837185685007126 -0.5707356468751051
v -0.8596094717442427 -0.6837185685007114 -0.6688098469408055
v -0.41722534351802265 -0.6837185685007126 -0.5707356468751051
v -0.8596094717442427 -0.6837185685007114 -0.6688098469408055
vt 0 1
vt 0.1875 1
vt 0.1875 1
vt 0 1
vt 0 1
vt 0.15625 1
vt 0.15625 1
vt 0 1
vt 0 1
vt 0.1875 1
vt 0.1875 1
vt 0 1
vt 0 1
vt 0.15625 1
vt 0.15625 1
vt 0 1
vt 0 1
vt 0.0625 1
vt 0.0625 0.90625
vt 0 0.90625
vt 0.1875 1
vt 0.78125 1
vt 0.78125 0.5625
vt 0.1875 0.5625
vn 0.9762960071199347 0 0.2164396139380978
vn -0.21643961393809763 0 0.9762960071199346
vn -0.9762960071199347 0 -0.2164396139380978
vn 0.21643961393809763 0 -0.9762960071199346
vn 0 1 0
vn 0 -1 0
g Frond
f 212/628/157 215/627/157 213/626/157 210/625/157
f 211/632/158 212/631/158 210/630/158 209/629/158
f 216/636/159 211/635/159 209/634/159 214/633/159
f 215/640/160 216/639/160 214/638/160 213/637/160
f 214/644/161 209/643/161 210/642/161 213/641/161
f 215/648/162 212/647/162 211/646/162 216/645/162
o cube
v -0.1626757641440142 -0.6837185633452559 -1.0674393524161192
v -0.26074997326802185 -0.6837185633452566 -0.6250552261980769
v -0.1626757641440142 -0.6837185633452559 -1.0674393524161192
v -0.26074997326802185 -0.6837185633452566 -0.6250552261980769
v 0.37994427849603907 -0.683718573656171 -0.48301671643227284
v 0.4780184876200466 -0.6837185736561705 -0.9254008426503151
v 0.37994427849603907 -0.683718573656171 -0.48301671643227284
v 0.4780184876200466 -0.6837185736561705 -0.9254008426503151
vt 0 1
vt 0.1875 1
vt 0.1875 1
vt 0 1
vt 0 1
vt 0.15625 1
vt 0.15625 1
vt 0 1
vt 0 1
vt 0.1875 1
vt 0.1875 1
vt 0 1
vt 0 1
vt 0.15625 1
vt 0.15625 1
vt 0 1
vt 0 1
vt 0.0625 1
vt 0.0625 0.90625
vt 0 0.90625
vt 0.1875 1
vt 0.78125 1
vt 0.78125 0.5625
vt 0.1875 0.5625
vn -0.21643963392884424 0 0.9762960026880927
vn -0.9762960026880925 0 -0.2164396339288442
vn 0.21643963392884424 0 -0.9762960026880927
vn 0.9762960026880925 0 0.2164396339288442
vn 0 1 0
vn 0 -1 0
g Frond
f 220/652/163 223/651/163 221/650/163 218/649/163
f 219/656/164 220/655/164 218/654/164 217/653/164
f 224/660/165 219/659/165 217/658/165 222/657/165
f 223/664/166 224/663/166 222/662/166 221/661/166
f 222/668/167 217/667/167 218/666/167 221/665/167
f 223/672/168 220/671/168 219/670/168 224/669/168
o cube
v -0.2607442563087943 -0.6837127075816694 -0.6250810137317557
v -0.32204454760123136 -0.815780914375638 -0.34857330490307303
v -0.2607442563087943 -0.6837127075816694 -0.6250810137317557
v -0.32204454760123136 -0.815780914375638 -0.34857330490307303
v 0.31864970416282956 -0.8157809246865525 -0.2065347951372689
v 0.37994999545526653 -0.6837127178925838 -0.4830425039659516
v 0.31864970416282956 -0.8157809246865525 -0.2065347951372689
v 0.37994999545526653 -0.6837127178925838 -0.4830425039659516
vt 0 1
vt 0.1875 1
vt 0.1875 1
vt 0 1
vt 0 1
vt 0.15625 1
vt 0.15625 1
vt 0 1
vt 0 1
vt 0.1875 1
vt 0.1875 1
vt 0 1
vt 0 1
vt 0.15625 1
vt 0.15625 1
vt 0 1
vt 0 1
vt 0 1
vt 0 1
vt 0 1
vt 0.1875 0.5625
vt 0.78125 0.5625
vt 0.78125 0.28125
vt 0.1875 0.28125
vn -0.19616093213579894 -0.4226182617407007 0.8848246682517861
vn -0.9762960026880925 0 -0.21643963392884422
vn 0.19616093213579894 0.4226182617407007 -0.8848246682517861
vn 0.9762960026880925 0 0.21643963392884422
vn -0.09147132796055178 0.9063077870366494 0.4126005226824909
vn 0.09147132796055178 -0.9063077870366494 -0.4126005226824909
g Frond
f 228/676/169 231/675/169 229/674/169 226/673/169
f 227/680/170 228/679/170 226/678/170 225/677/170
f 232/684/171 227/683/171 225/682/171 230/681/171
f 231/688/172 232/687/172 230/686/172 229/685/172
f 230/692/173 225/691/173 226/690/173 229/689/173
f 231/696/174 228/695/174 227/694/174 232/693/174
o cube
v -0.32204202955356726 -0.8157738547223796 -0.3485846630804709
v -0.37570237826822905 -1.0060118012876056 -0.10653850908816392
v -0.32204202955356726 -0.8157738547223796 -0.3485846630804709
v -0.37570237826822905 -1.0060118012876056 -0.10653850908816392
v 0.26499187349583186 -1.0060118115985202 0.03550000067764014
v 0.3186522222104936 -0.8157738650332941 -0.2065461533146669
v 0.26499187349583186 -1.0060118115985202 0.03550000067764014
v 0.3186522222104936 -0.8157738650332941 -0.2065461533146669
vt 0 1
vt 0.1875 1
vt 0.1875 1
vt 0 1
vt 0 1
vt 0.15625 1
vt 0.15625 1
vt 0 1
vt 0 1
vt 0.1875 1
vt 0.1875 1
vt 0 1
vt 0 1
vt 0.15625 1
vt 0.15625 1
vt 0 1
vt 0 1
vt 0 1
vt 0 1
vt 0 1
vt 0.1875 0.28125
vt 0.78125 0.28125
vt 0.78125 0
vt 0.1875 0
vn -0.1717131158869173 -0.6087614290087217 0.7745476927753806
vn -0.9762960026880925 0 -0.2164396339288442
vn 0.1717131158869173 0.6087614290087217 -0.7745476927753806
vn 0.9762960026880925 0 0.2164396339288442
vn -0.13176008867505534 0.7933533402912344 0.5943313524298398
