# Made in Blockbench 4.9.4

o cube
v 0.09375 0.26375463748352945 -0.2293957671816904
v 0.09375 0.26375463748352945 -0.2293957671816904
v 0.09375 0.42445153990516427 -0.03788465640194594
v 0.09375 0.42445153990516427 -0.03788465640194594
v -0.15625 0.26375463748352945 -0.2293957671816904
v -0.15625 0.26375463748352945 -0.2293957671816904
v -0.15625 0.42445153990516427 -0.03788465640194594
v -0.15625 0.42445153990516427 -0.03788465640194594
vt 0 1
vt 1 1
vt 1 0
vt 0 0
vt 0 1
vt 0 1
vt 0 0.75
vt 0 0.75
vt 0 1
vt 0.25 1
vt 0.25 0.8125
vt 0 0.8125
vt 0 1
vt 0 1
vt 0 0.75
vt 0 0.75
vt 0 1
vt 0.25 1
vt 0.25 1
vt 0 1
vt 0 1
vt 0.25 1
vt 0.25 1
vt 0 1
vn 0 -0.766044443118978 0.6427876096865393
vn 1 0 0
vn 0 0.766044443118978 -0.6427876096865393
vn -1 0 0
vn 0 -0.6427876096865393 -0.766044443118978
vn 0 0.6427876096865393 0.766044443118978
g Leaf
f 4/4/1 7/3/1 5/2/1 2/1/1
f 3/8/2 4/7/2 2/6/2 1/5/2
f 8/12/3 3/11/3 1/10/3 6/9/3
f 7/16/4 8/15/4 6/14/4 5/13/4
f 6/20/5 1/19/5 2/18/5 5/17/5
f 7/24/6 4/23/6 3/22/6 8/21/6
o cube
v 0.09375 -0.04255181163896482 -0.19928011682927815
v 0.09375 -0.04255181163896482 -0.19928011682927815
v 0.09375 0.15578652343384403 -0.047089759577098045
v 0.09375 0.15578652343384403 -0.047089759577098045
v -0.15625 -0.04255181163896482 -0.19928011682927815
v -0.15625 -0.04255181163896482 -0.19928011682927815
v -0.15625 0.15578652343384403 -0.047089759577098045
v -0.15625 0.15578652343384403 -0.047089759577098045
vt 0 1
vt 1 1
vt 1 0
vt 0 0
vt 0 1
vt 0 1
vt 0 0.75
vt 0 0.75
vt 0 1
vt 0.25 1
vt 0.25 0.8125
vt 0 0.8125
vt 0 1
vt 0 1
vt 0 0.75
vt 0 0.75
vt 0 1
vt 0.25 1
vt 0.25 1
vt 0 1
vt 0 1
vt 0.25 1
vt 0.25 1
vt 0 1
vn 0 -0.6087614290087205 0.7933533402912354
vn 1 0 0
vn 0 0.6087614290087205 -0.7933533402912354
vn -1 0 0
vn 0 -0.7933533402912354 -0.6087614290087205
vn 0 0.7933533402912354 0.6087614290087205
g Leaf
f 12/28/7 15/27/7 13/26/7 10/25/7
f 11/32/8 12/31/8 10/30/8 9/29/8
f 16/36/9 11/35/9 9/34/9 14/33/9
f 15/40/10 16/39/10 14/38/10 13/37/10
f 14/44/11 9/43/11 10/42/11 13/41/11
f 15/48/12 12/47/12 11/46/12 16/45/12
o cube
v 0.140625 0.04747640527743113 -0.2926806490556814
v 0.140625 0.04747640527743113 -0.2926806490556814
v 0.140625 0.20817330769906595 -0.10116953827593689
v 0.140625 0.20817330769906595 -0.10116953827593689
v -0.109375 0.04747640527743113 -0.2926806490556814
v -0.109375 0.04747640527743113 -0.2926806490556814
v -0.109375 0.20817330769906595 -0.10116953827593689
v -0.109375 0.20817330769906595 -0.10116953827593689
vt 0 1
vt 1 1
vt 1 0
vt 0 0
vt 0 1
vt 0 1
vt 0 0.75
vt 0 0.75
vt 0 1
vt 0.25 1
vt 0.25 0.8125
vt 0 0.8125
vt 0 1
vt 0 1
vt 0 0.75
vt 0 0.75
vt 0 1
vt 0.25 1
vt 0.25 1
vt 0 1
vt 0 1
vt 0.25 1
vt 0.25 1
vt 0 1
vn 0 -0.766044443118978 0.6427876096865393
vn 1 0 0
vn 0 0.766044443118978 -0.6427876096865393
vn -1 0 0
vn 0 -0.6427876096865393 -0.766044443118978
vn 0 0.6427876096865393 0.766044443118978
g Leaf
f 20/52/13 23/51/13 21/50/13 18/49/13
f 19/56/14 20/55/14 18/54/14 17/53/14
f 24/60/15 19/59/15 17/58/15 22/57/15
f 23/64/16 24/63/16 22/62/16 21/61/16
f 22/68/17 17/67/17 18/66/17 21/65/17
f 23/72/18 20/71/18 19/70/18 24/69/18
o cube
v 0.09353644304598041 -0.31669876484542614 -0.2135008336455737
v 0.09353644304598041 -0.31669876484542614 -0.2135008336455737
v 0.07174750735906588 -0.1126900339824991 -0.07065238243475624
v 0.07174750735906588 -0.1126900339824991 -0.07065238243475624
v -0.15551223147695592 -0.3345472160562435 -0.22599845372875627
v -0.15551223147695592 -0.3345472160562435 -0.22599845372875627
v -0.17730116716387045 -0.13053848519331657 -0.0831500025179388
v -0.17730116716387045 -0.13053848519331657 -0.0831500025179388
vt 0 1
vt 1 1
vt 1 0
vt 0 0
vt 0 1
vt 0 1
vt 0 0.75
vt 0 0.75
vt 0 1
vt 0.25 1
vt 0.25 0.8125
vt 0 0.8125
vt 0 1
vt 0 1
vt 0 0.75
vt 0 0.75
vt 0 1
vt 0.25 1
vt 0.25 1
vt 0 1
vt 0 1
vt 0.25 1
vt 0.25 1
vt 0 1
vn 0 -0.5735764363510462 0.8191520442889917
vn 0.9961946980917455 0.07139380484326968 0.04999048033273035
vn 0 0.5735764363510462 -0.8191520442889917
vn -0.9961946980917455 -0.07139380484326968 -0.04999048033273035
vn 0.0871557427476582 -0.8160349234517082 -0.5713938048432697
vn -0.0871557427476582 0.8160349234517082 0.5713938048432697
g Leaf
f 28/76/19 31/75/19 29/74/19 26/73/19
f 27/80/20 28/79/20 26/78/20 25/77/20
f 32/84/21 27/83/21 25/82/21 30/81/21
f 31/88/22 32/87/22 30/86/22 29/85/22
f 30/92/23 25/91/23 26/90/23 29/89/23
f 31/96/24 28/95/24 27/94/24 32/93/24
o cube
v -0.07487615077011978 -0.34015351976034935 -0.27881659544492937
v -0.07487615077011978 -0.34015351976034935 -0.27881659544492937
v -0.04224460271510677 -0.1808314016157314 -0.08894388876636067
v -0.04224460271510677 -0.1808314016157314 -0.08894388876636067
v -0.31897179731138026 -0.35275258010751254 -0.2262944190051382
v -0.31897179731138026 -0.35275258010751254 -0.2262944190051382
v -0.28634024925636725 -0.1934304619628946 -0.03642171232656949
v -0.28634024925636725 -0.1934304619628946 -0.03642171232656949
vt 0 1
vt 1 1
vt 1 0
vt 0 0
vt 0 1
vt 0 1
vt 0 0.75
vt 0 0.75
vt 0 1
vt 0.25 1
vt 0.25 0.8125
vt 0 0.8125
vt 0 1
vt 0 1
vt 0 0.75
vt 0 0.75
vt 0 1
vt 0.25 1
vt 0.25 1
vt 0 1
vt 0 1
vt 0.25 1
vt 0.25 1
vt 0 1
vn 0.17216259343480605 -0.7689756963470922 0.6156593374986743
vn 0.9763825861650421 0.0503962413886526 -0.2100887057591648
vn -0.17216259343480605 0.7689756963470922 -0.6156593374986743
vn -0.9763825861650421 -0.0503962413886526 0.2100887057591648
vn -0.13052619222005193 -0.6372884725784715 -0.7594908267142749
vn 0.13052619222005193 0.6372884725784715 0.7594908267142749
g Leaf
f 36/100/25 39/99/25 37/98/25 34/97/25
f 35/104/26 36/103/26 34/102/26 33/101/26
f 40/108/27 35/107/27 33/106/27 38/105/27
f 39/112/28 40/111/28 38/110/28 37/109/28
f 38/116/29 33/115/29 34/114/29 37/113/29
f 39/120/30 36/119/30 35/118/30 40/117/30
o cube
v 0 -0.244115827855793 -0.2970715214533697
v 0 -0.244115827855793 -0.2970715214533697
v 0 -0.03326796640257168 -0.16274661936666363
v 0 -0.03326796640257168 -0.16274661936666363
v -0.25 -0.244115827855793 -0.2970715214533697
v -0.25 -0.244115827855793 -0.2970715214533697
v -0.25 -0.03326796640257168 -0.16274661936666363
v -0.25 -0.03326796640257168 -0.16274661936666363
vt 0 1
vt 1 1
vt 1 0
vt 0 0
vt 0 1
vt 0 1
vt 0 0.75
vt 0 0.75
vt 0 1
vt 0.25 1
vt 0.25 0.8125
vt 0 0.8125
vt 0 1
vt 0 1
vt 0 0.75
vt 0 0.75
vt 0 1
vt 0.25 1
vt 0.25 1
vt 0 1
vt 0 1
vt 0.25 1
vt 0.25 1
vt 0 1
vn 0 -0.5372996083468242 0.8433914458128855
vn 1 0 0
vn 0 0.5372996083468242 -0.8433914458128855
vn -1 0 0
vn 0 -0.8433914458128855 -0.5372996083468242
vn 0 0.8433914458128855 0.5372996083468242
g Leaf
f 44/124/31 47/123/31 45/122/31 42/121/31
f 43/128/32 44/127/32 42/126/32 41/125/32
f 48/132/33 43/131/33 41/130/33 46/129/33
f 47/136/34 48/135/34 46/134/34 45/133/34
f 46/140/35 41/139/35 42/138/35 45/137/35
f 47/144/36 44/143/36 43/142/36 48/141/36
o cube
v -0.16653306723486777 0.11300560302259877 -0.3118187314018382
v -0.16653306723486777 0.11300560302259877 -0.3118187314018382
v -0.1231210228181352 0.27126115841247067 -0.12321710471796565
v -0.1231210228181352 0.27126115841247067 -0.12321710471796565
v -0.41273500548791975 0.1409103272848361 -0.2785631760119659
v -0.41273500548791975 0.1409103272848361 -0.2785631760119659
v -0.3693229610711872 0.2991658826747081 -0.08996154932809336
v -0.3693229610711872 0.2991658826747081 -0.08996154932809336
vt 0 1
vt 1 1
vt 1 0
vt 0 0
vt 0 1
vt 0 1
vt 0 0.75
vt 0 0.75
vt 0 1
vt 0.25 1
vt 0.25 0.8125
vt 0 0.8125
vt 0 1
vt 0 1
vt 0 0.75
vt 0 0.75
vt 0 1
vt 0.25 1
vt 0.25 1
vt 0 1
vt 0 1
vt 0.25 1
vt 0.25 1
vt 0 1
vn 0 -0.7660444431189791 0.6427876096865381
vn 0.9848077530122081 -0.11161889704894953 -0.13302222155948915
vn 0 0.7660444431189791 -0.6427876096865381
vn -0.9848077530122081 0.11161889704894953 0.13302222155948915
vn -0.1736481776669304 -0.6330222215594878 -0.75440650673549
vn 0.1736481776669304 0.6330222215594878 0.75440650673549
g Leaf
f 52/148/37 55/147/37 53/146/37 50/145/37
f 51/152/38 52/151/38 50/150/38 49/149/38
f 56/156/39 51/155/39 49/154/39 54/153/39
f 55/160/40 56/159/40 54/158/40 53/157/40
f 54/164/41 49/163/41 50/162/41 53/161/41
f 55/168/42 52/167/42 51/166/42 56/165/42
o cube
v 0.4000304830080126 0.20755717709964283 -0.22344473810477716
v 0.4000304830080126 0.20755717709964283 -0.22344473810477716
v 0.34592057952348676 0.36444492129042616 -0.03647320533140913
v 0.34592057952348676 0.36444492129042616 -0.03647320533140913
v 0.1559564812280292 0.17277600157845519 -0.26489532898680235
v 0.1559564812280292 0.17277600157845519 -0.26489532898680235
v 0.10184657774350347 0.3296637457692385 -0.07792379621343432
v 0.10184657774350347 0.3296637457692385 -0.07792379621343432
vt 0 1
vt 1 1
vt 1 0
vt 0 0
vt 0 1
vt 0 1
vt 0 0.75
vt 0 0.75
vt 0 1
vt 0.25 1
vt 0.25 0.8125
vt 0 0.8125
vt 0 1
vt 0 1
vt 0 0.75
vt 0 0.75
vt 0 1
vt 0.25 1
vt 0.25 1
vt 0 1
vt 0 1
vt 0.25 1
vt 0.25 1
vt 0 1
vn 0 -0.766044443118979 0.642787609686538
vn 0.9762960071199334 0.13912470208475036 0.1658023635281008
vn 0 0.766044443118979 -0.642787609686538
vn -0.9762960071199334 -0.13912470208475036 -0.1658023635281008
vn 0.21643961393810288 -0.6275509767631334 -0.7478861310934722
vn -0.21643961393810288 0.6275509767631334 0.7478861310934722
g Leaf
f 60/172/43 63/171/43 61/170/43 58/169/43
f 59/176/44 60/175/44 58/174/44 57/173/44
f 64/180/45 59/179/45 57/178/45 62/177/45
f 63/184/46 64/183/46 62/182/46 61/181/46
f 62/188/47 57/187/47 58/186/47 61/185/47
f 63/192/48 60/191/48 59/190/48 64/189/48
o cube
v 0.38182709864803455 -0.2782657986023599 -0.2536501316706317
v 0.38182709864803455 -0.2782657986023599 -0.2536501316706317
v 0.3601210764396682 -0.1167256543622246 -0.06408845200207036
v 0.3601210764396682 -0.1167256543622246 -0.06408845200207036
v 0.13372612952150842 -0.2756436787952292 -0.2842937869061881
v 0.13372612952150842 -0.2756436787952292 -0.2842937869061881
v 0.11202010731314216 -0.11410353455509403 -0.09473210723762682
v 0.11202010731314216 -0.11410353455509403 -0.09473210723762682
vt 0 1
vt 1 1
vt 1 0
vt 0 0
vt 0 1
vt 0 1
vt 0 0.75
vt 0 0.75
vt 0 1
vt 0.25 1
vt 0.25 0.8125
vt 0 0.8125
vt 0 1
vt 0 1
vt 0 0.75
vt 0 0.75
vt 0 1
vt 0.25 1
vt 0.25 1
vt 0 1
vt 0 1
vt 0.25 1
vt 0.25 1
vt 0 1
vn -0.08715574274765832 -0.7631294127377702 0.6403416087687962
vn 0.9924038765061041 -0.010488479228522547 0.12257462094222565
vn 0.08715574274765832 0.7631294127377702 -0.6403416087687962
vn -0.9924038765061041 0.010488479228522547 -0.12257462094222565
vn 0.0868240888334652 -0.6461605769605407 -0.7582467186742451
vn -0.0868240888334652 0.6461605769605407 0.7582467186742451
g Leaf
f 68/196/49 71/195/49 69/194/49 66/193/49
f 67/200/50 68/199/50 66/198/50 65/197/50
f 72/204/51 67/203/51 65/202/51 70/201/51
f 71/208/52 72/207/52 70/206/52 69/205/52
f 70/212/53 65/211/53 66/210/53 69/209/53
f 71/216/54 68/215/54 67/214/54 72/213/54
o cube
v 0.28125 -0.17457949099581282 -0.2899265284544138
v 0.28125 -0.17457949099581282 -0.2899265284544138
v 0.28125 -0.013882588574178012 -0.09841541767466921
v 0.28125 -0.013882588574178012 -0.09841541767466921
v 0.03125 -0.17457949099581282 -0.2899265284544138
v 0.03125 -0.17457949099581282 -0.2899265284544138
v 0.03125 -0.013882588574178012 -0.09841541767466921
v 0.03125 -0.013882588574178012 -0.09841541767466921
vt 0 1
vt 1 1
vt 1 0
vt 0 0
vt 0 1
vt 0 1
vt 0 0.75
vt 0 0.75
vt 0 1
vt 0.25 1
vt 0.25 0.8125
vt 0 0.8125
vt 0 1
vt 0 1
vt 0 0.75
vt 0 0.75
vt 0 1
vt 0.25 1
vt 0.25 1
vt 0 1
vt 0 1
vt 0.25 1
vt 0.25 1
vt 0 1
vn 0 -0.766044443118978 0.6427876096865393
vn 1 0 0
vn 0 0.766044443118978 -0.6427876096865393
vn -1 0 0
vn 0 -0.6427876096865393 -0.766044443118978
vn 0 0.6427876096865393 0.766044443118978
g Leaf
f 76/220/55 79/219/55 77/218/55 74/217/55
f 75/224/56 76/223/56 74/222/56 73/221/56
f 80/228/57 75/227/57 73/226/57 78/225/57
f 79/232/58 80/231/58 78/230/58 77/229/58
f 78/236/59 73/235/59 74/234/59 77/233/59
f 79/240/60 76/239/60 75/238/60 80/237/60
o cube
v 0.3964255315519777 -0.10373382106392015 -0.1764366085631932
v 0.3964255315519777 -0.10373382106392015 -0.1764366085631932
v 0.33310701471054727 0.08149136418383018 -0.02092970783226744
v 0.33310701471054727 0.08149136418383018 -0.02092970783226744
v 0.16612057312763484 -0.10084303982979848 -0.27365424846983855
v 0.16612057312763484 -0.10084303982979848 -0.27365424846983855
v 0.10280205628620442 0.08438214541795186 -0.11814734773891278
v 0.10280205628620442 0.08438214541795186 -0.11814734773891278
vt 0 1
vt 1 1
vt 1 0
vt 0 0
vt 0 1
vt 0 1
vt 0 0.75
vt 0 0.75
vt 0 1
vt 0.25 1
vt 0.25 0.8125
vt 0 0.8125
vt 0 1
vt 0 1
vt 0 0.75
vt 0 0.75
vt 0 1
vt 0.25 1
vt 0.25 1
vt 0 1
vt 0 1
vt 0.25 1
vt 0.25 1
vt 0 1
vn -0.29530706866346984 -0.6715149932359572 0.6796038177178682
vn 0.9212198336973716 -0.011563124936486735 0.3888705596265814
vn 0.29530706866346984 0.6715149932359572 -0.6796038177178682
vn -0.9212198336973716 0.011563124936486735 -0.3888705596265814
vn 0.25327406736572167 -0.7409007409910019 -0.6220276029237033
vn -0.25327406736572167 0.7409007409910019 0.6220276029237033
g Leaf
f 84/244/61 87/243/61 85/242/61 82/241/61
f 83/248/62 84/247/62 82/246/62 81/245/62
f 88/252/63 83/251/63 81/250/63 86/249/63
f 87/256/64 88/255/64 86/254/64 85/253/64
f 86/260/65 81/259/65 82/258/65 85/257/65
f 87/264/66 84/263/66 83/262/66 88/261/66
o cube
v 0.24426228347804024 -0.45550311357493733 -0.24806164254470386
v 0.24426228347804024 -0.45550311357493733 -0.24806164254470386
v 0.30841348655118295 -0.27661254890205966 -0.08563384623111908
v 0.30841348655118295 -0.27661254890205966 -0.08563384623111908
v 0.0027808269057731927 -0.4139116947392367 -0.19849491972616723
v 0.0027808269057731927 -0.4139116947392367 -0.19849491972616723
v 0.06693202997891601 -0.23502113006635905 -0.0360671234125825
v 0.06693202997891601 -0.23502113006635905 -0.0360671234125825
vt 0 1
vt 1 1
vt 1 0
vt 0 0
vt 0 1
vt 0 1
vt 0 0.75
vt 0 0.75
vt 0 1
vt 0.25 1
vt 0.25 0.8125
vt 0 0.8125
vt 0 1
vt 0 1
vt 0 0.75
vt 0 0.75
vt 0 1
vt 0.25 1
vt 0.25 1
vt 0 1
vt 0 1
vt 0.25 1
vt 0.25 1
vt 0 1
vn 0.03378266443126179 -0.678449051885281 0.7338702988811361
vn 0.9659258262890683 -0.16636567534280233 -0.19826689127414643
vn -0.03378266443126179 0.678449051885281 -0.7338702988811361
vn -0.9659258262890683 0.16636567534280233 0.19826689127414643
vn -0.2566048122925711 -0.7155622586915108 -0.6497111852543388
vn 0.2566048122925711 0.7155622586915108 0.6497111852543388
g Leaf
f 92/268/67 95/267/67 93/266/67 90/265/67
f 91/272/68 92/271/68 90/270/68 89/269/68
f 96/276/69 91/275/69 89/274/69 94/273/69
f 95/280/70 96/279/70 94/278/70 93/277/70
f 94/284/71 89/283/71 90/282/71 93/281/71
f 95/288/72 92/287/72 91/286/72 96/285/72
o cube
v 0.125 -0.18847482344192867 -0.2578699712279754
v 0.125 -0.18847482344192867 -0.2578699712279754
v 0.125 -0.02777792102029386 -0.06635886044823086
v 0.125 -0.02777792102029386 -0.06635886044823086
v -0.125 -0.18847482344192867 -0.2578699712279754
v -0.125 -0.18847482344192867 -0.2578699712279754
v -0.125 -0.02777792102029386 -0.06635886044823086
v -0.125 -0.02777792102029386 -0.06635886044823086
vt 0 1
vt 1 1
vt 1 0
vt 0 0
vt 0 1
vt 0 1
vt 0 0.75
vt 0 0.75
vt 0 1
vt 0.25 1
vt 0.25 0.8125
vt 0 0.8125
vt 0 1
vt 0 1
vt 0 0.75
vt 0 0.75
vt 0 1
vt 0.25 1
vt 0.25 1
vt 0 1
vt 0 1
vt 0.25 1
vt 0.25 1
vt 0 1
vn 0 -0.766044443118978 0.6427876096865393
vn 1 0 0
vn 0 0.766044443118978 -0.6427876096865393
vn -1 0 0
vn 0 -0.6427876096865393 -0.766044443118978
vn 0 0.6427876096865393 0.766044443118978
g Leaf
f 100/292/73 103/291/73 101/290/73 98/289/73
f 99/296/74 100/295/74 98/294/74 97/293/74
f 104/300/75 99/299/75 97/298/75 102/297/75
f 103/304/76 104/303/76 102/302/76 101/301/76
f 102/308/77 97/307/77 98/306/77 101/305/77
f 103/312/78 100/311/78 99/310/78 104/309/78
o cube
v 0.328125 0.0053762916496404856 -0.3185454259255313
v 0.328125 0.0053762916496404856 -0.3185454259255313
v 0.328125 0.1660731940712754 -0.12703431514578678
v 0.328125 0.1660731940712754 -0.12703431514578678
v 0.078125 0.0053762916496404856 -0.3185454259255313
v 0.078125 0.0053762916496404856 -0.3185454259255313
v 0.078125 0.1660731940712754 -0.12703431514578678
v 0.078125 0.1660731940712754 -0.12703431514578678
vt 0 1
vt 1 1
vt 1 0
vt 0 0
vt 0 1
vt 0 1
vt 0 0.75
vt 0 0.75
vt 0 1
vt 0.25 1
vt 0.25 0.8125
vt 0 0.8125
vt 0 1
vt 0 1
vt 0 0.75
vt 0 0.75
vt 0 1
vt 0.25 1
vt 0.25 1
vt 0 1
vt 0 1
vt 0.25 1
vt 0.25 1
vt 0 1
vn 0 -0.766044443118978 0.6427876096865393
vn 1 0 0
vn 0 0.766044443118978 -0.6427876096865393
vn -1 0 0
vn 0 -0.6427876096865393 -0.766044443118978
vn 0 0.6427876096865393 0.766044443118978
g Leaf
f 108/316/79 111/315/79 109/314/79 106/313/79
f 107/320/80 108/319/80 106/318/80 105/317/80
f 112/324/81 107/323/81 105/322/81 110/321/81
f 111/328/82 112/327/82 110/326/82 109/325/82
f 110/332/83 105/331/83 106/330/83 109/329/83
f 111/336/84 108/335/84 107/334/84 112/333/84
o cube
v 0.01729985354893182 -0.058516257067991795 -0.44667845737068046
v 0.01729985354893182 -0.058516257067991795 -0.44667845737068046
v 0.01729985354893193 0.03715460102328094 -0.21570857424285889
v 0.01729985354893193 0.03715460102328094 -0.21570857424285889
v -0.22677414823105146 -0.008525224732477188 -0.4673854209610826
v -0.22677414823105146 -0.008525224732477188 -0.4673854209610826
v -0.22677414823105146 0.08714563335879555 -0.23641553783326097
v -0.22677414823105146 0.08714563335879555 -0.23641553783326097
vt 0 1
vt 1 1
vt 1 0
vt 0 0
vt 0 1
vt 0 1
vt 0 0.75
vt 0 0.75
vt 0 1
vt 0.25 1
vt 0.25 0.8125
vt 0 0.8125
vt 0 1
vt 0 1
vt 0 0.75
vt 0 0.75
vt 0 1
vt 0.25 1
vt 0.25 1
vt 0 1
vt 0 1
vt 0.25 1
vt 0.25 1
vt 0 1
vn -0.21643961393810335 -0.9019798986505995 0.3736123070089894
vn 0.9762960071199334 -0.1999641293420583 0.08282785436160847
vn 0.21643961393810335 0.9019798986505995 -0.3736123070089894
vn -0.9762960071199334 0.1999641293420583 -0.08282785436160847
vn 0 -0.382683432365091 -0.9238795325112862
vn 0 0.382683432365091 0.9238795325112862
g Leaf
f 116/340/85 119/339/85 117/338/85 114/337/85
f 115/344/86 116/343/86 114/342/86 113/341/86
f 120/348/87 115/347/87 113/346/87 118/345/87
f 119/352/88 120/351/88 118/350/88 117/349/88
f 118/356/89 113/355/89 114/354/89 117/353/89
f 119/360/90 116/359/90 115/358/90 120/357/90
o cube
v -0.14669285357230838 -0.07594275294219943 -0.42453635621476044
v -0.14669285357230838 -0.07594275294219943 -0.42453635621476044
v -0.06118781774089077 0.07506294044656303 -0.24457477861652127
v -0.06118781774089077 0.07506294044656303 -0.24457477861652127
v -0.3674484089621804 -0.08979642160372936 -0.3080242940532585
v -0.3674484089621804 -0.08979642160372936 -0.3080242940532585
v -0.2819433731307628 0.061209271785033215 -0.12806271645501932
v -0.2819433731307628 0.061209271785033215 -0.12806271645501932
vt 0 1
vt 1 1
vt 1 0
vt 0 0
vt 0 1
vt 0 1
vt 0 0.75
vt 0 0.75
vt 0 1
vt 0.25 1
vt 0.25 0.8125
vt 0 0.8125
vt 0 1
vt 0 1
vt 0 0.75
vt 0 0.75
vt 0 1
vt 0.25 1
vt 0.25 1
vt 0 1
vt 0 1
vt 0.25 1
vt 0.25 1
vt 0 1
vn 0.3213938048432704 -0.7950381769831746 0.5144125964122926
vn 0.8830222215594881 0.05541467464611946 -0.4660482486460077
vn -0.3213938048432704 0.7950381769831746 -0.5144125964122926
vn -0.8830222215594881 -0.05541467464611946 0.4660482486460077
vn -0.34202014332567043 -0.60402277355505 -0.7198463103929564
vn 0.34202014332567043 0.60402277355505 0.7198463103929564
g Leaf
f 124/364/91 127/363/91 125/362/91 122/361/91
f 123/368/92 124/367/92 122/366/92 121/365/92
f 128/372/93 123/371/93 121/370/93 126/369/93
f 127/376/94 128/375/94 126/374/94 125/373/94
f 126/380/95 121/379/95 122/378/95 125/377/95
f 127/384/96 124/383/96 123/382/96 128/381/96
o cube
v 0.11028739961873546 -0.5107623743829238 -0.20891674695560486
v 0.11028739961873546 -0.5107623743829238 -0.20891674695560486
v 0.13207633530565 -0.28504762131163064 -0.10366422903989608
v 0.13207633530565 -0.28504762131163064 -0.10366422903989608
v -0.13876127490420087 -0.4910148922986324 -0.19970834483042116
v -0.13876127490420087 -0.4910148922986324 -0.19970834483042116
v -0.11697233921728634 -0.2653001392273392 -0.09445582691471238
v -0.11697233921728634 -0.2653001392273392 -0.09445582691471238
vt 0 1
vt 1 1
vt 1 0
vt 0 0
vt 0 1
vt 0 1
vt 0 0.75
vt 0 0.75
vt 0 1
vt 0.25 1
vt 0.25 0.8125
vt 0 0.8125
vt 0 1
vt 0 1
vt 0 0.75
vt 0 0.75
vt 0 1
vt 0.25 1
vt 0.25 1
vt 0 1
vt 0 1
vt 0.25 1
vt 0.25 1
vt 0 1
vn 0 -0.4226182617407 0.9063077870366497
vn 0.9961946980917455 -0.07898992833716564 -0.03683360850073491
vn 0 0.4226182617407 -0.9063077870366497
vn -0.9961946980917455 0.07898992833716564 0.03683360850073491
vn -0.0871557427476582 -0.9028590122851734 -0.42101007166283494
vn 0.0871557427476582 0.9028590122851734 0.42101007166283494
g Leaf
f 132/388/97 135/387/97 133/386/97 130/385/97
f 131/392/98 132/391/98 130/390/98 129/389/98
f 136/396/99 131/395/99 129/394/99 134/393/99
f 135/400/100 136/399/100 134/398/100 133/397/100
f 134/404/101 129/403/101 130/402/101 133/401/101
f 135/408/102 132/407/102 131/406/102 136/405/102
o cube
v 0.22855572572202076 0.11993711554383979 -0.20847333899935339
v 0.22855572572202076 0.11993711554383979 -0.20847333899935339
v 0.16385096444639047 0.2751584037975503 -0.023487811075890763
v 0.16385096444639047 0.2751584037975503 -0.023487811075890763
v -0.00720165612298912 0.12078217028611826 -0.291646308094299
v -0.00720165612298912 0.12078217028611826 -0.291646308094299
v -0.07190641739861936 0.276003458539829 -0.10666078017083636
v -0.07190641739861936 0.276003458539829 -0.10666078017083636
vt 0 1
vt 1 1
vt 1 0
vt 0 0
vt 0 1
vt 0 1
vt 0 0.75
vt 0 0.75
vt 0 1
vt 0.25 1
vt 0.25 0.8125
vt 0 0.8125
vt 0 1
vt 0 1
vt 0 0.75
vt 0 0.75
vt 0 1
vt 0.25 1
vt 0.25 1
vt 0 1
vt 0 1
vt 0.25 1
vt 0.25 1
vt 0 1
vn -0.20906461293485032 -0.7838942536372214 0.5846381673590467
vn 0.9430295273800393 -0.0033802189691143347 0.3326918763797825
vn 0.20906461293485032 0.7838942536372214 -0.5846381673590467
vn -0.9430295273800393 0.0033802189691143347 -0.3326918763797825
vn 0.25881904510252113 -0.6208851530148425 -0.7399421116938506
vn -0.25881904510252113 0.6208851530148425 0.7399421116938506
g Leaf
f 140/412/103 143/411/103 141/410/103 138/409/103
f 139/416/104 140/415/104 138/414/104 137/413/104
f 144/420/105 139/419/105 137/418/105 142/417/105
f 143/424/106 144/423/106 142/422/106 141/421/106
f 142/428/107 137/427/107 138/426/107 141/425/107
f 143/432/108 140/431/108 139/430/108 144/429/108
o cube
v 0.45312062533457576 -0.0035350433733213893 -0.16457619474681506
v 0.45312062533457576 -0.0035350433733213893 -0.16457619474681506
v 0.3301671057682172 0.17774927850751165 -0.044083760683710116
v 0.3301671057682172 0.17774927850751165 -0.044083760683710116
v 0.24340745351049453 -0.06510258083042064 -0.28594268062719347
v 0.24340745351049453 -0.06510258083042064 -0.28594268062719347
v 0.12045393394413595 0.11618174105041246 -0.16545024656408858
v 0.12045393394413595 0.11618174105041246 -0.16545024656408858
vt 0 1
vt 1 1
vt 1 0
vt 0 0
vt 0 1
vt 0 1
vt 0 0.75
vt 0 0.75
vt 0 1
vt 0.25 1
vt 0.25 0.8125
vt 0 0.8125
vt 0 1
vt 0 1
vt 0 0.75
vt 0 0.75
vt 0 1
vt 0.25 1
vt 0.25 1
vt 0 1
vt 0 1
vt 0.25 1
vt 0.25 1
vt 0 1
vn -0.2333346983105091 -0.6430605939931353 0.7294024890398579
vn 0.8388526872963249 0.246270149828397 0.4854659435215135
vn 0.2333346983105091 0.6430605939931353 -0.7294024890398579
vn -0.8388526872963249 -0.246270149828397 -0.4854659435215135
vn 0.491814078265434 -0.7251372875233315 -0.48196973625241946
vn -0.491814078265434 0.7251372875233315 0.48196973625241946
g Leaf
f 148/436/109 151/435/109 149/434/109 146/433/109
f 147/440/110 148/439/110 146/438/110 145/437/110
f 152/444/111 147/443/111 145/442/111 150/441/111
f 151/448/112 152/447/112 150/446/112 149/445/112
f 150/452/113 145/451/113 146/450/113 149/449/113
f 151/456/114 148/455/114 147/454/114 152/453/114
o cube
v -0.22176331620806616 0.014480556548304713 -0.3350332222167908
v -0.22176331620806616 0.014480556548304713 -0.3350332222167908
v -0.07174024524652639 0.16975334475924186 -0.2090037041645889
v -0.07174024524652639 0.16975334475924186 -0.2090037041645889
v -0.3675524495443737 -0.00844665102148523 -0.13324156789456643
v -0.3675524495443737 -0.00844665102148523 -0.13324156789456643
v -0.217529378582834 0.14682613718945192 -0.007212049842364565
v -0.217529378582834 0.14682613718945192 -0.007212049842364565
vt 0 1
vt 1 1
vt 1 0
vt 0 0
vt 0 1
vt 0 1
vt 0 0.75
vt 0 0.75
vt 0 1
vt 0.25 1
vt 0.25 0.8125
vt 0 0.8125
vt 0 1
vt 0 1
vt 0 0.75
vt 0 0.75
vt 0 1
vt 0.25 1
vt 0.25 1
vt 0 1
vt 0 1
vt 0.25 1
vt 0.25 1
vt 0 1
vn 0.5475561235938049 -0.7783542061992418 0.30715960217267224
vn 0.5831565333452303 0.09170883027915998 -0.8071666172888974
vn -0.5475561235938049 0.7783542061992418 -0.30715960217267224
vn -0.5831565333452303 -0.09170883027915998 0.8071666172888974
vn -0.600092283846159 -0.6210911528437485 -0.5041180722088074
vn 0.600092283846159 0.6210911528437485 0.5041180722088074
g Leaf
f 156/460/115 159/459/115 157/458/115 154/457/115
f 155/464/116 156/463/116 154/462/116 153/461/116
f 160/468/117 155/467/117 153/466/117 158/465/117
f 159/472/118 160/471/118 158/470/118 157/469/118
f 158/476/119 153/475/119 154/474/119 157/473/119
f 159/480/120 156/479/120 155/478/120 160/477/120
o cube
v 0.25949141975092216 -0.34539088322522304 -0.2907048996688165
v 0.25949141975092216 -0.34539088322522304 -0.2907048996688165
v 0.35523915976950926 -0.19563132487587087 -0.1149082985516729
v 0.35523915976950926 -0.19563132487587087 -0.1149082985516729
v 0.028553411924343797 -0.2832319664692251 -0.21787698188441096
v 0.028553411924343797 -0.2832319664692251 -0.21787698188441096
v 0.12430115194293079 -0.13347240811987304 -0.042080380767267334
v 0.12430115194293079 -0.13347240811987304 -0.042080380767267334
vt 0 1
vt 1 1
vt 1 0
vt 0 0
vt 0 1
vt 0 1
vt 0 0.75
vt 0 0.75
vt 0 1
vt 0.25 1
vt 0.25 0.8125
vt 0 0.8125
vt 0 1
vt 0 1
vt 0 0.75
vt 0 0.75
vt 0 1
vt 0.25 1
vt 0.25 1
vt 0 1
vt 0 1
vt 0.25 1
vt 0.25 1
vt 0 1
vn -0.00033039187091807304 -0.7611396061246893 0.6485879977532459
vn 0.9237520313063139 -0.24863566702399123 -0.2913116711376222
vn 0.00033039187091807304 0.7611396061246893 -0.6485879977532459
vn -0.9237520313063139 0.24863566702399123 0.2913116711376222
vn -0.3829909600743481 -0.5990382333974082 -0.7031864044685745
vn 0.3829909600743481 0.5990382333974082 0.7031864044685745
g Leaf
f 164/484/121 167/483/121 165/482/121 162/481/121
f 163/488/122 164/487/122 162/486/122 161/485/122
f 168/492/123 163/491/123 161/490/123 166/489/123
f 167/496/124 168/495/124 166/494/124 165/493/124
f 166/500/125 161/499/125 162/498/125 165/497/125
f 167/504/126 164/503/126 163/502/126 168/501/126
o cube
v 0.29059574489933304 -0.5639278223139277 -0.16474708253991704
v 0.29059574489933304 -0.5639278223139277 -0.16474708253991704
v 0.27969089805799907 -0.3375665266027392 -0.05919307683990144
v 0.27969089805799907 -0.3375665266027392 -0.05919307683990144
v 0.040833689503868564 -0.5738109699226708 -0.16935566995655021
v 0.040833689503868564 -0.5738109699226708 -0.16935566995655021
v 0.029928842662534594 -0.3474496742114823 -0.06380166425653461
v 0.029928842662534594 -0.3474496742114823 -0.06380166425653461
vt 0 1
vt 1 1
vt 1 0
vt 0 0
vt 0 1
vt 0 1
vt 0 0.75
vt 0 0.75
vt 0 1
vt 0.25 1
vt 0.25 0.8125
vt 0 0.8125
vt 0 1
vt 0 1
vt 0 0.75
vt 0 0.75
vt 0 1
vt 0.25 1
vt 0.25 1
vt 0 1
vt 0 1
vt 0.25 1
vt 0.25 1
vt 0 1
vn 0 -0.4226182617407001 0.9063077870366498
vn 0.9990482215818578 0.039532590434972044 0.018434349666532592
vn 0 0.4226182617407001 -0.9063077870366498
vn -0.9990482215818578 -0.039532590434972044 -0.018434349666532592
vn 0.04361938736533599 -0.905445182844754 -0.4222160228000625
vn -0.04361938736533599 0.905445182844754 0.4222160228000625
g Leaf
f 172/508/127 175/507/127 173/506/127 170/505/127
f 171/512/128 172/511/128 170/510/128 169/509/128
f 176/516/129 171/515/129 169/514/129 174/513/129
f 175/520/130 176/519/130 174/518/130 173/517/130
f 174/524/131 169/523/131 170/522/131 173/521/131
f 175/528/132 172/527/132 171/526/132 176/525/132
o cube
v 0.0625 -0.12591075450556732 -0.0865875001922567
v 0.0625 -0.12591075450556732 -0.0865875001922567
v 0.0625 -0.36083390970204454 -0.0010824643608394746
v 0.0625 -0.36083390970204454 -0.0010824643608394746
v -0.0625 -0.12591075450556732 -0.0865875001922567
v -0.0625 -0.12591075450556732 -0.0865875001922567
v -0.0625 -0.36083390970204454 -0.0010824643608394746
v -0.0625 -0.36083390970204454 -0.0010824643608394746
vt 0 1
vt 0.03125 1
vt 0.03125 0.21875
vt 0 0.21875
vt 0 1
vt 0 1
vt 0 0.125
vt 0 0.125
vt 0.375 0.3125
vt 0.53125 0.3125
vt 0.53125 0
vt 0.375 0
vt 0 1
vt 0 1
vt 0 0.125
vt 0 0.125
vt 0 1
vt 0.4375 1
vt 0.4375 1
vt 0 1
vt 0 1
vt 0.4375 1
vt 0.4375 1
vt 0 1
vn 0 -0.34202014332566866 -0.9396926207859084
vn 1 0 0
vn 0 0.34202014332566866 0.9396926207859084
vn -1 0 0
vn 0 0.9396926207859084 -0.34202014332566866
vn 0 -0.9396926207859084 0.34202014332566866
g Stem
f 180/532/133 183/531/133 181/530/133 178/529/133
f 179/536/134 180/535/134 178/534/134 177/533/134
f 184/540/135 179/539/135 177/538/135 182/537/135
f 183/544/136 184/543/136 182/542/136 181/541/136
f 182/548/137 177/547/137 178/546/137 181/545/137
f 183/552/138 180/551/138 179/550/138 184/549/138
o cube
v 0.0625 0.11816324727441574 -0.03247759670773087
v 0.0625 0.11816324727441574 -0.03247759670773087
v 0.0625 -0.1259107545055676 -0.08658750019225658
v 0.0625 -0.1259107545055676 -0.08658750019225658
v -0.0625 0.11816324727441574 -0.03247759670773087
v -0.0625 0.11816324727441574 -0.03247759670773087
v -0.0625 -0.1259107545055676 -0.08658750019225658
v -0.0625 -0.1259107545055676 -0.08658750019225658
vt 0 1
vt 0.03125 1
vt 0.03125 0.21875
vt 0 0.21875
vt 0 1
vt 0 1
vt 0 0.125
vt 0 0.125
vt 0.375 0.625
vt 0.53125 0.625
vt 0.53125 0.3125
vt 0.375 0.3125
vt 0 1
vt 0 1
vt 0 0.125
vt 0 0.125
vt 0 1
vt 0.4375 1
vt 0.4375 1
vt 0 1
vt 0 1
vt 0.4375 1
vt 0.4375 1
vt 0 1
vn 0 0.21643961393810285 -0.9762960071199335
vn 1 0 0
vn 0 -0.21643961393810285 0.9762960071199335
vn -1 0 0
vn 0 0.9762960071199335 0.21643961393810285
vn 0 -0.9762960071199335 -0.21643961393810285
g Stem
f 188/556/139 191/555/139 189/554/139 186/553/139
f 187/560/140 188/559/140 186/558/140 185/557/140
f 192/564/141 187/563/141 185/562/141 190/561/141
f 191/568/142 192/567/142 190/566/142 189/565/142
f 190/572/143 185/571/143 186/570/143 189/569/143
f 191/576/144 188/575/144 187/574/144 192/573/144
o cube
v 0.0625 0.24020024816440744 -0.05953254844999373
v 0.0625 0.24020024816440744 -0.05953254844999373
v 0.0625 0.11816324727441585 -0.03247759670773087
v 0.0625 0.11816324727441585 -0.03247759670773087
v -0.0625 0.24020024816440744 -0.05953254844999373
v -0.0625 0.24020024816440744 -0.05953254844999373
v -0.0625 0.11816324727441585 -0.03247759670773087
v -0.0625 0.11816324727441585 -0.03247759670773087
vt 0 1
vt 0.03125 1
vt 0.03125 0.21875
vt 0 0.21875
vt 0 1
vt 0 1
vt 0 0.125
vt 0 0.125
vt 0.375 0.78125
vt 0.53125 0.78125
vt 0.53125 0.625
vt 0.375 0.625
vt 0 1
vt 0 1
vt 0 0.125
vt 0 0.125
vt 0 1
vt 0.4375 1
vt 0.4375 1
vt 0 1
vt 0 1
vt 0.4375 1
vt 0.4375 1
vt 0 1
vn 0 -0.21643961393810285 -0.9762960071199334
vn 1 0 0
vn 0 0.21643961393810285 0.9762960071199334
vn -1 0 0
vn 0 0.9762960071199334 -0.21643961393810285
vn 0 -0.9762960071199334 0.21643961393810285
g Stem
f 196/580/145 199/579/145 197/578/145 194/577/145
f 195/584/146 196/583/146 194/582/146 193/581/146
f 200/588/147 195/587/147 193/586/147 198/585/147
f 199/592/148 200/591/148 198/590/148 197/589/148
f 198/596/149 193/595/149 194/594/149 197/593/149
f 199/600/150 196/599/150 195/598/150 200/597/150
o cube
v 0.0625 0.36223724905439925 -0.03247759670773087
v 0.0625 0.36223724905439925 -0.03247759670773087
v 0.0625 0.24020024816440744 -0.05953254844999373
v 0.0625 0.24020024816440744 -0.05953254844999373
v -0.0625 0.36223724905439925 -0.03247759670773087
v -0.0625 0.36223724905439925 -0.03247759670773087
v -0.0625 0.24020024816440744 -0.05953254844999373
v -0.0625 0.24020024816440744 -0.05953254844999373
vt 0 1
vt 0.03125 1
vt 0.03125 0.21875
vt 0 0.21875
vt 0 1
vt 0 1
vt 0 0.125
vt 0 0.125
vt 0.375 0.9375
vt 0.53125 0.9375
vt 0.53125 0.78125
vt 0.375 0.78125
vt 0 1
vt 0 1
vt 0 0.125
vt 0 0.125
vt 0 1
vt 0.4375 1
vt 0.4375 1
vt 0 1
vt 0 1
vt 0.4375 1
vt 0.4375 1
vt 0 1
vn 0 0.21643961393810285 -0.9762960071199335
vn 1 0 0
vn 0 -0.21643961393810285 0.9762960071199335
vn -1 0 0
vn 0 0.9762960071199335 0.21643961393810285
vn 0 -0.9762960071199335 -0.21643961393810285
g Stem
f 204/604/151 207/603/151 205/602/151 202/601/151
f 203/608/152 204/607/152 202/606/152 201/605/152
f 208/612/153 203/611/153 201/610/153 206/609/153
f 207/616/154 208/615/154 206/614/154 205/613/154
f 206/620/155 201/619/155 202/618/155 205/617/155
f 207/624/156 204/623/156 203/622/156 208/621/156
o cube
v 0.0625 0.42449941768513333 -0.03792483062945956
v 0.0625 0.42449941768513333 -0.03792483062945956
v 0.0625 0.36223724905439925 -0.03247759670773093
v 0.0625 0.36223724905439925 -0.03247759670773093
v -0.0625 0.42449941768513333 -0.03792483062945956
v -0.0625 0.42449941768513333 -0.03792483062945956
v -0.0625 0.36223724905439925 -0.03247759670773093
v -0.0625 0.36223724905439925 -0.03247759670773093
vt 0 1
vt 0.03125 1
vt 0.03125 0.21875
vt 0 0.21875
vt 0 1
vt 0 1
vt 0 0.125
vt 0 0.125
vt 0.375 1
vt 0.53125 1
vt 0.53125 0.9375
vt 0.375 0.9375
vt 0 1
vt 0 1
vt 0 0.125
vt 0 0.125
vt 0 1
vt 0.4375 1
vt 0.4375 1
vt 0 1
vt 0 1
vt 0.4375 1
vt 0.4375 1
vt 0 1
vn 0 -0.08715574274765818 -0.9961946980917457
vn 1 0 0
vn 0 0.08715574274765818 0.9961946980917457
vn -1 0 0
vn 0 0.9961946980917457 -0.08715574274765818
vn 0 -0.9961946980917457 0.08715574274765818
g Stem
f 212/628/157 215/627/157 213/626/157 210/625/157
f 211/632/158 212/631/158 210/630/158 209/629/158
f 216/636/159 211/635/159 209/634/159 214/633/159
f 215/640/160 216/639/160 214/638/160 213/637/160
f 214/644/161 209/643/161 210/642/161 213/641/161
f 215/648/162 212/647/162 211/646/162 216/645/162
o cube
v -0.13832420515487143 0.24084216158292515 -0.09617431307980273
v -0.13832420515487143 0.24084216158292515 -0.09617431307980273
v -0.11219112853801527 0.12166447403116731 -0.12335410513848333
v -0.11219112853801527 0.12166447403116731 -0.12335410513848333
v -0.26036120604486307 0.21381296015983442 -0.09499419265960651
v -0.26036120604486307 0.21381296015983442 -0.09499419265960651
v -0.23422812942800691 0.09463527260807658 -0.12217398471828711
v -0.23422812942800691 0.09463527260807658 -0.12217398471828711
vt 0 1
vt 0.03125 1
vt 0.03125 0.21875
vt 0 0.21875
vt 0 1
vt 0 1
vt 0 0.125
vt 0 0.125
vt 0.375 0.9375
vt 0.53125 0.9375
vt 0.53125 0.78125
vt 0.375 0.78125
vt 0 1
vt 0 1
vt 0 0.125
vt 0 0.125
vt 0 1
vt 0.4375 1
vt 0.4375 1
vt 0 1
vt 0 1
vt 0.4375 1
vt 0.4375 1
vt 0 1
vn -0.05601869420181715 0.21031040833900058 -0.9760284002241976
vn 0.9762960071199335 0.2162336113847253 -0.009440963361569854
vn 0.05601869420181715 -0.21031040833900058 0.9760284002241976
vn -0.9762960071199335 -0.2162336113847253 0.009440963361569854
vn -0.209064612934849 0.9534215004140628 0.21743833646944455
vn 0.209064612934849 -0.9534215004140628 -0.21743833646944455
g Stem
f 220/652/163 223/651/163 221/650/163 218/649/163
f 219/656/164 220/655/164 218/654/164 217/653/164
f 224/660/165 219/659/165 217/658/165 222/657/165
f 223/664/166 224/663/166 222/662/166 221/661/166
f 222/668/167 217/667/167 218/666/167 221/665/167
f 223/672/168 220/671/168 219/670/168 224/669/168
o cube
v -0.05861355200982821 -0.1186471758998312 -0.0869046348830742
v -0.05861355200982821 -0.1186471758998312 -0.0869046348830742
v -0.007008019853285585 -0.3479239853336094 -0.001646123831642976
v -0.007008019853285585 -0.3479239853336094 -0.001646123831642976
v -0.1806505528998199 -0.14567637732292182 -0.08572451446287799
v -0.1806505528998199 -0.14567637732292182 -0.08572451446287799
v -0.12904502074327728 -0.37495318675670003 -0.00046600341144675816
v -0.12904502074327728 -0.37495318675670003 -0.00046600341144675816
vt 0 1
vt 0.03125 1
vt 0.03125 0.21875
vt 0 0.21875
vt 0 1
vt 0 1
vt 0 0.125
vt 0 0.125
vt 0.375 0.3125
vt 0.53125 0.3125
vt 0.53125 0
vt 0.375 0
vt 0 1
vt 0 1
vt 0 0.125
vt 0 0.125
vt 0 1
vt 0.4375 1
vt 0.4375 1
vt 0 1
vt 0 1
vt 0.4375 1
vt 0.4375 1
vt 0 1
vn 0.06508464715365417 -0.3348989994033889 -0.9400035366441412
vn 0.9762960071199336 0.21623361138472535 -0.00944096336156987
vn -0.06508464715365417 0.3348989994033889 0.9400035366441412
vn -0.9762960071199336 -0.21623361138472535 0.00944096336156987
vn -0.20642212862617046 0.9171072377351128 -0.34103404420572475
vn 0.20642212862617046 -0.9171072377351128 0.34103404420572475
g Stem
f 228/676/169 231/675/169 229/674/169 226/673/169
f 227/680/170 228/679/170 226/678/170 225/677/170
f 232/684/171 227/683/171 225/682/171 230/681/171
f 231/688/172 232/687/172 230/686/172 229/685/172
f 230/692/173 225/691/173 226/690/173 229/689/173
f 231/696/174 228/695/174 227/694/174 232/693/174
o cube
v -0.10293779006545734 0.07484148582843952 -0.23888325082423428
v -0.10293779006545734 0.07484148582843952 -0.23888325082423428
v -0.05861355200982826 -0.11864717589983137 -0.08690463488307415
v -0.05861355200982826 -0.11864717589983137 -0.08690463488307415
v -0.22497479095544898 0.047812284405348904 -0.23770313040403807
v -0.22497479095544898 0.047812284405348904 -0.23770313040403807
v -0.1806505528998199 -0.14567637732292205 -0.08572451446287788
v -0.1806505528998199 -0.14567637732292205 -0.08572451446287788
vt 0 1
vt 0.03125 1
vt 0.03125 0.21875
vt 0 0.21875
vt 0 1
vt 0 1
vt 0 0.125
vt 0 0.125
vt 0.375 0.625
vt 0.53125 0.625
vt 0.53125 0.3125
vt 0.375 0.3125
vt 0 1
vt 0 1
vt 0 0.125
vt 0 0.125
vt 0 1
vt 0.4375 1
vt 0.4375 1
vt 0 1
vt 0 1
vt 0.4375 1
vt 0.4375 1
vt 0 1
vn 0.12414466244781382 -0.5951783176739249 -0.7939463917397414
vn 0.9762960071199336 0.21623361138472535 -0.00944096336156987
vn -0.12414466244781382 0.5951783176739249 0.7939463917397414
vn -0.9762960071199336 -0.21623361138472535 0.00944096336156987
vn -0.17729695222251646 0.7739546469130838 -0.6079144637646405
vn 0.17729695222251646 -0.7739546469130838 0.6079144637646405
g Stem
f 236/700/175 239/699/175 237/698/175 234/697/175
f 235/704/176 236/703/176 234/702/176 233/701/176
f 240/708/177 235/707/177 233/706/177 238/705/177
f 239/712/178 240/711/178 238/710/178 237/709/178
f 238/716/179 233/715/179 234/714/179 237/713/179
f 239/720/180 236/719/180 235/718/180 240/717/180
o cube
v -0.11219112853801527 0.12166447403116731 -0.1233541051384831
v -0.11219112853801527 0.12166447403116731 -0.1233541051384831
v -0.10293779006545739 0.07484148582843975 -0.23888325082423434
v -0.10293779006545739 0.07484148582843975 -0.23888325082423434
v -0.23422812942800697 0.09463527260807669 -0.12217398471828689
v -0.23422812942800697 0.09463527260807669 -0.12217398471828689
v -0.22497479095544903 0.047812284405349015 -0.23770313040403812
v -0.22497479095544903 0.047812284405349015 -0.23770313040403812
vt 0 1
vt 0.03125 1
vt 0.03125 0.21875
vt 0 0.21875
vt 0 1
vt 0 1
vt 0 0.125
vt 0 0.125
vt 0.375 0.78125
vt 0.53125 0.78125
vt 0.53125 0.625
vt 0.375 0.625
vt 0 1
vt 0 1
vt 0 0.125
vt 0 0.125
vt 0 1
vt 0.4375 1
vt 0.4375 1
vt 0 1
vt 0 1
vt 0.4375 1
vt 0.4375 1
vt 0 1
vn -0.2033867080633856 0.9016262656758746 -0.38171183375226486
vn 0.9762960071199335 0.21623361138472533 -0.009440963361569856
vn 0.2033867080633856 -0.9016262656758746 0.38171183375226486
vn -0.9762960071199335 -0.21623361138472533 0.009440963361569856
vn -0.0740267077804631 0.37458390562182065 0.9242331654860092
vn 0.0740267077804631 -0.37458390562182065 -0.9242331654860092
g Stem
f 244/724/181 247/723/181 245/722/181 242/721/181
f 243/728/182 244/727/182 242/726/182 241/725/182
f 248/732/183 243/731/183 241/730/183 246/729/183
f 247/736/184 248/735/184 246/734/184 245/733/184
f 246/740/185 241/739/185 242/738/185 245/737/185
f 247/744/186 244/743/186 243/742/186 248/741/186
o cube
v -0.15183880586641663 0.30162564943519676 -0.10155698640448324
v -0.15183880586641663 0.30162564943519676 -0.10155698640448324
v -0.13832420515487132 0.24084216158292493 -0.09617431307980273
v -0.13832420515487132 0.24084216158292493 -0.09617431307980273
v -0.27387580675640827 0.27459644801210603 -0.10037686598428697
