# Made in Blockbench 4.7.4

o cube
v 0.375 0.506969310233027 -0.33148413457134496
v 0.375 0.5246728204786453 -0.5338361826212308
v 0.375 0.506969310233027 -0.33148413457134496
v 0.375 0.5246728204786453 -0.5338361826212308
v -0.3125 0.5246728204786453 -0.5338361826212308
v -0.3125 0.506969310233027 -0.33148413457134496
v -0.3125 0.5246728204786453 -0.5338361826212308
v -0.3125 0.506969310233027 -0.33148413457134496
vt 0 1
vt 0.28125 1
vt 0.28125 1
vt 0 1
vt 0 1
vt 0.25 1
vt 0.25 1
vt 0 1
vt 0 1
vt 0.28125 1
vt 0.28125 1
vt 0 1
vt 0 1
vt 0.25 1
vt 0.25 1
vt 0 1
vt 0.09375 0.46875
vt 0.875 0.46875
vt 0.875 0.21875
vt 0.09375 0.21875
vt 0 1
vt 0.28125 1
vt 0.28125 0.75
vt 0 0.75
vn 0 0.08715574274765818 -0.9961946980917455
vn 1 0 0
vn 0 -0.08715574274765818 0.9961946980917455
vn -1 0 0
vn 0 0.9961946980917455 0.08715574274765818
vn 0 -0.9961946980917455 -0.08715574274765818
g Frond
f 4/4/1 7/3/1 5/2/1 2/1/1
f 3/8/2 4/7/2 2/6/2 1/5/2
f 8/12/3 3/11/3 1/10/3 6/9/3
f 7/16/4 8/15/4 6/14/4 5/13/4
f 6/20/5 1/19/5 2/18/5 5/17/5
f 7/24/6 4/23/6 3/22/6 8/21/6
o cube
v 0.375 0.4375 -0.140625
v 0.375 0.5069728416130266 -0.3315000635971377
v 0.375 0.4375 -0.140625
v 0.375 0.5069728416130266 -0.3315000635971377
v -0.3125 0.5069728416130266 -0.3315000635971377
v -0.3125 0.4375 -0.140625
v -0.3125 0.5069728416130266 -0.3315000635971377
v -0.3125 0.4375 -0.140625
vt 0 1
vt 0.28125 1
vt 0.28125 1
vt 0 1
vt 0 1
vt 0.25 1
vt 0.25 1
vt 0 1
vt 0 1
vt 0.28125 1
vt 0.28125 1
vt 0 1
vt 0 1
vt 0.25 1
vt 0.25 1
vt 0 1
vt 0.09375 0.21875
vt 0.875 0.21875
vt 0.875 0
vt 0.09375 0
vt 0 1
vt 0.28125 1
vt 0.28125 0.75
vt 0 0.75
vn 0 0.34202014332566866 -0.9396926207859084
vn 1 0 0
vn 0 -0.34202014332566866 0.9396926207859084
vn -1 0 0
vn 0 0.9396926207859084 0.34202014332566866
vn 0 -0.9396926207859084 -0.34202014332566866
g Frond
f 12/28/7 15/27/7 13/26/7 10/25/7
f 11/32/8 12/31/8 10/30/8 9/29/8
f 16/36/9 11/35/9 9/34/9 14/33/9
f 15/40/10 16/39/10 14/38/10 13/37/10
f 14/44/11 9/43/11 10/42/11 13/41/11
f 15/48/12 12/47/12 11/46/12 16/45/12
o cube
v 0.375 0.5246735321627465 -0.5338198823754305
v 0.375 0.48940124607415125 -0.7338589572060353
v 0.375 0.5246735321627465 -0.5338198823754305
v 0.375 0.48940124607415125 -0.7338589572060353
v -0.3125 0.48940124607415125 -0.7338589572060353
v -0.3125 0.5246735321627465 -0.5338198823754305
v -0.3125 0.48940124607415125 -0.7338589572060353
v -0.3125 0.5246735321627465 -0.5338198823754305
vt 0 1
vt 0.28125 1
vt 0.28125 1
vt 0 1
vt 0 1
vt 0.25 1
vt 0.25 1
vt 0 1
vt 0 1
vt 0.28125 1
vt 0.28125 1
vt 0 1
vt 0 1
vt 0.25 1
vt 0.25 1
vt 0 1
vt 0.09375 0.71875
vt 0.875 0.71875
vt 0.875 0.46875
vt 0.09375 0.46875
vt 0 1
vt 0.28125 1
vt 0.28125 0.75
vt 0 0.75
vn 0 -0.17364817766693033 -0.984807753012208
vn 1 0 0
vn 0 0.17364817766693033 0.984807753012208
vn -1 0 0
vn 0 0.984807753012208 -0.17364817766693033
vn 0 -0.984807753012208 0.17364817766693033
g Frond
f 20/52/13 23/51/13 21/50/13 18/49/13
f 19/56/14 20/55/14 18/54/14 17/53/14
f 24/60/15 19/59/15 17/58/15 22/57/15
f 23/64/16 24/63/16 22/62/16 21/61/16
f 22/68/17 17/67/17 18/66/17 21/65/17
f 23/72/18 20/71/18 19/70/18 24/69/18
o cube
v 0.375 0.4894086699713305 -0.7338385602161707
v 0.375 0.3722211699713305 -0.9368132642281486
v 0.375 0.4894086699713305 -0.7338385602161707
v 0.375 0.3722211699713305 -0.9368132642281486
v -0.3125 0.3722211699713305 -0.9368132642281486
v -0.3125 0.4894086699713305 -0.7338385602161707
v -0.3125 0.3722211699713305 -0.9368132642281486
v -0.3125 0.4894086699713305 -0.7338385602161707
vt 0 1
vt 0.28125 1
vt 0.28125 1
vt 0 1
vt 0 1
vt 0.25 1
vt 0.25 1
vt 0 1
vt 0 1
vt 0.28125 1
vt 0.28125 1
vt 0 1
vt 0 1
vt 0.25 1
vt 0.25 1
vt 0 1
vt 0.09375 1
vt 0.875 1
vt 0.875 0.71875
vt 0.09375 0.71875
vt 0 1
vt 0.28125 1
vt 0.28125 0.75
vt 0 0.75
vn 0 -0.49999999999999994 -0.8660254037844387
vn 1 0 0
vn 0 0.49999999999999994 0.8660254037844387
vn -1 0 0
vn 0 0.8660254037844387 -0.49999999999999994
vn 0 -0.8660254037844387 0.49999999999999994
g Frond
f 28/76/19 31/75/19 29/74/19 26/73/19
f 27/80/20 28/79/20 26/78/20 25/77/20
f 32/84/21 27/83/21 25/82/21 30/81/21
f 31/88/22 32/87/22 30/86/22 29/85/22
f 30/92/23 25/91/23 26/90/23 29/89/23
f 31/96/24 28/95/24 27/94/24 32/93/24
o cube
v 0.375 0.005347006692209666 -0.00436768459962622
v 0.375 0.4375 -0.140625
v 0.375 0.005347006692209666 -0.00436768459962622
v 0.375 0.4375 -0.140625
v -0.3125 0.4375 -0.140625
v -0.3125 0.005347006692209666 -0.00436768459962622
v -0.3125 0.4375 -0.140625
v -0.3125 0.005347006692209666 -0.00436768459962622
vt 0 1
vt 0.28125 1
vt 0.28125 1
vt 0 1
vt 0 1
vt 0.25 1
vt 0.25 1
vt 0 1
vt 0 1
vt 0.28125 1
vt 0.28125 1
vt 0 1
vt 0 1
vt 0.25 1
vt 0.25 1
vt 0 1
vt 0.09375 1
vt 0.875 1
vt 0.875 0
vt 0.09375 0
vt 0 1
vt 0.28125 1
vt 0.28125 0.75
vt 0 0.75
vn 0 0.9537169507482269 -0.30070579950427323
vn 1 0 0
vn 0 -0.9537169507482269 0.30070579950427323
vn -1 0 0
vn 0 0.30070579950427323 0.9537169507482269
vn 0 -0.30070579950427323 -0.9537169507482269
g Stem
f 36/100/25 39/99/25 37/98/25 34/97/25
f 35/104/26 36/103/26 34/102/26 33/101/26
f 40/108/27 35/107/27 33/106/27 38/105/27
f 39/112/28 40/111/28 38/110/28 37/109/28
f 38/116/29 33/115/29 34/114/29 37/113/29
f 39/120/30 36/119/30 35/118/30 40/117/30
o cube
v 0.2004235819035033 0.008235765904135661 0.2716304692749907
v 0.3966324624484151 0.4006535269939594 0.15834921927499057
v 0.2004235819035033 0.008235765904135661 0.2716304692749907
v 0.3966324624484151 0.4006535269939594 0.15834921927499057
v 0.05288246244841499 0.4006535269939593 -0.437043245826811
v -0.14332641809649682 0.008235765904135661 -0.32376199582681087
v 0.05288246244841499 0.4006535269939593 -0.437043245826811
v -0.14332641809649682 0.008235765904135661 -0.32376199582681087
vt 0 1
vt 0.28125 1
vt 0.28125 1
vt 0 1
vt 0 1
vt 0.25 1
vt 0.25 1
vt 0 1
vt 0 1
vt 0.28125 1
vt 0.28125 1
vt 0 1
vt 0 1
vt 0.25 1
vt 0.25 1
vt 0 1
vt 0.09375 1
vt 0.875 1
vt 0.875 0
vt 0.09375 0
vt 0 1
vt 0.28125 1
vt 0.28125 0.75
vt 0 0.75
vn 0.4330127018922192 0.8660254037844387 -0.25000000000000017
vn 0.5000000000000003 0 0.8660254037844385
vn -0.4330127018922192 -0.8660254037844387 0.25000000000000017
vn -0.5000000000000003 0 -0.8660254037844385
vn -0.7499999999999999 0.5000000000000001 0.4330127018922195
vn 0.7499999999999999 -0.5000000000000001 -0.4330127018922195
g Stem
f 44/124/31 47/123/31 45/122/31 42/121/31
f 43/128/32 44/127/32 42/126/32 41/125/32
f 48/132/33 43/131/33 41/130/33 46/129/33
f 47/136/34 48/135/34 46/134/34 45/133/34
f 46/140/35 41/139/35 42/138/35 45/137/35
f 47/144/36 44/143/36 43/142/36 48/141/36
o cube
v 0.5710247962169599 0.4271666597886574 0.05766375842911409
v 0.745431259860966 0.4006535269939594 -0.04302986030416356
v 0.5710247962169599 0.4271666597886574 0.05766375842911409
v 0.745431259860966 0.4006535269939594 -0.04302986030416356
v 0.4016812598609658 0.4006535269939593 -0.6384223254059651
v 0.22727479621695967 0.4271666597886573 -0.5377287066726875
v 0.4016812598609658 0.4006535269939593 -0.6384223254059651
v 0.22727479621695967 0.4271666597886573 -0.5377287066726875
vt 0 1
vt 0.28125 1
vt 0.28125 1
vt 0 1
vt 0 1
vt 0.25 1
vt 0.25 1
vt 0 1
vt 0 1
vt 0.28125 1
vt 0.28125 1
vt 0 1
vt 0 1
vt 0.25 1
vt 0.25 1
vt 0 1
vt 0.09375 0.46875
vt 0.875 0.46875
vt 0.875 0.21875
vt 0.09375 0.21875
vt 0 1
vt 0.28125 1
vt 0.28125 0.75
vt 0 0.75
vn 0.858616436401261 -0.1305261922200515 -0.4957224306869055
vn 0.5000000000000003 0 0.8660254037844385
vn -0.858616436401261 0.1305261922200515 0.4957224306869055
vn -0.5000000000000003 0 -0.8660254037844385
vn 0.11303899832181526 0.9914448613738106 -0.06526309611002583
vn -0.11303899832181526 -0.9914448613738106 0.06526309611002583
g Frond
f 52/148/37 55/147/37 53/146/37 50/145/37
f 51/152/38 52/151/38 50/150/38 49/149/38
f 56/156/39 51/155/39 49/154/39 54/153/39
f 55/160/40 56/159/40 54/158/40 53/157/40
f 54/164/41 49/163/41 50/162/41 53/161/41
f 55/168/42 52/167/42 51/166/42 56/165/42
o cube
v 0.3966324624484151 0.4006535269939594 0.15834921927499057
v 0.5710389260924211 0.4271666597886574 0.057655600541712815
v 0.3966324624484151 0.4006535269939594 0.15834921927499057
v 0.5710389260924211 0.4271666597886574 0.057655600541712815
v 0.22728892609242102 0.4271666597886573 -0.5377368645600886
v 0.05288246244841499 0.4006535269939593 -0.437043245826811
v 0.22728892609242102 0.4271666597886573 -0.5377368645600886
v 0.05288246244841499 0.4006535269939593 -0.437043245826811
vt 0 1
vt 0.28125 1
vt 0.28125 1
vt 0 1
vt 0 1
vt 0.25 1
vt 0.25 1
vt 0 1
vt 0 1
vt 0.28125 1
vt 0.28125 1
vt 0 1
vt 0 1
vt 0.25 1
vt 0.25 1
vt 0 1
vt 0.09375 0.21875
vt 0.875 0.21875
vt 0.875 0
vt 0.09375 0
vt 0 1
vt 0.28125 1
vt 0.28125 0.75
vt 0 0.75
vn 0.858616436401261 0.13052619222005166 -0.4957224306869055
vn 0.5000000000000004 0 0.8660254037844386
vn -0.858616436401261 -0.13052619222005166 0.4957224306869055
vn -0.5000000000000004 0 -0.8660254037844386
vn -0.11303899832181552 0.9914448613738105 0.06526309611002579
vn 0.11303899832181552 -0.9914448613738105 -0.06526309611002579
g Frond
f 60/172/43 63/171/43 61/170/43 58/169/43
f 59/176/44 60/175/44 58/174/44 57/173/44
f 64/180/45 59/179/45 57/178/45 62/177/45
f 63/184/46 64/183/46 62/182/46 61/181/46
f 62/188/47 57/187/47 58/186/47 61/185/47
f 63/192/48 60/191/48 59/190/48 64/189/48
o cube
v 0.7454176114493354 0.4006577498272139 -0.0430219803900348
v 0.9079385628163112 0.32292517762805506 -0.13685349541071246
v 0.7454176114493354 0.4006577498272139 -0.0430219803900348
v 0.9079385628163112 0.32292517762805506 -0.13685349541071246
v 0.564188562816311 0.32292517762805506 -0.7322459605125139
v 0.4016676114493354 0.4006577498272138 -0.6384144454918363
v 0.564188562816311 0.32292517762805506 -0.7322459605125139
v 0.4016676114493354 0.4006577498272138 -0.6384144454918363
vt 0 1
vt 0.28125 1
vt 0.28125 1
vt 0 1
vt 0 1
vt 0.25 1
vt 0.25 1
vt 0 1
vt 0 1
vt 0.28125 1
vt 0.28125 1
vt 0 1
vt 0 1
vt 0.25 1
vt 0.25 1
vt 0 1
vt 0.09375 0.71875
vt 0.875 0.71875
vt 0.875 0.46875
vt 0.09375 0.46875
vt 0 1
vt 0.28125 1
vt 0.28125 0.75
vt 0 0.75
vn 0.8001031451912656 -0.3826834323650897 -0.4619397662556437
vn 0.5000000000000004 0 0.8660254037844385
vn -0.8001031451912656 0.3826834323650897 0.4619397662556437
vn -0.5000000000000004 0 -0.8660254037844385
vn 0.3314135740355916 0.9238795325112868 -0.191341716182545
vn -0.3314135740355916 -0.9238795325112868 0.191341716182545
g Frond
f 68/196/49 71/195/49 69/194/49 66/193/49
f 67/200/50 68/199/50 66/198/50 65/197/50
f 72/204/51 67/203/51 65/202/51 70/201/51
f 71/208/52 72/207/52 70/206/52 69/205/52
f 70/212/53 65/211/53 66/210/53 69/209/53
f 71/216/54 68/215/54 67/214/54 72/213/54
o cube
v 0.9079227087712889 0.32293684026584035 -0.136844342073551
v 1.0575713579850632 0.16459538535591978 -0.22324402998098752
v 0.9079227087712889 0.32293684026584035 -0.136844342073551
v 1.0575713579850632 0.16459538535591978 -0.22324402998098752
v 0.7138213579850632 0.16459538535591978 -0.818636495082789
v 0.5641727087712889 0.32293684026584024 -0.7322368071753526
v 0.7138213579850632 0.16459538535591978 -0.818636495082789
v 0.5641727087712889 0.32293684026584024 -0.7322368071753526
vt 0 1
vt 0.28125 1
vt 0.28125 1
vt 0 1
vt 0 1
vt 0.25 1
vt 0.25 1
vt 0 1
vt 0 1
vt 0.28125 1
vt 0.28125 1
vt 0 1
vt 0 1
vt 0.25 1
vt 0.25 1
vt 0 1
vt 0.09375 1
vt 0.875 1
vt 0.875 0.71875
vt 0.09375 0.71875
vt 0 1
vt 0.28125 1
vt 0.28125 0.75
vt 0 0.75
vn 0.6385009033121033 -0.6755902076156601 -0.3686386684050622
vn 0.5000000000000004 0 0.8660254037844386
vn -0.6385009033121033 0.6755902076156601 0.3686386684050622
vn -0.5000000000000004 0 -0.8660254037844386
vn 0.5850782823431647 0.7372773368101241 -0.3377951038078303
vn -0.5850782823431647 -0.7372773368101241 0.3377951038078303
g Frond
f 76/220/55 79/219/55 77/218/55 74/217/55
f 75/224/56 76/223/56 74/222/56 73/221/56
f 80/228/57 75/227/57 73/226/57 78/225/57
f 79/232/58 80/231/58 78/230/58 77/229/58
f 78/236/59 73/235/59 74/234/59 77/233/59
f 79/240/60 76/239/60 75/238/60 80/237/60
o cube
v -0.24102433933732348 0.05118560496745839 -0.16738785400135686
v -0.335200562149548 0.38422816698733187 0.1250771123878861
v -0.24102433933732348 0.05118560496745839 -0.16738785400135686
v -0.335200562149548 0.38422816698733187 0.1250771123878861
v 0.27979105466306264 0.29887871155446233 0.4203008101283012
v 0.37396727747528713 -0.034163850465411205 0.1278358437390582
v 0.27979105466306264 0.29887871155446233 0.4203008101283012
v 0.37396727747528713 -0.034163850465411205 0.1278358437390582
vt 0 1
vt 0.28125 1
vt 0.28125 1
vt 0 1
vt 0 1
vt 0.25 1
vt 0.25 1
vt 0 1
vt 0 1
vt 0.28125 1
vt 0.28125 1
vt 0 1
vt 0 1
vt 0.25 1
vt 0.25 1
vt 0 1
vt 0.09375 1
vt 0.875 1
vt 0.875 0
vt 0.09375 0
vt 0 1
vt 0.28125 1
vt 0.28125 0.75
vt 0 0.75
vn -0.20783718137870225 0.7349904816990314 0.6454399258245359
vn -0.8945332608183426 0.12414466244781022 -0.42941628762242173
vn 0.20783718137870225 -0.7349904816990314 -0.6454399258245359
vn 0.8945332608183426 -0.12414466244781022 0.42941628762242173
vn 0.3957448058108402 0.6666161523677219 -0.6316715555383153
vn -0.3957448058108402 -0.6666161523677219 0.6316715555383153
g Stem
f 84/244/61 87/243/61 85/242/61 82/241/61
f 83/248/62 84/247/62 82/246/62 81/245/62
f 88/252/63 83/251/63 81/250/63 86/249/63
f 87/256/64 88/255/64 86/254/64 85/253/64
f 86/260/65 81/259/65 82/258/65 85/257/65
f 87/264/66 84/263/66 83/262/66 88/261/66
o cube
v -0.4246675466982217 0.3676914677531504 0.30666838576791666
v -0.5150899347870013 0.29972496140967864 0.4753814895055486
v -0.4246675466982217 0.3676914677531504 0.30666838576791666
v -0.5150899347870013 0.29972496140967864 0.4753814895055486
v 0.09990168202560934 0.2143755059768091 0.7706051872459636
v 0.1903240701143889 0.2823420123202809 0.6018920835083317
v 0.09990168202560934 0.2143755059768091 0.7706051872459636
v 0.1903240701143889 0.2823420123202809 0.6018920835083317
vt 0 1
vt 0.28125 1
vt 0.28125 1
vt 0 1
vt 0 1
vt 0.25 1
vt 0.25 1
vt 0 1
vt 0 1
vt 0.28125 1
vt 0.28125 1
vt 0 1
vt 0 1
vt 0.25 1
vt 0.25 1
vt 0 1
vt 0.09375 0.46875
vt 0.875 0.46875
vt 0.875 0.21875
vt 0.09375 0.21875
vt 0 1
vt 0.28125 1
vt 0.28125 0.75
vt 0 0.75
vn -0.4451563721293766 -0.3346043389217073 0.8305875876314185
vn -0.8945332608183427 0.12414466244781022 -0.4294162876224218
vn 0.4451563721293766 0.3346043389217073 -0.8305875876314185
vn 0.8945332608183427 -0.12414466244781022 0.4294162876224218
vn -0.04057153734227067 0.9341456198904359 0.3545784979340939
vn 0.04057153734227067 -0.9341456198904359 -0.3545784979340939
g Frond
f 92/268/67 95/267/67 93/266/67 90/265/67
f 91/272/68 92/271/68 90/270/68 89/269/68
f 96/276/69 91/275/69 89/274/69 94/273/69
f 95/280/70 96/279/70 94/278/70 93/277/70
f 94/284/71 89/283/71 90/282/71 93/281/71
f 95/288/72 92/287/72 91/286/72 96/285/72
o cube
v -0.335200562149548 0.38422816698733187 0.1250771123878861
v -0.4246748340353658 0.36768804451952763 0.306682576634568
v -0.335200562149548 0.38422816698733187 0.1250771123878861
v -0.4246748340353658 0.36768804451952763 0.306682576634568
v 0.19031678277724473 0.2823385890866581 0.601906274374983
v 0.27979105466306264 0.2988787115544622 0.4203008101283012
v 0.19031678277724473 0.2823385890866581 0.601906274374983
v 0.27979105466306264 0.2988787115544622 0.4203008101283012
vt 0 1
vt 0.28125 1
vt 0.28125 1
vt 0 1
vt 0 1
vt 0.25 1
vt 0.25 1
vt 0 1
vt 0 1
vt 0.28125 1
vt 0.28125 1
vt 0 1
vt 0 1
vt 0.25 1
vt 0.25 1
vt 0 1
vt 0.09375 0.21875
vt 0.875 0.21875
vt 0.875 0
vt 0.09375 0
vt 0 1
vt 0.28125 1
vt 0.28125 0.75
vt 0 0.75
vn -0.44048872313017984 -0.08142829522611277 0.8940576701375103
vn -0.8945332608183425 0.12414466244781025 -0.42941628762242184
vn 0.44048872313017984 0.08142829522611277 -0.8940576701375103
vn 0.8945332608183425 -0.12414466244781025 0.42941628762242184
vn 0.07602585142467698 0.9889173552538597 0.12752464229655644
vn -0.07602585142467698 -0.9889173552538597 -0.12752464229655644
g Frond
f 100/292/73 103/291/73 101/290/73 98/289/73
f 99/296/74 100/295/74 98/294/74 97/293/74
f 104/300/75 99/299/75 97/298/75 102/297/75
f 103/304/76 104/303/76 102/302/76 101/301/76
f 102/308/77 97/307/77 98/306/77 101/305/77
f 103/312/78 100/311/78 99/310/78 104/309/78
o cube
v -0.5150828202550669 0.29973236342350607 0.47536880888513544
v -0.6002911882286197 0.1849712782917119 0.6196920329055846
v -0.5150828202550669 0.29973236342350607 0.47536880888513544
v -0.6002911882286197 0.1849712782917119 0.6196920329055846
v 0.01470042858399101 0.09962182285884225 0.9149157306459994
v 0.0999087965575437 0.21438290799063653 0.7705925066255506
v 0.01470042858399101 0.09962182285884225 0.9149157306459994
v 0.0999087965575437 0.21438290799063653 0.7705925066255506
vt 0 1
vt 0.28125 1
vt 0.28125 1
vt 0 1
vt 0 1
vt 0.25 1
vt 0.25 1
vt 0 1
vt 0 1
vt 0.28125 1
vt 0.28125 1
vt 0 1
vt 0 1
vt 0.25 1
vt 0.25 1
vt 0 1
vt 0.09375 0.71875
vt 0.875 0.71875
vt 0.875 0.46875
vt 0.09375 0.46875
vt 0 1
vt 0.28125 1
vt 0.28125 0.75
vt 0 0.75
vn -0.41948735002364423 -0.5649776498796026 0.7105143336391335
vn -0.8945332608183426 0.12414466244781025 -0.4294162876224218
vn 0.41948735002364423 0.5649776498796026 -0.7105143336391335
vn 0.8945332608183426 -0.12414466244781025 0.4294162876224218
vn -0.15440404288697818 0.8157134042801066 0.5574684149060962
vn 0.15440404288697818 -0.8157134042801066 -0.5574684149060962
g Frond
f 108/316/79 111/315/79 109/314/79 106/313/79
f 107/320/80 108/319/80 106/318/80 105/317/80
f 112/324/81 107/323/81 105/322/81 110/321/81
f 111/328/82 112/327/82 110/326/82 109/325/82
f 110/332/83 105/331/83 106/330/83 109/329/83
f 111/336/84 108/335/84 107/334/84 112/333/84
o cube
v -0.6002828031394456 0.1849864299970807 0.6196789459827672
v -0.6802937112141301 -0.004832884990117359 0.7314757387447037
v -0.6002828031394456 0.1849864299970807 0.6196789459827672
v -0.6802937112141301 -0.004832884990117359 0.7314757387447037
v -0.06530209440151946 -0.090182340422987 1.0266994364851185
v 0.014708813673165011 0.09963697456421117 0.9149026437231824
v -0.06530209440151946 -0.090182340422987 1.0266994364851185
v 0.014708813673165011 0.09963697456421117 0.9149026437231824
vt 0 1
vt 0.28125 1
vt 0.28125 1
vt 0 1
vt 0 1
vt 0.25 1
vt 0.25 1
vt 0 1
vt 0 1
vt 0.28125 1
vt 0.28125 1
vt 0 1
vt 0 1
vt 0.25 1
vt 0.25 1
vt 0 1
vt 0.09375 1
vt 0.875 1
vt 0.875 0.71875
vt 0.09375 0.71875
vt 0 1
vt 0.28125 1
vt 0.28125 0.75
vt 0 0.75
vn -0.3413798744519869 -0.8098957439453783 0.4769996491175942
vn -0.8945332608183426 0.12414466244781022 -0.42941628762242173
vn 0.3413798744519869 0.8098957439453783 -0.4769996491175942
vn 0.8945332608183426 -0.12414466244781022 0.42941628762242173
vn -0.2885654632987961 0.5732861298905477 0.7668591700346743
vn 0.2885654632987961 -0.5732861298905477 -0.7668591700346743
g Frond
f 116/340/85 119/339/85 117/338/85 114/337/85
f 115/344/86 116/343/86 114/342/86 113/341/86
f 120/348/87 115/347/87 113/346/87 118/345/87
f 119/352/88 120/351/88 118/350/88 117/349/88
f 118/356/89 113/355/89 114/354/89 117/353/89
f 119/360/90 116/359/90 115/358/90 120/357/90
o cube
v 0.28428186539017264 -0.0688891594972279 -0.23586484510412753
v 0.3692166141029072 0.3734949687289921 -0.28490194513698025
v 0.28428186539017264 -0.0688891594972279 -0.23586484510412753
v 0.3692166141029072 0.3734949687289921 -0.28490194513698025
v -0.10328701411369179 0.5172268901217008 0.19336336417879085
v -0.18822176282642633 0.07484276189548056 0.24240046421164363
v -0.10328701411369179 0.5172268901217008 0.19336336417879085
v -0.18822176282642633 0.07484276189548056 0.24240046421164363
vt 0 1
vt 0.28125 1
vt 0.28125 1
vt 0 1
vt 0 1
vt 0.25 1
vt 0.25 1
vt 0 1
vt 0 1
vt 0.28125 1
vt 0.28125 1
vt 0 1
vt 0 1
vt 0.25 1
vt 0.25 1
vt 0 1
vt 0.09375 1
vt 0.875 1
vt 0.875 0
vt 0.09375 0
vt 0 1
vt 0.28125 1
vt 0.28125 0.75
vt 0 0.75
vn 0.18744220405569004 0.9762960071199339 -0.10821980696905438
vn 0.6872780046786895 -0.20906461293484868 -0.6956586317320309
vn -0.18744220405569004 -0.9762960071199339 0.10821980696905438
vn -0.6872780046786895 0.20906461293484868 0.6956586317320309
vn 0.7017936765343675 -0.056018694201812796 0.7101743035877174
vn -0.7017936765343675 0.056018694201812796 -0.7101743035877174
g Stem
f 124/364/91 127/363/91 125/362/91 122/361/91
f 123/368/92 124/367/92 122/366/92 121/365/92
f 128/372/93 123/371/93 121/370/93 126/369/93
f 127/376/94 128/375/94 126/374/94 125/373/94
f 126/380/95 121/379/95 122/378/95 125/377/95
f 127/384/96 124/383/96 123/382/96 128/381/96
o cube
v 0.27930912536538355 0.5032371754557483 -0.4127174276739525
v 0.16217876222300986 0.5896398132098213 -0.5544030933013337
v 0.27930912536538355 0.5032371754557483 -0.4127174276739525
v 0.16217876222300986 0.5896398132098213 -0.5544030933013337
v -0.3103248659935891 0.7333717346025299 -0.07613778398556259
v -0.19319450285121542 0.6469690968484567 0.06554788164181868
v -0.3103248659935891 0.7333717346025299 -0.07613778398556259
v -0.19319450285121542 0.6469690968484567 0.06554788164181868
vt 0 1
vt 0.28125 1
vt 0.28125 1
vt 0 1
vt 0 1
vt 0.25 1
vt 0.25 1
vt 0 1
vt 0 1
vt 0.28125 1
vt 0.28125 1
vt 0 1
vt 0 1
vt 0.25 1
vt 0.25 1
vt 0 1
vt 0.09375 0.46875
vt 0.875 0.46875
vt 0.875 0.21875
vt 0.09375 0.21875
vt 0 1
vt 0.28125 1
vt 0.28125 0.75
vt 0 0.75
vn -0.5766417877778396 0.425366832020052 -0.6975294307809541
vn 0.6872780046786894 -0.20906461293484865 -0.6956586317320309
vn 0.5766417877778396 -0.425366832020052 0.6975294307809541
vn -0.6872780046786894 0.20906461293484865 0.6956586317320309
vn 0.4417388288041436 0.8805424724768403 0.17178987540340343
vn -0.4417388288041436 -0.8805424724768403 -0.17178987540340343
g Frond
f 132/388/97 135/387/97 133/386/97 130/385/97
f 131/392/98 132/391/98 130/390/98 129/389/98
f 136/396/99 131/395/99 129/394/99 134/393/99
f 135/400/100 136/399/100 134/398/100 133/397/100
f 134/404/101 129/403/101 130/402/101 133/401/101
f 135/408/102 132/407/102 131/406/102 136/405/102
o cube
v 0.3692166141029072 0.3734949687289921 -0.28490194513698025
v 0.2793007382405295 0.5032459315058171 -0.4127283451934179
v 0.3692166141029072 0.3734949687289921 -0.28490194513698025
v 0.2793007382405295 0.5032459315058171 -0.4127283451934179
v -0.1932028899760695 0.6469778528985257 0.06553696412235333
v -0.10328701411369179 0.5172268901217008 0.19336336417879085
v -0.1932028899760695 0.6469778528985257 0.06553696412235333
v -0.10328701411369179 0.5172268901217008 0.19336336417879085
vt 0 1
vt 0.28125 1
vt 0.28125 1
vt 0 1
vt 0 1
vt 0.25 1
vt 0.25 1
vt 0 1
vt 0 1
vt 0.28125 1
vt 0.28125 1
vt 0 1
vt 0 1
vt 0.25 1
vt 0.25 1
vt 0 1
vt 0.09375 0.21875
vt 0.875 0.21875
vt 0.875 0
vt 0.09375 0
vt 0 1
vt 0.28125 1
vt 0.28125 0.75
vt 0 0.75
vn -0.44266277347632105 0.6387739705936005 -0.6292992002778468
vn 0.6872780046786895 -0.20906461293484865 -0.6956586317320308
vn 0.44266277347632105 -0.6387739705936005 0.6292992002778468
vn -0.6872780046786895 0.20906461293484865 0.6956586317320308
vn 0.5759328200954784 0.7404456780280968 0.34647017855275986
vn -0.5759328200954784 -0.7404456780280968 -0.34647017855275986
g Frond
f 140/412/103 143/411/103 141/410/103 138/409/103
f 139/416/104 140/415/104 138/414/104 137/413/104
f 144/420/105 139/419/105 137/418/105 142/417/105
f 143/424/106 144/423/106 142/422/106 141/421/106
f 142/428/107 137/427/107 138/426/107 141/425/107
f 143/432/108 140/431/108 139/430/108 144/429/108
o cube
v 0.16218903083365177 0.5896348076295765 -0.5543914440820766
v 0.025826421092357665 0.6268009233850675 -0.700280731314529
v 0.16218903083365177 0.5896348076295765 -0.5543914440820766
v 0.025826421092357665 0.6268009233850675 -0.700280731314529
v -0.4466772071242413 0.770532844777776 -0.22201542199875773
v -0.3103145973829472 0.733366729022285 -0.07612613476630548
v -0.4466772071242413 0.770532844777776 -0.22201542199875773
v -0.3103145973829472 0.733366729022285 -0.07612613476630548
vt 0 1
vt 0.28125 1
vt 0.28125 1
vt 0 1
vt 0 1
vt 0.25 1
vt 0.25 1
vt 0 1
vt 0 1
vt 0.28125 1
vt 0.28125 1
vt 0 1
vt 0 1
vt 0.25 1
vt 0.25 1
vt 0 1
vt 0.09375 0.71875
vt 0.875 0.71875
vt 0.875 0.46875
vt 0.09375 0.46875
vt 0 1
vt 0.28125 1
vt 0.28125 0.75
vt 0 0.75
vn -0.6713236171879096 0.18297164679626365 -0.7182241832982265
vn 0.6872780046786895 -0.20906461293484874 -0.6956586317320309
vn 0.6713236171879096 -0.18297164679626365 0.7182241832982265
vn -0.6872780046786895 0.20906461293484874 0.6956586317320309
vn 0.27744106633773674 0.9606317525915253 -0.014597623858502887
vn -0.27744106633773674 -0.9606317525915253 0.014597623858502887
g Frond
f 148/436/109 151/435/109 149/434/109 146/433/109
f 147/440/110 148/439/110 146/438/110 145/437/110
f 152/444/111 147/443/111 145/442/111 150/441/111
f 151/448/112 152/447/112 150/446/112 149/445/112
f 150/452/113 145/451/113 146/450/113 149/449/113
f 151/456/114 148/455/114 147/454/114 152/453/114
o cube
v 0.025841817214549145 0.6268006329597116 -0.7002654333891976
v -0.1442507489973357 0.5900932181010285 -0.8572772967589704
v 0.025841817214549145 0.6268006329597116 -0.7002654333891976
v -0.1442507489973357 0.5900932181010285 -0.8572772967589704
v -0.6167543772139346 0.733825139493737 -0.3790119874431992
v -0.4466618110020497 0.77053255435242 -0.2220001240734264
v -0.6167543772139346 0.733825139493737 -0.3790119874431992
v -0.4466618110020497 0.77053255435242 -0.2220001240734264
vt 0 1
vt 0.28125 1
vt 0.28125 1
vt 0 1
vt 0 1
vt 0.25 1
vt 0.25 1
vt 0 1
vt 0 1
vt 0.28125 1
vt 0.28125 1
vt 0 1
vt 0 1
vt 0.25 1
vt 0.25 1
vt 0 1
vt 0.09375 1
vt 0.875 1
vt 0.875 0.71875
vt 0.09375 0.71875
vt 0 1
vt 0.28125 1
vt 0.28125 0.75
vt 0 0.75
vn -0.7257282825040418 -0.1566183033970472 -0.6699172837110298
vn 0.6872780046786895 -0.20906461293484868 -0.6956586317320309
vn 0.7257282825040418 0.1566183033970472 0.6699172837110298
vn -0.6872780046786895 0.20906461293484868 0.6956586317320309
vn 0.031103122972029724 0.9652785580646825 -0.25936441753246425
vn -0.031103122972029724 -0.9652785580646825 0.25936441753246425
g Frond
f 156/460/115 159/459/115 157/458/115 154/457/115
f 155/464/116 156/463/116 154/462/116 153/461/116
f 160/468/117 155/467/117 153/466/117 158/465/117
f 159/472/118 160/471/118 158/470/118 157/469/118
f 158/476/119 153/475/119 154/474/119 157/473/119
f 159/480/120 156/479/120 155/478/120 160/477/120
o cube
v 0.1041933603287033 0.02630378519395149 -0.34078988808116195
v -0.044561786490927235 0.4542536334718821 -0.3335029629020276
v 0.1041933603287033 0.02630378519395149 -0.34078988808116195
v -0.044561786490927235 0.4542536334718821 -0.3335029629020276
v -0.1356489328094126 0.41101195281919223 0.34656287128602026
v 0.013106214010217943 -0.016937895458738417 0.33927594610688594
v -0.1356489328094126 0.41101195281919223 0.34656287128602026
v 0.013106214010217943 -0.016937895458738417 0.33927594610688594
vt 0 1
vt 0.28125 1
vt 0.28125 1
vt 0 1
vt 0 1
vt 0.25 1
vt 0.25 1
vt 0 1
vt 0 1
vt 0.28125 1
vt 0.28125 1
vt 0 1
vt 0 1
vt 0.25 1
vt 0.25 1
vt 0 1
vt 0.09375 1
vt 0.875 1
vt 0.875 0
vt 0.09375 0
vt 0 1
vt 0.28125 1
vt 0.28125 0.75
vt 0 0.75
vn -0.3282872205674605 0.9444410444754332 0.016081490050503456
vn 0.1324903946450697 0.06289699004027624 -0.9891866679098882
vn 0.3282872205674605 -0.9444410444754332 -0.016081490050503456
vn -0.1324903946450697 -0.06289699004027624 0.9891866679098882
vn 0.9352399671415275 0.3226066988672527 0.14577764474393343
vn -0.9352399671415275 -0.3226066988672527 -0.14577764474393343
g Stem
f 164/484/121 167/483/121 165/482/121 162/481/121
f 163/488/122 164/487/122 162/486/122 161/485/122
f 168/492/123 163/491/123 161/490/123 166/489/123
f 167/496/124 168/495/124 166/494/124 165/493/124
f 166/500/125 161/499/125 162/498/125 165/497/125
f 167/504/126 164/503/126 163/502/126 168/501/126
o cube
v -0.23585396451314178 0.519046992066521 -0.35500453547519595
v -0.43688254063751947 0.531919473122989 -0.3811115544137139
v -0.23585396451314178 0.519046992066521 -0.35500453547519595
v -0.43688254063751947 0.531919473122989 -0.3811115544137139
v -0.5279696869560049 0.4886777924702991 0.298954279774334
v -0.32694111083162714 0.4758053114138312 0.32506129871285194
v -0.5279696869560049 0.4886777924702991 0.298954279774334
v -0.32694111083162714 0.4758053114138312 0.32506129871285194
vt 0 1
vt 0.28125 1
vt 0.28125 1
vt 0 1
vt 0 1
vt 0.25 1
vt 0.25 1
vt 0 1
vt 0 1
vt 0.28125 1
vt 0.28125 1
vt 0 1
vt 0 1
vt 0.25 1
vt 0.25 1
vt 0 1
vt 0.09375 0.46875
vt 0.875 0.46875
vt 0.875 0.21875
vt 0.09375 0.21875
vt 0 1
vt 0.28125 1
vt 0.28125 0.75
vt 0 0.75
vn -0.9896791439969367 0.06337221443184235 -0.12852686246654996
vn 0.1324903946450697 0.06289699004027624 -0.9891866679098882
vn 0.9896791439969367 -0.06337221443184235 0.12852686246654996
vn -0.1324903946450697 -0.06289699004027624 0.9891866679098882
vn 0.054602996843438514 0.9960059894809259 0.0706440489626512
vn -0.054602996843438514 -0.9960059894809259 -0.0706440489626512
g Frond
f 172/508/127 175/507/127 173/506/127 170/505/127
f 171/512/128 172/511/128 170/510/128 169/509/128
f 176/516/129 171/515/129 169/514/129 174/513/129
f 175/520/130 176/519/130 174/518/130 173/517/130
f 174/524/131 169/523/131 170/522/131 173/521/131
f 175/528/132 172/527/132 171/526/132 176/525/132
o cube
v -0.044561786490927235 0.4542536334718821 -0.3335029629020275
v -0.2358698574675846 0.5190501383177408 -0.35500646410417613
v -0.044561786490927235 0.4542536334718821 -0.3335029629020275
v -0.2358698574675846 0.5190501383177408 -0.35500646410417613
v -0.32695700378606996 0.475808457665051 0.32505937008387176
v -0.1356489328094126 0.41101195281919223 0.34656287128602037
v -0.32695700378606996 0.475808457665051 0.32505937008387176
v -0.1356489328094126 0.41101195281919223 0.34656287128602037
vt 0 1
vt 0.28125 1
vt 0.28125 1
vt 0 1
vt 0 1
vt 0.25 1
vt 0.25 1
vt 0 1
vt 0 1
vt 0.28125 1
vt 0.28125 1
vt 0 1
vt 0 1
vt 0.25 1
vt 0.25 1
vt 0 1
vt 0.09375 0.21875
vt 0.875 0.21875
vt 0.875 0
vt 0.09375 0
vt 0 1
vt 0.28125 1
vt 0.28125 0.75
vt 0 0.75
vn -0.9418243494235441 0.31899817770268973 -0.10586339053365462
vn 0.1324903946450697 0.06289699004027623 -0.9891866679098882
vn 0.9418243494235441 -0.31899817770268973 0.10586339053365462
vn -0.1324903946450697 -0.06289699004027623 0.9891866679098882
vn 0.3088902558510249 0.9456659723529428 0.10150211118026975
vn -0.3088902558510249 -0.9456659723529428 -0.10150211118026975
g Frond
f 180/532/133 183/531/133 181/530/133 178/529/133
f 179/536/134 180/535/134 178/534/134 177/533/134
f 184/540/135 179/539/135 177/538/135 182/537/135
f 183/544/136 184/543/136 182/542/136 181/541/136
f 182/548/137 177/547/137 178/546/137 181/545/137
f 183/552/138 180/551/138 179/550/138 184/549/138
o cube
v -0.43686641511406565 0.5319205691321085 -0.3811093248925199
v -0.6339157311387171 0.49199178808796806 -0.4100407113706359
v -0.43686641511406565 0.5319205691321085 -0.3811093248925199
v -0.6339157311387171 0.49199178808796806 -0.4100407113706359
v -0.7250028774572025 0.4487501074352781 0.270025122817412
v -0.527953561432551 0.48867888847941865 0.298956509295528
v -0.7250028774572025 0.4487501074352781 0.270025122817412
v -0.527953561432551 0.48867888847941865 0.298956509295528
vt 0 1
vt 0.28125 1
vt 0.28125 1
vt 0 1
vt 0 1
vt 0.25 1
vt 0.25 1
vt 0 1
vt 0 1
vt 0.28125 1
vt 0.28125 1
vt 0 1
vt 0 1
vt 0.25 1
vt 0.25 1
vt 0 1
vt 0.09375 0.71875
vt 0.875 0.71875
vt 0.875 0.46875
vt 0.09375 0.46875
vt 0 1
vt 0.28125 1
vt 0.28125 0.75
vt 0 0.75
vn -0.9700889404290535 -0.19657246052499916 -0.1424314411230328
vn 0.13249039464506968 0.06289699004027623 -0.9891866679098881
vn 0.9700889404290535 0.19657246052499916 0.1424314411230328
vn -0.13249039464506968 -0.06289699004027623 0.9891866679098881
vn -0.20340536616330962 0.978469844403506 0.03497171155303877
vn 0.20340536616330962 -0.978469844403506 -0.03497171155303877
g Frond
f 188/556/139 191/555/139 189/554/139 186/553/139
f 187/560/140 188/559/140 186/558/140 185/557/140
f 192/564/141 187/563/141 185/562/141 190/561/141
f 191/568/142 192/567/142 190/566/142 189/565/142
f 190/572/143 185/571/143 186/570/143 189/569/143
f 191/576/144 188/575/144 187/574/144 192/573/144
o cube
v -0.6338957609431501 0.49199967813166 -0.410037534903349
v -0.8312434218038105 0.3702713764845186 -0.4442100670882546
v -0.6338957609431501 0.49199967813166 -0.410037534903349
v -0.8312434218038105 0.3702713764845186 -0.4442100670882546
v -0.9223305681222959 0.3270296958318286 0.23585576709979328
v -0.7249829072616355 0.44875799747897005 0.27002829928469896
v -0.9223305681222959 0.3270296958318286 0.23585576709979328
v -0.7249829072616355 0.44875799747897005 0.27002829928469896
vt 0 1
vt 0.28125 1
vt 0.28125 1
vt 0 1
vt 0 1
vt 0.25 1
vt 0.25 1
vt 0 1
vt 0 1
vt 0.28125 1
vt 0.28125 1
vt 0 1
vt 0 1
vt 0.25 1
vt 0.25 1
vt 0 1
vt 0.09375 1
vt 0.875 1
vt 0.875 0.71875
vt 0.09375 0.71875
vt 0 1
vt 0.28125 1
vt 0.28125 0.75
vt 0 0.75
vn -0.842016686338817 -0.5193740870278027 -0.14580280398893075
vn 0.1324903946450697 0.06289699004027624 -0.9891866679098882
vn 0.842016686338817 0.5193740870278027 0.14580280398893075
vn -0.1324903946450697 -0.06289699004027624 0.9891866679098882
vn -0.5229284800561088 0.852229151324871 -0.0158517626243374
vn 0.5229284800561088 -0.852229151324871 0.0158517626243374
g Frond
f 196/580/145 199/579/145 197/578/145 194/577/145
f 195/584/146 196/583/146 194/582/146 193/581/146
f 200/588/147 195/587/147 193/586/147 198/585/147
f 199/592/148 200/591/148 198/590/148 197/589/148
f 198/596/149 193/595/149 194/594/149 197/593/149
f 199/600/150 196/599/150 195/598/150 200/597/150
o cube
v -0.26530693597699523 0.0011996623902921222 0.08367634953065173
v -0.21972674985467694 0.4304531332950807 0.22146666114306768
v -0.26530693597699523 0.0011996623902921222 0.08367634953065173
v -0.21972674985467694 0.4304531332950807 0.22146666114306768
v 0.42377703615422224 0.4397442863445724 -0.020344839549566673
v 0.37819685003190395 0.010490815439783918 -0.15813515116198262
v 0.42377703615422224 0.4397442863445724 -0.020344839549566673
v 0.37819685003190395 0.010490815439783918 -0.15813515116198262
vt 0 1
vt 0.28125 1
vt 0.28125 1
vt 0 1
vt 0 1
vt 0.25 1
vt 0.25 1
vt 0 1
vt 0 1
vt 0.28125 1
vt 0.28125 1
vt 0 1
vt 0 1
vt 0.25 1
vt 0.25 1
vt 0 1
vt 0.09375 1
vt 0.875 1
vt 0.875 0
vt 0.09375 0
vt 0 1
vt 0.28125 1
vt 0.28125 0.75
vt 0 0.75
vn 0.10059075558028854 0.9473180047553954 0.3040889635584352
vn -0.9360055069220351 -0.013514404435624319 0.3517258191892862
vn -0.10059075558028854 -0.9473180047553954 -0.3040889635584352
vn 0.9360055069220351 0.013514404435624319 -0.3517258191892862
vn -0.3373057824932902 0.32000931039425573 -0.8853354451040478
vn 0.3373057824932902 -0.32000931039425573 0.8853354451040478
g Stem
f 204/604/151 207/603/151 205/602/151 202/601/151
f 203/608/152 204/607/152 202/606/152 201/605/152
f 208/612/153 203/611/153 201/610/153 206/609/153
f 207/616/154 208/615/154 206/614/154 205/613/154
f 206/620/155 201/619/155 202/618/155 205/617/155
f 207/624/156 204/623/156 203/622/156 208/621/156
o cube
v -0.15293702815166155 0.4960207501649654 0.4017254057476307
v -0.08181802478778777 0.5096042985351468 0.5915077552936414
v -0.15293702815166155 0.4960207501649654 0.4017254057476307
v -0.08181802478778777 0.5096042985351468 0.5915077552936414
v 0.5616857612211115 0.5188954515846387 0.3496962546010072
v 0.4905667578572377 0.5053119032144573 0.15991390505499636
v 0.5616857612211115 0.5188954515846387 0.3496962546010072
v 0.4905667578572377 0.5053119032144573 0.15991390505499636
vt 0 1
vt 0.28125 1
vt 0.28125 1
vt 0 1
vt 0 1
vt 0.25 1
vt 0.25 1
vt 0 1
vt 0 1
vt 0.28125 1
vt 0.28125 1
vt 0 1
vt 0 1
vt 0.25 1
vt 0.25 1
vt 0 1
vt 0.09375 0.46875
vt 0.875 0.46875
vt 0.875 0.21875
vt 0.09375 0.21875
vt 0 1
vt 0.28125 1
vt 0.28125 0.75
vt 0 0.75
vn 0.35012432425291734 0.06687285351473905 0.9343131054572842
vn -0.9360055069220351 -0.013514404435624343 0.35172581918928625
vn -0.35012432425291734 -0.06687285351473905 -0.9343131054572842
vn 0.9360055069220351 0.013514404435624343 -0.35172581918928625
vn -0.03614759436065062 0.9976699766633987 -0.05786163743268272
vn 0.03614759436065062 -0.9976699766633987 0.05786163743268272
g Frond
f 212/628/157 215/627/157 213/626/157 210/625/157
f 211/632/158 212/631/158 210/630/158 209/629/158
f 216/636/159 211/635/159 209/634/159 214/633/159
f 215/640/160 216/639/160 214/638/160 213/637/160
f 214/644/161 209/643/161 210/642/161 213/641/161
f 215/648/162 212/647/162 211/646/162 216/645/162
o cube
v -0.21972674985467694 0.4304531332950807 0.22146666114306768
v -0.1529314414549049 0.49602395658687903 0.4017403961507362
v -0.21972674985467694 0.4304531332950807 0.22146666114306768
v -0.1529314414549049 0.49602395658687903 0.4017403961507362
v 0.49057234455399423 0.5053151096363708 0.15992889545810196
v 0.42377703615422224 0.4397442863445724 -0.020344839549566673
v 0.49057234455399423 0.5053151096363708 0.15992889545810196
v 0.42377703615422224 0.4397442863445724 -0.020344839549566673
vt 0 1
vt 0.28125 1
vt 0.28125 1
vt 0 1
vt 0 1
vt 0.25 1
vt 0.25 1
vt 0 1
vt 0 1
vt 0.28125 1
vt 0.28125 1
vt 0 1
vt 0 1
vt 0.25 1
vt 0.25 1
vt 0 1
vt 0.09375 0.21875
vt 0.875 0.21875
vt 0.875 0
vt 0.09375 0
vt 0 1
vt 0.28125 1
vt 0.28125 0.75
vt 0 0.75
vn 0.328838441352724 0.3228102069750072 0.8875014646531376
vn -0.9360055069220352 -0.01351440443562435 0.35172581918928625
vn -0.328838441352724 -0.3228102069750072 -0.8875014646531376
vn 0.9360055069220352 0.01351440443562435 -0.35172581918928625
vn -0.12553473822147887 0.9463672284824234 -0.2977080757288275
vn 0.12553473822147887 -0.9463672284824234 0.2977080757288275
g Frond
f 220/652/163 223/651/163 221/650/163 218/649/163
f 219/656/164 220/655/164 218/654/164 217/653/164
f 224/660/165 219/659/165 217/658/165 222/657/165
f 223/664/166 224/663/166 222/662/166 221/661/166
f 222/668/167 217/667/167 218/666/167 221/665/167
f 223/672/168 220/671/168 219/670/168 224/669/168
o cube
v -0.08182376544697789 0.5096053414609465 0.5914925184420887
v -0.011227709668540253 0.4702759185359582 0.7778501290350428
v -0.08182376544697789 0.5096053414609465 0.5914925184420887
v -0.011227709668540253 0.4702759185359582 0.7778501290350428
v 0.632276076340359 0.47956707158544987 0.5360386283424086
v 0.5616800205619212 0.5188964945104382 0.3496810177494545
v 0.632276076340359 0.47956707158544987 0.5360386283424086
v 0.5616800205619212 0.5188964945104382 0.3496810177494545
vt 0 1
vt 0.28125 1
vt 0.28125 1
vt 0 1
vt 0 1
vt 0.25 1
vt 0.25 1
vt 0 1
vt 0 1
vt 0.28125 1
vt 0.28125 1
vt 0 1
vt 0 1
vt 0.25 1
vt 0.25 1
vt 0 1
vt 0.09375 0.71875
vt 0.875 0.71875
vt 0.875 0.46875
vt 0.09375 0.46875
vt 0 1
vt 0.28125 1
vt 0.28125 0.75
vt 0 0.75
vn 0.34754981306307775 -0.19362177439994294 0.917452852149928
vn -0.9360055069220351 -0.013514404435624346 0.35172581918928625
vn -0.34754981306307775 0.19362177439994294 -0.917452852149928
vn 0.9360055069220351 0.013514404435624346 -0.35172581918928625
vn 0.05570294831913189 0.9809831646623545 0.1859279758336225
vn -0.05570294831913189 -0.9809831646623545 -0.1859279758336225
g Frond
f 228/676/169 231/675/169 229/674/169 226/673/169
f 227/680/170 228/679/170 226/678/170 225/677/170
f 232/684/171 227/683/171 225/682/171 230/681/171
f 231/688/172 232/687/172 230/686/172 229/685/172
f 230/692/173 225/691/173 226/690/173 229/689/173
f 231/696/174 228/695/174 227/694/174 232/693/174
o cube
v -0.01123492902751122 0.4702837549782519 0.7778312181262046
v 0.0608443985482211 0.34900384360208303 0.9649872873780965
v -0.01123492902751122 0.4702837549782519 0.7778312181262046
v 0.0608443985482211 0.34900384360208303 0.9649872873780965
v 0.7043481845571202 0.3582949966515747 0.723175786685462
v 0.6322688569813879 0.4795749080277436 0.5360197174335701
v 0.7043481845571202 0.3582949966515747 0.723175786685462
v 0.6322688569813879 0.4795749080277436 0.5360197174335701
vt 0 1
vt 0.28125 1
vt 0.28125 1
vt 0 1
vt 0 1
vt 0.25 1
vt 0.25 1
vt 0 1
vt 0 1
vt 0.28125 1
vt 0.28125 1
vt 0 1
vt 0 1
vt 0.25 1
vt 0.25 1
vt 0 1
vt 0.09375 1
vt 0.875 1
vt 0.875 0.71875
vt 0.09375 0.71875
vt 0 1
vt 0.28125 1
vt 0.28125 0.75
vt 0 0.75
vn 0.3075384643231242 -0.5174609552049868 0.7985325621414052
vn -0.9360055069220352 -0.01351440443562435 0.3517258191892863
vn -0.3075384643231242 0.5174609552049868 -0.7985325621414052
