# Made in Blockbench 4.7.4

o cube
v 0.125 0.17315572996313766 0.3326290624418331
v 0.125 0 0
v 0.125 0.17315572996313766 0.3326290624418331
v 0.125 0 0
v -0.125 0 0
v -0.125 0.17315572996313766 0.3326290624418331
v -0.125 0 0
v -0.125 0.17315572996313766 0.3326290624418331
vt 0 1
vt 0.125 1
vt 0.125 1
vt 0 1
vt 0 1
vt 0.125 1
vt 0.125 1
vt 0 1
vt 0 1
vt 0.125 1
vt 0.125 1
vt 0 1
vt 0 1
vt 0.125 1
vt 0.125 1
vt 0 1
vt 0 1
vt 0.125 1
vt 0.125 0.875
vt 0 0.875
vt 0.375 0.3125
vt 0.59375 0.3125
vt 0.59375 0
vt 0.375 0
vn 0 -0.4617486132350339 -0.8870108331782217
vn 1 0 0
vn 0 0.4617486132350339 0.8870108331782217
vn -1 0 0
vn 0 0.8870108331782217 -0.4617486132350339
vn 0 -0.8870108331782217 0.4617486132350339
g Frond
f 4/4/1 7/3/1 5/2/1 2/1/1
f 3/8/2 4/7/2 2/6/2 1/5/2
f 8/12/3 3/11/3 1/10/3 6/9/3
f 7/16/4 8/15/4 6/14/4 5/13/4
f 6/20/5 1/19/5 2/18/5 5/17/5
f 7/24/6 4/23/6 3/22/6 8/21/6
o cube
v 0.125 0.20583230950162834 0.7061786621707202
v 0.125 0.17314890597125654 0.33260565038631573
v 0.125 0.20583230950162834 0.7061786621707202
v 0.125 0.17314890597125654 0.33260565038631573
v -0.125 0.17314890597125654 0.33260565038631573
v -0.125 0.20583230950162834 0.7061786621707202
v -0.125 0.17314890597125654 0.33260565038631573
v -0.125 0.20583230950162834 0.7061786621707202
vt 0 1
vt 0.125 1
vt 0.125 1
vt 0 1
vt 0 1
vt 0.125 1
vt 0.125 1
vt 0 1
vt 0 1
vt 0.125 1
vt 0.125 1
vt 0 1
vt 0 1
vt 0.125 1
vt 0.125 1
vt 0 1
vt 0 1
vt 0.125 1
vt 0.125 0.875
vt 0 0.875
vt 0.375 0.625
vt 0.59375 0.625
vt 0.59375 0.3125
vt 0.375 0.3125
vn 0 -0.08715574274765818 -0.9961946980917455
vn 1 0 0
vn 0 0.08715574274765818 0.9961946980917455
vn -1 0 0
vn 0 0.9961946980917455 -0.08715574274765818
vn 0 -0.9961946980917455 0.08715574274765818
g Frond
f 12/28/7 15/27/7 13/26/7 10/25/7
f 11/32/8 12/31/8 10/30/8 9/29/8
f 16/36/9 11/35/9 9/34/9 14/33/9
f 15/40/10 16/39/10 14/38/10 13/37/10
f 14/44/11 9/43/11 10/42/11 13/41/11
f 15/48/12 12/47/12 11/46/12 16/45/12
o cube
v 0.125 0.07757828713450188 1.0585365714712824
v 0.125 0.20583584088162765 0.7061518386765666
v 0.125 0.07757828713450188 1.0585365714712824
v 0.125 0.20583584088162765 0.7061518386765666
v -0.125 0.20583584088162765 0.7061518386765666
v -0.125 0.07757828713450188 1.0585365714712824
v -0.125 0.20583584088162765 0.7061518386765666
v -0.125 0.07757828713450188 1.0585365714712824
vt 0 1
vt 0.125 1
vt 0.125 1
vt 0 1
vt 0 1
vt 0.125 1
vt 0.125 1
vt 0 1
vt 0 1
vt 0.125 1
vt 0.125 1
vt 0 1
vt 0 1
vt 0.125 1
vt 0.125 1
vt 0 1
vt 0 1
vt 0.125 1
vt 0.125 0.875
vt 0 0.875
vt 0.375 0.9375
vt 0.59375 0.9375
vt 0.59375 0.625
vt 0.375 0.625
vn 0 0.34202014332566866 -0.9396926207859084
vn 1 0 0
vn 0 -0.34202014332566866 0.9396926207859084
vn -1 0 0
vn 0 0.9396926207859084 0.34202014332566866
vn 0 -0.9396926207859084 -0.34202014332566866
g Frond
f 20/52/13 23/51/13 21/50/13 18/49/13
f 19/56/14 20/55/14 18/54/14 17/53/14
f 24/60/15 19/59/15 17/58/15 22/57/15
f 23/64/16 24/63/16 22/62/16 21/61/16
f 22/68/17 17/67/17 18/66/17 21/65/17
f 23/72/18 20/71/18 19/70/18 24/69/18
o cube
v 0.125 0.6693845291288851 0.31213913218327693
v 0.125 0.3622025125205133 0.09704796855163456
v 0.125 0.6693845291288851 0.31213913218327693
v 0.125 0.3622025125205133 0.09704796855163456
v -0.125 0.3622025125205133 0.09704796855163456
v -0.125 0.6693845291288851 0.31213913218327693
v -0.125 0.3622025125205133 0.09704796855163456
v -0.125 0.6693845291288851 0.31213913218327693
vt 0 1
vt 0.125 1
vt 0.125 1
vt 0 1
vt 0 1
vt 0.125 1
vt 0.125 1
vt 0 1
vt 0 1
vt 0.125 1
vt 0.125 1
vt 0 1
vt 0 1
vt 0.125 1
vt 0.125 1
vt 0 1
vt 0 1
vt 0.125 1
vt 0.125 0.875
vt 0 0.875
vt 0.375 0.625
vt 0.59375 0.625
vt 0.59375 0.3125
vt 0.375 0.3125
vn 0 -0.8191520442889917 -0.5735764363510463
vn 1 0 0
vn 0 0.8191520442889917 0.5735764363510463
vn -1 0 0
vn 0 0.5735764363510463 -0.8191520442889917
vn 0 -0.5735764363510463 0.8191520442889917
g Frond
f 28/76/19 31/75/19 29/74/19 26/73/19
f 27/80/20 28/79/20 26/78/20 25/77/20
f 32/84/21 27/83/21 25/82/21 30/81/21
f 31/88/22 32/87/22 30/86/22 29/85/22
f 30/92/23 25/91/23 26/90/23 29/89/23
f 31/96/24 28/95/24 27/94/24 32/93/24
o cube
v 0.125 0.36222218485840063 0.09705714191344528
v 0.125 0 0
v 0.125 0.36222218485840063 0.09705714191344528
v 0.125 0 0
v -0.125 0 0
v -0.125 0.36222218485840063 0.09705714191344528
v -0.125 0 0
v -0.125 0.36222218485840063 0.09705714191344528
vt 0 1
vt 0.125 1
vt 0.125 1
vt 0 1
vt 0 1
vt 0.125 1
vt 0.125 1
vt 0 1
vt 0 1
vt 0.125 1
vt 0.125 1
vt 0 1
vt 0 1
vt 0.125 1
vt 0.125 1
vt 0 1
vt 0 1
vt 0.125 1
vt 0.125 0.875
vt 0 0.875
vt 0.375 0.3125
vt 0.59375 0.3125
vt 0.59375 0
vt 0.375 0
vn 0 -0.9659258262890683 -0.25881904510252074
vn 1 0 0
vn 0 0.9659258262890683 0.25881904510252074
vn -1 0 0
vn 0 0.25881904510252074 -0.9659258262890683
vn 0 -0.25881904510252074 0.9659258262890683
g Fertile_Frond
f 36/100/25 39/99/25 37/98/25 34/97/25
f 35/104/26 36/103/26 34/102/26 33/101/26
f 40/108/27 35/107/27 33/106/27 38/105/27
f 39/112/28 40/111/28 38/110/28 37/109/28
f 38/116/29 33/115/29 34/114/29 37/113/29
f 39/120/30 36/119/30 35/118/30 40/117/30
o cube
v 0.125 0.8844603442843022 0.6193058003154237
v 0.125 0.66936918065266 0.31212378370705174
v 0.125 0.8844603442843022 0.6193058003154237
v 0.125 0.66936918065266 0.31212378370705174
v -0.125 0.66936918065266 0.31212378370705174
v -0.125 0.8844603442843022 0.6193058003154237
v -0.125 0.66936918065266 0.31212378370705174
v -0.125 0.8844603442843022 0.6193058003154237
vt 0 1
vt 0.125 1
vt 0.125 1
vt 0 1
vt 0 1
vt 0.125 1
vt 0.125 1
vt 0 1
vt 0 1
vt 0.125 1
vt 0.125 1
vt 0 1
vt 0 1
vt 0.125 1
vt 0.125 1
vt 0 1
vt 0 1
vt 0.125 1
vt 0.125 0.875
vt 0 0.875
vt 0.375 0.9375
vt 0.59375 0.9375
vt 0.59375 0.625
vt 0.375 0.625
vn 0 -0.573576436351046 -0.8191520442889918
vn 1 0 0
vn 0 0.573576436351046 0.8191520442889918
vn -1 0 0
vn 0 0.8191520442889918 -0.573576436351046
vn 0 -0.8191520442889918 0.573576436351046
g Fertile_Frond
f 44/124/31 47/123/31 45/122/31 42/121/31
f 43/128/32 44/127/32 42/126/32 41/125/32
f 48/132/33 43/131/33 41/130/33 46/129/33
f 47/136/34 48/135/34 46/134/34 45/133/34
f 46/140/35 41/139/35 42/138/35 45/137/35
f 47/144/36 44/143/36 43/142/36 48/141/36
o cube
v -0.012249184680631797 0.605735162691988 -0.4334456531831183
v -0.0808789478902141 0.3405701197470328 -0.17731588997353592
v -0.012249184680631797 0.605735162691988 -0.4334456531831183
v -0.0808789478902141 0.3405701197470328 -0.17731588997353592
v 0.16060250868205295 0.3405701197470328 -0.11261112869790574
v 0.2292322718916352 0.605735162691988 -0.3687408919074881
v 0.16060250868205295 0.3405701197470328 -0.11261112869790574
v 0.2292322718916352 0.605735162691988 -0.3687408919074881
vt 0 1
vt 0.125 1
vt 0.125 1
vt 0 1
vt 0 1
vt 0.125 1
vt 0.125 1
vt 0 1
vt 0 1
vt 0.125 1
vt 0.125 1
vt 0 1
vt 0 1
vt 0.125 1
vt 0.125 1
vt 0 1
vt 0 1
vt 0.125 1
vt 0.125 0.875
vt 0 0.875
vt 0.375 0.625
vt 0.59375 0.625
vt 0.59375 0.3125
vt 0.375 0.3125
vn -0.18301270189221955 -0.707106781186547 0.6830127018922199
vn -0.9659258262890683 0 -0.2588190451025208
vn 0.18301270189221955 0.707106781186547 -0.6830127018922199
vn 0.9659258262890683 0 0.2588190451025208
vn -0.18301270189221916 0.7071067811865479 0.683012701892219
vn 0.18301270189221916 -0.7071067811865479 -0.683012701892219
g Fertile_Frond
f 52/148/37 55/147/37 53/146/37 50/145/37
f 51/152/38 52/151/38 50/150/38 49/149/38
f 56/156/39 51/155/39 49/154/39 54/153/39
f 55/160/40 56/159/40 54/158/40 53/157/40
f 54/164/41 49/163/41 50/162/41 53/161/41
f 55/168/42 52/167/42 51/166/42 56/165/42
o cube
v -0.08087572557667871 0.34058790028034247 -0.17732791581136798
v -0.12189384618165944 0.0007224801415989246 -0.02424620568259228
v -0.08087572557667871 0.34058790028034247 -0.17732791581136798
v -0.12189384618165944 0.0007224801415989246 -0.02424620568259228
v 0.11958761039060761 0.0007224801415988136 0.040458555593037904
v 0.1606057309955884 0.34058790028034247 -0.11262315453573779
v 0.11958761039060761 0.0007224801415988136 0.040458555593037904
v 0.1606057309955884 0.34058790028034247 -0.11262315453573779
vt 0 1
vt 0.125 1
vt 0.125 1
vt 0 1
vt 0 1
vt 0.125 1
vt 0.125 1
vt 0 1
vt 0 1
vt 0.125 1
vt 0.125 1
vt 0 1
vt 0 1
vt 0.125 1
vt 0.125 1
vt 0 1
vt 0 1
vt 0.125 1
vt 0.125 0.875
vt 0 0.875
vt 0.375 0.3125
vt 0.59375 0.3125
vt 0.59375 0
vt 0.375 0
vn -0.10938165494661521 -0.9063077870366498 0.4082178936767352
vn -0.9659258262890684 0 -0.25881904510252074
vn 0.10938165494661521 0.9063077870366498 -0.4082178936767352
vn 0.9659258262890684 0 0.25881904510252074
vn -0.23456971600980442 0.42261826174069983 0.875426098065593
vn 0.23456971600980442 -0.42261826174069983 -0.875426098065593
g Fertile_Frond
f 60/172/43 63/171/43 61/170/43 58/169/43
f 59/176/44 60/175/44 58/174/44 57/173/44
f 64/180/45 59/179/45 57/178/45 62/177/45
f 63/184/46 64/183/46 62/182/46 61/181/46
f 62/188/47 57/187/47 58/186/47 61/185/47
f 63/192/48 60/191/48 59/190/48 64/189/48
o cube
v 0.07570985688239218 0.7642045607812931 -0.7617132652813864
v -0.012253786621284513 0.605722712628531 -0.433428478506789
v 0.07570985688239218 0.7642045607812931 -0.7617132652813864
v -0.012253786621284513 0.605722712628531 -0.433428478506789
v 0.22922766995098254 0.605722712628531 -0.3687237172311588
v 0.31719131345465923 0.7642045607812931 -0.6970085040057562
v 0.22922766995098254 0.605722712628531 -0.3687237172311588
v 0.31719131345465923 0.7642045607812931 -0.6970085040057562
vt 0 1
vt 0.125 1
vt 0.125 1
vt 0 1
vt 0 1
vt 0.125 1
vt 0.125 1
vt 0 1
vt 0 1
vt 0.125 1
vt 0.125 1
vt 0 1
vt 0 1
vt 0.125 1
vt 0.125 1
vt 0 1
vt 0 1
vt 0.125 1
vt 0.125 0.875
vt 0 0.875
vt 0.375 0.9375
vt 0.59375 0.9375
vt 0.59375 0.625
vt 0.375 0.625
vn -0.23456971600980464 -0.42261826174069894 0.8754260980655933
vn -0.9659258262890683 0 -0.25881904510252074
vn 0.23456971600980464 0.42261826174069894 -0.8754260980655933
vn 0.9659258262890683 0 0.25881904510252074
vn -0.10938165494661485 0.9063077870366503 0.4082178936767346
vn 0.10938165494661485 -0.9063077870366503 -0.4082178936767346
g Fertile_Frond
f 68/196/49 71/195/49 69/194/49 66/193/49
f 67/200/50 68/199/50 66/198/50 65/197/50
f 72/204/51 67/203/51 65/202/51 70/201/51
f 71/208/52 72/207/52 70/206/52 69/205/52
f 70/212/53 65/211/53 66/210/53 69/209/53
f 71/216/54 68/215/54 67/214/54 72/213/54
o cube
v -0.23330375415526255 0.7039388338155106 0.09916627852346738
v -0.06162939546587842 0.3713097713736775 0.12176763661663836
v -0.23330375415526255 0.7039388338155106 0.09916627852346738
v -0.06162939546587842 0.3713097713736775 0.12176763661663836
v -0.028997847410866806 0.3713097713736775 -0.12609357872681437
v -0.200672206100251 0.7039388338155106 -0.14869493681998536
v -0.028997847410866806 0.3713097713736775 -0.12609357872681437
v -0.200672206100251 0.7039388338155106 -0.14869493681998536
vt 0 1
vt 0.125 1
vt 0.125 1
vt 0 1
vt 0 1
vt 0.125 1
vt 0.125 1
vt 0 1
vt 0 1
vt 0.125 1
vt 0.125 1
vt 0 1
vt 0 1
vt 0.125 1
vt 0.125 1
vt 0 1
vt 0 1
vt 0.125 1
vt 0.125 0.875
vt 0 0.875
vt 0.375 0.625
vt 0.59375 0.625
vt 0.59375 0.3125
vt 0.375 0.3125
vn 0.4577982898383579 -0.8870108331782217 0.06027028824845597
vn -0.13052619222004647 0 0.9914448613738112
vn -0.4577982898383579 0.8870108331782217 -0.06027028824845597
vn 0.13052619222004647 0 -0.9914448613738112
vn 0.8794223325374506 0.4617486132350339 0.11577814651268414
vn -0.8794223325374506 -0.4617486132350339 -0.11577814651268414
g Fertile_Frond
f 76/220/55 79/219/55 77/218/55 74/217/55
f 75/224/56 76/223/56 74/222/56 73/221/56
f 80/228/57 75/227/57 73/226/57 78/225/57
f 79/232/58 80/231/58 78/230/58 77/229/58
f 78/236/59 73/235/59 74/234/59 77/233/59
f 79/240/60 76/239/60 75/238/60 80/237/60
o cube
v -0.061635866752473734 0.3713304727759741 0.12176678465559554
v -0.013107295795751095 -0.00046135023920484963 0.1281556922263949
v -0.061635866752473734 0.3713304727759741 0.12176678465559554
v -0.013107295795751095 -0.00046135023920484963 0.1281556922263949
v 0.019524252259260466 -0.00046135023920484963 -0.11970552311705784
v -0.029004318697462117 0.3713304727759741 -0.1260944306878573
v 0.019524252259260466 -0.00046135023920484963 -0.11970552311705784
v -0.029004318697462117 0.3713304727759741 -0.1260944306878573
vt 0 1
vt 0.125 1
vt 0.125 1
vt 0 1
vt 0 1
vt 0.125 1
vt 0.125 1
vt 0 1
vt 0 1
vt 0.125 1
vt 0.125 1
vt 0 1
vt 0 1
vt 0.125 1
vt 0.125 1
vt 0 1
vt 0 1
vt 0.125 1
vt 0.125 0.875
vt 0 0.875
vt 0.375 0.3125
vt 0.59375 0.3125
vt 0.59375 0
vt 0.375 0
vn 0.1294095225512604 -0.9914448613738105 0.01703708685546519
vn -0.13052619222004644 0 0.991444861373811
vn -0.1294095225512604 0.9914448613738105 -0.01703708685546519
vn 0.13052619222004644 0 -0.991444861373811
vn 0.9829629131445349 0.13052619222005143 0.12940952255125532
vn -0.9829629131445349 -0.13052619222005143 -0.12940952255125532
g Fertile_Frond
f 84/244/61 87/243/61 85/242/61 82/241/61
f 83/248/62 84/247/62 82/246/62 81/245/62
f 88/252/63 83/251/63 81/250/63 86/249/63
f 87/256/64 88/255/64 86/254/64 85/253/64
f 86/260/65 81/259/65 82/258/65 85/257/65
f 87/264/66 84/263/66 83/262/66 88/261/66
o cube
v -0.5074043385317522 0.9572679411253417 0.06308025200013923
v -0.2332906534113401 0.7039216132694692 0.099168003269125
v -0.5074043385317522 0.9572679411253417 0.06308025200013923
v -0.2332906534113401 0.7039216132694692 0.099168003269125
v -0.20065910535632842 0.7039216132694692 -0.14869321207432773
v -0.47477279047674054 0.9572679411253417 -0.18478096334331356
v -0.20065910535632842 0.7039216132694692 -0.14869321207432773
v -0.47477279047674054 0.9572679411253417 -0.18478096334331356
vt 0 1
vt 0.125 1
vt 0.125 1
vt 0 1
vt 0 1
vt 0.125 1
vt 0.125 1
vt 0 1
vt 0 1
vt 0.125 1
vt 0.125 1
vt 0 1
vt 0 1
vt 0.125 1
vt 0.125 1
vt 0 1
vt 0 1
vt 0.125 1
vt 0.125 0.875
vt 0 0.875
vt 0.375 0.9375
vt 0.59375 0.9375
vt 0.59375 0.625
vt 0.375 0.625
vn 0.7309698269877661 -0.6755902076156602 0.09623400338396224
vn -0.13052619222004644 0 0.991444861373811
vn -0.7309698269877661 0.6755902076156602 -0.09623400338396224
vn 0.13052619222004644 0 -0.991444861373811
vn 0.6698104397350126 0.737277336810124 0.08818221730122276
vn -0.6698104397350126 -0.737277336810124 -0.08818221730122276
g Fertile_Frond
f 92/268/67 95/267/67 93/266/67 90/265/67
f 91/272/68 92/271/68 90/270/68 89/269/68
f 96/276/69 91/275/69 89/274/69 94/273/69
f 95/280/70 96/279/70 94/278/70 93/277/70
f 94/284/71 89/283/71 90/282/71 93/281/71
f 95/288/72 92/287/72 91/286/72 96/285/72
o cube
v 0.17130700604036142 0.7265185481894119 -0.04163074086393154
v 0.06023270626810251 0.37413381539469626 -0.10575951773749453
v 0.17130700604036142 0.7265185481894119 -0.04163074086393154
v 0.06023270626810251 0.37413381539469626 -0.10575951773749453
v -0.0647672937318976 0.37413381539469626 0.110746833208615
v 0.04630700604036142 0.7265185481894119 0.174875610082178
v -0.0647672937318976 0.37413381539469626 0.110746833208615
v 0.04630700604036142 0.7265185481894119 0.174875610082178
vt 0 1
vt 0.125 1
vt 0.125 1
vt 0 1
vt 0 1
vt 0.125 1
vt 0.125 1
vt 0 1
vt 0 1
vt 0.125 1
vt 0.125 1
vt 0 1
vt 0 1
vt 0.125 1
vt 0.125 1
vt 0 1
vt 0 1
vt 0.125 1
vt 0.125 0.875
vt 0 0.875
vt 0.375 0.625
vt 0.59375 0.625
vt 0.59375 0.3125
vt 0.375 0.3125
vn -0.29619813272602413 -0.9396926207859082 -0.17101007166283463
vn 0.5000000000000007 0 -0.8660254037844385
vn 0.29619813272602413 0.9396926207859082 0.17101007166283463
vn -0.5000000000000007 0 0.8660254037844385
vn -0.8137976813493735 0.34202014332566905 -0.46984631039295466
vn 0.8137976813493735 -0.34202014332566905 0.46984631039295466
g Fertile_Frond
f 100/292/73 103/291/73 101/290/73 98/289/73
f 99/296/74 100/295/74 98/294/74 97/293/74
f 104/300/75 99/299/75 97/298/75 102/297/75
f 103/304/76 104/303/76 102/302/76 101/301/76
f 102/308/77 97/307/77 98/306/77 101/305/77
f 103/312/78 100/311/78 99/310/78 104/309/78
o cube
v 0.060235970500909786 0.3741551916546695 -0.10575763313180458
v 0.060235970500909675 -0.0008448083453306277 -0.10575763313180458
v 0.060235970500909786 0.3741551916546695 -0.10575763313180458
v 0.060235970500909675 -0.0008448083453306277 -0.10575763313180458
v -0.06476402949909038 -0.0008448083453305721 0.11074871781430495
v -0.06476402949909033 0.3741551916546695 0.11074871781430495
v -0.06476402949909038 -0.0008448083453305721 0.11074871781430495
v -0.06476402949909033 0.3741551916546695 0.11074871781430495
vt 0 1
vt 0.125 1
vt 0.125 1
vt 0 1
vt 0 1
vt 0.125 1
vt 0.125 1
vt 0 1
vt 0 1
vt 0.125 1
vt 0.125 1
vt 0 1
vt 0 1
vt 0.125 1
vt 0.125 1
vt 0 1
vt 0 1
vt 0.125 1
vt 0.125 0.875
vt 0 0.875
vt 0.375 0.3125
vt 0.59375 0.3125
vt 0.59375 0
vt 0.375 0
vn 0 -1 0
vn 0.5000000000000006 0 -0.8660254037844384
vn 0 1 0
vn -0.5000000000000006 0 0.8660254037844384
vn -0.8660254037844384 0 -0.5000000000000004
vn 0.8660254037844384 0 0.5000000000000004
g Fertile_Frond
f 108/316/79 111/315/79 109/314/79 106/313/79
f 107/320/80 108/319/80 106/318/80 105/317/80
f 112/324/81 107/323/81 105/322/81 110/321/81
f 111/328/82 112/327/82 110/326/82 109/325/82
f 110/332/83 105/331/83 106/330/83 109/329/83
f 111/336/84 108/335/84 107/334/84 112/333/84
o cube
v 0.38004900676649855 1.0137664163914881 0.0788865094464849
v 0.17129760705659125 0.7264997502218715 -0.04163616736974135
v 0.38004900676649855 1.0137664163914881 0.0788865094464849
v 0.17129760705659125 0.7264997502218715 -0.04163616736974135
v 0.04629760705659125 0.7264997502218715 0.1748701835763682
v 0.25504900676649855 1.0137664163914881 0.2953928603925945
v 0.04629760705659125 0.7264997502218715 0.1748701835763682
v 0.25504900676649855 1.0137664163914881 0.2953928603925945
vt 0 1
vt 0.125 1
vt 0.125 1
vt 0 1
vt 0 1
vt 0.125 1
vt 0.125 1
vt 0 1
vt 0 1
vt 0.125 1
vt 0.125 1
vt 0 1
vt 0 1
vt 0.125 1
vt 0.125 1
vt 0 1
vt 0 1
vt 0.125 1
vt 0.125 0.875
vt 0 0.875
vt 0.375 0.9375
vt 0.59375 0.9375
vt 0.59375 0.625
vt 0.375 0.625
vn -0.5566703992264194 -0.7660444431189781 -0.32139380484326996
vn 0.5000000000000006 0 -0.8660254037844384
vn 0.5566703992264194 0.7660444431189781 0.32139380484326996
vn -0.5000000000000006 0 0.8660254037844384
vn -0.6634139481689381 0.6427876096865395 -0.38302222155948934
vn 0.6634139481689381 -0.6427876096865395 0.38302222155948934
g Fertile_Frond
f 116/340/85 119/339/85 117/338/85 114/337/85
f 115/344/86 116/343/86 114/342/86 113/341/86
f 120/348/87 115/347/87 113/346/87 118/345/87
f 119/352/88 120/351/88 118/350/88 117/349/88
f 118/356/89 113/355/89 114/354/89 117/353/89
f 119/360/90 116/359/90 115/358/90 120/357/90
o cube
v -0.3725435722894911 0.6057351626919882 0.23303495227363835
v -0.11641380907990884 0.3405701197470328 0.1644051890640561
v -0.3725435722894911 0.6057351626919882 0.23303495227363835
v -0.11641380907990884 0.3405701197470328 0.1644051890640561
v -0.18111857035553902 0.3405701197470328 -0.07707626750821095
v -0.43724833356512127 0.6057351626919882 -0.008446504298628699
v -0.18111857035553902 0.3405701197470328 -0.07707626750821095
v -0.43724833356512127 0.6057351626919882 -0.008446504298628699
vt 0 1
vt 0.125 1
vt 0.125 1
vt 0 1
vt 0 1
vt 0.125 1
vt 0.125 1
vt 0 1
vt 0 1
vt 0.125 1
vt 0.125 1
vt 0 1
vt 0 1
vt 0.125 1
vt 0.125 1
vt 0 1
vt 0 1
vt 0.125 1
vt 0.125 0.875
vt 0 0.875
vt 0.375 0.625
vt 0.59375 0.625
vt 0.59375 0.3125
vt 0.375 0.3125
vn 0.6830127018922195 -0.7071067811865475 -0.1830127018922193
vn 0.25881904510252074 0 0.9659258262890684
vn -0.6830127018922195 0.7071067811865475 0.1830127018922193
vn -0.25881904510252074 0 -0.9659258262890684
vn 0.6830127018922194 0.7071067811865476 -0.18301270189221922
vn -0.6830127018922194 -0.7071067811865476 0.18301270189221922
g Fertile_Frond
f 124/364/91 127/363/91 125/362/91 122/361/91
f 123/368/92 124/367/92 122/366/92 121/365/92
f 128/372/93 123/371/93 121/370/93 126/369/93
f 127/376/94 128/375/94 126/374/94 125/373/94
f 126/380/95 121/379/95 122/378/95 125/377/95
f 127/384/96 124/383/96 123/382/96 128/381/96
o cube
v -0.11642583491774089 0.3405879002803427 0.16440841137759155
v 0.03665587521103464 0.0007224801415988136 0.12339029077261088
v -0.11642583491774089 0.3405879002803427 0.16440841137759155
v 0.03665587521103464 0.0007224801415988136 0.12339029077261088
v -0.028048886064595546 0.0007224801415989246 -0.11809116579965617
v -0.18113059619337107 0.3405879002803427 -0.07707304519467556
v -0.028048886064595546 0.0007224801415989246 -0.11809116579965617
v -0.18113059619337107 0.3405879002803427 -0.07707304519467556
vt 0 1
vt 0.125 1
vt 0.125 1
vt 0 1
vt 0 1
vt 0.125 1
vt 0.125 1
vt 0 1
vt 0 1
vt 0.125 1
vt 0.125 1
vt 0 1
vt 0 1
vt 0.125 1
vt 0.125 1
vt 0 1
vt 0 1
vt 0.125 1
vt 0.125 0.875
vt 0 0.875
vt 0.375 0.3125
vt 0.59375 0.3125
vt 0.59375 0
vt 0.375 0
vn 0.4082178936767348 -0.90630778703665 -0.10938165494661498
vn 0.25881904510252063 0 0.9659258262890683
vn -0.4082178936767348 0.90630778703665 0.10938165494661498
vn -0.25881904510252063 0 -0.9659258262890683
vn 0.8754260980655931 0.4226182617406994 -0.2345697160098044
vn -0.8754260980655931 -0.4226182617406994 0.2345697160098044
g Fertile_Frond
f 132/388/97 135/387/97 133/386/97 130/385/97
f 131/392/98 132/391/98 130/390/98 129/389/98
f 136/396/99 131/395/99 129/394/99 134/393/99
f 135/400/100 136/399/100 134/398/100 133/397/100
f 134/404/101 129/403/101 130/402/101 133/401/101
f 135/408/102 132/407/102 131/406/102 136/405/102
o cube
v -0.7008111843877592 0.7642045607812933 0.3209939938366624
v -0.37252639761316186 0.6057227126285312 0.2330303503329857
v -0.7008111843877592 0.7642045607812933 0.3209939938366624
v -0.37252639761316186 0.6057227126285312 0.2330303503329857
v -0.43723115888879205 0.6057227126285312 -0.008451106239281414
v -0.7655159456633894 0.7642045607812933 0.07951253726439522
v -0.43723115888879205 0.6057227126285312 -0.008451106239281414
v -0.7655159456633894 0.7642045607812933 0.07951253726439522
vt 0 1
vt 0.125 1
vt 0.125 1
vt 0 1
vt 0 1
vt 0.125 1
vt 0.125 1
vt 0 1
vt 0 1
vt 0.125 1
vt 0.125 1
vt 0 1
vt 0 1
vt 0.125 1
vt 0.125 1
vt 0 1
vt 0 1
vt 0.125 1
vt 0.125 0.875
vt 0 0.875
vt 0.375 0.9375
vt 0.59375 0.9375
vt 0.59375 0.625
vt 0.375 0.625
vn 0.8754260980655931 -0.4226182617406995 -0.2345697160098044
vn 0.2588190451025207 0 0.9659258262890684
vn -0.8754260980655931 0.4226182617406995 0.2345697160098044
vn -0.2588190451025207 0 -0.9659258262890684
vn 0.40821789367673494 0.90630778703665 -0.10938165494661498
vn -0.40821789367673494 -0.90630778703665 0.10938165494661498
g Fertile_Frond
f 140/412/103 143/411/103 141/410/103 138/409/103
f 139/416/104 140/415/104 138/414/104 137/413/104
f 144/420/105 139/419/105 137/418/105 142/417/105
f 143/424/106 144/423/106 142/422/106 141/421/106
f 142/428/107 137/427/107 138/426/107 141/425/107
f 143/432/108 140/431/108 139/430/108 144/429/108
o cube
v -0.3165478767242057 0.6693845291288851 -0.09863661506069399
v -0.15177848606019123 0.3622025125205133 0.039621319874785677
v -0.3165478767242057 0.6693845291288851 -0.09863661506069399
v -0.15177848606019123 0.3622025125205133 0.039621319874785677
v 0.008918416361443526 0.3622025125205133 -0.1518897909049588
v -0.1558509743025709 0.6693845291288851 -0.29014772584043846
v 0.008918416361443526 0.3622025125205133 -0.1518897909049588
v -0.1558509743025709 0.6693845291288851 -0.29014772584043846
vt 0 1
vt 0.125 1
vt 0.125 1
vt 0 1
vt 0 1
vt 0.125 1
vt 0.125 1
vt 0 1
vt 0 1
vt 0.125 1
vt 0.125 1
vt 0 1
vt 0 1
vt 0.125 1
vt 0.125 1
vt 0 1
vt 0 1
vt 0.125 1
vt 0.125 0.875
vt 0 0.875
vt 0.375 0.625
vt 0.59375 0.625
vt 0.59375 0.3125
vt 0.375 0.3125
vn 0.4393850417707053 -0.8191520442889918 0.3686878264946125
vn -0.6427876096865393 0 0.766044443118978
vn -0.4393850417707053 0.8191520442889918 -0.3686878264946125
vn 0.6427876096865393 0 -0.766044443118978
vn 0.6275068715971331 0.5735764363510464 0.5265407845183632
vn -0.6275068715971331 -0.5735764363510464 -0.5265407845183632
g Fertile_Frond
f 148/436/109 151/435/109 149/434/109 146/433/109
f 147/440/110 148/439/110 146/438/110 145/437/110
f 152/444/111 147/443/111 145/442/111 150/441/111
f 151/448/112 152/447/112 150/446/112 149/445/112
f 150/452/113 145/451/113 146/450/113 149/449/113
f 151/456/114 148/455/114 147/454/114 152/453/114
o cube
v -0.15178551326303108 0.36222218485840063 0.03961542335147461
v -0.07743542903522627 0 0.10200255160502525
v -0.15178551326303108 0.36222218485840063 0.03961542335147461
v -0.07743542903522627 0 0.10200255160502525
v 0.08326147338640855 0 -0.08950855917471923
v 0.008911389158603789 0.36222218485840063 -0.15189568742826992
v 0.08326147338640855 0 -0.08950855917471923
v 0.008911389158603789 0.36222218485840063 -0.15189568742826992
vt 0 1
vt 0.125 1
vt 0.125 1
vt 0 1
vt 0 1
vt 0.125 1
vt 0.125 1
vt 0 1
vt 0 1
vt 0.125 1
vt 0.125 1
vt 0 1
vt 0 1
vt 0.125 1
vt 0.125 1
vt 0 1
vt 0 1
vt 0.125 1
vt 0.125 0.875
vt 0 0.875
vt 0.375 0.3125
vt 0.59375 0.3125
vt 0.59375 0
vt 0.375 0
vn 0.1982668912741462 -0.9659258262890684 0.16636567534280192
vn -0.6427876096865394 0 0.766044443118978
vn -0.1982668912741462 0.9659258262890684 -0.16636567534280192
vn 0.6427876096865394 0 -0.766044443118978
vn 0.739942111693848 0.2588190451025207 0.6208851530148456
vn -0.739942111693848 -0.2588190451025207 -0.6208851530148456
g Fertile_Frond
f 156/460/115 159/459/115 157/458/115 154/457/115
f 155/464/116 156/463/116 154/462/116 153/461/116
f 160/468/117 155/467/117 153/466/117 158/465/117
f 159/472/118 160/471/118 158/470/118 157/469/118
f 158/476/119 153/475/119 154/474/119 157/473/119
f 159/480/120 156/479/120 155/478/120 160/477/120
o cube
v -0.5518511959582081 0.8844603442843022 -0.2960795434447351
v -0.31653611910928314 0.66936918065266 -0.09862674925034892
v -0.5518511959582081 0.8844603442843022 -0.2960795434447351
v -0.31653611910928314 0.66936918065266 -0.09862674925034892
v -0.15583921668764827 0.66936918065266 -0.2901378600300934
v -0.39115429353657316 0.8844603442843022 -0.48759065422447956
v -0.15583921668764827 0.66936918065266 -0.2901378600300934
v -0.39115429353657316 0.8844603442843022 -0.48759065422447956
vt 0 1
vt 0.125 1
vt 0.125 1
vt 0 1
vt 0 1
vt 0.125 1
vt 0.125 1
vt 0 1
vt 0 1
vt 0.125 1
vt 0.125 1
vt 0 1
vt 0 1
vt 0.125 1
vt 0.125 1
vt 0 1
vt 0 1
vt 0.125 1
vt 0.125 0.875
vt 0 0.875
vt 0.375 0.9375
vt 0.59375 0.9375
vt 0.59375 0.625
vt 0.375 0.625
vn 0.6275068715971333 -0.573576436351046 0.5265407845183633
vn -0.6427876096865393 0 0.7660444431189781
vn -0.6275068715971333 0.573576436351046 -0.5265407845183633
vn 0.6427876096865393 0 -0.7660444431189781
vn 0.43938504177070514 0.8191520442889919 0.36868782649461235
vn -0.43938504177070514 -0.8191520442889919 -0.36868782649461235
g Fertile_Frond
f 164/484/121 167/483/121 165/482/121 162/481/121
f 163/488/122 164/487/122 162/486/122 161/485/122
f 168/492/123 163/491/123 161/490/123 166/489/123
f 167/496/124 168/495/124 166/494/124 165/493/124
f 166/500/125 161/499/125 162/498/125 165/497/125
f 167/504/126 164/503/126 163/502/126 168/501/126
o cube
v -0.08009791445095193 0.7203506388615257 -0.18023074645127257
v -0.11724007465393471 0.373895814169793 -0.041614317470878015
v -0.08009791445095193 0.7203506388615257 -0.18023074645127257
v -0.11724007465393471 0.373895814169793 -0.041614317470878015
v 0.12424138191833223 0.373895814169793 0.023090443804752114
v 0.161383542121315 0.7203506388615257 -0.1155259851756425
v 0.12424138191833223 0.373895814169793 0.023090443804752114
v 0.161383542121315 0.7203506388615257 -0.1155259851756425
vt 0 1
vt 0.125 1
vt 0.125 1
vt 0 1
vt 0 1
vt 0.125 1
vt 0.125 1
vt 0 1
vt 0 1
vt 0.125 1
vt 0.125 1
vt 0 1
vt 0 1
vt 0.125 1
vt 0.125 1
vt 0 1
vt 0 1
vt 0.125 1
vt 0.125 0.875
vt 0 0.875
vt 0.375 0.625
vt 0.59375 0.625
vt 0.59375 0.3125
vt 0.375 0.3125
vn -0.09904576054128761 -0.923879532511287 0.3696438106143859
vn -0.9659258262890684 0 -0.2588190451025205
vn 0.09904576054128761 0.923879532511287 -0.3696438106143859
vn 0.9659258262890684 0 0.2588190451025205
vn -0.23911761839433435 0.3826834323650892 0.892399100832523
vn 0.23911761839433435 -0.3826834323650892 -0.892399100832523
g Fertile_Frond
f 172/508/127 175/507/127 173/506/127 170/505/127
f 171/512/128 172/511/128 170/510/128 169/509/128
f 176/516/129 171/515/129 169/514/129 174/513/129
f 175/520/130 176/519/130 174/518/130 173/517/130
f 174/524/131 169/523/131 170/522/131 173/521/131
f 175/528/132 172/527/132 171/526/132 176/525/132
o cube
v -0.11723885871085654 0.3739170056736121 -0.04161885543222488
v -0.12147243178055145 -0.0007260774195846365 -0.025818945638568236
v -0.11723885871085654 0.3739170056736121 -0.04161885543222488
v -0.12147243178055145 -0.0007260774195846365 -0.025818945638568236
v 0.12000902479171549 -0.0007260774195846365 0.03888581563706184
v 0.12424259786141045 0.3739170056736121 0.023085905843405197
v 0.12000902479171549 -0.0007260774195846365 0.03888581563706184
v 0.12424259786141045 0.3739170056736121 0.023085905843405197
vt 0 1
vt 0.125 1
vt 0.125 1
vt 0 1
vt 0 1
vt 0.125 1
vt 0.125 1
vt 0 1
vt 0 1
vt 0.125 1
vt 0.125 1
vt 0 1
vt 0 1
vt 0.125 1
vt 0.125 1
vt 0 1
vt 0 1
vt 0.125 1
vt 0.125 0.875
vt 0 0.875
vt 0.375 0.3125
vt 0.59375 0.3125
vt 0.59375 0
vt 0.375 0
vn -0.011289528185853149 -0.9990482215818578 0.04213309278308443
vn -0.9659258262890685 0 -0.2588190451025205
vn 0.011289528185853149 0.9990482215818578 -0.04213309278308443
vn 0.9659258262890685 0 0.2588190451025205
vn -0.2585727067211878 0.04361938736533519 0.9650064789340803
vn 0.2585727067211878 -0.04361938736533519 -0.9650064789340803
g Fertile_Frond
f 180/532/133 183/531/133 181/530/133 178/529/133
f 179/536/134 180/535/134 178/534/134 177/533/134
f 184/540/135 179/539/135 177/538/135 182/537/135
f 183/544/136 184/543/136 182/542/136 181/541/136
f 182/548/137 177/547/137 178/546/137 181/545/137
f 183/552/138 180/551/138 179/550/138 184/549/138
o cube
v -0.014530078307839922 0.9968113334909996 -0.42493324227971774
v -0.08010093296372689 0.720332332187203 -0.18021948120823306
v -0.014530078307839922 0.9968113334909996 -0.42493324227971774
v -0.08010093296372689 0.720332332187203 -0.18021948120823306
v 0.16138052360854016 0.720332332187203 -0.11551471993260293
v 0.22695137826442713 0.9968113334909996 -0.36022848100408755
v 0.16138052360854016 0.720332332187203 -0.11551471993260293
v 0.22695137826442713 0.9968113334909996 -0.36022848100408755
vt 0 1
vt 0.125 1
vt 0.125 1
vt 0 1
vt 0 1
vt 0.125 1
vt 0.125 1
vt 0 1
vt 0 1
vt 0.125 1
vt 0.125 1
vt 0 1
vt 0 1
vt 0.125 1
vt 0.125 1
vt 0 1
vt 0 1
vt 0.125 1
vt 0.125 0.875
vt 0 0.875
vt 0.375 0.9375
vt 0.59375 0.9375
vt 0.59375 0.625
vt 0.375 0.625
vn -0.17485561241569883 -0.7372773368101245 0.6525700295239596
vn -0.9659258262890684 0 -0.2588190451025205
vn 0.17485561241569883 0.7372773368101245 -0.6525700295239596
vn 0.9659258262890684 0 0.2588190451025205
vn -0.1908214162889258 0.6755902076156596 0.7121552207625235
vn 0.1908214162889258 -0.6755902076156596 -0.7121552207625235
g Fertile_Frond
f 188/556/139 191/555/139 189/554/139 186/553/139
f 187/560/140 188/559/140 186/558/140 185/557/140
f 192/564/141 187/563/141 185/562/141 190/561/141
f 191/568/142 192/567/142 190/566/142 189/565/142
f 190/572/143 185/571/143 186/570/143 189/569/143
f 191/576/144 188/575/144 187/574/144 192/573/144
o cube
v 0.4024468585348846 0.6234468678629872 0.09181791519423188
v 0.18304250265619781 0.34696786655919065 -0.03485524873370449
v 0.4024468585348846 0.6234468678629872 0.09181791519423188
v 0.18304250265619781 0.34696786655919065 -0.03485524873370449
v 0.0580425026561977 0.34696786655919065 0.1816511022124051
v 0.2774468585348845 0.6234468678629872 0.3083242661403415
v 0.0580425026561977 0.34696786655919065 0.1816511022124051
v 0.2774468585348845 0.6234468678629872 0.3083242661403415
vt 0 1
vt 0.125 1
vt 0.125 1
vt 0 1
vt 0 1
vt 0.125 1
vt 0.125 1
vt 0 1
vt 0 1
vt 0.125 1
vt 0.125 1
vt 0 1
vt 0 1
vt 0.125 1
vt 0.125 1
vt 0 1
vt 0 1
vt 0.125 1
vt 0.125 0.875
vt 0 0.875
vt 0.375 0.625
vt 0.59375 0.625
vt 0.59375 0.3125
vt 0.375 0.3125
vn -0.5850782823431648 -0.737277336810124 -0.33779510380783045
vn 0.5000000000000004 0 -0.8660254037844386
vn 0.5850782823431648 0.737277336810124 0.33779510380783045
vn -0.5000000000000004 0 0.8660254037844386
vn -0.638500903312103 0.6755902076156604 -0.3686386684050623
vn 0.638500903312103 -0.6755902076156604 0.3686386684050623
g Fertile_Frond
f 196/580/145 199/579/145 197/578/145 194/577/145
f 195/584/146 196/583/146 194/582/146 193/581/146
f 200/588/147 195/587/147 193/586/147 198/585/147
f 199/592/148 200/591/148 198/590/148 197/589/148
f 198/596/149 193/595/149 194/594/149 197/593/149
f 199/600/150 196/599/150 195/598/150 200/597/150
o cube
v 0.18305260279679492 0.3469861732335132 -0.0348494174148119
v 0.05877251253344806 0.0005313485417807184 -0.10660256098326626
v 0.18305260279679492 0.3469861732335132 -0.0348494174148119
v 0.05877251253344806 0.0005313485417807184 -0.10660256098326626
v -0.06622748746655205 0.0005313485417807184 0.10990378996284333
v 0.058052602796794806 0.3469861732335132 0.18165693353129764
v -0.06622748746655205 0.0005313485417807184 0.10990378996284333
v 0.058052602796794806 0.3469861732335132 0.18165693353129764
vt 0 1
vt 0.125 1
vt 0.125 1
vt 0 1
vt 0 1
vt 0.125 1
vt 0.125 1
vt 0 1
vt 0 1
vt 0.125 1
vt 0.125 1
vt 0 1
vt 0 1
vt 0.125 1
vt 0.125 1
vt 0 1
vt 0 1
vt 0.125 1
vt 0.125 0.875
vt 0 0.875
vt 0.375 0.3125
vt 0.59375 0.3125
vt 0.59375 0
vt 0.375 0
vn -0.3314135740355917 -0.923879532511287 -0.1913417161825451
vn 0.5000000000000004 0 -0.8660254037844386
vn 0.3314135740355917 0.923879532511287 0.1913417161825451
vn -0.5000000000000004 0 0.8660254037844386
vn -0.8001031451912655 0.38268343236508984 -0.46193976625564387
vn 0.8001031451912655 -0.38268343236508984 0.46193976625564387
g Fertile_Frond
f 204/604/151 207/603/151 205/602/151 202/601/151
f 203/608/152 204/607/152 202/606/152 201/605/152
f 208/612/153 203/611/153 201/610/153 206/609/153
f 207/616/154 208/615/154 206/614/154 205/613/154
f 206/620/155 201/619/155 202/618/155 205/617/155
f 207/624/156 204/623/156 203/622/156 208/621/156
o cube
v 0.6904971632161734 0.7965893840363996 0.25812383614212786
v 0.4024319451045457 0.6234336540732617 0.0918093049212112
v 0.6904971632161734 0.7965893840363996 0.25812383614212786
v 0.4024319451045457 0.6234336540732617 0.0918093049212112
v 0.2774319451045455 0.6234336540732617 0.3083156558673208
v 0.5654971632161734 0.7965893840363996 0.47463018708823745
v 0.2774319451045455 0.6234336540732617 0.3083156558673208
v 0.5654971632161734 0.7965893840363996 0.47463018708823745
vt 0 1
vt 0.125 1
vt 0.125 1
vt 0 1
vt 0 1
vt 0.125 1
vt 0.125 1
vt 0 1
vt 0 1
vt 0.125 1
vt 0.125 1
vt 0 1
vt 0 1
vt 0.125 1
vt 0.125 1
vt 0 1
vt 0 1
vt 0.125 1
vt 0.125 0.875
vt 0 0.875
vt 0.375 0.9375
vt 0.59375 0.9375
vt 0.59375 0.625
vt 0.375 0.625
vn -0.7681739149643406 -0.46174861323503386 -0.44350541658911125
vn 0.5000000000000003 0 -0.8660254037844385
vn 0.7681739149643406 0.46174861323503386 0.44350541658911125
vn -0.5000000000000003 0 0.8660254037844385
vn -0.3998860292237748 0.8870108331782218 -0.23087430661751718
vn 0.3998860292237748 -0.8870108331782218 0.23087430661751718
g Fertile_Frond
f 212/628/157 215/627/157 213/626/157 210/625/157
f 211/632/158 212/631/158 210/630/158 209/629/158
f 216/636/159 211/635/159 209/634/159 214/633/159
f 215/640/160 216/639/160 214/638/160 213/637/160
f 214/644/161 209/643/161 210/642/161 213/641/161
f 215/648/162 212/647/162 211/646/162 216/645/162
o cube
v -0.6948338855839932 0.1438485225659104 0.2213579169000075
v -0.32304206256881407 0.14384852256591052 0.17241059481748944
v -0.6948338855839932 0.1438485225659104 0.2213579169000075
v -0.32304206256881407 0.14384852256591052 0.17241059481748944
v -0.3556736106238262 0.14384852256591052 -0.07545062052596335
v -0.7274654336390053 0.1438485225659104 -0.026503298443445233
v -0.3556736106238262 0.14384852256591052 -0.07545062052596335
v -0.7274654336390053 0.1438485225659104 -0.026503298443445233
vt 0 1
vt 0.125 1
vt 0.125 1
vt 0 1
vt 0 1
vt 0.125 1
vt 0.125 1
vt 0 1
vt 0 1
vt 0.125 1
vt 0.125 1
vt 0 1
vt 0 1
vt 0.125 1
vt 0.125 1
vt 0 1
vt 0 1
vt 0.125 1
vt 0.125 0.875
vt 0 0.875
vt 0.375 0.625
vt 0.59375 0.625
vt 0.59375 0.3125
vt 0.375 0.3125
vn 0.9914448613738108 0 -0.13052619222004833
vn 0.1305261922200483 0 0.9914448613738109
vn -0.9914448613738108 0 0.13052619222004833
vn -0.1305261922200483 0 -0.9914448613738109
vn 0 1 0
vn 0 -1 0
g Fertile_Frond
f 220/652/163 223/651/163 221/650/163 218/649/163
f 219/656/164 220/655/164 218/654/164 217/653/164
f 224/660/165 219/659/165 217/658/165 222/657/165
f 223/664/166 224/663/166 222/662/166 221/661/166
f 222/668/167 217/667/167 218/666/167 221/665/167
f 223/672/168 220/671/168 219/670/168 224/669/168
o cube
v -0.32306577566509986 0.14385328009535447 0.17241371670584105
v 0.020425079973682925 0.00034699295844586864 0.12719228766256474
v -0.32306577566509986 0.14385328009535447 0.17241371670584105
v 0.020425079973682925 0.00034699295844586864 0.12719228766256474
v -0.012206468081329191 0.00034699295844586864 -0.120668927680888
v -0.355697323720112 0.14385328009535447 -0.0754474986376118
v -0.012206468081329191 0.00034699295844586864 -0.120668927680888
v -0.355697323720112 0.14385328009535447 -0.0754474986376118
vt 0 1
vt 0.125 1
vt 0.125 1
vt 0 1
vt 0 1
vt 0.125 1
vt 0.125 1
vt 0 1
vt 0 1
vt 0.125 1
vt 0.125 1
vt 0 1
vt 0 1
vt 0.125 1
vt 0.125 1
vt 0 1
vt 0 1
vt 0.125 1
vt 0.125 0.875
vt 0 0.875
vt 0.375 0.3125
vt 0.59375 0.3125
vt 0.59375 0
vt 0.375 0
vn 0.915975615036754 -0.3826834323650895 -0.12059047744873662
vn 0.1305261922200483 0 0.9914448613738109
vn -0.915975615036754 0.3826834323650895 0.12059047744873662
vn -0.1305261922200483 0 -0.9914448613738109
vn 0.37940952255126026 0.923879532511287 -0.049950211252313546
vn -0.37940952255126026 -0.923879532511287 0.049950211252313546
g Frond
f 228/676/169 231/675/169 229/674/169 226/673/169
f 227/680/170 228/679/170 226/678/170 225/677/170
f 232/684/171 227/683/171 225/682/171 230/681/171
f 231/688/172 232/687/172 230/686/172 229/685/172
f 230/692/173 225/691/173 226/690/173 229/689/173
f 231/696/174 228/695/174 227/694/174 232/693/174
o cube
v -1.0317655222689628 -0.014627469823263684 0.2657158083857917
v -0.694807697913754 0.14385437832949877 0.22135446922781454
v -1.0317655222689628 -0.014627469823263684 0.2657158083857917
v -0.694807697913754 0.14385437832949877 0.22135446922781454
v -0.7274392459687661 0.14385437832949877 -0.026506746115638247
v -1.064397070323975 -0.014627469823263684 0.01785459304233894
v -0.7274392459687661 0.14385437832949877 -0.026506746115638247
v -1.064397070323975 -0.014627469823263684 0.01785459304233894
vt 0 1
vt 0.125 1
vt 0.125 1
vt 0 1
vt 0 1
vt 0.125 1
vt 0.125 1
vt 0 1
vt 0 1
vt 0.125 1
vt 0.125 1
vt 0 1
vt 0 1
vt 0.125 1
vt 0.125 1
vt 0 1
vt 0 1
vt 0.125 1
vt 0.125 0.875
vt 0 0.875
vt 0.375 0.9375
vt 0.59375 0.9375
vt 0.59375 0.625
vt 0.375 0.625
vn 0.8985541982805566 0.42261826174069955 -0.11829690442127239
vn 0.1305261922200483 0 0.9914448613738109
vn -0.8985541982805566 -0.42261826174069955 0.11829690442127239
vn -0.1305261922200483 0 -0.9914448613738109
vn -0.4190027039255488 0.90630778703665 0.05516275246766924
vn 0.4190027039255488 -0.90630778703665 -0.05516275246766924
g Frond
f 236/700/175 239/699/175 237/698/175 234/697/175
f 235/704/176 236/703/176 234/702/176 233/701/176
f 240/708/177 235/707/177 233/706/177 238/705/177
f 239/712/178 240/711/178 238/710/178 237/709/178
f 238/716/179 233/715/179 234/714/179 237/713/179
f 239/720/180 236/719/180 235/718/180 240/717/180
o cube
v 0.5448284371453975 0.29578484712108255 0.41335518134777827
v 0.2974874288412115 0.21461999189429393 0.14342983632237494
v 0.5448284371453975 0.29578484712108255 0.41335518134777827
v 0.2974874288412115 0.21461999189429393 0.14342983632237494
v 0.1131680946386805 0.21461999189429393 0.3123273882262898
v 0.3605091029428663 0.29578484712108255 0.5822527332516934
v 0.1131680946386805 0.21461999189429393 0.3123273882262898
v 0.3605091029428663 0.29578484712108255 0.5822527332516934
vt 0 1
vt 0.125 1
vt 0.125 1
vt 0 1
vt 0 1
vt 0.125 1
vt 0.125 1
vt 0 1
vt 0 1
vt 0.125 1
vt 0.125 1
vt 0 1
vt 0 1
vt 0.125 1
vt 0.125 1
vt 0 1
vt 0 1
vt 0.125 1
vt 0.125 0.875
vt 0 0.875
vt 0.375 0.625
vt 0.59375 0.625
vt 0.59375 0.3125
vt 0.375 0.3125
