# Made in Blockbench 4.7.4

o cube
v 0.046875 0.3125 -0.03125
v 0.046875 0.3125 -0.03125
v 0.046875 0 -0.03125
v 0.046875 0 -0.03125
v -0.203125 0.3125 -0.03125
v -0.203125 0.3125 -0.03125
v -0.203125 0 -0.03125
v -0.203125 0 -0.03125
vt 0 1
vt 1 1
vt 1 0
vt 0 0
vt 0 1
vt 0 1
vt 0 0.5
vt 0 0.5
vt 0 1
vt 0 1
vt 0 1
vt 0 1
vt 0 1
vt 0 1
vt 0 0.5
vt 0 0.5
vt 0.375 1
vt 0 1
vt 0 1
vt 0.375 1
vt 0.375 1
vt 0 1
vt 0 1
vt 0.375 1
vn 0 0 -1
vn 1 0 0
vn 0 0 1
vn -1 0 0
vn 0 1 0
vn 0 -1 0
g Stem
f 4/4/1 7/3/1 5/2/1 2/1/1
f 3/8/2 4/7/2 2/6/2 1/5/2
f 8/12/3 3/11/3 1/10/3 6/9/3
f 7/16/4 8/15/4 6/14/4 5/13/4
f 6/20/5 1/19/5 2/18/5 5/17/5
f 7/24/6 4/23/6 3/22/6 8/21/6
o cube
v -0.07812499999999989 0.3125 0.09375
v -0.07812499999999989 0.3125 0.09375
v -0.078125 0 0.09375
v -0.078125 0 0.09375
v -0.078125 0.3125 -0.15625
v -0.078125 0.3125 -0.15625
v -0.07812500000000006 0 -0.15625
v -0.07812500000000006 0 -0.15625
vt 0 1
vt 1 1
vt 1 0
vt 0 0
vt 0 1
vt 0 1
vt 0 0.5
vt 0 0.5
vt 0 1
vt 0 1
vt 0 1
vt 0 1
vt 0 1
vt 0 1
vt 0 0.5
vt 0 0.5
vt 0.375 1
vt 0 1
vt 0 1
vt 0.375 1
vt 0.375 1
vt 0 1
vt 0 1
vt 0.375 1
vn 1 0 0
vn 0 0 1
vn -1 0 0
vn 0 0 -1
vn 0 1 0
vn 0 -1 0
g Stem
f 12/28/7 15/27/7 13/26/7 10/25/7
f 11/32/8 12/31/8 10/30/8 9/29/8
f 16/36/9 11/35/9 9/34/9 14/33/9
f 15/40/10 16/39/10 14/38/10 13/37/10
f 14/44/11 9/43/11 10/42/11 13/41/11
f 15/48/12 12/47/12 11/46/12 16/45/12
o cube
v 0.30435900464428367 0.31542234226662424 -0.07379824238900368
v 0.1247973427175556 0.33989600330788394 -0.12191164469386018
v 0.30435900464428367 0.31542234226662424 -0.07379824238900368
v 0.1247973427175556 0.33989600330788394 -0.12191164469386018
v 0.060092581441926085 0.33989600330788394 0.11956981187840698
v 0.23965424336865415 0.31542234226662424 0.16768321418326348
v 0.060092581441926085 0.33989600330788394 0.11956981187840698
v 0.23965424336865415 0.31542234226662424 0.16768321418326348
vt 0 1
vt 0.0625 1
vt 0.0625 1
vt 0 1
vt 0 1
vt 0.125 1
vt 0.125 1
vt 0 1
vt 0 1
vt 0.0625 1
vt 0.0625 1
vt 0 1
vt 0 1
vt 0.125 1
vt 0.125 1
vt 0 1
vt 0 1
vt 0.0625 1
vt 0.0625 0.875
vt 0 0.875
vt 0.1875 0.875
vt 0.78125 0.875
vt 0.78125 0.4375
vt 0.1875 0.4375
vn -0.9576621969425494 0.1305261922200511 -0.25660481229256815
vn 0.25881904510251813 0 -0.9659258262890692
vn 0.9576621969425494 -0.1305261922200511 0.25660481229256815
vn -0.25881904510251813 0 0.9659258262890692
vn 0.12607862007251866 0.9914448613738105 0.03378266443126143
vn -0.12607862007251866 -0.9914448613738105 -0.03378266443126143
g Frond
f 20/52/13 23/51/13 21/50/13 18/49/13
f 19/56/14 20/55/14 18/54/14 17/53/14
f 24/60/15 19/59/15 17/58/15 22/57/15
f 23/64/16 24/63/16 22/62/16 21/61/16
f 22/68/17 17/67/17 18/66/17 21/65/17
f 23/72/18 20/71/18 19/70/18 24/69/18
o cube
v 0.12481048425586128 0.339895706443075 -0.12190812342928398
v 0.019564370063776648 0.3303630470800498 -0.15010873473356645
v 0.12481048425586128 0.339895706443075 -0.12190812342928398
v 0.019564370063776648 0.3303630470800498 -0.15010873473356645
v -0.04514039121185287 0.3303630470800497 0.09137272183870082
v 0.060105722980231646 0.3398957064430749 0.11957333314298324
v -0.04514039121185287 0.3303630470800497 0.09137272183870082
v 0.060105722980231646 0.3398957064430749 0.11957333314298324
vt 0 1
vt 0.0625 1
vt 0.0625 1
vt 0 1
vt 0 1
vt 0.125 1
vt 0.125 1
vt 0 1
vt 0 1
vt 0.0625 1
vt 0.0625 1
vt 0 1
vt 0 1
vt 0.125 1
vt 0.125 1
vt 0 1
vt 0 1
vt 0.0625 1
vt 0.0625 0.875
vt 0 0.875
vt 0.1875 0.4375
vt 0.78125 0.4375
vt 0.78125 0.15625
vt 0.1875 0.15625
vn -0.962250186899059 -0.08715574274765878 -0.257834160496297
vn 0.25881904510251813 0 -0.9659258262890691
vn 0.962250186899059 0.08715574274765878 0.257834160496297
vn -0.25881904510251813 0 0.9659258262890691
vn -0.08418598282936988 0.9961946980917455 -0.022557566113149696
vn 0.08418598282936988 -0.9961946980917455 0.022557566113149696
g Frond
f 28/76/19 31/75/19 29/74/19 26/73/19
f 27/80/20 28/79/20 26/78/20 25/77/20
f 32/84/21 27/83/21 25/82/21 30/81/21
f 31/88/22 32/87/22 30/86/22 29/85/22
f 30/92/23 25/91/23 26/90/23 29/89/23
f 31/96/24 28/95/24 27/94/24 32/93/24
o cube
v 0.3601418283604453 0.2915665930505854 -0.05885127982273075
v 0.30436688455841254 0.3154843075734035 -0.07379613097237647
v 0.3601418283604453 0.2915665930505854 -0.05885127982273075
v 0.30436688455841254 0.3154843075734035 -0.07379613097237647
v 0.23966212328278302 0.3154843075734035 0.1676853255998908
v 0.29543706708481565 0.2915665930505854 0.18263017674953652
v 0.23966212328278302 0.3154843075734035 0.1676853255998908
v 0.29543706708481565 0.2915665930505854 0.18263017674953652
vt 0 1
vt 0.0625 1
vt 0.0625 1
vt 0 1
vt 0 1
vt 0.125 1
vt 0.125 1
vt 0 1
vt 0 1
vt 0.0625 1
vt 0.0625 1
vt 0 1
vt 0 1
vt 0.125 1
vt 0.125 1
vt 0 1
vt 0 1
vt 0.0625 1
vt 0.0625 0.875
vt 0 0.875
vt 0.1875 1
vt 0.78125 1
vt 0.78125 0.875
vt 0.1875 0.875
vn -0.8923991008325236 0.38268343236508917 -0.23911761839433218
vn 0.2588190451025182 0 -0.9659258262890691
vn 0.8923991008325236 -0.38268343236508917 0.23911761839433218
vn -0.2588190451025182 0 0.9659258262890691
vn 0.3696438106143857 0.9238795325112871 0.09904576054128654
vn -0.3696438106143857 -0.9238795325112871 -0.09904576054128654
g Frond
f 36/100/25 39/99/25 37/98/25 34/97/25
f 35/104/26 36/103/26 34/102/26 33/101/26
f 40/108/27 35/107/27 33/106/27 38/105/27
f 39/112/28 40/111/28 38/110/28 37/109/28
f 38/116/29 33/115/29 34/114/29 37/113/29
f 39/120/30 36/119/30 35/118/30 40/117/30
o cube
v 0.01981021463068433 0.32015324237708 -0.15004286088039998
v -0.033738952367129926 0.29129395404989034 -0.1643913169328235
v 0.01981021463068433 0.32015324237708 -0.15004286088039998
v -0.033738952367129926 0.29129395404989034 -0.1643913169328235
v -0.0984437136427595 0.2912939540498902 0.07709013963944378
v -0.04489454664494519 0.32015324237707987 0.0914385956918673
v -0.0984437136427595 0.2912939540498902 0.07709013963944378
v -0.04489454664494519 0.32015324237707987 0.0914385956918673
vt 0 1
vt 0.0625 1
vt 0.0625 1
vt 0 1
vt 0 1
vt 0.125 1
vt 0.125 1
vt 0 1
vt 0 1
vt 0.0625 1
vt 0.0625 1
vt 0 1
vt 0 1
vt 0.125 1
vt 0.125 1
vt 0 1
vt 0 1
vt 0.0625 1
vt 0.0625 0.875
vt 0 0.875
vt 0.1875 0.15625
vt 0.78125 0.15625
vt 0.78125 0
vt 0.1875 0
vn -0.8567866719650291 -0.4617486132350343 -0.22957529683877637
vn 0.25881904510251813 0 -0.965925826289069
vn 0.8567866719650291 0.4617486132350343 0.22957529683877637
vn -0.25881904510251813 0 0.965925826289069
vn -0.44601491077688227 0.8870108331782215 -0.11950933515490351
vn 0.44601491077688227 -0.8870108331782215 0.11950933515490351
g Frond
f 44/124/31 47/123/31 45/122/31 42/121/31
f 43/128/32 44/127/32 42/126/32 41/125/32
f 48/132/33 43/131/33 41/130/33 46/129/33
f 47/136/34 48/135/34 46/134/34 45/133/34
f 46/140/35 41/139/35 42/138/35 45/137/35
f 47/144/36 44/143/36 43/142/36 48/141/36
o cube
v -0.2742340997146534 0.3011570061183171 -0.16164613830694347
v -0.24345324807690183 0.2861354844033943 -0.09142926937345397
v -0.2742340997146534 0.3011570061183171 -0.16164613830694347
v -0.24345324807690183 0.2861354844033943 -0.09142926937345397
v -0.03283007414077055 0.40274239515787746 -0.15881403742504108
v -0.06361092577852218 0.41776391687280023 -0.22903090635853057
v -0.03283007414077055 0.40274239515787746 -0.15881403742504108
v -0.06361092577852218 0.41776391687280023 -0.22903090635853057
vt 0 1
vt 0.0625 1
vt 0.0625 1
vt 0 1
vt 0 1
vt 0.125 1
vt 0.125 1
vt 0 1
vt 0 1
vt 0.0625 1
vt 0.0625 1
vt 0 1
vt 0 1
vt 0.125 1
vt 0.125 1
vt 0 1
vt 0 1
vt 0.0625 1
vt 0.0625 0.875
vt 0 0.875
vt 0.1875 0.875
vt 0.78125 0.875
vt 0.78125 0.65625
vt 0.1875 0.65625
vn 0.3939949009632203 -0.19227547795101102 0.8987759223486645
vn -0.8424926957445252 -0.4664276430179326 0.2695390722063484
vn -0.3939949009632203 0.19227547795101102 -0.8987759223486645
vn 0.8424926957445252 0.4664276430179326 -0.2695390722063484
vn -0.36738818112740834 0.8634091697494569 0.3457607987618728
vn 0.36738818112740834 -0.8634091697494569 -0.3457607987618728
g Frond
f 52/148/37 55/147/37 53/146/37 50/145/37
f 51/152/38 52/151/38 50/150/38 49/149/38
f 56/156/39 51/155/39 49/154/39 54/153/39
f 55/160/40 56/159/40 54/158/40 53/157/40
f 54/164/41 49/163/41 50/162/41 53/161/41
f 55/168/42 52/167/42 51/166/42 56/165/42
o cube
v -0.24345911902789424 0.2861393624826225 -0.0914409092071472
v -0.2217010094314265 0.26858028144691126 -0.05381739309063538
v -0.24345911902789424 0.2861393624826225 -0.0914409092071472
v -0.2217010094314265 0.26858028144691126 -0.05381739309063538
v -0.011077835495295285 0.3851871922013945 -0.12120216114222249
v -0.032835945091762964 0.40274627323710566 -0.15882567725873437
v -0.011077835495295285 0.3851871922013945 -0.12120216114222249
v -0.032835945091762964 0.40274627323710566 -0.15882567725873437
vt 0 1
vt 0.0625 1
vt 0.0625 1
vt 0 1
vt 0 1
vt 0.125 1
vt 0.125 1
vt 0 1
vt 0 1
vt 0.0625 1
vt 0.0625 1
vt 0 1
vt 0 1
vt 0.125 1
vt 0.125 1
vt 0 1
vt 0 1
vt 0.0625 1
vt 0.0625 0.875
vt 0 0.875
vt 0.1875 0.28125
vt 0.78125 0.28125
vt 0.78125 0.15625
vt 0.1875 0.15625
vn 0.4641730047246437 -0.3745937287618393 0.8026350104855865
vn -0.8424926957445252 -0.46642764301793266 0.26953907220634843
vn -0.4641730047246437 0.3745937287618393 -0.8026350104855865
vn 0.8424926957445252 0.46642764301793266 -0.26953907220634843
vn -0.27340351003968316 0.8013268947196505 0.5320956008998227
vn 0.27340351003968316 -0.8013268947196505 -0.5320956008998227
g Frond
f 60/172/43 63/171/43 61/170/43 58/169/43
f 59/176/44 60/175/44 58/174/44 57/173/44
f 64/180/45 59/179/45 57/178/45 62/177/45
f 63/184/46 64/183/46 62/182/46 61/181/46
f 62/188/47 57/187/47 58/186/47 61/185/47
f 63/192/48 60/191/48 59/190/48 64/189/48
o cube
v -0.2920711897111399 0.29879680560915667 -0.22148340295244806
v -0.27422851520831304 0.30115573604242907 -0.161630880751649
v -0.2920711897111399 0.29879680560915667 -0.22148340295244806
v -0.27422851520831304 0.30115573604242907 -0.161630880751649
v -0.06360534127218176 0.4177626467969122 -0.2290156488032361
v -0.08144801577500865 0.41540371636363993 -0.28886817100403517
v -0.06360534127218176 0.4177626467969122 -0.2290156488032361
v -0.08144801577500865 0.41540371636363993 -0.28886817100403517
vt 0 1
vt 0.0625 1
vt 0.0625 1
vt 0 1
vt 0 1
vt 0.125 1
vt 0.125 1
vt 0 1
vt 0 1
vt 0.0625 1
vt 0.0625 1
vt 0 1
vt 0 1
vt 0.125 1
vt 0.125 1
vt 0 1
vt 0 1
vt 0.0625 1
vt 0.0625 0.875
vt 0 0.875
vt 0.1875 1
vt 0.78125 1
vt 0.78125 0.875
vt 0.1875 0.875
vn 0.2854827920452305 0.03774288693235875 0.9576403552127861
vn -0.8424926957445252 -0.4664276430179326 0.26953907220634843
vn -0.2854827920452305 -0.03774288693235875 -0.9576403552127861
vn 0.8424926957445252 0.4664276430179326 -0.26953907220634843
vn -0.4568431164668927 0.883753771315714 0.10135895925901188
vn 0.4568431164668927 -0.883753771315714 -0.10135895925901188
g Frond
f 68/196/49 71/195/49 69/194/49 66/193/49
f 67/200/50 68/199/50 66/198/50 65/197/50
f 72/204/51 67/203/51 65/202/51 70/201/51
f 71/208/52 72/207/52 70/206/52 69/205/52
f 70/212/53 65/211/53 66/210/53 69/209/53
f 71/216/54 68/215/54 67/214/54 72/213/54
o cube
v -0.21861881951142464 0.26017389551391856 -0.05873040355581993
v -0.18527713624567388 0.21937802016842334 -0.02511078559545077
v -0.21861881951142464 0.26017389551391856 -0.05873040355581993
v -0.18527713624567388 0.21937802016842334 -0.02511078559545077
v 0.0253460376904574 0.3359849309229066 -0.09249555364703788
v -0.007995645575293364 0.3767808062684017 -0.12611517160740704
v 0.0253460376904574 0.3359849309229066 -0.09249555364703788
v -0.007995645575293364 0.3767808062684017 -0.12611517160740704
vt 0 1
vt 0.0625 1
vt 0.0625 1
vt 0 1
vt 0 1
vt 0.125 1
vt 0.125 1
vt 0 1
vt 0 1
vt 0.0625 1
vt 0.0625 1
vt 0 1
vt 0 1
vt 0.125 1
vt 0.125 1
vt 0 1
vt 0 1
vt 0.0625 1
vt 0.0625 0.875
vt 0 0.875
vt 0.1875 0.15625
vt 0.78125 0.15625
vt 0.78125 0
vt 0.1875 0
vn 0.5334669322520124 -0.6527340055279227 0.5379138873659064
vn -0.8424926957445252 -0.46642764301793266 0.2695390722063484
vn -0.5334669322520124 0.6527340055279227 -0.5379138873659064
vn 0.8424926957445252 0.46642764301793266 -0.2695390722063484
vn -0.07496058838316376 0.5969787030172938 0.7987473557596544
vn 0.07496058838316376 -0.5969787030172938 -0.7987473557596544
g Frond
f 76/220/55 79/219/55 77/218/55 74/217/55
f 75/224/56 76/223/56 74/222/56 73/221/56
f 80/228/57 75/227/57 73/226/57 78/225/57
f 79/232/58 80/231/58 78/230/58 77/229/58
f 78/236/59 73/235/59 74/234/59 77/233/59
f 79/240/60 76/239/60 75/238/60 80/237/60
o cube
v 0.15747477980797597 0.17033620087047496 -0.3042272512164708
v 0.03716561558093101 0.2277366486922342 -0.25943568707933223
v 0.15747477980797597 0.17033620087047496 -0.3042272512164708
v 0.03716561558093101 0.2277366486922342 -0.25943568707933223
v 0.1604904446090959 0.3416880007823735 -0.074216692637609
v 0.28079960883614086 0.28428755296061414 -0.11900825677474758
v 0.1604904446090959 0.3416880007823735 -0.074216692637609
v 0.28079960883614086 0.28428755296061414 -0.11900825677474758
vt 0 1
vt 0.0625 1
vt 0.0625 1
vt 0 1
vt 0 1
vt 0.125 1
vt 0.125 1
vt 0 1
vt 0 1
vt 0.0625 1
vt 0.0625 1
vt 0 1
vt 0 1
vt 0.125 1
vt 0.125 1
vt 0 1
vt 0 1
vt 0.0625 1
vt 0.0625 0.875
vt 0 0.875
vt 0.1875 0.875
vt 0.78125 0.875
vt 0.78125 0.53125
vt 0.1875 0.53125
vn -0.8555318345034312 0.4081809622880663 0.3185177894196525
vn -0.4932993161126589 -0.45580540836055694 -0.7408759777668925
vn 0.8555318345034312 -0.4081809622880663 -0.3185177894196525
vn 0.4932993161126589 0.45580540836055694 0.7408759777668925
vn 0.1572293384644753 0.7909675920888635 -0.5913114267382027
vn -0.1572293384644753 -0.7909675920888635 0.5913114267382027
g Frond
f 84/244/61 87/243/61 85/242/61 82/241/61
f 83/248/62 84/247/62 82/246/62 81/245/62
f 88/252/63 83/251/63 81/250/63 86/249/63
f 87/256/64 88/255/64 86/254/64 85/253/64
f 86/260/65 81/259/65 82/258/65 85/257/65
f 87/264/66 84/263/66 83/262/66 88/261/66
o cube
v 0.03717742170293492 0.22773229885204493 -0.25944087184890496
v -0.057900403283733914 0.2525941904733673 -0.21143062121621187
v 0.03717742170293492 0.22773229885204493 -0.25944087184890496
v -0.057900403283733914 0.2525941904733673 -0.21143062121621187
v 0.06542442574443097 0.36654554256350647 -0.026211626774488628
v 0.1605022507310998 0.3416836509421842 -0.07422187740718178
v 0.06542442574443097 0.36654554256350647 -0.026211626774488628
v 0.1605022507310998 0.3416836509421842 -0.07422187740718178
vt 0 1
vt 0.0625 1
vt 0.0625 1
vt 0 1
vt 0 1
vt 0.125 1
vt 0.125 1
vt 0 1
vt 0 1
vt 0.0625 1
vt 0.0625 1
vt 0 1
vt 0 1
vt 0.125 1
vt 0.125 1
vt 0 1
vt 0 1
vt 0.0625 1
vt 0.0625 0.875
vt 0 0.875
vt 0.1875 0.4375
vt 0.78125 0.4375
vt 0.78125 0.15625
vt 0.1875 0.15625
vn -0.8692829713066859 0.22730872339494662 0.43895086292748003
vn -0.49329931611265887 -0.45580540836055694 -0.7408759777668926
vn 0.8692829713066859 -0.22730872339494662 -0.43895086292748003
vn 0.49329931611265887 0.45580540836055694 0.7408759777668926
vn -0.031668604626703845 0.860565031812138 -0.5083551175144907
vn 0.031668604626703845 -0.860565031812138 0.5083551175144907
g Frond
f 92/268/67 95/267/67 93/266/67 90/265/67
f 91/272/68 92/271/68 90/270/68 89/269/68
f 96/276/69 91/275/69 89/274/69 94/273/69
f 95/280/70 96/279/70 94/278/70 93/277/70
f 94/284/71 89/283/71 90/282/71 93/281/71
f 95/288/72 92/287/72 91/286/72 96/285/72
o cube
v 0.20656668760981023 0.13290760299429627 -0.31388723132213925
v 0.15746129092756944 0.17034447862961166 -0.3042233625654921
v 0.20656668760981023 0.13290760299429627 -0.31388723132213925
v 0.15746129092756944 0.17034447862961166 -0.3042233625654921
v 0.2807861199557342 0.28429583071975084 -0.11900436812376891
v 0.329891516637975 0.24685895508443545 -0.12866823688041606
v 0.2807861199557342 0.28429583071975084 -0.11900436812376891
v 0.329891516637975 0.24685895508443545 -0.12866823688041606
vt 0 1
vt 0.0625 1
vt 0.0625 1
vt 0 1
vt 0 1
vt 0.125 1
vt 0.125 1
vt 0 1
vt 0 1
vt 0.0625 1
vt 0.0625 1
vt 0 1
vt 0 1
vt 0.125 1
vt 0.125 1
vt 0 1
vt 0 1
vt 0.0625 1
vt 0.0625 0.875
vt 0 0.875
vt 0.1875 1
vt 0.78125 1
vt 0.78125 0.875
vt 0.1875 0.875
vn -0.7856863469158526 0.598990010165047 0.15462190010635446
vn -0.49329931611265887 -0.455805408360557 -0.7408759777668925
vn 0.7856863469158526 -0.598990010165047 -0.15462190010635446
vn 0.49329931611265887 0.455805408360557 0.7408759777668925
vn 0.37329981113416766 0.658371018067885 -0.6536014485720265
vn -0.37329981113416766 -0.658371018067885 0.6536014485720265
g Frond
f 100/292/73 103/291/73 101/290/73 98/289/73
f 99/296/74 100/295/74 98/294/74 97/293/74
f 104/300/75 99/299/75 97/298/75 102/297/75
f 103/304/76 104/303/76 102/302/76 101/301/76
f 102/308/77 97/307/77 98/306/77 101/305/77
f 103/312/78 100/311/78 99/310/78 104/309/78
o cube
v -0.05813072095428523 0.24396696943782215 -0.20596958633600138
v -0.10756782688141547 0.2365095879977358 -0.16846478638177198
v -0.05813072095428523 0.24396696943782215 -0.20596958633600138
v -0.10756782688141547 0.2365095879977358 -0.16846478638177198
v 0.015757002146749355 0.3504609400878751 0.016754208059951203
v 0.0651941080738796 0.3579183215279613 -0.020750591894278136
v 0.015757002146749355 0.3504609400878751 0.016754208059951203
v 0.0651941080738796 0.3579183215279613 -0.020750591894278136
vt 0 1
vt 0.0625 1
vt 0.0625 1
vt 0 1
vt 0 1
vt 0.125 1
vt 0.125 1
vt 0 1
vt 0 1
vt 0.0625 1
vt 0.0625 1
vt 0 1
vt 0 1
vt 0.125 1
vt 0.125 1
vt 0 1
vt 0 1
vt 0.0625 1
vt 0.0625 0.875
vt 0 0.875
vt 0.1875 0.15625
vt 0.78125 0.15625
vt 0.78125 0
vt 0.1875 0
vn -0.7909936948340833 -0.11931810304138088 0.60007679926767
vn -0.4932993161126589 -0.455805408360557 -0.7408759777668925
vn 0.7909936948340833 0.11931810304138088 -0.60007679926767
vn 0.4932993161126589 0.455805408360557 0.7408759777668925
vn -0.36191816679397 0.8820457017614636 -0.30167966545430197
vn 0.36191816679397 -0.8820457017614636 0.30167966545430197
g Frond
f 108/316/79 111/315/79 109/314/79 106/313/79
f 107/320/80 108/319/80 106/318/80 105/317/80
f 112/324/81 107/323/81 105/322/81 110/321/81
f 111/328/82 112/327/82 110/326/82 109/325/82
f 110/332/83 105/331/83 106/330/83 109/329/83
f 111/336/84 108/335/84 107/334/84 112/333/84
o cube
v -0.34076390300841114 0.2551513542256374 0.07103647962199111
v -0.22408767019701203 0.2988414826647091 0.06089599768484788
v -0.34076390300841114 0.2551513542256374 0.07103647962199111
v -0.22408767019701203 0.2988414826647091 0.06089599768484788
v -0.2176397770669417 0.22612599362701857 -0.17820833587728707
v -0.3343160098783408 0.18243586518794674 -0.16806785394014379
v -0.2176397770669417 0.22612599362701857 -0.17820833587728707
v -0.3343160098783408 0.18243586518794674 -0.16806785394014379
vt 0 1
vt 0.0625 1
vt 0.0625 1
vt 0 1
vt 0 1
vt 0.125 1
vt 0.125 1
vt 0 1
vt 0 1
vt 0.0625 1
vt 0.0625 1
vt 0 1
vt 0 1
vt 0.125 1
vt 0.125 1
vt 0 1
vt 0 1
vt 0.0625 1
vt 0.0625 0.875
vt 0 0.875
vt 0.1875 0.875
vt 0.78125 0.875
vt 0.78125 0.53125
vt 0.1875 0.53125
vn 0.9334098624911953 0.34952102751257486 -0.08112385549714636
vn -0.025791572520281227 0.2908619561507623 0.9564173342485398
vn -0.9334098624911953 -0.34952102751257486 0.08112385549714636
vn 0.025791572520281227 -0.2908619561507623 -0.9564173342485398
vn -0.3578838126977791 0.8906370606429456 -0.28050811542305687
vn 0.3578838126977791 -0.8906370606429456 0.28050811542305687
g Frond
f 116/340/85 119/339/85 117/338/85 114/337/85
f 115/344/86 116/343/86 114/342/86 113/341/86
f 120/348/87 115/347/87 113/346/87 118/345/87
f 119/352/88 120/351/88 118/350/88 117/349/88
f 118/356/89 113/355/89 114/354/89 117/353/89
f 119/360/90 116/359/90 115/358/90 120/357/90
o cube
v -0.22410082392002162 0.2988380733463367 0.06089667979901148
v -0.1468551554816213 0.3104370453776225 0.05945231823687347
v -0.22410082392002162 0.2988380733463367 0.06089667979901148
v -0.1468551554816213 0.3104370453776225 0.05945231823687347
v -0.140407262351551 0.23772155633993197 -0.17965201532526148
v -0.2176529307899513 0.2261225843086463 -0.17820765376312342
v -0.140407262351551 0.23772155633993197 -0.17965201532526148
v -0.2176529307899513 0.2261225843086463 -0.17820765376312342
vt 0 1
vt 0.0625 1
vt 0.0625 1
vt 0 1
vt 0 1
vt 0.125 1
vt 0.125 1
vt 0 1
vt 0 1
vt 0.0625 1
vt 0.0625 1
vt 0 1
vt 0 1
vt 0.125 1
vt 0.125 1
vt 0 1
vt 0 1
vt 0.0625 1
vt 0.0625 0.875
vt 0 0.875
vt 0.1875 0.34375
vt 0.78125 0.34375
vt 0.78125 0.15625
vt 0.1875 0.15625
vn 0.9887445560115237 0.14846684200045723 -0.018487827995367166
vn -0.02579157252028123 0.29086195615076227 0.9564173342485399
vn -0.9887445560115237 -0.14846684200045723 0.018487827995367166
vn 0.02579157252028123 -0.29086195615076227 -0.9564173342485399
vn -0.14737366706608776 0.9451756023568125 -0.2914173690172407
vn 0.14737366706608776 -0.9451756023568125 0.2914173690172407
g Frond
f 124/364/91 127/363/91 125/362/91 122/361/91
f 123/368/92 124/367/92 122/366/92 121/365/92
f 128/372/93 123/371/93 121/370/93 126/369/93
f 127/376/94 128/375/94 126/374/94 125/373/94
f 126/380/95 121/379/95 122/378/95 125/377/95
f 127/384/96 124/383/96 123/382/96 128/381/96
o cube
v -0.39131065865160614 0.21965108237983855 0.08046959827850841
v -0.34074956202453854 0.2551589086844641 0.07103456892037474
v -0.39131065865160614 0.21965108237983855 0.08046959827850841
v -0.34074956202453854 0.2551589086844641 0.07103456892037474
v -0.3343016688944682 0.18244341964677357 -0.1680697646417601
v -0.3848627655215358 0.146935593342148 -0.15863473528362643
v -0.3343016688944682 0.18244341964677357 -0.1680697646417601
v -0.3848627655215358 0.146935593342148 -0.15863473528362643
vt 0 1
vt 0.0625 1
vt 0.0625 1
vt 0 1
vt 0 1
vt 0.125 1
vt 0.125 1
vt 0 1
vt 0 1
vt 0.0625 1
vt 0.0625 1
vt 0 1
vt 0 1
vt 0.125 1
vt 0.125 1
vt 0 1
vt 0 1
vt 0.0625 1
vt 0.0625 0.875
vt 0 0.875
vt 0.1875 1
vt 0.78125 1
vt 0.78125 0.875
vt 0.1875 0.875
vn 0.808977546033085 0.568125220874011 -0.15096046973013927
vn -0.02579157252028124 0.2908619561507623 0.9564173342485399
vn -0.808977546033085 -0.568125220874011 0.15096046973013927
vn 0.02579157252028124 -0.2908619561507623 -0.9564173342485399
vn -0.5872734667948307 0.7698266401411479 -0.2499536343559993
vn 0.5872734667948307 -0.7698266401411479 0.2499536343559993
g Frond
f 132/388/97 135/387/97 133/386/97 130/385/97
f 131/392/98 132/391/98 130/390/98 129/389/98
f 136/396/99 131/395/99 129/394/99 134/393/99
f 135/400/100 136/399/100 134/398/100 133/397/100
f 134/404/101 129/403/101 130/402/101 133/401/101
f 135/408/102 132/407/102 131/406/102 136/405/102
o cube
v -0.1447238228362771 0.300897210631516 0.06241101138761829
v -0.08410642790289669 0.2868636126867137 0.0683135159589191
v -0.1447238228362771 0.300897210631516 0.06241101138761829
v -0.08410642790289669 0.2868636126867137 0.0683135159589191
v -0.07765853477282636 0.21414812364902314 -0.1707908176032159
v -0.13827592970620678 0.22818172159382533 -0.17669332217451666
v -0.07765853477282636 0.21414812364902314 -0.1707908176032159
v -0.13827592970620678 0.22818172159382533 -0.17669332217451666
vt 0 1
vt 0.0625 1
vt 0.0625 1
vt 0 1
vt 0 1
vt 0.125 1
vt 0.125 1
vt 0 1
vt 0 1
vt 0.0625 1
vt 0.0625 1
vt 0 1
vt 0 1
vt 0.125 1
vt 0.125 1
vt 0 1
vt 0 1
vt 0.0625 1
vt 0.0625 0.875
vt 0 0.875
vt 0.1875 0.15625
vt 0.78125 0.15625
vt 0.78125 0
vt 0.1875 0
vn 0.9698783189340867 -0.2245375671168366 0.09444007314081267
vn -0.025791572520281233 0.2908619561507622 0.9564173342485398
vn -0.9698783189340867 0.2245375671168366 -0.09444007314081267
vn 0.025791572520281233 -0.2908619561507622 -0.9564173342485398
vn 0.24222064579329525 0.9300441943356264 -0.27630952812755993
vn -0.24222064579329525 -0.9300441943356264 0.27630952812755993
g Frond
f 140/412/103 143/411/103 141/410/103 138/409/103
f 139/416/104 140/415/104 138/414/104 137/413/104
f 144/420/105 139/419/105 137/418/105 142/417/105
f 143/424/106 144/423/106 142/422/106 141/421/106
f 142/428/107 137/427/107 138/426/107 141/425/107
f 143/432/108 140/431/108 139/430/108 144/429/108
o cube
v -0.1794441623332902 0.24744559479467831 -0.323005830967256
v -0.18983440098497684 0.28503381973271247 -0.2042448597403047
v -0.1794441623332902 0.24744559479467831 -0.323005830967256
v -0.18983440098497684 0.28503381973271247 -0.2042448597403047
v 0.05921427353795938 0.28503381973271225 -0.18245592405339006
v 0.06960451218964614 0.2474455947946781 -0.30121689528034135
v 0.05921427353795938 0.28503381973271225 -0.18245592405339006
v 0.06960451218964614 0.2474455947946781 -0.30121689528034135
vt 0 1
vt 0.0625 1
vt 0.0625 1
vt 0 1
vt 0 1
vt 0.125 1
vt 0.125 1
vt 0 1
vt 0 1
vt 0.0625 1
vt 0.0625 1
vt 0 1
vt 0 1
vt 0.125 1
vt 0.125 1
vt 0 1
vt 0 1
vt 0.0625 1
vt 0.0625 0.875
vt 0 0.875
vt 0.1875 0.875
vt 0.78125 0.875
vt 0.78125 0.53125
vt 0.1875 0.53125
vn -0.08312190921349351 0.30070579950427295 0.9500877698156103
vn -0.9961946980917457 0 -0.08715574274765853
vn 0.08312190921349351 -0.30070579950427295 -0.9500877698156103
vn 0.9961946980917457 0 0.08715574274765853
vn 0.026208237304324356 0.953716950748227 -0.299561523151596
vn -0.026208237304324356 -0.953716950748227 0.299561523151596
g Frond
f 148/436/109 151/435/109 149/434/109 146/433/109
f 147/440/110 148/439/110 146/438/110 145/437/110
f 152/444/111 147/443/111 145/442/111 150/441/111
f 151/448/112 152/447/112 150/446/112 149/445/112
f 150/452/113 145/451/113 146/450/113 149/449/113
f 151/456/114 148/455/114 147/454/114 152/453/114
o cube
v -0.18983323799917984 0.2850311639688665 -0.20425815272879272
v -0.19661636993929432 0.29184020637102737 -0.12672659987675333
v -0.18983323799917984 0.2850311639688665 -0.20425815272879272
v -0.19661636993929432 0.29184020637102737 -0.12672659987675333
v 0.05243230458364201 0.29184020637102703 -0.10493766418983869
v 0.05921543652375649 0.2850311639688663 -0.18246921704187813
v 0.05243230458364201 0.29184020637102703 -0.10493766418983869
v 0.05921543652375649 0.2850311639688663 -0.18246921704187813
vt 0 1
vt 0.0625 1
vt 0.0625 1
vt 0 1
vt 0 1
vt 0.125 1
vt 0.125 1
vt 0 1
vt 0 1
vt 0.0625 1
vt 0.0625 1
vt 0 1
vt 0 1
vt 0.125 1
vt 0.125 1
vt 0 1
vt 0 1
vt 0.0625 1
vt 0.0625 0.875
vt 0 0.875
vt 0.1875 0.34375
vt 0.78125 0.34375
vt 0.78125 0.15625
vt 0.1875 0.15625
vn -0.08682408883346546 0.08715574274765779 0.9924038765061041
vn -0.9961946980917457 0 -0.08715574274765854
vn 0.08682408883346546 -0.08715574274765779 -0.9924038765061041
vn 0.9961946980917457 0 0.08715574274765854
vn 0.007596123493896971 0.9961946980917455 -0.08682408883346472
vn -0.007596123493896971 -0.9961946980917455 0.08682408883346472
g Frond
f 156/460/115 159/459/115 157/458/115 154/457/115
f 155/464/116 156/463/116 154/462/116 153/461/116
f 160/468/117 155/467/117 153/466/117 158/465/117
f 159/472/118 160/471/118 158/470/118 157/469/118
f 158/476/119 153/475/119 154/474/119 157/473/119
f 159/480/120 156/479/120 155/478/120 160/477/120
o cube
v -0.1748513010025048 0.21387126830647718 -0.37550247619746335
v -0.17944545149543245 0.2474524938281536 -0.32299109577654284
v -0.1748513010025048 0.21387126830647718 -0.37550247619746335
v -0.17944545149543245 0.2474524938281536 -0.32299109577654284
v 0.06960322302750377 0.24745249382815326 -0.3012021600896282
v 0.07419737352043154 0.21387126830647696 -0.3537135405105487
v 0.06960322302750377 0.24745249382815326 -0.3012021600896282
v 0.07419737352043154 0.21387126830647696 -0.3537135405105487
vt 0 1
vt 0.0625 1
vt 0.0625 1
vt 0 1
vt 0 1
vt 0.125 1
vt 0.125 1
vt 0 1
vt 0 1
vt 0.0625 1
vt 0.0625 1
vt 0 1
vt 0 1
vt 0.125 1
vt 0.125 1
vt 0 1
vt 0 1
vt 0.0625 1
vt 0.0625 0.875
vt 0 0.875
vt 0.1875 1
vt 0.78125 1
vt 0.78125 0.875
vt 0.1875 0.875
vn -0.07350640788684315 0.5372996083468234 0.8401820867347287
vn -0.9961946980917457 0 -0.08715574274765855
vn 0.07350640788684315 -0.5372996083468234 -0.8401820867347287
vn 0.9961946980917457 0 0.08715574274765855
vn 0.0468287464434943 0.8433914458128859 -0.5352550211218771
vn -0.0468287464434943 -0.8433914458128859 0.5352550211218771
g Frond
f 164/484/121 167/483/121 165/482/121 162/481/121
f 163/488/122 164/487/122 162/486/122 161/485/122
f 168/492/123 163/491/123 161/490/123 166/489/123
f 167/496/124 168/495/124 166/494/124 165/493/124
f 166/500/125 161/499/125 162/498/125 165/497/125
f 167/504/126 164/503/126 163/502/126 168/501/126
o cube
v -0.19674904395769655 0.28174131512536404 -0.12521012890719874
v -0.20194416328353992 0.26294720265634686 -0.0658296432937231
v -0.19674904395769655 0.28174131512536404 -0.12521012890719874
v -0.20194416328353992 0.26294720265634686 -0.0658296432937231
v 0.04710451123939641 0.26294720265634663 -0.044040707606808505
v 0.052299630565239785 0.2817413151253638 -0.10342119322028409
v 0.04710451123939641 0.26294720265634663 -0.044040707606808505
v 0.052299630565239785 0.2817413151253638 -0.10342119322028409
vt 0 1
vt 0.0625 1
vt 0.0625 1
vt 0 1
vt 0 1
vt 0.125 1
vt 0.125 1
vt 0 1
vt 0 1
vt 0.0625 1
vt 0.0625 1
vt 0 1
vt 0 1
vt 0.125 1
vt 0.125 1
vt 0 1
vt 0 1
vt 0.0625 1
vt 0.0625 0.875
vt 0 0.875
vt 0.1875 0.15625
vt 0.78125 0.15625
vt 0.78125 0
vt 0.1875 0
vn -0.0831219092134941 -0.30070579950427323 0.9500877698156099
vn -0.9961946980917455 0 -0.08715574274765854
vn 0.0831219092134941 0.30070579950427323 -0.9500877698156099
vn 0.9961946980917455 0 0.08715574274765854
vn -0.026208237304322472 0.9537169507482268 0.2995615231515966
vn 0.026208237304322472 -0.9537169507482268 -0.2995615231515966
g Frond
f 172/508/127 175/507/127 173/506/127 170/505/127
f 171/512/128 172/511/128 170/510/128 169/509/128
f 176/516/129 171/515/129 169/514/129 174/513/129
f 175/520/130 176/519/130 174/518/130 173/517/130
f 174/524/131 169/523/131 170/522/131 173/521/131
f 175/528/132 172/527/132 171/526/132 176/525/132
o cube
v 0.016291231065470924 0.2836635012860612 0.3267127462945243
v 0.03114544513697093 0.32141425338988405 0.14365405887457772
v 0.016291231065470924 0.2836635012860612 0.3267127462945243
v 0.03114544513697093 0.32141425338988405 0.14365405887457772
v -0.21798875724399636 0.3192082166644329 0.1229832435552638
v -0.23284297131549636 0.28145746456061005 0.3060419309752104
v -0.21798875724399636 0.3192082166644329 0.1229832435552638
v -0.23284297131549636 0.28145746456061005 0.3060419309752104
vt 0 1
vt 0.0625 1
vt 0.0625 1
vt 0 1
vt 0 1
vt 0.125 1
vt 0.125 1
vt 0 1
vt 0 1
vt 0.0625 1
vt 0.0625 1
vt 0 1
vt 0 1
vt 0.125 1
vt 0.125 1
vt 0 1
vt 0 1
vt 0.0625 1
vt 0.0625 0.875
vt 0 0.875
vt 0.1875 0.875
vt 0.78125 0.875
vt 0.78125 0.4375
vt 0.1875 0.4375
vn 0.07922247504800009 0.20133734455372182 -0.9763129995730494
vn 0.9965368095238694 0.00882414690180466 0.08268326127725571
vn -0.07922247504800009 -0.20133734455372182 0.9763129995730494
vn -0.9965368095238694 -0.00882414690180466 -0.08268326127725571
vn -0.02526235759497837 0.9794822142946299 0.1999410042218258
vn 0.02526235759497837 -0.9794822142946299 -0.1999410042218258
g Frond
f 180/532/133 183/531/133 181/530/133 178/529/133
f 179/536/134 180/535/134 178/534/134 177/533/134
f 184/540/135 179/539/135 177/538/135 182/537/135
f 183/544/136 184/543/136 182/542/136 181/541/136
f 182/548/137 177/547/137 178/546/137 181/545/137
f 183/552/138 180/551/138 179/550/138 184/549/138
o cube
v 0.03114433603062705 0.32141298090621784 0.14366756213827214
v 0.04020193801374905 0.3197248973555199 0.03468132059723539
v 0.03114433603062705 0.32141298090621784 0.14366756213827214
v 0.04020193801374905 0.3197248973555199 0.03468132059723539
v -0.20893226436721818 0.31751886063006873 0.01401050527792147
v -0.21798986635034023 0.3192069441807668 0.12299674681895822
v -0.20893226436721818 0.31751886063006873 0.01401050527792147
v -0.21798986635034023 0.3192069441807668 0.12299674681895822
vt 0 1
vt 0.0625 1
vt 0.0625 1
vt 0 1
vt 0 1
vt 0.125 1
vt 0.125 1
vt 0 1
vt 0 1
vt 0.0625 1
vt 0.0625 1
vt 0 1
vt 0 1
vt 0.125 1
vt 0.125 1
vt 0 1
vt 0 1
vt 0.0625 1
vt 0.0625 0.875
vt 0 0.875
vt 0.1875 0.4375
vt 0.78125 0.4375
vt 0.78125 0.15625
vt 0.1875 0.15625
vn 0.08281236098854448 -0.015433906749239085 -0.9964456369466219
vn 0.9965368095238692 0.008824146901804655 0.0826832612772557
vn -0.08281236098854448 0.015433906749239085 0.9964456369466219
vn -0.9965368095238692 -0.008824146901804655 -0.0826832612772557
vn -0.007516656935803165 0.9998419519873686 -0.01611120462902385
vn 0.007516656935803165 -0.9998419519873686 0.01611120462902385
g Frond
f 188/556/139 191/555/139 189/554/139 186/553/139
f 187/560/140 188/559/140 186/558/140 185/557/140
f 192/564/141 187/563/141 185/562/141 190/561/141
f 191/568/142 192/567/142 190/566/142 189/565/142
f 190/572/143 185/571/143 186/570/143 189/569/143
f 191/576/144 188/575/144 187/574/144 192/573/144
o cube
v 0.011915611205444154 0.25572561940864125 0.38243133017287056
v 0.01628965216804623 0.2837247189273623 0.3267252426078818
v 0.011915611205444154 0.25572561940864125 0.38243133017287056
v 0.01628965216804623 0.2837247189273623 0.3267252426078818
v -0.23284455021292105 0.2815186822019111 0.3060544272885679
v -0.23721859117552313 0.2535195826831901 0.36176051485355654
v -0.23284455021292105 0.2815186822019111 0.3060544272885679
v -0.23721859117552313 0.2535195826831901 0.36176051485355654
vt 0 1
vt 0.0625 1
vt 0.0625 1
vt 0 1
vt 0 1
vt 0.125 1
vt 0.125 1
vt 0 1
vt 0 1
vt 0.0625 1
vt 0.0625 1
vt 0 1
vt 0 1
vt 0.125 1
vt 0.125 1
vt 0 1
vt 0 1
vt 0.0625 1
vt 0.0625 0.875
vt 0 0.875
vt 0.1875 1
vt 0.78125 1
vt 0.78125 0.875
vt 0.1875 0.875
vn 0.06998465540163387 0.4479855922995392 -0.8912974010398246
vn 0.9965368095238694 0.008824146901804657 0.08268326127725571
vn -0.06998465540163387 -0.4479855922995392 0.8912974010398246
vn -0.9965368095238694 -0.008824146901804657 -0.08268326127725571
vn -0.04490584897652105 0.8939972279171153 0.44581657798270746
vn 0.04490584897652105 -0.8939972279171153 -0.44581657798270746
g Frond
f 196/580/145 199/579/145 197/578/145 194/577/145
f 195/584/146 196/583/146 194/582/146 193/581/146
f 200/588/147 195/587/147 193/586/147 198/585/147
f 199/592/148 200/591/148 198/590/148 197/589/148
f 198/596/149 193/595/149 194/594/149 197/593/149
f 199/600/150 196/599/150 195/598/150 200/597/150
o cube
v 0.04033124937794963 0.30952355191490555 0.034211511315992316
v 0.04529282096747189 0.2847184256298152 -0.02294037856826925
v 0.04033124937794963 0.30952355191490555 0.034211511315992316
v 0.04529282096747189 0.2847184256298152 -0.02294037856826925
v -0.2038413814134954 0.28251238890436403 -0.043611193887583166
v -0.20880295300301766 0.3073175151894545 0.013540695996678398
v -0.2038413814134954 0.28251238890436403 -0.043611193887583166
v -0.20880295300301766 0.3073175151894545 0.013540695996678398
vt 0 1
vt 0.0625 1
vt 0.0625 1
vt 0 1
vt 0 1
vt 0.125 1
vt 0.125 1
vt 0 1
vt 0 1
vt 0.0625 1
vt 0.0625 1
vt 0 1
vt 0 1
vt 0.125 1
vt 0.125 1
vt 0 1
vt 0 1
vt 0.0625 1
vt 0.0625 0.875
vt 0 0.875
vt 0.1875 0.15625
vt 0.78125 0.15625
vt 0.78125 0
vt 0.1875 0
vn 0.0793851454323564 -0.3968820205614471 -0.9144302381481852
vn 0.9965368095238694 0.00882414690180466 0.0826832612772557
vn -0.0793851454323564 0.3968820205614471 0.9144302381481852
vn -0.9965368095238694 -0.00882414690180466 -0.0826832612772557
vn 0.024746433049455487 0.9178272147776609 -0.3962080487128074
vn -0.024746433049455487 -0.9178272147776609 0.3962080487128074
g Frond
f 204/604/151 207/603/151 205/602/151 202/601/151
f 203/608/152 204/607/152 202/606/152 201/605/152
f 208/612/153 203/611/153 201/610/153 206/609/153
f 207/616/154 208/615/154 206/614/154 205/613/154
f 206/620/155 201/619/155 202/618/155 205/617/155
f 207/624/156 204/623/156 203/622/156 208/621/156
o cube
v 0.18327442624668466 0.32856354686745237 -0.32387367169544773
v 0.017118189607207457 0.33674218199845285 -0.2373782096572573
v 0.18327442624668466 0.32856354686745237 -0.32387367169544773
v 0.017118189607207457 0.33674218199845285 -0.2373782096572573
v 0.1325553429159657 0.33674218199845285 -0.015625501362701688
v 0.2987115795554429 0.32856354686745237 -0.10212096340089216
v 0.1325553429159657 0.33674218199845285 -0.015625501362701688
v 0.2987115795554429 0.32856354686745237 -0.10212096340089216
vt 0 1
vt 0.0625 1
vt 0.0625 1
vt 0 1
vt 0 1
vt 0.125 1
vt 0.125 1
vt 0 1
vt 0 1
vt 0.0625 1
vt 0.0625 1
vt 0 1
vt 0 1
vt 0.125 1
vt 0.125 1
vt 0 1
vt 0 1
vt 0.0625 1
vt 0.0625 0.875
vt 0 0.875
vt 0.1875 0.875
vt 0.78125 0.875
vt 0.78125 0.4375
vt 0.1875 0.4375
vn -0.886166595410545 0.04361938736533577 0.4613091308703488
vn -0.4617486132350331 0 -0.8870108331782224
vn 0.886166595410545 -0.04361938736533577 -0.4613091308703488
vn 0.4617486132350331 0 0.8870108331782224
vn 0.03869086912964998 0.9990482215818579 -0.020141191626105382
vn -0.03869086912964998 -0.9990482215818579 0.020141191626105382
g Frond
f 212/628/157 215/627/157 213/626/157 210/625/157
f 211/632/158 212/631/158 210/630/158 209/629/158
f 216/636/159 211/635/159 209/634/159 214/633/159
f 215/640/160 216/639/160 214/638/160 213/637/160
f 214/644/161 209/643/161 210/642/161 213/641/161
f 215/648/162 212/647/162 211/646/162 216/645/162
o cube
v 0.017130234525522092 0.33674307202778075 -0.2373844798448585
v -0.07841267201569857 0.3177503025954602 -0.18764799078555422
v 0.017130234525522092 0.33674307202778075 -0.2373844798448585
v -0.07841267201569857 0.3177503025954602 -0.18764799078555422
v 0.037024481293059686 0.3177503025954602 0.03410471750900135
v 0.13256738783428035 0.33674307202778075 -0.01563177155030293
v 0.037024481293059686 0.3177503025954602 0.03410471750900135
v 0.13256738783428035 0.33674307202778075 -0.01563177155030293
vt 0 1
vt 0.0625 1
vt 0.0625 1
vt 0 1
vt 0 1
vt 0.125 1
vt 0.125 1
vt 0 1
vt 0 1
vt 0.0625 1
vt 0.0625 1
vt 0 1
vt 0 1
vt 0.125 1
vt 0.125 1
vt 0 1
vt 0 1
vt 0.0625 1
vt 0.0625 0.875
vt 0 0.875
vt 0.1875 0.4375
vt 0.78125 0.4375
vt 0.78125 0.15625
vt 0.1875 0.15625
vn -0.8735351455197315 -0.17364817766693078 0.45473361425649583
vn -0.4617486132350331 0 -0.8870108331782224
vn 0.8735351455197315 0.17364817766693078 -0.45473361425649583
vn 0.4617486132350331 0 0.8870108331782224
vn -0.15402781475222427 0.9848077530122081 0.08018180522849597
vn 0.15402781475222427 -0.9848077530122081 -0.08018180522849597
g Frond
f 220/652/163 223/651/163 221/650/163 218/649/163
f 219/656/164 220/655/164 218/654/164 217/653/164
f 224/660/165 219/659/165 217/658/165 222/657/165
f 223/664/166 224/663/166 222/662/166 221/661/166
f 222/668/167 217/667/167 218/666/167 221/665/167
f 223/672/168 220/671/168 219/670/168 224/669/168
o cube
v 0.23614917361983112 0.3098318749152499 -0.3513985229841552
v 0.1832768444261199 0.32862598738426696 -0.32387493051998406
v 0.23614917361983112 0.3098318749152499 -0.3513985229841552
v 0.1832768444261199 0.32862598738426696 -0.32387493051998406
v 0.29871399773487817 0.32862598738426685 -0.10212222222542844
v 0.35158632692858927 0.3098318749152499 -0.12964581468959957
v 0.29871399773487817 0.32862598738426685 -0.10212222222542844
v 0.35158632692858927 0.3098318749152499 -0.12964581468959957
vt 0 1
vt 0.0625 1
vt 0.0625 1
vt 0 1
vt 0 1
vt 0.125 1
vt 0.125 1
vt 0 1
vt 0 1
vt 0.0625 1
vt 0.0625 1
vt 0 1
vt 0 1
vt 0.125 1
vt 0.125 1
vt 0 1
vt 0 1
vt 0.0625 1
vt 0.0625 0.875
vt 0 0.875
vt 0.1875 1
vt 0.78125 1
vt 0.78125 0.875
vt 0.1875 0.875
vn -0.8459572670993785 0.30070579950427273 0.440377479426738
vn -0.46174861323503297 0 -0.8870108331782224
vn 0.8459572670993785 -0.30070579950427273 -0.440377479426738
vn 0.46174861323503297 0 0.8870108331782224
vn 0.2667293017598083 0.9537169507482272 -0.13885048591282967
vn -0.2667293017598083 -0.9537169507482272 0.13885048591282967
g Frond
f 228/676/169 231/675/169 229/674/169 226/673/169
f 227/680/170 228/679/170 226/678/170 225/677/170
f 232/684/171 227/683/171 225/682/171 230/681/171
f 231/688/172 232/687/172 230/686/172 229/685/172
f 230/692/173 225/691/173 226/690/173 229/689/173
f 231/696/174 228/695/174 227/694/174 232/693/174
o cube
v -0.0773984712601703 0.3076015319020956 -0.18817595028152695
v -0.12415455557553734 0.2740203063804192 -0.16383627337412765
v -0.0773984712601703 0.3076015319020956 -0.18817595028152695
v -0.12415455557553734 0.2740203063804192 -0.16383627337412765
v -0.00871740226677914 0.2740203063804192 0.05791643492042797
v 0.03803868204858796 0.3076015319020956 0.03357675801302862
v -0.00871740226677914 0.2740203063804192 0.05791643492042797
v 0.03803868204858796 0.3076015319020956 0.03357675801302862
vt 0 1
vt 0.0625 1
