# Made in Blockbench 4.7.4

o cube
v 0.2087683617336954 -0.231606575562382 -0.3712243735005128
v 0.19068354511355634 -0.6450273752704563 -0.40254819473215986
v 0.2087683617336954 -0.231606575562382 -0.3712243735005128
v 0.19068354511355634 -0.6450273752704563 -0.40254819473215986
v -0.34841726874225676 -0.6450273752704563 -0.09129819473216005
v -0.3303324521221177 -0.231606575562382 -0.059974373500513045
v -0.34841726874225676 -0.6450273752704563 -0.09129819473216005
v -0.3303324521221177 -0.231606575562382 -0.059974373500513045
vt 0 1
vt 1 1
vt 1 0.5
vt 0 0.5
vt 0 1
vt 0.125 1
vt 0.125 0.8125
vt 0 0.8125
vt 0 1
vt 0.1875 1
vt 0.1875 0.8125
vt 0 0.8125
vt 0 1
vt 1 1
vt 1 0.5
vt 0 0.5
vt 0 1
vt 1 1
vt 1 0.5
vt 0 0.5
vt 0 1
vt 0.1875 1
vt 0.1875 0.75
vt 0 0.75
vn -0.043577871373829215 -0.9961946980917457 -0.07547908730517362
vn 0.8660254037844388 0 -0.49999999999999994
vn 0.043577871373829215 0.9961946980917457 0.07547908730517362
vn -0.8660254037844388 0 0.49999999999999994
vn -0.4980973490458724 0.0871557427476584 -0.862729915662821
vn 0.4980973490458724 -0.0871557427476584 0.862729915662821
g 0
f 4/4/1 7/3/1 5/2/1 2/1/1
f 3/8/2 4/7/2 2/6/2 1/5/2
f 8/12/3 3/11/3 1/10/3 6/9/3
f 7/16/4 8/15/4 6/14/4 5/13/4
f 6/20/5 1/19/5 2/18/5 5/17/5
f 7/24/6 4/23/6 3/22/6 8/21/6
o cube
v 0.2923339356827064 0.03090805435518873 -0.22648455365717163
v 0.2087166841337319 -0.23159753315407183 -0.3713138817292628
v 0.2923339356827064 0.03090805435518873 -0.22648455365717163
v 0.2087166841337319 -0.23159753315407183 -0.3713138817292628
v -0.3303841297220812 -0.23159753315407183 -0.06006388172926308
v -0.24676687817310672 0.03090805435518873 0.08476544634282812
v -0.3303841297220812 -0.23159753315407183 -0.06006388172926308
v -0.24676687817310672 0.03090805435518873 0.08476544634282812
vt 0 0.5
vt 1 0.5
vt 1 0
vt 0 0
vt 0 0.875
vt 0.0625 0.875
vt 0.0625 0.875
vt 0 0.875
vt 0 1
vt 0.1875 1
vt 0.1875 0.875
vt 0 0.875
vt 0 0.5
vt 1 0.5
vt 1 0
vt 0 0
vt 0 0.5
vt 1 0.5
vt 1 0
vt 0 0
vt 0 1
vt 0.125 1
vt 0.125 0.875
vt 0 0.875
vn -0.26864980417341183 -0.8433914458128855 -0.4653151102717791
vn 0.8660254037844387 0 -0.4999999999999999
vn 0.26864980417341183 0.8433914458128855 0.4653151102717791
vn -0.8660254037844387 0 0.4999999999999999
vn -0.4216957229064425 0.5372996083468241 -0.7303984174084458
vn 0.4216957229064425 -0.5372996083468241 0.7303984174084458
g 0
f 12/28/7 15/27/7 13/26/7 10/25/7
f 11/32/8 12/31/8 10/30/8 9/29/8
f 16/36/9 11/35/9 9/34/9 14/33/9
f 15/40/10 16/39/10 14/38/10 13/37/10
f 14/44/11 9/43/11 10/42/11 13/41/11
f 15/48/12 12/47/12 11/46/12 16/45/12
o cube
v 0.3223925160782031 -0.17022401667022524 0.16910479442328552
v 0.477441623486933 -0.5536340226624092 0.13473123486321814
v 0.3223925160782031 -0.17022401667022524 0.16910479442328552
v 0.477441623486933 -0.5536340226624092 0.13473123486321814
v 0.3427079638104641 -0.5536340226624092 -0.4730130295689404
v 0.18765885640173408 -0.17022401667022524 -0.4386394700088731
v 0.3427079638104641 -0.5536340226624092 -0.4730130295689404
v 0.18765885640173408 -0.17022401667022524 -0.4386394700088731
vt 0 1
vt 1 1
vt 1 0.5
vt 0 0.5
vt 0 1
vt 0.125 1
vt 0.125 0.8125
vt 0 0.8125
vt 0 1
vt 0.1875 1
vt 0.1875 0.8125
vt 0 0.8125
vt 0 1
vt 1 1
vt 1 0.5
vt 0 0.5
vt 0 1
vt 1 1
vt 1 0.5
vt 0 0.5
vt 0 1
vt 0.1875 1
vt 0.1875 0.75
vt 0 0.75
vn 0.37361230700898823 -0.9238795325112868 -0.08282785436160806
vn 0.2164396139381028 0 0.9762960071199334
vn -0.37361230700898823 0.9238795325112868 0.08282785436160806
vn -0.2164396139381028 0 -0.9762960071199334
vn 0.9019798986506 0.3826834323650896 -0.19996412934205768
vn -0.9019798986506 -0.3826834323650896 0.19996412934205768
g 0
f 20/52/13 23/51/13 21/50/13 18/49/13
f 19/56/14 20/55/14 18/54/14 17/53/14
f 24/60/15 19/59/15 17/58/15 22/57/15
f 23/64/16 24/63/16 22/62/16 21/61/16
f 22/68/17 17/67/17 18/66/17 21/65/17
f 23/72/18 20/71/18 19/70/18 24/69/18
o cube
v 0.0897065381898452 0.02988333025081802 0.22069003379298746
v 0.322486096492688 -0.17018431326411732 0.16908404814486622
v 0.0897065381898452 0.02988333025081802 0.22069003379298746
v 0.322486096492688 -0.17018431326411732 0.16908404814486622
v 0.18775243681621911 -0.17018431326411732 -0.43866021628729235
v -0.045027121486623745 0.02988333025081802 -0.3870542306391711
v 0.18775243681621911 -0.17018431326411732 -0.43866021628729235
v -0.045027121486623745 0.02988333025081802 -0.3870542306391711
vt 0 0.5
vt 1 0.5
vt 1 0
vt 0 0
vt 0 0.875
vt 0.0625 0.875
vt 0.0625 0.875
vt 0 0.875
vt 0 1
vt 0.1875 1
vt 0.1875 0.875
vt 0 0.875
vt 0 0.5
vt 1 0.5
vt 1 0
vt 0 0
vt 0 0.5
vt 1 0.5
vt 1 0
vt 0 0
vt 0 1
vt 0.125 1
vt 0.125 0.875
vt 0 0.875
vn 0.7478861310934712 -0.6427876096865395 -0.16580236352810046
vn 0.21643961393810277 0 0.9762960071199334
vn -0.7478861310934712 0.6427876096865395 0.16580236352810046
vn -0.21643961393810277 0 -0.9762960071199334
vn 0.6275509767631346 0.766044443118978 -0.13912470208475042
vn -0.6275509767631346 -0.766044443118978 0.13912470208475042
g 0
f 28/76/19 31/75/19 29/74/19 26/73/19
f 27/80/20 28/79/20 26/78/20 25/77/20
f 32/84/21 27/83/21 25/82/21 30/81/21
f 31/88/22 32/87/22 30/86/22 29/85/22
f 30/92/23 25/91/23 26/90/23 29/89/23
f 31/96/24 28/95/24 27/94/24 32/93/24
o cube
v -0.023094154215121898 0.06702379963779481 -0.48107380705454145
v -0.3473084180146884 -0.05776910715647854 -0.7080910785621095
v -0.023094154215121898 0.06702379963779481 -0.48107380705454145
v -0.3473084180146884 -0.05776910715647854 -0.7080910785621095
v -0.7043597496432147 -0.05776910715647854 -0.198168930992212
v -0.3801454858436481 0.06702379963779481 0.028848340515355897
v -0.7043597496432147 -0.05776910715647854 -0.198168930992212
v -0.3801454858436481 0.06702379963779481 0.028848340515355897
vt 0 1
vt 1 1
vt 1 0.5
vt 0 0.5
vt 0 1
vt 0.125 1
vt 0.125 0.8125
vt 0 0.8125
vt 0 1
vt 0.1875 1
vt 0.1875 0.8125
vt 0 0.8125
vt 0 1
vt 1 1
vt 1 0.5
vt 0 0.5
vt 0 1
vt 1 1
vt 1 0.5
vt 0 0.5
vt 0 1
vt 0.1875 1
vt 0.1875 0.75
vt 0 0.75
vn -0.7812391898784737 -0.3007057995042731 -0.5470295698977542
vn 0.5735764363510462 0 -0.8191520442889919
vn 0.7812391898784737 0.3007057995042731 0.5470295698977542
vn -0.5735764363510462 0 0.8191520442889919
vn -0.24632377039348097 0.953716950748227 -0.17247776086975314
vn 0.24632377039348097 -0.953716950748227 0.17247776086975314
g 0
f 36/100/25 39/99/25 37/98/25 34/97/25
f 35/104/26 36/103/26 34/102/26 33/101/26
f 40/108/27 35/107/27 33/106/27 38/105/27
f 39/112/28 40/111/28 38/110/28 37/109/28
f 38/116/29 33/115/29 34/114/29 37/113/29
f 39/120/30 36/119/30 35/118/30 40/117/30
o cube
v 0.2279679318734349 0.013074752472602924 -0.30527824181667884
v -0.023119710306300167 0.0671227477714349 -0.4810917016222317
v 0.2279679318734349 0.013074752472602924 -0.30527824181667884
v -0.023119710306300167 0.0671227477714349 -0.4810917016222317
v -0.38017104193482637 0.0671227477714349 0.028830445947665706
v -0.1290833997550913 0.013074752472602924 0.20464390575321856
v -0.38017104193482637 0.0671227477714349 0.028830445947665706
v -0.1290833997550913 0.013074752472602924 0.20464390575321856
vt 0 0.5
vt 1 0.5
vt 1 0
vt 0 0
vt 0 0.875
vt 0.0625 0.875
vt 0.0625 0.875
vt 0 0.875
vt 0 1
vt 0.1875 1
vt 0.1875 0.875
vt 0 0.875
vt 0 0.5
vt 1 0.5
vt 1 0
vt 0 0
vt 0 0.5
vt 1 0.5
vt 1 0
vt 0 0
vt 0 1
vt 0.125 1
vt 0.125 0.875
vt 0 0.875
vn -0.8067072841115988 0.17364817766693033 -0.5648625214636235
vn 0.5735764363510463 0 -0.8191520442889917
vn 0.8067072841115988 -0.17364817766693033 0.5648625214636235
vn -0.5735764363510463 0 0.8191520442889917
vn 0.14224425972292407 0.9848077530122081 0.09960050292505124
vn -0.14224425972292407 -0.9848077530122081 -0.09960050292505124
g 0
f 44/124/31 47/123/31 45/122/31 42/121/31
f 43/128/32 44/127/32 42/126/32 41/125/32
f 48/132/33 43/131/33 41/130/33 46/129/33
f 47/136/34 48/135/34 46/134/34 45/133/34
f 46/140/35 41/139/35 42/138/35 45/137/35
f 47/144/36 44/143/36 43/142/36 48/141/36
o cube
v 0.2953983774392859 -0.09308448468330299 -0.3826654661060358
v 0.2605796205133615 -0.41099292857767866 -0.6471401822261024
v 0.2953983774392859 -0.09308448468330299 -0.3826654661060358
v 0.2605796205133615 -0.41099292857767866 -0.6471401822261024
v -0.3565948056918355 -0.41099292857767866 -0.5658876275691204
v -0.3217760487659112 -0.09308448468330299 -0.3014129114490537
v -0.3565948056918355 -0.41099292857767866 -0.5658876275691204
v -0.3217760487659112 -0.09308448468330299 -0.3014129114490537
vt 0 1
vt 1 1
vt 1 0.5
vt 0 0.5
vt 0 1
vt 0.125 1
vt 0.125 0.8125
vt 0 0.8125
vt 0 1
vt 0.1875 1
vt 0.1875 0.8125
vt 0 0.8125
vt 0 1
vt 1 1
vt 1 0.5
vt 0 0.5
vt 0 1
vt 1 1
vt 1 0.5
vt 0 0.5
vt 0 1
vt 0.1875 1
vt 0.1875 0.75
vt 0 0.75
vn -0.0839006190986127 -0.766044443118978 -0.637288472578474
vn 0.9914448613738104 0 -0.13052619222005155
vn 0.0839006190986127 0.766044443118978 0.637288472578474
vn -0.9914448613738104 0 0.13052619222005155
vn -0.09998886423165002 0.6427876096865395 -0.759490826714273
vn 0.09998886423165002 -0.6427876096865395 0.759490826714273
g 0
f 52/148/37 55/147/37 53/146/37 50/145/37
f 51/152/38 52/151/38 50/150/38 49/149/38
f 56/156/39 51/155/39 49/154/39 54/153/39
f 55/160/40 56/159/40 54/158/40 53/157/40
f 54/164/41 49/163/41 50/162/41 53/161/41
f 55/168/42 52/167/42 51/166/42 56/165/42
o cube
v 0.33292178970054187 0.02609242285483615 -0.09764685309911791
v 0.2953880035946217 -0.09301779546879796 -0.3827442632793074
v 0.33292178970054187 0.02609242285483615 -0.09764685309911791
v 0.2953880035946217 -0.09301779546879796 -0.3827442632793074
v -0.3217864226105753 -0.09301779546879796 -0.3014917086223254
v -0.2842526365046551 0.02609242285483615 -0.016394298442135857
v -0.3217864226105753 -0.09301779546879796 -0.3014917086223254
v -0.2842526365046551 0.02609242285483615 -0.016394298442135857
vt 0 0.5
vt 1 0.5
vt 1 0
vt 0 0
vt 0 0.875
vt 0.0625 0.875
vt 0.0625 0.875
vt 0 0.875
vt 0 1
vt 0.1875 1
vt 0.1875 0.875
vt 0 0.875
vt 0 0.5
vt 1 0.5
vt 1 0
vt 0 0
vt 0 0.5
vt 1 0.5
vt 1 0
vt 0 0
vt 0 1
vt 0.125 1
vt 0.125 0.875
vt 0 0.875
vn -0.12059047744873953 -0.3826834323650896 -0.9159756150367535
vn 0.9914448613738105 0 -0.13052619222005157
vn 0.12059047744873953 0.3826834323650896 0.9159756150367535
vn -0.9914448613738105 0 0.13052619222005157
vn -0.049950211252314726 0.9238795325112868 -0.3794095225512602
vn 0.049950211252314726 -0.9238795325112868 0.3794095225512602
g 0
f 60/172/43 63/171/43 61/170/43 58/169/43
f 59/176/44 60/175/44 58/174/44 57/173/44
f 64/180/45 59/179/45 57/178/45 62/177/45
f 63/184/46 64/183/46 62/182/46 61/181/46
f 62/188/47 57/187/47 58/186/47 61/185/47
f 63/192/48 60/191/48 59/190/48 64/189/48
o cube
v 0.4383086406908844 0.030105211517785557 0.008301843507254603
v 0.7464062494409174 -0.1452813671046047 -0.2074304246439045
v 0.4383086406908844 0.030105211517785557 0.008301843507254603
v 0.7464062494409174 -0.1452813671046047 -0.2074304246439045
v 0.3893549178123912 -0.1452813671046047 -0.7173525722138019
v 0.08125730906235817 0.030105211517785557 -0.5016203040626428
v 0.3893549178123912 -0.1452813671046047 -0.7173525722138019
v 0.08125730906235817 0.030105211517785557 -0.5016203040626428
vt 0 1
vt 1 1
vt 1 0.5
vt 0 0.5
vt 0 1
vt 0.125 1
vt 0.125 0.8125
vt 0 0.8125
vt 0 1
vt 0.1875 1
vt 0.1875 0.8125
vt 0 0.8125
vt 0 1
vt 1 1
vt 1 0.5
vt 0 0.5
vt 0 1
vt 1 1
vt 1 0.5
vt 0 0.5
vt 0 1
vt 0.1875 1
vt 0.1875 0.75
vt 0 0.75
vn 0.742403876506104 -0.42261826174069955 -0.5198367907256846
vn 0.5735764363510463 0 0.8191520442889917
vn -0.742403876506104 0.42261826174069955 0.5198367907256846
vn -0.5735764363510463 0 -0.8191520442889917
vn 0.34618861305875437 0.90630778703665 -0.2424038765061042
vn -0.34618861305875437 -0.90630778703665 0.2424038765061042
g 0
f 68/196/49 71/195/49 69/194/49 66/193/49
f 67/200/50 68/199/50 66/198/50 65/197/50
f 72/204/51 67/203/51 65/202/51 70/201/51
f 71/208/52 72/207/52 70/206/52 69/205/52
f 70/212/53 65/211/53 66/210/53 69/209/53
f 71/216/54 68/215/54 67/214/54 72/213/54
o cube
v 0.18362615042203556 0.016622706633229845 0.18663244304352378
v 0.4383445577594892 0.030199240950690598 0.00827669410506715
v 0.18362615042203556 0.016622706633229845 0.18663244304352378
v 0.4383445577594892 0.030199240950690598 0.00827669410506715
v 0.08129322613096301 0.030199240950690598 -0.5016454534648302
v -0.17342518120649075 0.016622706633229845 -0.3232897045263737
v 0.08129322613096301 0.030199240950690598 -0.5016454534648302
v -0.17342518120649075 0.016622706633229845 -0.3232897045263737
vt 0 0.5
vt 1 0.5
vt 1 0
vt 0 0
vt 0 0.875
vt 0.0625 0.875
vt 0.0625 0.875
vt 0 0.875
vt 0 1
vt 0.1875 1
vt 0.1875 0.875
vt 0 0.875
vt 0 0.5
vt 1 0.5
vt 1 0
vt 0 0
vt 0 0.5
vt 1 0.5
vt 1 0
vt 0 0
vt 0 1
vt 0.125 1
vt 0.125 0.875
vt 0 0.875
vn 0.8183723930520603 0.043619387365335785 -0.5730305186777724
vn 0.5735764363510462 0 0.8191520442889917
vn -0.8183723930520603 -0.043619387365335785 0.5730305186777724
vn -0.5735764363510462 0 -0.8191520442889917
vn -0.035730910330948246 0.9990482215818579 0.0250190527608252
vn 0.035730910330948246 -0.9990482215818579 -0.0250190527608252
g 0
f 76/220/55 79/219/55 77/218/55 74/217/55
f 75/224/56 76/223/56 74/222/56 73/221/56
f 80/228/57 75/227/57 73/226/57 78/225/57
f 79/232/58 80/231/58 78/230/58 77/229/58
f 78/236/59 73/235/59 74/234/59 77/233/59
f 79/240/60 76/239/60 75/238/60 80/237/60
o cube
v 0.374683739640598 0.17842280340989558 -0.22843886955980164
v 0.46373773600081325 0.23259117318121691 -0.6301354882269147
v 0.374683739640598 0.17842280340989558 -0.22843886955980164
v 0.46373773600081325 0.23259117318121691 -0.6301354882269147
v -0.1440065284313452 0.23259117318121691 -0.7648691479033837
v -0.23306052479156053 0.17842280340989558 -0.36317252923627064
v -0.1440065284313452 0.23259117318121691 -0.7648691479033837
v -0.23306052479156053 0.17842280340989558 -0.36317252923627064
vt 0 1
vt 1 1
vt 1 0.5
vt 0 0.5
vt 0 1
vt 0.125 1
vt 0.125 0.8125
vt 0 0.8125
vt 0 1
vt 0.1875 1
vt 0.1875 0.8125
vt 0 0.8125
vt 0 1
vt 1 1
vt 1 0.5
vt 0 0.5
vt 0 1
vt 1 1
vt 1 0.5
vt 0 0.5
vt 0 1
vt 0.1875 1
vt 0.1875 0.75
vt 0 0.75
vn 0.21458794303666345 0.13052619222005157 -0.9679436594388269
vn 0.9762960071199335 0 0.2164396139381029
vn -0.21458794303666345 -0.13052619222005157 0.9679436594388269
vn -0.9762960071199335 0 -0.2164396139381029
vn -0.028251038652918576 0.9914448613738105 0.1274322002890053
vn 0.028251038652918576 -0.9914448613738105 -0.1274322002890053
g 0
f 84/244/61 87/243/61 85/242/61 82/241/61
f 83/248/62 84/247/62 82/246/62 81/245/62
f 88/252/63 83/251/63 81/250/63 86/249/63
f 87/256/64 88/255/64 86/254/64 85/253/64
f 86/260/65 81/259/65 82/258/65 85/257/65
f 87/264/66 84/263/66 83/262/66 88/261/66
o cube
v 0.3194971322160792 0 0.0204918298382345
v 0.3746808085953377 0.1785256658142631 -0.22842564846902158
v 0.3194971322160792 0 0.0204918298382345
v 0.3746808085953377 0.1785256658142631 -0.22842564846902158
v -0.23306345583682075 0.1785256658142631 -0.36315930814549063
v -0.2882471322160792 0 -0.1142418298382345
v -0.23306345583682075 0.1785256658142631 -0.36315930814549063
v -0.2882471322160792 0 -0.1142418298382345
vt 0 0.5
vt 1 0.5
vt 1 0
vt 0 0
vt 0 0.875
vt 0.0625 0.875
vt 0.0625 0.875
vt 0 0.875
vt 0 1
vt 0.1875 1
vt 0.1875 0.875
vt 0 0.875
vt 0 0.5
vt 1 0.5
vt 1 0
vt 0 0
vt 0 0.5
vt 1 0.5
vt 1 0
vt 0 0
vt 0 1
vt 0.125 1
vt 0.125 0.875
vt 0 0.875
vn 0.17729695222251712 0.573576436351046 -0.7997348700634735
vn 0.9762960071199334 0 0.21643961393810285
vn -0.17729695222251712 -0.573576436351046 0.7997348700634735
vn -0.9762960071199334 0 -0.21643961393810285
vn -0.12414466244781325 0.8191520442889919 0.5599803845876069
vn 0.12414466244781325 -0.8191520442889919 -0.5599803845876069
g 0
f 92/268/67 95/267/67 93/266/67 90/265/67
f 91/272/68 92/271/68 90/270/68 89/269/68
f 96/276/69 91/275/69 89/274/69 94/273/69
f 95/280/70 96/279/70 94/278/70 93/277/70
f 94/284/71 89/283/71 90/282/71 93/281/71
f 95/288/72 92/287/72 91/286/72 96/285/72
