# Made in Blockbench 4.9.3

o cube
v 0.19227206249999995 0.5659132499999999 0
v 0.19227206249999995 0.5659132499999999 0
v 0.19227206249999995 0 0
v 0.19227206249999995 0 0
v -0.13110693750000002 0.5659132499999999 0
v -0.13110693750000002 0.5659132499999999 0
v -0.13110693750000002 0 0
v -0.13110693750000002 0 0
vt 0 1
vt 0.125 1
vt 0.125 0.8125
vt 0 0.8125
vt 0 1
vt 0 1
vt 0 0.8125
vt 0 0.8125
vt 0.28125 1
vt 0.6875 1
vt 0.6875 0
vt 0.28125 0
vt 0 1
vt 0 1
vt 0 0.8125
vt 0 0.8125
vt 0 1
vt 0.125 1
vt 0.125 1
vt 0 1
vt 0 1
vt 0.125 1
vt 0.125 1
vt 0 1
vn 0 0 -1
vn 1 0 0
vn 0 0 1
vn -1 0 0
vn 0 1 0
vn 0 -1 0
g Stem
f 4/4/1 7/3/1 5/2/1 2/1/1
f 3/8/2 4/7/2 2/6/2 1/5/2
f 8/12/3 3/11/3 1/10/3 6/9/3
f 7/16/4 8/15/4 6/14/4 5/13/4
f 6/20/5 1/19/5 2/18/5 5/17/5
f 7/24/6 4/23/6 3/22/6 8/21/6
o cube
v -0.8681389393028845 0.42925425240278003 0.4507217871711694
v -0.8681389393028845 0.42925425240278003 0.4507217871711694
v -0.5689463295387979 0.5381514566693302 0.45072178717116884
v -0.5689463295387979 0.5381514566693302 0.45072178717116884
v -0.868138945637002 0.42925426980561987 -0.42809671282883055
v -0.868138945637002 0.42925426980561987 -0.42809671282883055
v -0.5689463358729153 0.53815147407217 -0.4280967128288311
v -0.5689463358729153 0.53815147407217 -0.4280967128288311
vt 0 1
vt 0.125 1
vt 0.125 0.8125
vt 0 0.8125
vt 0 1
vt 0 1
vt 0 0.8125
vt 0 0.8125
vt 0 1
vt 1 1
vt 1 0.625
vt 0 0.625
vt 0 1
vt 0 1
vt 0 0.8125
vt 0 0.8125
vt 0 1
vt 0.125 1
vt 0.125 1
vt 0 1
vt 0 1
vt 0.125 1
vt 0.125 1
vt 0 1
vn -0.34202014332566594 0.9396926207859092 0
vn 0 0 0.9999999999999998
vn 0.34202014332566594 -0.9396926207859092 0
vn 0 0 -0.9999999999999998
vn -0.9396926207859096 -0.34202014332566577 0
vn 0.9396926207859096 0.34202014332566577 0
g Frond
f 12/28/7 15/27/7 13/26/7 10/25/7
f 11/32/8 12/31/8 10/30/8 9/29/8
f 16/36/9 11/35/9 9/34/9 14/33/9
f 15/40/10 16/39/10 14/38/10 13/37/10
f 14/44/11 9/43/11 10/42/11 13/41/11
f 15/48/12 12/47/12 11/46/12 16/45/12
o cube
v -0.5689463018291235 0.5381514610256541 0.45072178717116906
v -0.5689463018291235 0.5381514610256541 0.45072178717116906
v -0.33135236553945047 0.5694312961498094 0.4507217871711686
v -0.33135236553945047 0.5694312961498094 0.4507217871711686
v -0.5689463047897104 0.5381514835135333 -0.4280967128288307
v -0.5689463047897104 0.5381514835135333 -0.4280967128288307
v -0.3313523685000374 0.5694313186376885 -0.4280967128288311
v -0.3313523685000374 0.5694313186376885 -0.4280967128288311
vt 0 1
vt 0.125 1
vt 0.125 0.8125
vt 0 0.8125
vt 0 1
vt 0 1
vt 0 0.8125
vt 0 0.8125
vt 0 0.625
vt 1 0.625
vt 1 0.34375
vt 0 0.34375
vt 0 1
vt 0 1
vt 0 0.8125
vt 0 0.8125
vt 0 1
vt 0.125 1
vt 0.125 1
vt 0 1
vt 0 1
vt 0.125 1
vt 0.125 1
vt 0 1
vn -0.13052619222004766 0.9914448613738107 0
vn 0 0 0.9999999999999998
vn 0.13052619222004766 -0.9914448613738107 0
vn 0 0 -0.9999999999999998
vn -0.9914448613738109 -0.1305261922200478 0
vn 0.9914448613738109 0.1305261922200478 0
g Frond
f 20/52/13 23/51/13 21/50/13 18/49/13
f 19/56/14 20/55/14 18/54/14 17/53/14
f 24/60/15 19/59/15 17/58/15 22/57/15
f 23/64/16 24/63/16 22/62/16 21/61/16
f 22/68/17 17/67/17 18/66/17 21/65/17
f 23/72/18 20/71/18 19/70/18 24/69/18
o cube
v -0.3313523749999991 0.5694312965732884 0.4507217871711686
v -0.3313523749999991 0.5694312965732884 0.4507217871711686
v -0.048395749999999294 0.5694312965732873 0.4507217871711682
v -0.048395749999999294 0.5694312965732873 0.4507217871711682
v -0.33135237500000053 0.5694313096687047 -0.4280967128288311
v -0.33135237500000053 0.5694313096687047 -0.4280967128288311
v -0.04839575000000079 0.5694313096687036 -0.42809671282883166
v -0.04839575000000079 0.5694313096687036 -0.42809671282883166
vt 0 1
vt 0.125 1
vt 0.125 0.8125
vt 0 0.8125
vt 0 1
vt 0 1
vt 0 0.8125
vt 0 0.8125
vt 0 0.34375
vt 1 0.34375
vt 1 0
vt 0 0
vt 0 1
vt 0 1
vt 0 0.8125
vt 0 0.8125
vt 0 1
vt 0.125 1
vt 0.125 1
vt 0 1
vt 0 1
vt 0.125 1
vt 0.125 1
vt 0 1
vn 0 1 0
vn 0 0 1
vn 0 -1 0
vn 0 0 -1
vn -1 0 0
vn 1 0 0
g Frond
f 28/76/19 31/75/19 29/74/19 26/73/19
f 27/80/20 28/79/20 26/78/20 25/77/20
f 32/84/21 27/83/21 25/82/21 30/81/21
f 31/88/22 32/87/22 30/86/22 29/85/22
f 30/92/23 25/91/23 26/90/23 29/89/23
f 31/96/24 28/95/24 27/94/24 32/93/24
o cube
v 0.8712889393028853 0.42925425240278003 -0.4507217871711677
v 0.8712889393028853 0.42925425240278003 -0.4507217871711677
v 0.5720963295387986 0.5381514566693302 -0.4507217871711677
v 0.5720963295387986 0.5381514566693302 -0.4507217871711677
v 0.8712889456370012 0.42925426980561965 0.4280967128288322
v 0.8712889456370012 0.42925426980561965 0.4280967128288322
v 0.5720963358729145 0.5381514740721698 0.4280967128288322
v 0.5720963358729145 0.5381514740721698 0.4280967128288322
vt 0 1
vt 0.125 1
vt 0.125 0.8125
vt 0 0.8125
vt 0 1
vt 0 1
vt 0 0.8125
vt 0 0.8125
vt 0 1
vt 1 1
vt 1 0.625
vt 0 0.625
vt 0 1
vt 0 1
vt 0 0.8125
vt 0 0.8125
vt 0 1
vt 0.125 1
vt 0.125 1
vt 0 1
vt 0 1
vt 0.125 1
vt 0.125 1
vt 0 1
vn 0.34202014332566605 0.9396926207859092 0
vn 0 0 -0.9999999999999998
vn -0.34202014332566605 -0.9396926207859092 0
vn 0 0 0.9999999999999998
vn 0.9396926207859096 -0.3420201433256659 0
vn -0.9396926207859096 0.3420201433256659 0
g Frond
f 36/100/25 39/99/25 37/98/25 34/97/25
f 35/104/26 36/103/26 34/102/26 33/101/26
f 40/108/27 35/107/27 33/106/27 38/105/27
f 39/112/28 40/111/28 38/110/28 37/109/28
f 38/116/29 33/115/29 34/114/29 37/113/29
f 39/120/30 36/119/30 35/118/30 40/117/30
o cube
v 0.5720963018291245 0.5381514610256541 -0.4507217871711676
v 0.5720963018291245 0.5381514610256541 -0.4507217871711676
v 0.33450236553945145 0.5694312961498094 -0.4507217871711677
v 0.33450236553945145 0.5694312961498094 -0.4507217871711677
v 0.5720963047897099 0.5381514835135333 0.4280967128288321
v 0.5720963047897099 0.5381514835135333 0.4280967128288321
v 0.3345023685000368 0.5694313186376883 0.428096712828832
v 0.3345023685000368 0.5694313186376883 0.428096712828832
vt 0 1
vt 0.125 1
vt 0.125 0.8125
vt 0 0.8125
vt 0 1
vt 0 1
vt 0 0.8125
vt 0 0.8125
vt 0 0.625
vt 1 0.625
vt 1 0.34375
vt 0 0.34375
vt 0 1
vt 0 1
vt 0 0.8125
vt 0 0.8125
vt 0 1
vt 0.125 1
vt 0.125 1
vt 0 1
vt 0 1
vt 0.125 1
vt 0.125 1
vt 0 1
vn 0.13052619222004777 0.9914448613738107 0
vn 0 0 -0.9999999999999997
vn -0.13052619222004777 -0.9914448613738107 0
vn 0 0 0.9999999999999997
vn 0.9914448613738109 -0.1305261922200479 0
vn -0.9914448613738109 0.1305261922200479 0
g Frond
f 44/124/31 47/123/31 45/122/31 42/121/31
f 43/128/32 44/127/32 42/126/32 41/125/32
f 48/132/33 43/131/33 41/130/33 46/129/33
f 47/136/34 48/135/34 46/134/34 45/133/34
f 46/140/35 41/139/35 42/138/35 45/137/35
f 47/144/36 44/143/36 43/142/36 48/141/36
o cube
v 0.334502375 0.5694312965732884 -0.45072178717116773
v 0.334502375 0.5694312965732884 -0.45072178717116773
v 0.05154575000000028 0.5694312965732873 -0.45072178717116773
v 0.05154575000000028 0.5694312965732873 -0.45072178717116773
v 0.3345023749999998 0.5694313096687047 0.428096712828832
v 0.3345023749999998 0.5694313096687047 0.428096712828832
v 0.05154575000000006 0.5694313096687034 0.428096712828832
v 0.05154575000000006 0.5694313096687034 0.428096712828832
vt 0 1
vt 0.125 1
vt 0.125 0.8125
vt 0 0.8125
vt 0 1
vt 0 1
vt 0 0.8125
vt 0 0.8125
vt 0 0.34375
vt 1 0.34375
vt 1 0
vt 0 0
vt 0 1
vt 0 1
vt 0 0.8125
vt 0 0.8125
vt 0 1
vt 0.125 1
vt 0.125 1
vt 0 1
vt 0 1
vt 0.125 1
vt 0.125 1
vt 0 1
vn 0 1 0
vn 0 0 -1
vn 0 -1 0
vn 0 0 1
vn 1 0 0
vn -1 0 0
g Frond
f 52/148/37 55/147/37 53/146/37 50/145/37
f 51/152/38 52/151/38 50/150/38 49/149/38
f 56/156/39 51/155/39 49/154/39 54/153/39
f 55/160/40 56/159/40 54/158/40 53/157/40
f 54/164/41 49/163/41 50/162/41 53/161/41
f 55/168/42 52/167/42 51/166/42 56/165/42
