# Made in Blockbench 4.9.3

o cube
v 0.18409374999999994 1.1849544501864777 0.2387511052444885
v 0.18409374999999994 1.0546414567892983 0.06892390583839603
v 0.18409374999999994 1.1849544501864777 0.2387511052444885
v 0.18409374999999994 1.0546414567892983 0.06892390583839603
v -0.15840625000000003 1.0546414567892983 0.06892390583839603
v -0.15840625000000003 1.1849544501864777 0.2387511052444885
v -0.15840625000000003 1.0546414567892983 0.06892390583839603
v -0.15840625000000003 1.1849544501864777 0.2387511052444885
vt 0 1
vt 0.25 1
vt 0.25 1
vt 0 1
vt 0 1
vt 0.25 1
vt 0.25 1
vt 0 1
vt 0 1
vt 0.25 1
vt 0.25 1
vt 0 1
vt 0 1
vt 0.25 1
vt 0.25 1
vt 0 1
vt 0 1
vt 0.25 1
vt 0.25 0.75
vt 0 0.75
vt 0.28125 0.4375
vt 0.71875 0.4375
vt 0.71875 0.15625
vt 0.28125 0.15625
vn 0 -0.6087614290087207 -0.793353340291235
vn 1 0 0
vn 0 0.6087614290087207 0.793353340291235
vn -1 0 0
vn 0 0.793353340291235 -0.6087614290087207
vn 0 -0.793353340291235 0.6087614290087207
g Leaf
f 4/4/1 7/3/1 5/2/1 2/1/1
f 3/8/2 4/7/2 2/6/2 1/5/2
f 8/12/3 3/11/3 1/10/3 6/9/3
f 7/16/4 8/15/4 6/14/4 5/13/4
f 6/20/5 1/19/5 2/18/5 5/17/5
f 7/24/6 4/23/6 3/22/6 8/21/6
o cube
v 0.18409374999999994 1.257318160898139 0.3939403889301153
v 0.18409374999999994 1.184944783575044 0.2387351804000888
v 0.18409374999999994 1.257318160898139 0.3939403889301153
v 0.18409374999999994 1.184944783575044 0.2387351804000888
v -0.15840625000000003 1.184944783575044 0.2387351804000888
v -0.15840625000000003 1.257318160898139 0.3939403889301153
v -0.15840625000000003 1.184944783575044 0.2387351804000888
v -0.15840625000000003 1.257318160898139 0.3939403889301153
vt 0 1
vt 0.25 1
vt 0.25 1
vt 0 1
vt 0 1
vt 0.25 1
vt 0.25 1
vt 0 1
vt 0 1
vt 0.25 1
vt 0.25 1
vt 0 1
vt 0 1
vt 0.25 1
vt 0.25 1
vt 0 1
vt 0.28125 0.4375
vt 0.71875 0.4375
vt 0.71875 0.6875
vt 0.28125 0.6875
vt 0 1
vt 0 1
vt 0 1
vt 0 1
vn 0 -0.42261826174069944 -0.9063077870366499
vn 1 0 0
vn 0 0.42261826174069944 0.9063077870366499
vn -1 0 0
vn 0 0.9063077870366499 -0.42261826174069944
vn 0 -0.9063077870366499 0.42261826174069944
g Leaf
f 12/28/7 15/27/7 13/26/7 10/25/7
f 11/32/8 12/31/8 10/30/8 9/29/8
f 16/36/9 11/35/9 9/34/9 14/33/9
f 15/40/10 16/39/10 14/38/10 13/37/10
f 14/44/11 9/43/11 10/42/11 13/41/11
f 15/48/12 12/47/12 11/46/12 16/45/12
o cube
v 0.18409374999999994 1.2880457052612586 0.6273696460365228
v 0.18409374999999994 1.2573108659369434 0.393915363834908
v 0.18409374999999994 1.2880457052612586 0.6273696460365228
v 0.18409374999999994 1.2573108659369434 0.393915363834908
v -0.15840625000000003 1.2573108659369434 0.393915363834908
v -0.15840625000000003 1.2880457052612586 0.6273696460365228
v -0.15840625000000003 1.2573108659369434 0.393915363834908
v -0.15840625000000003 1.2880457052612586 0.6273696460365228
vt 0 1
vt 0.25 1
vt 0.25 1
vt 0 1
vt 0 1
vt 0.25 1
vt 0.25 1
vt 0 1
vt 0 1
vt 0.25 1
vt 0.25 1
vt 0 1
vt 0 1
vt 0.25 1
vt 0.25 1
vt 0 1
vt 0.28125 0.6875
vt 0.71875 0.6875
vt 0.71875 1
vt 0.28125 1
vt 0 0.875
vt 0.03125 0.875
vt 0.03125 0.875
vt 0 0.875
vn 0 -0.13052619222005157 -0.9914448613738105
vn 1 0 0
vn 0 0.13052619222005157 0.9914448613738105
vn -1 0 0
vn 0 0.9914448613738105 -0.13052619222005157
vn 0 -0.9914448613738105 0.13052619222005157
g Leaf
f 20/52/13 23/51/13 21/50/13 18/49/13
f 19/56/14 20/55/14 18/54/14 17/53/14
f 24/60/15 19/59/15 17/58/15 22/57/15
f 23/64/16 24/63/16 22/62/16 21/61/16
f 22/68/17 17/67/17 18/66/17 21/65/17
f 23/72/18 20/71/18 19/70/18 24/69/18
o cube
v 0.18409374999999994 1.0546633813911375 0.06894399603453916
v 0.18409374999999994 0.946340292569545 -0.00006542241250606651
v 0.18409374999999994 1.0546633813911375 0.06894399603453916
v 0.18409374999999994 0.946340292569545 -0.00006542241250606651
v -0.15840625000000003 0.946340292569545 -0.00006542241250606651
v -0.15840625000000003 1.0546633813911375 0.06894399603453916
v -0.15840625000000003 0.946340292569545 -0.00006542241250606651
v -0.15840625000000003 1.0546633813911375 0.06894399603453916
vt 0 1
vt 0.25 1
vt 0.25 1
vt 0 1
vt 0 1
vt 0.25 1
vt 0.25 1
vt 0 1
vt 0 1
vt 0.25 1
vt 0.25 1
vt 0 1
vt 0 1
vt 0.25 1
vt 0.25 1
vt 0 1
vt 0 1
vt 0.25 1
vt 0.25 0.75
vt 0 0.75
vt 0.28125 0.15625
vt 0.71875 0.15625
vt 0.71875 0
vt 0.28125 0
vn 0 -0.8433914458128858 -0.5372996083468237
vn 1 0 0
vn 0 0.8433914458128858 0.5372996083468237
vn -1 0 0
vn 0 0.5372996083468237 -0.8433914458128858
vn 0 -0.5372996083468237 0.8433914458128858
g Leaf
f 28/76/19 31/75/19 29/74/19 26/73/19
f 27/80/20 28/79/20 26/78/20 25/77/20
f 32/84/21 27/83/21 25/82/21 30/81/21
f 31/88/22 32/87/22 30/86/22 29/85/22
f 30/92/23 25/91/23 26/90/23 29/89/23
f 31/96/24 28/95/24 27/94/24 32/93/24
o cube
v -0.07137509591062963 0.9169978370857295 -0.6456380671367554
v -0.13549998446026834 0.8983410609038087 -0.4422599039106014
v -0.07137509591062963 0.9169978370857295 -0.6456380671367554
v -0.13549998446026834 0.8983410609038087 -0.4422599039106014
v 0.1911480711709994 0.8983410609038085 -0.33926816758038764
v 0.2552729597206381 0.9169978370857295 -0.5426463308065417
v 0.1911480711709994 0.8983410609038085 -0.33926816758038764
v 0.2552729597206381 0.9169978370857295 -0.5426463308065417
vt 0 1
vt 0.25 1
vt 0.25 1
vt 0 1
vt 0 1
vt 0.25 1
vt 0.25 1
vt 0 1
vt 0 1
vt 0.25 1
vt 0.25 1
vt 0 1
vt 0 1
vt 0.25 1
vt 0.25 1
vt 0 1
vt 0 1
vt 0.25 1
vt 0.25 0.75
vt 0 0.75
vt 0.28125 0.4375
vt 0.71875 0.4375
vt 0.71875 0.15625
vt 0.28125 0.15625
vn -0.2995615231515969 -0.08715574274765857 0.95008776981561
vn -0.9537169507482269 0 -0.3007057995042736
vn 0.2995615231515969 0.08715574274765857 -0.95008776981561
vn 0.9537169507482269 0 0.3007057995042736
vn -0.026208237304323333 0.9961946980917455 0.08312190921349373
vn 0.026208237304323333 -0.9961946980917455 -0.08312190921349373
g Leaf
f 36/100/25 39/99/25 37/98/25 34/97/25
f 35/104/26 36/103/26 34/102/26 33/101/26
f 40/108/27 35/107/27 33/106/27 38/105/27
f 39/112/28 40/111/28 38/110/28 37/109/28
f 38/116/29 33/115/29 34/114/29 37/113/29
f 39/120/30 36/119/30 35/118/30 40/117/30
o cube
v -0.13549367967521442 0.8983466780362113 -0.44227990013410856
v -0.17049700941390122 0.8440666450438905 -0.331263521469484
v -0.13549367967521442 0.8983466780362113 -0.44227990013410856
v -0.17049700941390122 0.8440666450438905 -0.331263521469484
v 0.15615104621736653 0.8440666450438903 -0.22827178513927027
v 0.19115437595605334 0.8983466780362113 -0.3392881638038948
v 0.15615104621736653 0.8440666450438903 -0.22827178513927027
v 0.19115437595605334 0.8983466780362113 -0.3392881638038948
vt 0 1
vt 0.25 1
vt 0.25 1
vt 0 1
vt 0 1
vt 0.25 1
vt 0.25 1
vt 0 1
vt 0 1
vt 0.25 1
vt 0.25 1
vt 0 1
vt 0 1
vt 0.25 1
vt 0.25 1
vt 0 1
vt 0 1
vt 0.25 1
vt 0.25 0.75
vt 0 0.75
vt 0.28125 0.15625
vt 0.71875 0.15625
vt 0.71875 0
vt 0.28125 0
vn -0.2725320076978049 -0.42261826174069933 0.8643610990919672
vn -0.9537169507482268 0 -0.30070579950427356
vn 0.2725320076978049 0.42261826174069933 -0.8643610990919672
vn 0.9537169507482268 0 0.30070579950427356
vn -0.12708376228184323 0.90630778703665 0.4030581999178556
vn 0.12708376228184323 -0.90630778703665 -0.4030581999178556
g Leaf
f 44/124/31 47/123/31 45/122/31 42/121/31
f 43/128/32 44/127/32 42/126/32 41/125/32
f 48/132/33 43/131/33 41/130/33 46/129/33
f 47/136/34 48/135/34 46/134/34 45/133/34
f 46/140/35 41/139/35 42/138/35 45/137/35
f 47/144/36 44/143/36 43/142/36 48/141/36
o cube
v -0.021640406950745872 0.8726769711539601 -0.8033763481390738
v -0.07138159595859972 0.916999732627767 -0.6456174516183987
v -0.021640406950745872 0.8726769711539601 -0.8033763481390738
v -0.07138159595859972 0.916999732627767 -0.6456174516183987
v 0.25526645967266803 0.916999732627767 -0.5426257152881849
v 0.30500764868052177 0.8726769711539601 -0.7003846118088599
v 0.25526645967266803 0.916999732627767 -0.5426257152881849
v 0.30500764868052177 0.8726769711539601 -0.7003846118088599
vt 0 1
vt 0.25 1
vt 0.25 1
vt 0 1
vt 0 1
vt 0.25 1
vt 0.25 1
vt 0 1
vt 0 1
vt 0.25 1
vt 0.25 1
vt 0 1
vt 0 1
vt 0.25 1
vt 0.25 1
vt 0 1
vt 0.28125 0.4375
vt 0.71875 0.4375
vt 0.71875 0.6875
vt 0.28125 0.6875
vt 0 1
vt 0 1
vt 0 1
vt 0 1
vn -0.29045949785608044 0.25881904510252085 0.9212198336973716
vn -0.9537169507482268 0 -0.30070579950427356
vn 0.29045949785608044 -0.25881904510252085 -0.9212198336973716
vn 0.9537169507482268 0 0.30070579950427356
vn 0.0778283878844863 0.9659258262890684 -0.24684011049074395
vn -0.0778283878844863 -0.9659258262890684 0.24684011049074395
g Leaf
f 52/148/37 55/147/37 53/146/37 50/145/37
f 51/152/38 52/151/38 50/150/38 49/149/38
f 56/156/39 51/155/39 49/154/39 54/153/39
f 55/160/40 56/159/40 54/158/40 53/157/40
f 54/164/41 49/163/41 50/162/41 53/161/41
f 55/168/42 52/167/42 51/166/42 56/165/42
o cube
v 0.02618700370555127 0.6990893173874504 -0.9550655151870762
v -0.021649389658842 0.8726950902894597 -0.8033478586287648
v 0.02618700370555127 0.6990893173874504 -0.9550655151870762
v -0.021649389658842 0.8726950902894597 -0.8033478586287648
v 0.30499866597242575 0.8726950902894597 -0.700356122298551
v 0.3528350593368189 0.6990893173874504 -0.8520737788568624
v 0.30499866597242575 0.8726950902894597 -0.700356122298551
v 0.3528350593368189 0.6990893173874504 -0.8520737788568624
vt 0 1
vt 0.25 1
vt 0.25 1
vt 0 1
vt 0 1
vt 0.25 1
vt 0.25 1
vt 0 1
vt 0 1
vt 0.25 1
vt 0.25 1
vt 0 1
vt 0 1
vt 0.25 1
vt 0.25 1
vt 0 1
vt 0.28125 0.6875
vt 0.71875 0.6875
vt 0.71875 1
vt 0.28125 1
vt 0 0.875
vt 0.03125 0.875
vt 0.03125 0.875
vt 0 0.875
vn -0.20315389351832525 0.7372773368101243 0.6443218327625688
vn -0.9537169507482268 0 -0.3007057995042736
vn 0.20315389351832525 -0.7372773368101243 -0.6443218327625688
vn 0.9537169507482268 0 0.3007057995042736
vn 0.22170357102187008 0.6755902076156602 -0.7031538935183248
vn -0.22170357102187008 -0.6755902076156602 0.7031538935183248
g Leaf
f 60/172/43 63/171/43 61/170/43 58/169/43
f 59/176/44 60/175/44 58/174/44 57/173/44
f 64/180/45 59/179/45 57/178/45 62/177/45
f 63/184/46 64/183/46 62/182/46 61/181/46
f 62/188/47 57/187/47 58/186/47 61/185/47
f 63/192/48 60/191/48 59/190/48 64/189/48
o cube
v -0.5257323480952523 0.9223077530122081 -0.06131221553082572
v -0.5257323480952523 0.9223077530122081 -0.06131221553082572
v -0.4881480035599668 -0.062499999999999944 0.10821980696905154
v -0.4881480035599668 -0.062499999999999944 0.10821980696905154
v 0.4505636590246813 0.9223077530122079 -0.27775182946892885
v 0.4505636590246813 0.9223077530122079 -0.27775182946892885
v 0.4881480035599668 -0.06250000000000006 -0.10821980696905159
v 0.4881480035599668 -0.06250000000000006 -0.10821980696905159
vt 0 1
vt 1 1
vt 1 0
vt 0 0
vt 0 1
vt 0 1
vt 0 0
vt 0 0
vt 0 1
vt 0 1
vt 0 1
vt 0 1
vt 0 1
vt 0 1
vt 0 0
vt 0 0
vt 0 1
vt 1 1
vt 1 1
vt 0 1
vt 0 1
vt 1 1
vt 1 1
vt 0 1
vn 0.21315140986521314 0.17364817766693072 0.9614638770465722
vn -0.9762960071199334 0 0.21643961393810315
vn -0.21315140986521314 -0.17364817766693072 -0.9614638770465722
vn 0.9762960071199334 0 -0.21643961393810315
vn -0.03758434453528551 0.9848077530122081 -0.16953202249987723
vn 0.03758434453528551 -0.9848077530122081 0.16953202249987723
g Stem
f 68/196/49 71/195/49 69/194/49 66/193/49
f 67/200/50 68/199/50 66/198/50 65/197/50
f 72/204/51 67/203/51 65/202/51 70/201/51
f 71/208/52 72/207/52 70/206/52 69/205/52
f 70/212/53 65/211/53 66/210/53 69/209/53
f 71/216/54 68/215/54 67/214/54 72/213/54
o cube
v -0.14416004946789218 0.8354836641787426 -0.6502639610231635
v -0.14416004946789218 0.8354836641787426 -0.6502639610231635
v -0.10657570493260671 -0.14932408883346537 -0.4807319385232862
v -0.10657570493260671 -0.14932408883346537 -0.4807319385232862
v 0.06899136039732112 1.0091318418456734 0.3111999160234089
v 0.06899136039732112 1.0091318418456734 0.3111999160234089
v 0.10657570493260671 0.024324088833465374 0.4807319385232862
v 0.10657570493260671 0.024324088833465374 0.4807319385232862
vt 0 1
vt 1 1
vt 1 0
vt 0 0
vt 0 1
vt 0 1
vt 0 0
vt 0 0
vt 0 1
vt 0 1
vt 0 1
vt 0 1
vt 0 1
vt 0 1
vt 0 0
vt 0 0
vt 0 1
vt 1 1
vt 1 1
vt 0 1
vt 0 1
vt 1 1
vt 1 1
vt 0 1
vn -0.9762960071199334 0 0.21643961393810332
vn -0.21315140986521333 -0.17364817766693075 -0.9614638770465722
vn 0.9762960071199334 0 -0.21643961393810332
vn 0.21315140986521333 0.17364817766693075 0.9614638770465722
vn -0.03758434453528549 0.984807753012208 -0.1695320224998772
vn 0.03758434453528549 -0.984807753012208 0.1695320224998772
g Stem
f 76/220/55 79/219/55 77/218/55 74/217/55
f 75/224/56 76/223/56 74/222/56 73/221/56
f 80/228/57 75/227/57 73/226/57 78/225/57
f 79/232/58 80/231/58 78/230/58 77/229/58
f 78/236/59 73/235/59 74/234/59 77/233/59
f 79/240/60 76/239/60 75/238/60 80/237/60
o cube
v -0.257428687964955 1.2081983626023187 -0.3106309836494904
v -0.22764730642493808 1.0442169739971625 -0.1762958526861318
v -0.257428687964955 1.2081983626023187 -0.3106309836494904
v -0.22764730642493808 1.0442169739971625 -0.1762958526861318
v 0.10673407601363916 1.0442169739971625 -0.25042642045993213
v 0.0769526944736223 1.2081983626023187 -0.3847615514232907
v 0.10673407601363916 1.0442169739971625 -0.25042642045993213
v 0.0769526944736223 1.2081983626023187 -0.3847615514232907
vt 0 1
vt 0.25 1
vt 0.25 1
vt 0 1
vt 0 1
vt 0.25 1
vt 0.25 1
vt 0 1
vt 0 1
vt 0.25 1
vt 0.25 1
vt 0 1
vt 0 1
vt 0.25 1
vt 0.25 1
vt 0 1
vt 0 1
vt 0.25 1
vt 0.25 0.75
vt 0 0.75
vt 0.28125 0.4375
vt 0.71875 0.4375
vt 0.71875 0.15625
vt 0.28125 0.15625
vn 0.13912470208475064 -0.7660444431189778 0.6275509767631348
vn -0.9762960071199334 0 0.2164396139381031
vn -0.13912470208475064 0.7660444431189778 -0.6275509767631348
vn 0.9762960071199334 0 -0.2164396139381031
vn 0.1658023635281008 0.6427876096865398 0.7478861310934709
vn -0.1658023635281008 -0.6427876096865398 -0.7478861310934709
g Leaf
f 84/244/61 87/243/61 85/242/61 82/241/61
f 83/248/62 84/247/62 82/246/62 81/245/62
f 88/252/63 83/251/63 81/250/63 86/249/63
f 87/256/64 88/255/64 86/254/64 85/253/64
f 86/260/65 81/259/65 82/258/65 85/257/65
f 87/264/66 84/263/66 83/262/66 88/261/66
o cube
v -0.22764965560178885 1.0442357715506936 -0.17630644913812904
v -0.21814185032123568 0.9235440005685034 -0.13341951100797506
v -0.22764965560178885 1.0442357715506936 -0.17630644913812904
v -0.21814185032123568 0.9235440005685034 -0.13341951100797506
v 0.1162395321173415 0.9235440005685034 -0.2075500787817754
v 0.10673172683678844 1.0442357715506936 -0.2504370169119294
v 0.1162395321173415 0.9235440005685034 -0.2075500787817754
v 0.10673172683678844 1.0442357715506936 -0.2504370169119294
vt 0 1
vt 0.25 1
vt 0.25 1
vt 0 1
vt 0 1
vt 0.25 1
vt 0.25 1
vt 0 1
vt 0 1
vt 0.25 1
vt 0.25 1
vt 0 1
vt 0 1
vt 0.25 1
vt 0.25 1
vt 0 1
vt 0 1
vt 0.25 1
vt 0.25 0.75
vt 0 0.75
vt 0.28125 0.15625
vt 0.71875 0.15625
vt 0.71875 0
vt 0.28125 0
vn 0.07402670778046219 -0.9396926207859086 0.3339129002834371
vn -0.9762960071199335 0 0.21643961393810313
vn -0.07402670778046219 0.9396926207859086 -0.3339129002834371
vn 0.9762960071199335 0 -0.21643961393810313
vn 0.2033867080633864 0.3420201433256682 0.9174181535933482
vn -0.2033867080633864 -0.3420201433256682 -0.9174181535933482
g Leaf
f 92/268/67 95/267/67 93/266/67 90/265/67
f 91/272/68 92/271/68 90/270/68 89/269/68
f 96/276/69 91/275/69 89/274/69 94/273/69
f 95/280/70 96/279/70 94/278/70 93/277/70
f 94/284/71 89/283/71 90/282/71 93/281/71
f 95/288/72 92/287/72 91/286/72 96/285/72
o cube
v -0.2886861375902895 1.3001983904212415 -0.4516242274772749
v -0.2574255942234516 1.2081858324918477 -0.3106170286833831
v -0.2886861375902895 1.3001983904212415 -0.4516242274772749
v -0.2574255942234516 1.2081858324918477 -0.3106170286833831
v 0.07695578821512561 1.2081858324918477 -0.3847475964571834
v 0.0456952448482878 1.3001983904212413 -0.5257547952510753
v 0.07695578821512561 1.2081858324918477 -0.3847475964571834
v 0.0456952448482878 1.3001983904212413 -0.5257547952510753
vt 0 1
vt 0.25 1
vt 0.25 1
vt 0 1
vt 0 1
vt 0.25 1
vt 0.25 1
vt 0 1
vt 0 1
vt 0.25 1
vt 0.25 1
vt 0 1
vt 0 1
vt 0.25 1
vt 0.25 1
vt 0 1
vt 0.28125 0.4375
vt 0.71875 0.4375
vt 0.71875 0.6875
vt 0.28125 0.6875
vt 0 1
vt 0 1
vt 0 1
vt 0 1
vn 0.18254331893043957 -0.5372996083468236 0.8233997009862282
vn -0.9762960071199334 0 0.21643961393810315
vn -0.18254331893043957 0.5372996083468236 -0.8233997009862282
vn 0.9762960071199334 0 -0.21643961393810315
vn 0.11629291979968051 0.8433914458128862 0.5245634622561075
vn -0.11629291979968051 -0.8433914458128862 -0.5245634622561075
g Leaf
f 100/292/73 103/291/73 101/290/73 98/289/73
f 99/296/74 100/295/74 98/294/74 97/293/74
f 104/300/75 99/299/75 97/298/75 102/297/75
f 103/304/76 104/303/76 102/302/76 101/301/76
f 102/308/77 97/307/77 98/306/77 101/305/77
f 103/312/78 100/311/78 99/310/78 104/309/78
o cube
v -0.33728890677933393 1.3709983257423977 -0.6708571517598215
v -0.2886829461793901 1.300191507015376 -0.4516098319529925
v -0.33728890677933393 1.3709983257423977 -0.6708571517598215
v -0.2886829461793901 1.300191507015376 -0.4516098319529925
v 0.045698436259187125 1.300191507015376 -0.5257403997267928
v -0.0029075243407566953 1.3709983257423977 -0.7449877195336219
v 0.045698436259187125 1.300191507015376 -0.5257403997267928
v -0.0029075243407566953 1.3709983257423977 -0.7449877195336219
vt 0 1
vt 0.25 1
vt 0.25 1
vt 0 1
vt 0 1
vt 0.25 1
vt 0.25 1
vt 0 1
vt 0 1
vt 0.25 1
vt 0.25 1
vt 0 1
vt 0 1
vt 0.25 1
vt 0.25 1
vt 0 1
vt 0.28125 0.6875
vt 0.71875 0.6875
vt 0.71875 1
vt 0.28125 1
vt 0 0.875
vt 0.03125 0.875
vt 0.03125 0.875
vt 0 0.875
vn 0.20642212862617113 -0.30070579950427284 0.9311100509380922
vn -0.9762960071199335 0 0.2164396139381031
vn -0.20642212862617113 0.30070579950427284 -0.9311100509380922
vn 0.9762960071199335 0 -0.2164396139381031
vn 0.06508464715365353 0.9537169507482272 0.2935778713738286
vn -0.06508464715365353 -0.9537169507482272 -0.2935778713738286
g Leaf
f 108/316/79 111/315/79 109/314/79 106/313/79
f 107/320/80 108/319/80 106/318/80 105/317/80
f 112/324/81 107/323/81 105/322/81 110/321/81
f 111/328/82 112/327/82 110/326/82 109/325/82
f 110/332/83 105/331/83 106/330/83 109/329/83
f 111/336/84 108/335/84 107/334/84 112/333/84
o cube
v -0.4612211724261277 0.8481160342152965 -0.45612878481397556
v -0.4612211724261277 0.8481160342152965 -0.45612878481397556
v -0.4689629350126905 -0.10915054892529075 -0.1670254228231498
v -0.4689629350126905 -0.10915054892529075 -0.1670254228231498
v 0.47670469759925327 0.941417132065878 -0.12207793916767595
v 0.47670469759925327 0.941417132065878 -0.12207793916767595
v 0.4689629350126905 -0.015849451074709253 0.1670254228231498
v 0.4689629350126905 -0.015849451074709253 0.1670254228231498
vt 0 1
vt 1 1
vt 1 0
vt 0 0
vt 0 1
vt 0 1
vt 0 0
vt 0 0
vt 0 1
vt 0 1
vt 0 1
vt 0 1
vt 0 1
vt 0 1
vt 0 0
vt 0 0
vt 0 1
vt 1 1
vt 1 1
vt 0 1
vt 0 1
vt 1 1
vt 1 1
vt 0 1
vn -0.34674937267309525 0.27374366466134215 0.8971227778897343
vn -0.9379258700253812 -0.09330109785058156 -0.3340508456462997
vn 0.34674937267309525 -0.27374366466134215 -0.8971227778897343
vn 0.9379258700253812 0.09330109785058156 0.3340508456462997
vn 0.007741762586562801 0.9572665831405872 -0.28910336199082576
vn -0.007741762586562801 -0.9572665831405872 0.28910336199082576
g Stem
f 116/340/85 119/339/85 117/338/85 114/337/85
f 115/344/86 116/343/86 114/342/86 113/341/86
f 120/348/87 115/347/87 113/346/87 118/345/87
f 119/352/88 120/351/88 118/350/88 117/349/88
f 118/356/89 113/355/89 114/354/89 117/353/89
f 119/360/90 116/359/90 115/358/90 120/357/90
o cube
v 0.18111644892311018 0.7578947508099161 -0.7376647509356928
v 0.18111644892311018 0.7578947508099161 -0.7376647509356928
v 0.1733746863365474 -0.19937183233067107 -0.44856138894486713
v 0.1733746863365474 -0.19937183233067107 -0.44856138894486713
v -0.16563292374998462 1.0316384154712583 0.15945802695404132
v -0.16563292374998462 1.0316384154712583 0.15945802695404132
v -0.1733746863365474 0.07437183233067102 0.4485613889448672
v -0.1733746863365474 0.07437183233067102 0.4485613889448672
vt 0 1
vt 1 1
vt 1 0
vt 0 0
vt 0 1
vt 0 1
vt 0 0
vt 0 0
vt 0 1
vt 0 1
vt 0 1
vt 0 1
vt 0 1
vt 0 1
vt 0 0
vt 0 0
vt 0 1
vt 1 1
vt 1 1
vt 0 1
vt 0 1
vt 1 1
vt 1 1
vt 0 1
vn -0.9379258700253813 -0.0933010978505815 -0.3340508456462995
vn 0.34674937267309497 -0.2737436646613422 -0.8971227778897344
vn 0.9379258700253813 0.0933010978505815 0.3340508456462995
vn -0.34674937267309497 0.2737436646613422 0.8971227778897344
vn 0.007741762586562787 0.9572665831405873 -0.2891033619908258
vn -0.007741762586562787 -0.9572665831405873 0.2891033619908258
g Stem
f 124/364/91 127/363/91 125/362/91 122/361/91
f 123/368/92 124/367/92 122/366/92 121/365/92
f 128/372/93 123/371/93 121/370/93 126/369/93
f 127/376/94 128/375/94 126/374/94 125/373/94
f 126/380/95 121/379/95 122/378/95 125/377/95
f 127/384/96 124/383/96 123/382/96 128/381/96
o cube
v -0.11642057745628476 1.1415401125431932 -0.5605079148793006
v -0.15496879178238054 0.9933777492303313 -0.41089273123784387
v -0.11642057745628476 1.1415401125431932 -0.5605079148793006
v -0.15496879178238054 0.9933777492303313 -0.41089273123784387
v 0.16627081870131244 1.0253333752441554 -0.29648031660398627
v 0.20481903302740823 1.1734957385570175 -0.446095500245443
v 0.16627081870131244 1.0253333752441554 -0.29648031660398627
v 0.20481903302740823 1.1734957385570175 -0.446095500245443
vt 0 1
vt 0.25 1
vt 0.25 1
vt 0 1
vt 0 1
vt 0.25 1
vt 0.25 1
vt 0 1
vt 0 1
vt 0.25 1
vt 0.25 1
vt 0 1
vt 0 1
vt 0.25 1
vt 0.25 1
vt 0 1
vt 0 1
vt 0.25 1
vt 0.25 0.75
vt 0 0.75
vt 0.28125 0.4375
vt 0.71875 0.4375
vt 0.71875 0.15625
vt 0.28125 0.15625
vn -0.18007924940657896 -0.6921453468630057 0.698932244748411
vn -0.9379258700253812 -0.09330109785058158 -0.3340508456462997
vn 0.18007924940657896 0.6921453468630057 -0.698932244748411
vn 0.9379258700253812 0.09330109785058158 0.3340508456462997
vn -0.2964228841879367 0.7157022592920645 0.6323794349707617
vn 0.2964228841879367 -0.7157022592920645 -0.6323794349707617
g Leaf
f 132/388/97 135/387/97 133/386/97 130/385/97
f 131/392/98 132/391/98 130/390/98 129/389/98
f 136/396/99 131/395/99 129/394/99 134/393/99
f 135/400/100 136/399/100 134/398/100 133/397/100
f 134/404/101 129/403/101 130/402/101 133/401/101
f 135/408/102 132/407/102 131/406/102 136/405/102
o cube
v -0.1549660593744303 0.9933952418582128 -0.4109052888396111
v -0.16367881555724406 0.8784194734798132 -0.3543292164083667
v -0.1549660593744303 0.9933952418582128 -0.4109052888396111
v -0.16367881555724406 0.8784194734798132 -0.3543292164083667
v 0.15756079492644892 0.9103750994936373 -0.23991680177450908
v 0.16627355110926267 1.0253508678720369 -0.29649287420575343
v 0.15756079492644892 0.9103750994936373 -0.23991680177450908
v 0.16627355110926267 1.0253508678720369 -0.29649287420575343
vt 0 1
vt 0.25 1
vt 0.25 1
vt 0 1
vt 0 1
vt 0.25 1
vt 0.25 1
vt 0 1
vt 0 1
vt 0.25 1
vt 0.25 1
vt 0 1
vt 0 1
vt 0.25 1
vt 0.25 1
vt 0 1
vt 0 1
vt 0.25 1
vt 0.25 0.75
vt 0 0.75
vt 0.28125 0.15625
vt 0.71875 0.15625
vt 0.71875 0
vt 0.28125 0
vn -0.06783654448906087 -0.8951884642600467 0.44049496783450603
vn -0.9379258700253812 -0.09330109785058154 -0.3340508456462997
vn 0.06783654448906087 0.8951884642600467 -0.44049496783450603
vn 0.9379258700253812 0.09330109785058154 0.3340508456462997
vn -0.3401371275954971 0.4358124810002749 0.8332911951025701
vn 0.3401371275954971 -0.4358124810002749 -0.8332911951025701
g Leaf
f 140/412/103 143/411/103 141/410/103 138/409/103
f 139/416/104 140/415/104 138/414/104 137/413/104
f 144/420/105 139/419/105 137/418/105 142/417/105
f 143/424/106 144/423/106 142/422/106 141/421/106
f 142/428/107 137/427/107 138/426/107 141/425/107
f 143/432/108 140/431/108 139/430/108 144/429/108
o cube
v -0.07174899669413759 1.2177174385534772 -0.7072103107526394
v -0.11642481879849892 1.1415291818599353 -0.5604929533565274
v -0.07174899669413759 1.2177174385534772 -0.7072103107526394
v -0.11642481879849892 1.1415291818599353 -0.5604929533565274
v 0.20481479168519412 1.1734848078737594 -0.44608053872266973
v 0.2494906137895554 1.2496730645673013 -0.5927978961187818
v 0.20481479168519412 1.1734848078737594 -0.44608053872266973
v 0.2494906137895554 1.2496730645673013 -0.5927978961187818
vt 0 1
vt 0.25 1
vt 0.25 1
vt 0 1
vt 0 1
vt 0.25 1
vt 0.25 1
vt 0 1
vt 0 1
vt 0.25 1
vt 0.25 1
vt 0 1
vt 0 1
vt 0.25 1
vt 0.25 1
vt 0 1
vt 0.28125 0.4375
vt 0.71875 0.4375
vt 0.71875 0.6875
vt 0.28125 0.6875
vt 0 1
vt 0 1
vt 0 1
vt 0 1
vn -0.26088071301816795 -0.44489492959732474 0.8567436928240112
vn -0.9379258700253813 -0.09330109785058158 -0.3340508456462998
vn 0.26088071301816795 0.44489492959732474 -0.8567436928240112
vn 0.9379258700253813 0.09330109785058158 0.3340508456462998
vn -0.22855265457277907 0.8907094962772474 0.3929380069798142
vn 0.22855265457277907 -0.8907094962772474 -0.3929380069798142
g Leaf
f 148/436/109 151/435/109 149/434/109 146/433/109
f 147/440/110 148/439/110 146/438/110 145/437/110
f 152/444/111 147/443/111 145/442/111 150/441/111
f 151/448/112 152/447/112 150/446/112 149/445/112
f 150/452/113 145/451/113 146/450/113 149/449/113
f 151/456/114 148/455/114 147/454/114 152/453/114
o cube
v 0.0015112811760099598 1.26461820905835 -0.9260051564785802
v -0.07175368968842322 1.217712146208712 -0.7071956559107527
v 0.0015112811760099598 1.26461820905835 -0.9260051564785802
v -0.07175368968842322 1.217712146208712 -0.7071956559107527
v 0.24948592079526977 1.249667772222536 -0.592783241276895
v 0.32275089165970305 1.296573835072174 -0.8115927418447226
v 0.24948592079526977 1.249667772222536 -0.592783241276895
v 0.32275089165970305 1.296573835072174 -0.8115927418447226
vt 0 1
vt 0.25 1
vt 0.25 1
vt 0 1
vt 0 1
vt 0.25 1
vt 0.25 1
vt 0 1
vt 0 1
vt 0.25 1
vt 0.25 1
vt 0 1
vt 0 1
vt 0.25 1
vt 0.25 1
vt 0 1
vt 0.28125 0.6875
vt 0.71875 0.6875
vt 0.71875 1
vt 0.28125 1
vt 0 0.875
vt 0.03125 0.875
vt 0.03125 0.875
vt 0 0.875
vn -0.31114519809712815 -0.19920292119288863 0.9292506991599839
vn -0.9379258700253812 -0.09330109785058155 -0.3340508456462997
vn 0.31114519809712815 0.19920292119288863 -0.9292506991599839
vn 0.9379258700253812 0.09330109785058155 0.3340508456462997
vn -0.15324401468974466 0.9755065870244528 0.15780738459803884
vn 0.15324401468974466 -0.9755065870244528 -0.15780738459803884
g Leaf
f 156/460/115 159/459/115 157/458/115 154/457/115
f 155/464/116 156/463/116 154/462/116 153/461/116
f 160/468/117 155/467/117 153/466/117 158/465/117
f 159/472/118 160/471/118 158/470/118 157/469/118
f 158/476/119 153/475/119 154/474/119 157/473/119
f 159/480/120 156/479/120 155/478/120 160/477/120
o cube
v -0.0910397981193724 0.7662169507482255 -0.5763121836417227
v -0.0910397981193724 0.7662169507482255 -0.5763121836417227
v -0.3213938048432715 -0.18750000000000033 -0.38302222155948745
v -0.3213938048432715 -0.18750000000000033 -0.38302222155948745
v 0.5517478115671706 0.7662169507482264 0.18973225947725225
v 0.5517478115671706 0.7662169507482264 0.18973225947725225
v 0.3213938048432715 -0.18749999999999967 0.3830222215594874
v 0.3213938048432715 -0.18749999999999967 0.3830222215594874
vt 0 1
vt 1 1
vt 1 0
vt 0 0
vt 0 1
vt 0 1
vt 0 0
vt 0 0
vt 0 1
vt 0 1
vt 0 1
vt 0 1
vt 0 1
vt 0 1
vt 0 0
vt 0 0
vt 0 1
vt 1 1
vt 1 1
vt 0 1
vt 0 1
vt 1 1
vt 1 1
vt 0 1
vn -0.7305895704290517 0.3007057995042764 0.6130374390889906
vn -0.6427876096865431 0 -0.7660444431189749
vn 0.7305895704290517 -0.3007057995042764 -0.6130374390889906
vn 0.6427876096865431 0 0.7660444431189749
vn 0.23035400672389916 0.953716950748226 -0.19328996208223523
vn -0.23035400672389916 -0.953716950748226 0.19328996208223523
g Stem
f 164/484/121 167/483/121 165/482/121 162/481/121
f 163/488/122 164/487/122 162/486/122 161/485/122
f 168/492/123 163/491/123 161/490/123 166/489/123
f 167/496/124 168/495/124 166/494/124 165/493/124
f 166/500/125 161/499/125 162/498/125 165/497/125
f 167/504/126 164/503/126 163/502/126 168/501/126
o cube
v 0.5956487919384248 0.6158640509960878 -0.49980868162673053
v 0.5956487919384248 0.6158640509960878 -0.49980868162673053
v 0.36529478521452574 -0.33785289975213817 -0.3065187195444954
v 0.36529478521452574 -0.33785289975213817 -0.3065187195444954
v -0.13494077849062663 0.9165698505003641 0.11322875746226024
v -0.13494077849062663 0.9165698505003641 0.11322875746226024
v -0.36529478521452574 -0.03714710024786183 0.3065187195444954
v -0.36529478521452574 -0.03714710024786183 0.3065187195444954
vt 0 1
vt 1 1
vt 1 0
vt 0 0
vt 0 1
vt 0 1
vt 0 0
vt 0 0
vt 0 1
vt 0 1
vt 0 1
vt 0 1
vt 0 1
vt 0 1
vt 0 0
vt 0 0
vt 0 1
vt 1 1
vt 1 1
vt 0 1
vt 0 1
vt 1 1
vt 1 1
vt 0 1
vn -0.6427876096865434 0 -0.7660444431189748
vn 0.7305895704290516 -0.30070579950427634 -0.6130374390889907
vn 0.6427876096865434 0 0.7660444431189748
vn -0.7305895704290516 0.30070579950427634 0.6130374390889907
vn 0.23035400672389914 0.9537169507482259 -0.19328996208223514
vn -0.23035400672389914 -0.9537169507482259 0.19328996208223514
g Stem
f 172/508/127 175/507/127 173/506/127 170/505/127
f 171/512/128 172/511/128 170/510/128 169/509/128
f 176/516/129 171/515/129 169/514/129 174/513/129
f 175/520/130 176/519/130 174/518/130 173/517/130
f 174/524/131 169/523/131 170/522/131 173/521/131
f 175/528/132 172/527/132 171/526/132 176/525/132
o cube
v 0.33046052636566237 0.9572573666762632 -0.5176066289625961
v 0.18500725823328146 0.8584143041556394 -0.3955568453191839
v 0.33046052636566237 0.9572573666762632 -0.5176066289625961
v 0.18500725823328146 0.8584143041556394 -0.3955568453191839
v 0.4051620145509225 0.8584143041556396 -0.13318662355093497
v 0.5506152826833035 0.9572573666762634 -0.2552364071943472
v 0.4051620145509225 0.8584143041556396 -0.13318662355093497
v 0.5506152826833035 0.9572573666762634 -0.2552364071943472
vt 0 1
vt 0.25 1
vt 0.25 1
vt 0 1
vt 0 1
vt 0.25 1
vt 0.25 1
vt 0 1
vt 0 1
vt 0.25 1
vt 0.25 1
vt 0 1
vt 0 1
vt 0.25 1
vt 0.25 1
vt 0 1
vt 0 1
vt 0.25 1
vt 0.25 0.75
vt 0 0.75
vt 0.28125 0.4375
vt 0.71875 0.4375
vt 0.71875 0.15625
vt 0.28125 0.15625
vn -0.6794897197425098 -0.4617486132350309 0.5701595732246993
vn -0.6427876096865432 0 -0.7660444431189748
vn 0.6794897197425098 0.4617486132350309 -0.5701595732246993
vn 0.6427876096865432 0 0.7660444431189748
vn -0.3537199592865887 0.8870108331782234 0.29680628737742126
vn 0.3537199592865887 -0.8870108331782234 -0.29680628737742126
g Leaf
f 180/532/133 183/531/133 181/530/133 178/529/133
f 179/536/134 180/535/134 178/534/134 177/533/134
f 184/540/135 179/539/135 177/538/135 182/537/135
f 183/544/136 184/543/136 182/542/136 181/541/136
f 182/548/137 177/547/137 178/546/137 181/545/137
f 183/552/138 180/551/138 179/550/138 184/549/138
o cube
v 0.18502533086721673 0.8584324070475629 -0.3955720100596534
v 0.11855479864349983 0.7637383491010128 -0.3397966109865744
v 0.18502533086721673 0.8584324070475629 -0.3955720100596534
v 0.11855479864349983 0.7637383491010128 -0.3397966109865744
v 0.33870955496114075 0.763738349101013 -0.07742638921832545
v 0.40518008718485776 0.8584324070475631 -0.1332017882914045
v 0.33870955496114075 0.763738349101013 -0.07742638921832545
v 0.40518008718485776 0.8584324070475631 -0.1332017882914045
vt 0 1
vt 0.25 1
vt 0.25 1
vt 0 1
vt 0 1
vt 0.25 1
vt 0.25 1
vt 0 1
vt 0 1
vt 0.25 1
vt 0.25 1
vt 0 1
vt 0 1
vt 0.25 1
vt 0.25 1
vt 0 1
vt 0 1
vt 0.25 1
vt 0.25 0.75
vt 0 0.75
vt 0.28125 0.15625
vt 0.71875 0.15625
vt 0.71875 0
vt 0.28125 0
vn -0.5175321243695726 -0.7372773368101219 0.43426101468090755
vn -0.6427876096865432 0 -0.766044443118975
vn 0.5175321243695726 0.7372773368101219 -0.43426101468090755
vn 0.6427876096865432 0 0.766044443118975
vn -0.5647872069009511 0.6755902076156626 0.47391273700423825
vn 0.5647872069009511 -0.6755902076156626 -0.47391273700423825
g Leaf
f 188/556/139 191/555/139 189/554/139 186/553/139
f 187/560/140 188/559/140 186/558/140 185/557/140
f 192/564/141 187/563/141 185/562/141 190/561/141
f 191/568/142 192/567/142 190/566/142 189/565/142
f 190/572/143 185/571/143 186/570/143 189/569/143
f 191/576/144 188/575/144 187/574/144 192/573/144
o cube
v 0.45716590143309355 1.0015752013267119 -0.6239250624498576
v 0.3304508148055223 0.9572524398529056 -0.5175984799960643
v 0.45716590143309355 1.0015752013267119 -0.6239250624498576
v 0.3304508148055223 0.9572524398529056 -0.5175984799960643
v 0.5506055711231634 0.9572524398529059 -0.2552282582278155
v 0.6773206577507345 1.001575201326712 -0.3615548406816086
v 0.5506055711231634 0.9572524398529059 -0.2552282582278155
v 0.6773206577507345 1.001575201326712 -0.3615548406816086
vt 0 1
vt 0.25 1
vt 0.25 1
vt 0 1
vt 0 1
vt 0.25 1
vt 0.25 1
vt 0 1
vt 0 1
vt 0.25 1
vt 0.25 1
vt 0 1
vt 0 1
vt 0.25 1
vt 0.25 1
vt 0 1
vt 0.28125 0.4375
vt 0.71875 0.4375
vt 0.71875 0.6875
vt 0.28125 0.6875
vt 0 1
vt 0 1
vt 0 1
vt 0 1
vn -0.7399421116938456 -0.2588190451025175 0.6208851530148499
vn -0.6427876096865431 0 -0.7660444431189749
vn 0.7399421116938456 0.2588190451025175 -0.6208851530148499
vn 0.6427876096865431 0 0.7660444431189749
vn -0.19826689127414326 0.9659258262890693 0.16636567534280028
vn 0.19826689127414326 -0.9659258262890693 -0.16636567534280028
g Leaf
f 196/580/145 199/579/145 197/578/145 194/577/145
f 195/584/146 196/583/146 194/582/146 193/581/146
f 200/588/147 195/587/147 193/586/147 198/585/147
f 199/592/148 200/591/148 198/590/148 197/589/148
f 198/596/149 193/595/149 194/594/149 197/593/149
f 199/600/150 196/599/150 195/598/150 200/597/150
o cube
v 0.6347843853651067 0.9606852969511575 -0.772964666807479
v 0.45714522823223525 1.0015740162861684 -0.6239077155746421
v 0.6347843853651067 0.9606852969511575 -0.772964666807479
v 0.45714522823223525 1.0015740162861684 -0.6239077155746421
v 0.6772999845498764 1.0015740162861686 -0.36153749380639316
v 0.8549391416827479 0.9606852969511577 -0.5105944450392301
v 0.6772999845498764 1.0015740162861686 -0.36153749380639316
v 0.8549391416827479 0.9606852969511577 -0.5105944450392301
vt 0 1
vt 0.25 1
vt 0.25 1
vt 0 1
vt 0 1
vt 0.25 1
vt 0.25 1
vt 0 1
vt 0 1
vt 0.25 1
vt 0.25 1
vt 0 1
vt 0 1
vt 0.25 1
vt 0.25 1
vt 0 1
vt 0.28125 0.6875
vt 0.71875 0.6875
vt 0.71875 1
vt 0.28125 1
vt 0 0.875
vt 0.03125 0.875
vt 0.03125 0.875
vt 0 0.875
vn -0.7544065067354856 0.17364817766693372 0.6330222215594922
vn -0.6427876096865432 0 -0.766044443118975
vn 0.7544065067354856 -0.17364817766693372 -0.6330222215594922
vn 0.6427876096865432 0 0.766044443118975
vn 0.13302222155949064 0.9848077530122075 -0.11161889704895296
vn -0.13302222155949064 -0.9848077530122075 0.11161889704895296
g Leaf
f 204/604/151 207/603/151 205/602/151 202/601/151
f 203/608/152 204/607/152 202/606/152 201/605/152
f 208/612/153 203/611/153 201/610/153 206/609/153
f 207/616/154 208/615/154 206/614/154 205/613/154
f 206/620/155 201/619/155 202/618/155 205/617/155
f 207/624/156 204/623/156 203/622/156 208/621/156
o cube
v 0.5137626322755962 0.7495628956406879 -0.22437203100226621
v 0.5137626322755962 0.7495628956406879 -0.22437203100226621
v 0.34782031497902977 -0.23453737057120033 -0.28769511819751103
v 0.34782031497902977 -0.23453737057120033 -0.28769511819751103
v -0.27562799768246327 0.8436376367830885 0.38226820539275586
v -0.27562799768246327 0.8436376367830885 0.38226820539275586
v -0.44157031497902977 -0.14046262942879967 0.31894511819751103
v -0.44157031497902977 -0.14046262942879967 0.31894511819751103
vt 0 1
vt 1 1
vt 1 0
vt 0 0
vt 0 1
vt 0 1
vt 0 0
vt 0 0
vt 0 1
vt 0 1
vt 0 1
vt 0 1
vt 0 1
vt 0 1
vt 0 0
vt 0 0
vt 0 1
vt 1 1
vt 1 1
vt 0 1
vt 0 1
vt 1 1
vt 1 1
vt 0 1
vn -0.5910377150949537 0.15065393828467027 -0.792450509631141
vn 0.7893906299580595 -0.09407474114240061 -0.6066402363950222
vn 0.5910377150949537 -0.15065393828467027 0.792450509631141
vn -0.7893906299580595 0.09407474114240061 0.6066402363950222
vn 0.1659423172965665 0.9841002662118882 0.06332308719524476
vn -0.1659423172965665 -0.9841002662118882 -0.06332308719524476
g Stem
f 212/628/157 215/627/157 213/626/157 210/625/157
f 211/632/158 212/631/158 210/630/158 209/629/158
f 216/636/159 211/635/159 209/634/159 214/633/159
f 215/640/160 216/639/160 214/638/160 213/637/160
f 214/644/161 209/643/161 210/642/161 213/641/161
f 215/648/162 212/647/162 211/646/162 216/645/162
o cube
v 0.4145861748440435 0.721273297069553 0.4751733420108153
v 0.4145861748440435 0.721273297069553 0.4751733420108153
v 0.24864385754747698 -0.26282696914233517 0.41185025481557047
v 0.24864385754747698 -0.26282696914233517 0.41185025481557047
v -0.17645154025091048 0.8719272353542233 -0.31727716762032565
v -0.17645154025091048 0.8719272353542233 -0.31727716762032565
v -0.342393857547477 -0.11217303085766483 -0.38060025481557047
v -0.342393857547477 -0.11217303085766483 -0.38060025481557047
vt 0 1
vt 1 1
vt 1 0
vt 0 0
vt 0 1
vt 0 1
vt 0 0
vt 0 0
vt 0 1
vt 0 1
vt 0 1
vt 0 1
vt 0 1
vt 0 1
vt 0 0
vt 0 0
vt 0 1
vt 1 1
vt 1 1
vt 0 1
vt 0 1
vt 1 1
vt 1 1
vt 0 1
vn 0.7893906299580594 -0.09407474114240058 -0.6066402363950224
vn 0.5910377150949538 -0.15065393828467027 0.7924505096311409
vn -0.7893906299580594 0.09407474114240058 0.6066402363950224
vn -0.5910377150949538 0.15065393828467027 -0.7924505096311409
vn 0.1659423172965665 0.9841002662118883 0.06332308719524476
vn -0.1659423172965665 -0.9841002662118883 -0.06332308719524476
g Stem
f 220/652/163 223/651/163 221/650/163 218/649/163
f 219/656/164 220/655/164 218/654/164 217/653/164
f 224/660/165 219/659/165 217/658/165 222/657/165
f 223/664/166 224/663/166 222/662/166 221/661/166
f 222/668/167 217/667/167 218/666/167 221/665/167
f 223/672/168 220/671/168 219/670/168 224/669/168
o cube
v 0.4356350723056577 1.0106505214727641 0.1542235873290143
v 0.3210547553753774 0.8844958802511489 0.02468937803798521
v 0.4356350723056577 1.0106505214727641 0.1542235873290143
v 0.3210547553753774 0.8844958802511489 0.02468937803798521
v 0.05068846461474208 0.9167164790924212 0.23246365900328025
v 0.16526878154502223 1.0428711203140364 0.36199786829430924
v 0.05068846461474208 0.9167164790924212 0.23246365900328025
v 0.16526878154502223 1.0428711203140364 0.36199786829430924
vt 0 1
vt 0.25 1
vt 0.25 1
vt 0 1
vt 0 1
vt 0.25 1
vt 0.25 1
vt 0 1
vt 0 1
vt 0.25 1
vt 0.25 1
vt 0 1
vt 0 1
vt 0.25 1
vt 0.25 1
vt 0 1
vt 0 1
vt 0.25 1
vt 0.25 0.75
vt 0 0.75
vt 0.28125 0.4375
vt 0.71875 0.4375
vt 0.71875 0.15625
vt 0.28125 0.15625
vn -0.5352657141268563 -0.5893355502323628 -0.60512331347634
vn 0.7893906299580595 -0.09407474114240064 -0.6066402363950222
vn 0.5352657141268563 0.5893355502323628 0.60512331347634
vn -0.7893906299580595 0.09407474114240064 0.6066402363950222
vn -0.30058783843443265 0.8023923929794626 -0.5155709447534909
vn 0.30058783843443265 -0.8023923929794626 0.5155709447534909
g Leaf
f 228/676/169 231/675/169 229/674/169 226/673/169
f 227/680/170 228/679/170 226/678/170 225/677/170
f 232/684/171 227/683/171 225/682/171 230/681/171
f 231/688/172 232/687/172 230/686/172 229/685/172
f 230/692/173 225/691/173 226/690/173 229/689/173
f 231/696/174 228/695/174 227/694/174 232/693/174
o cube
v 0.32106887870532075 0.8845172826329153 0.024704437047013084
v 0.2696709980602835 0.7781416680995275 -0.02568085747522414
v 0.32106887870532075 0.8845172826329153 0.024704437047013084
v 0.2696709980602835 0.7781416680995275 -0.02568085747522414
v -0.0006952927003518461 0.8103622669407997 0.18209342349007096
v 0.050702587944685296 0.9167378814741876 0.23247871801230813
v -0.0006952927003518461 0.8103622669407997 0.18209342349007096
v 0.050702587944685296 0.9167378814741876 0.23247871801230813
vt 0 1
vt 0.25 1
vt 0.25 1
vt 0 1
vt 0 1
vt 0.25 1
vt 0.25 1
vt 0 1
vt 0 1
vt 0.25 1
vt 0.25 1
vt 0 1
vt 0 1
vt 0.25 1
vt 0.25 1
vt 0 1
vt 0 1
vt 0.25 1
vt 0.25 0.75
vt 0 0.75
vt 0.28125 0.15625
vt 0.71875 0.15625
vt 0.71875 0
vt 0.28125 0
vn -0.40017814614140873 -0.8282286289704167 -0.3922942639200952
vn 0.7893906299580596 -0.0940747411424006 -0.6066402363950221
vn 0.40017814614140873 0.8282286289704167 0.3922942639200952
vn -0.7893906299580596 0.0940747411424006 0.6066402363950221
vn -0.46553182993780706 0.5524375813001632 -0.6914425746813561
vn 0.46553182993780706 -0.5524375813001632 0.6914425746813561
g Leaf
f 236/700/175 239/699/175 237/698/175 234/697/175
f 235/704/176 236/703/176 234/702/176 233/701/176
f 240/708/177 235/707/177 233/706/177 238/705/177
f 239/712/178 240/711/178 238/710/178 237/709/178
f 238/716/179 233/715/179 234/714/179 237/713/179
f 239/720/180 236/719/180 235/718/180 240/717/180
o cube
