# Made in Blockbench 4.7.4

o cube
v 0.4375 0.875 0
v 0.4375 0.875 0
v 0.4375 0 0
v 0.4375 0 0
v -0.4375 0.875 0
v -0.4375 0.875 0
v -0.4375 0 0
v -0.4375 0 0
vt 0 1
vt 0.15625 1
vt 0.15625 0.8125
vt 0 0.8125
vt 0 1
vt 0 1
vt 0 0.5
vt 0 0.5
vt 0.125 0.71875
vt 0.84375 0.71875
vt 0.84375 0
vt 0.125 0
vt 0 1
vt 0 1
vt 0 0.5
vt 0 0.5
vt 0 1
vt 0.5 1
vt 0.5 1
vt 0 1
vt 0 1
vt 0.5 1
vt 0.5 1
vt 0 1
vn 0 0 -1
vn 1 0 0
vn 0 0 1
vn -1 0 0
vn 0 1 0
vn 0 -1 0
g Base
f 4/4/1 7/3/1 5/2/1 2/1/1
f 3/8/2 4/7/2 2/6/2 1/5/2
f 8/12/3 3/11/3 1/10/3 6/9/3
f 7/16/4 8/15/4 6/14/4 5/13/4
f 6/20/5 1/19/5 2/18/5 5/17/5
f 7/24/6 4/23/6 3/22/6 8/21/6
o cube
v 0 0.875 0.4375
v 0 0.875 0.4375
v 0 0 0.4375
v 0 0 0.4375
v 0 0.875 -0.4375
v 0 0.875 -0.4375
v 0 0 -0.4375
v 0 0 -0.4375
vt 0 1
vt 0.15625 1
vt 0.15625 0.8125
vt 0 0.8125
vt 0 1
vt 0 1
vt 0 0.5
vt 0 0.5
vt 0.125 0.71875
vt 0.84375 0.71875
vt 0.84375 0
vt 0.125 0
vt 0 1
vt 0 1
vt 0 0.5
vt 0 0.5
vt 0 1
vt 0.5 1
vt 0.5 1
vt 0 1
vt 0 1
vt 0.5 1
vt 0.5 1
vt 0 1
vn 1 0 0
vn 0 0 1
vn -1 0 0
vn 0 0 -1
vn 0 1 0
vn 0 -1 0
g Base
f 12/28/7 15/27/7 13/26/7 10/25/7
f 11/32/8 12/31/8 10/30/8 9/29/8
f 16/36/9 11/35/9 9/34/9 14/33/9
f 15/40/10 16/39/10 14/38/10 13/37/10
f 14/44/11 9/43/11 10/42/11 13/41/11
f 15/48/12 12/47/12 11/46/12 16/45/12
o cube
v 0.015625 3.890395026043688 -0.18840834728566114
v 0.015625 3.890395026043688 -0.18840834728566114
v 0.015625 2.7433581073254194 0.11893926877358219
v 0.015625 2.7433581073254194 0.11893926877358219
v -0.109375 3.890395026043688 -0.18840834728566114
v -0.109375 3.890395026043688 -0.18840834728566114
v -0.109375 2.7433581073254194 0.11893926877358219
v -0.109375 2.7433581073254194 0.11893926877358219
vt 0 1
vt 0.21875 1
vt 0.21875 0.53125
vt 0 0.53125
vt 0 1
vt 0 1
vt 0 0.53125
vt 0 0.53125
vt 0.4375 1
vt 0.5625 1
vt 0.5625 0
vt 0.4375 0
vt 0 1
vt 0 1
vt 0 0.53125
vt 0 0.53125
vt 0 1
vt 0.21875 1
vt 0.21875 1
vt 0 1
vt 0 1
vt 0.21875 1
vt 0.21875 1
vt 0 1
vn 0 -0.2588190451025208 -0.9659258262890684
vn 1 0 0
vn 0 0.2588190451025208 0.9659258262890684
vn -1 0 0
vn 0 0.9659258262890684 -0.2588190451025208
vn 0 -0.9659258262890684 0.2588190451025208
g Leaf
f 20/52/13 23/51/13 21/50/13 18/49/13
f 19/56/14 20/55/14 18/54/14 17/53/14
f 24/60/15 19/59/15 17/58/15 22/57/15
f 23/64/16 24/63/16 22/62/16 21/61/16
f 22/68/17 17/67/17 18/66/17 21/65/17
f 23/72/18 20/71/18 19/70/18 24/69/18
o cube
v -0.3427862771995114 3.8682273841575032 -0.12903428046145682
v -0.3427862771995114 3.8682273841575032 -0.12903428046145682
v 0.013961990929725832 2.7619137135440153 0.11377631527213261
v 0.013961990929725832 2.7619137135440153 0.11377631527213261
v -0.46200089604303973 3.8319199469254928 -0.119305731975896
v -0.46200089604303973 3.8319199469254928 -0.119305731975896
v -0.10525262791380252 2.7256062763120052 0.12350486375769343
v -0.10525262791380252 2.7256062763120052 0.12350486375769343
vt 0 1
vt 0.21875 1
vt 0.21875 0.53125
vt 0 0.53125
vt 0 1
vt 0 1
vt 0 0.53125
vt 0 0.53125
vt 0.4375 1
vt 0.5625 1
vt 0.5625 0
vt 0.4375 0
vt 0 1
vt 0 1
vt 0 0.53125
vt 0 0.53125
vt 0 1
vt 0.21875 1
vt 0.21875 1
vt 0 1
vt 0 1
vt 0.21875 1
vt 0.21875 1
vt 0 1
vn -0.013116602751580702 -0.21838966194650972 -0.9757734933308788
vn 0.953716950748227 0.2904594978560797 -0.077828387884486
vn 0.013116602751580702 0.21838966194650972 0.9757734933308788
vn -0.953716950748227 -0.2904594978560797 0.077828387884486
vn -0.3004195942140946 0.9316325647271478 -0.20447208061775954
vn 0.3004195942140946 -0.9316325647271478 0.20447208061775954
g Leaf
f 28/76/19 31/75/19 29/74/19 26/73/19
f 27/80/20 28/79/20 26/78/20 25/77/20
f 32/84/21 27/83/21 25/82/21 30/81/21
f 31/88/22 32/87/22 30/86/22 29/85/22
f 30/92/23 25/91/23 26/90/23 29/89/23
f 31/96/24 28/95/24 27/94/24 32/93/24
o cube
v -0.637121324691289 3.6905094661142446 -0.03520127771570858
v -0.637121324691289 3.6905094661142446 -0.03520127771570858
v 0.006587566952475532 2.7793332667899295 0.10978767566920411
v 0.006587566952475532 2.7793332667899295 0.10978767566920411
v -0.7395260881762389 3.6208640333852875 -0.018237253559045152
v -0.7395260881762389 3.6208640333852875 -0.018237253559045152
v -0.09581719653247434 2.709687834060973 0.12675169982586754
v -0.09581719653247434 2.709687834060973 0.12675169982586754
vt 0 1
vt 0.21875 1
vt 0.21875 0.53125
vt 0 0.53125
vt 0 1
vt 0 1
vt 0 0.53125
vt 0 0.53125
vt 0.4375 1
vt 0.5625 1
vt 0.5625 0
vt 0.4375 0
vt 0 1
vt 0 1
vt 0 0.53125
vt 0 0.53125
vt 0 1
vt 0.21875 1
vt 0.21875 1
vt 0 1
vt 0 1
vt 0.21875 1
vt 0.21875 1
vt 0 1
vn -0.038111265115759525 -0.183235218965449 -0.9823300799639398
vn 0.8192381078795989 0.5571634618316528 -0.13571219325330736
vn 0.038111265115759525 0.183235218965449 0.9823300799639398
vn -0.8192381078795989 -0.5571634618316528 0.13571219325330736
vn -0.5721856814611241 0.8099343993993912 -0.12887906967547796
vn 0.5721856814611241 -0.8099343993993912 0.12887906967547796
g Leaf
f 36/100/25 39/99/25 37/98/25 34/97/25
f 35/104/26 36/103/26 34/102/26 33/101/26
f 40/108/27 35/107/27 33/106/27 38/105/27
f 39/112/28 40/111/28 38/110/28 37/109/28
f 38/116/29 33/115/29 34/114/29 37/113/29
f 39/120/30 36/119/30 35/118/30 40/117/30
o cube
v -0.9252548842098519 3.445940573515535 0.07136381291928451
v -0.9252548842098519 3.445940573515535 0.07136381291928451
v -0.007891890443972205 2.7957155002719127 0.10710583012913166
v -0.007891890443972205 2.7957155002719127 0.10710583012913166
v -0.9970215061922064 3.3458685393878214 0.09281468597339582
v -0.9970215061922064 3.3458685393878214 0.09281468597339582
v -0.07965851242632677 2.6956434661441993 0.12855670318324297
v -0.07965851242632677 2.6956434661441993 0.12855670318324297
vt 0 1
vt 0.21875 1
vt 0.21875 0.53125
vt 0 0.53125
vt 0 1
vt 0 1
vt 0 0.53125
vt 0 0.53125
vt 0.4375 1
vt 0.5625 1
vt 0.5625 0
vt 0.4375 0
vt 0 1
vt 0 1
vt 0 0.53125
vt 0 0.53125
vt 0 1
vt 0.21875 1
vt 0.21875 1
vt 0 1
vt 0 1
vt 0.21875 1
vt 0.21875 1
vt 0 1
vn -0.07375018052787201 -0.15817472683944728 -0.9846530691880124
vn 0.5741329758588364 0.8005762730217071 -0.17160698443289027
vn 0.07375018052787201 0.15817472683944728 0.9846530691880124
vn -0.5741329758588364 -0.8005762730217071 0.17160698443289027
vn -0.8154337722363375 0.5779778428832196 -0.03177068196430858
vn 0.8154337722363375 -0.5779778428832196 0.03177068196430858
g Leaf
f 44/124/31 47/123/31 45/122/31 42/121/31
f 43/128/32 44/127/32 42/126/32 41/125/32
f 48/132/33 43/131/33 41/130/33 46/129/33
f 47/136/34 48/135/34 46/134/34 45/133/34
f 46/140/35 41/139/35 42/138/35 45/137/35
f 47/144/36 44/143/36 43/142/36 48/141/36
o cube
v -1.0635634900417472 3.0456918001457334 0.16882822920313634
v -1.0635634900417472 3.0456918001457334 0.16882822920313634
v -0.03024093605802536 2.8068451599542272 0.10477331605990292
v -0.03024093605802536 2.8068451599542272 0.10477331605990292
v -1.0896297143172065 2.9261084480599733 0.19423243861721973
v -1.0896297143172065 2.9261084480599733 0.19423243861721973
v -0.05630716033348465 2.687261807868467 0.1301775254739863
v -0.05630716033348465 2.687261807868467 0.1301775254739863
vt 0 1
vt 0.21875 1
vt 0.21875 0.53125
vt 0 0.53125
vt 0 1
vt 0 1
vt 0 0.53125
vt 0 0.53125
vt 0.4375 1
vt 0.5625 1
vt 0.5625 0
vt 0.4375 0
vt 0 1
vt 0 1
vt 0 0.53125
vt 0 0.53125
vt 0 1
vt 0.21875 1
vt 0.21875 1
vt 0 1
vt 0 1
vt 0.21875 1
vt 0.21875 1
vt 0 1
vn -0.1033608379972164 -0.18508101889326217 -0.9772725073457994
vn 0.20852979420367448 0.9566668166860806 -0.20323367531266714
vn 0.1033608379972164 0.18508101889326217 0.9772725073457994
vn -0.20852979420367448 -0.9566668166860806 0.20323367531266714
vn -0.9725388743376208 0.22479683782729995 0.0602869770759843
vn 0.9725388743376208 -0.22479683782729995 -0.0602869770759843
g Leaf
f 52/148/37 55/147/37 53/146/37 50/145/37
f 51/152/38 52/151/38 50/150/38 49/149/38
f 56/156/39 51/155/39 49/154/39 54/153/39
f 55/160/40 56/159/40 54/158/40 53/157/40
f 54/164/41 49/163/41 50/162/41 53/161/41
f 55/168/42 52/167/42 51/166/42 56/165/42
o cube
v -1.0341194204462352 2.744409733244635 0.26721750037089165
v -1.0341194204462352 2.744409733244635 0.26721750037089165
v -0.04933751100337347 2.809549568950562 0.10609210622621801
v -0.04933751100337347 2.809549568950562 0.10609210622621801
v -1.0224232104101614 2.621911349227541 0.2891798450542946
v -1.0224232104101614 2.621911349227541 0.2891798450542946
v -0.03764130096729967 2.687051184933468 0.12805445090962098
v -0.03764130096729967 2.687051184933468 0.12805445090962098
vt 0 1
vt 0.21875 1
vt 0.21875 0.53125
vt 0 0.53125
vt 0 1
vt 0 1
vt 0 0.53125
vt 0 0.53125
vt 0.4375 1
vt 0.5625 1
vt 0.5625 0
vt 0.4375 0
vt 0 1
vt 0 1
vt 0 0.53125
vt 0 0.53125
vt 0 1
vt 0.21875 1
vt 0.21875 1
vt 0 1
vt 0 1
vt 0.21875 1
vt 0.21875 1
vt 0 1
vn -0.14645581505956862 -0.18810140948180054 -0.9711686537292056
vn -0.09356968028859025 0.9799870721367527 -0.1756987574672232
vn 0.14645581505956862 0.18810140948180054 0.9711686537292056
vn 0.09356968028859025 -0.9799870721367527 0.1756987574672232
vn -0.9847819094428616 -0.06513983570592684 0.1611253941446737
vn 0.9847819094428616 0.06513983570592684 -0.1611253941446737
g Leaf
f 60/172/43 63/171/43 61/170/43 58/169/43
f 59/176/44 60/175/44 58/174/44 57/173/44
f 64/180/45 59/179/45 57/178/45 62/177/45
f 63/184/46 64/183/46 62/182/46 61/181/46
f 62/188/47 57/187/47 58/186/47 61/185/47
f 63/192/48 60/191/48 59/190/48 64/189/48
o cube
v -0.6199755703633688 2.1717313707813655 0.44013735931168496
v -0.6199755703633688 2.1717313707813655 0.44013735931168496
v -0.0944732397370272 2.7851081126292243 0.1036239523478788
v -0.0944732397370272 2.7851081126292243 0.1036239523478788
v -0.5204560568923444 2.100645729524875 0.4659772131356552
v -0.5204560568923444 2.100645729524875 0.4659772131356552
v 0.005046273733997131 2.714022471372734 0.12946380617184905
v 0.005046273733997131 2.714022471372734 0.12946380617184905
vt 0 1
vt 0.21875 1
vt 0.21875 0.53125
vt 0 0.53125
vt 0 1
vt 0 1
vt 0 0.53125
vt 0 0.53125
vt 0.4375 1
vt 0.5625 1
vt 0.5625 0
vt 0.4375 0
vt 0 1
vt 0 1
vt 0 0.53125
vt 0 0.53125
vt 0 1
vt 0.21875 1
vt 0.21875 1
vt 0 1
vt 0 1
vt 0.21875 1
vt 0.21875 1
vt 0 1
vn -0.07379845464737562 -0.43034106464050403 -0.899644572137095
vn -0.7961561077681943 0.5686851300519242 -0.20671883059176194
vn 0.07379845464737562 0.43034106464050403 0.899644572137095
vn 0.7961561077681943 -0.5686851300519242 0.20671883059176194
vn -0.6005740921443903 -0.7010019906832675 0.38458675081577853
vn 0.6005740921443903 0.7010019906832675 -0.38458675081577853
g Leaf
f 68/196/49 71/195/49 69/194/49 66/193/49
f 67/200/50 68/199/50 66/198/50 65/197/50
f 72/204/51 67/203/51 65/202/51 70/201/51
f 71/208/52 72/207/52 70/206/52 69/205/52
f 70/212/53 65/211/53 66/210/53 69/209/53
f 71/216/54 68/215/54 67/214/54 72/213/54
o cube
v -1.1243471696878486 3.0597416025099395 0.17259616527038535
v -1.1243471696878486 3.0597416025099395 0.17259616527038535
v -0.03024093605802536 2.8068451599542272 0.10477331605990292
v -0.03024093605802536 2.8068451599542272 0.10477331605990292
v -1.1504133939633079 2.9401582504241794 0.19800037468446874
v -1.1504133939633079 2.9401582504241794 0.19800037468446874
v -0.05630716033348465 2.687261807868467 0.1301775254739863
v -0.05630716033348465 2.687261807868467 0.1301775254739863
vt 0 1
vt 0.21875 1
vt 0.21875 0.53125
vt 0 0.53125
vt 0 1
vt 0 1
vt 0 0.53125
vt 0 0.53125
vt 0.4375 1
vt 0.5625 1
vt 0.5625 0
vt 0.4375 0
vt 0 1
vt 0 1
vt 0 0.53125
vt 0 0.53125
vt 0 1
vt 0.21875 1
vt 0.21875 1
vt 0 1
vt 0 1
vt 0.21875 1
vt 0.21875 1
vt 0 1
vn -0.1033608379972164 -0.18508101889326217 -0.9772725073457994
vn 0.20852979420367448 0.9566668166860806 -0.20323367531266714
vn 0.1033608379972164 0.18508101889326217 0.9772725073457994
vn -0.20852979420367448 -0.9566668166860806 0.20323367531266714
vn -0.9725388743376208 0.22479683782729995 0.0602869770759843
vn 0.9725388743376208 -0.22479683782729995 -0.0602869770759843
g Leaf
f 76/220/55 79/219/55 77/218/55 74/217/55
f 75/224/56 76/223/56 74/222/56 73/221/56
f 80/228/57 75/227/57 73/226/57 78/225/57
f 79/232/58 80/231/58 78/230/58 77/229/58
f 78/236/59 73/235/59 74/234/59 77/233/59
f 79/240/60 76/239/60 75/238/60 80/237/60
o cube
v -1.0956682897864138 2.740338493513015 0.2772878375049338
v -1.0956682897864138 2.740338493513015 0.2772878375049338
v -0.04933751100337347 2.809549568950562 0.10609210622621801
v -0.04933751100337347 2.809549568950562 0.10609210622621801
v -1.08397207975034 2.6178401094959205 0.29925018218833666
v -1.08397207975034 2.6178401094959205 0.29925018218833666
v -0.03764130096729967 2.687051184933468 0.12805445090962098
v -0.03764130096729967 2.687051184933468 0.12805445090962098
vt 0 1
vt 0.21875 1
vt 0.21875 0.53125
vt 0 0.53125
vt 0 1
vt 0 1
vt 0 0.53125
vt 0 0.53125
vt 0.4375 1
vt 0.5625 1
vt 0.5625 0
vt 0.4375 0
vt 0 1
vt 0 1
vt 0 0.53125
vt 0 0.53125
vt 0 1
vt 0.21875 1
vt 0.21875 1
vt 0 1
vt 0 1
vt 0.21875 1
vt 0.21875 1
vt 0 1
vn -0.14645581505956862 -0.18810140948180054 -0.9711686537292056
vn -0.09356968028859025 0.9799870721367527 -0.1756987574672232
vn 0.14645581505956862 0.18810140948180054 0.9711686537292056
vn 0.09356968028859025 -0.9799870721367527 0.1756987574672232
vn -0.9847819094428616 -0.06513983570592684 0.1611253941446737
vn 0.9847819094428616 0.06513983570592684 -0.1611253941446737
g Leaf
f 84/244/61 87/243/61 85/242/61 82/241/61
f 83/248/62 84/247/62 82/246/62 81/245/62
f 88/252/63 83/251/63 81/250/63 86/249/63
f 87/256/64 88/255/64 86/254/64 85/253/64
f 86/260/65 81/259/65 82/258/65 85/257/65
f 87/264/66 84/263/66 83/262/66 88/261/66
o cube
v -0.9568595152905984 2.417960621569368 0.3635192877187696
v -0.9568595152905984 2.417960621569368 0.3635192877187696
v -0.07070855921518338 2.80576522278073 0.10985794985679898
v -0.07070855921518338 2.80576522278073 0.10985794985679898
v -0.9037667668020138 2.305634686043351 0.37726862465307376
v -0.9037667668020138 2.305634686043351 0.37726862465307376
v -0.017615810726598846 2.693439287254713 0.12360728679110311
v -0.017615810726598846 2.693439287254713 0.12360728679110311
vt 0 1
vt 0.21875 1
vt 0.21875 0.53125
vt 0 0.53125
vt 0 1
vt 0 1
vt 0 0.53125
vt 0 0.53125
vt 0.4375 1
vt 0.5625 1
vt 0.5625 0
vt 0.4375 0
vt 0 1
vt 0 1
vt 0 0.53125
vt 0 0.53125
vt 0 1
vt 0.21875 1
vt 0.21875 1
vt 0 1
vt 0 1
vt 0.21875 1
vt 0.21875 1
vt 0 1
vn -0.1852855276431873 -0.20521252545696067 -0.9610187785062069
vn -0.4247419879086761 0.8986074842081346 -0.109994695474433
vn 0.1852855276431873 0.20521252545696067 0.9610187785062069
vn 0.4247419879086761 -0.8986074842081346 0.109994695474433
vn -0.8861509560754148 -0.38780460121136207 0.25366133786197076
vn 0.8861509560754148 0.38780460121136207 -0.25366133786197076
g Leaf
f 92/268/67 95/267/67 93/266/67 90/265/67
f 91/272/68 92/271/68 90/270/68 89/269/68
f 96/276/69 91/275/69 89/274/69 94/273/69
f 95/280/70 96/279/70 94/278/70 93/277/70
f 94/284/71 89/283/71 90/282/71 93/281/71
f 95/288/72 92/287/72 91/286/72 96/285/72
o cube
v 0.3681475721284748 3.8319385189014996 -0.11939939850433784
v 0.3681475721284748 3.8319385189014996 -0.11939939850433784
v 0.011533007522400385 2.7256793186138575 0.12385537347303854
v 0.011533007522400385 2.7256793186138575 0.12385537347303854
v 0.24893951612460707 3.8680753532360255 -0.12981902364432152
v 0.24893951612460707 3.8680753532360255 -0.12981902364432152
v -0.10767504848146736 2.7618161529483833 0.11343574833305492
v -0.10767504848146736 2.7618161529483833 0.11343574833305492
vt 0 1
vt 0.21875 1
vt 0.21875 0.53125
vt 0 0.53125
vt 0 1
vt 0 1
vt 0 0.53125
vt 0 0.53125
vt 0.4375 1
vt 0.5625 1
vt 0.5625 0
vt 0.4375 0
vt 0 1
vt 0 1
vt 0 0.53125
vt 0 0.53125
vt 0 1
vt 0.21875 1
vt 0.21875 1
vt 0 1
vt 0 1
vt 0.21875 1
vt 0.21875 1
vt 0 1
vn 0.018434349666533366 -0.22038715663993894 -0.9752382662408889
vn 0.953664448030942 -0.28909467467620525 0.08335700111986906
vn -0.018434349666533366 0.22038715663993894 0.9752382662408889
vn -0.953664448030942 0.28909467467620525 -0.08335700111986906
vn 0.30030700177353636 0.9315866949790674 -0.20484612377042222
vn -0.30030700177353636 -0.9315866949790674 0.20484612377042222
g Leaf
f 100/292/73 103/291/73 101/290/73 98/289/73
f 99/296/74 100/295/74 98/294/74 97/293/74
f 104/300/75 99/299/75 97/298/75 102/297/75
f 103/304/76 104/303/76 102/302/76 101/301/76
f 102/308/77 97/307/77 98/306/77 101/305/77
f 103/312/78 100/311/78 99/310/78 104/309/78
o cube
v 0.6453536739700518 3.6214934870124864 -0.0164210583355886
v 0.6453536739700518 3.6214934870124864 -0.0164210583355886
v 0.002112223522219514 2.709790121906093 0.12732319539111558
v 0.002112223522219514 2.709790121906093 0.12732319539111558
v 0.5429663587268045 3.690877535796745 -0.03452330823949423
v 0.5429663587268045 3.690877535796745 -0.03452330823949423
v -0.10027509172102811 2.779174170690352 0.10922094548720995
v -0.10027509172102811 2.779174170690352 0.10922094548720995
vt 0 1
vt 0.21875 1
vt 0.21875 0.53125
vt 0 0.53125
vt 0 1
vt 0 1
vt 0 0.53125
vt 0 0.53125
vt 0.4375 1
vt 0.5625 1
vt 0.5625 0
vt 0.4375 0
vt 0 1
vt 0 1
vt 0 0.53125
vt 0 0.53125
vt 0 1
vt 0.21875 1
vt 0.21875 1
vt 0 1
vt 0 1
vt 0.21875 1
vt 0.21875 1
vt 0 1
vn 0.04643785842031703 -0.18746101834864914 -0.981173731764677
vn 0.8190985219459807 -0.5550723902740698 0.1448179992312445
vn -0.04643785842031703 0.18746101834864914 0.981173731764677
vn -0.8190985219459807 0.5550723902740698 -0.1448179992312445
vn 0.5717701781758512 0.810402991205683 -0.12777266997929265
vn -0.5717701781758512 -0.810402991205683 0.12777266997929265
g Leaf
f 108/316/79 111/315/79 109/314/79 106/313/79
f 107/320/80 108/319/80 106/318/80 105/317/80
f 112/324/81 107/323/81 105/322/81 110/321/81
f 111/328/82 112/327/82 110/326/82 109/325/82
f 110/332/83 105/331/83 106/330/83 109/329/83
f 111/336/84 108/335/84 107/334/84 112/333/84
o cube
v 0.876060657961703 3.3867839646773596 0.08602520439006922
v 0.876060657961703 3.3867839646773596 0.08602520439006922
v -0.011748543929394617 2.6971089705735913 0.1280754546325974
v -0.011748543929394617 2.6971089705735913 0.1280754546325974
v 0.7998073721188377 3.4836966817990724 0.06557131336041044
v 0.7998073721188377 3.4836966817990724 0.06557131336041044
v -0.0880018297722599 2.794021687695304 0.10762156360293862
v -0.0880018297722599 2.794021687695304 0.10762156360293862
vt 0 1
vt 0.21875 1
vt 0.21875 0.53125
vt 0 0.53125
vt 0 1
vt 0 1
vt 0 0.53125
vt 0 0.53125
vt 0.4375 1
vt 0.5625 1
vt 0.5625 0
vt 0.4375 0
vt 0 1
vt 0 1
vt 0 0.53125
vt 0 0.53125
vt 0 1
vt 0.21875 1
vt 0.21875 1
vt 0 1
vt 0 1
vt 0.21875 1
vt 0.21875 1
vt 0 1
vn 0.07133392475468575 -0.1519333150017164 -0.9858132373688651
vn 0.6100262867429226 -0.7753017369737022 0.16363112823727027
vn -0.07133392475468575 0.1519333150017164 0.9858132373688651
vn -0.6100262867429226 0.7753017369737022 -0.16363112823727027
vn 0.7891637350143093 0.6130444392033497 -0.037378000215580555
vn -0.7891637350143093 -0.6130444392033497 0.037378000215580555
g Leaf
f 116/340/85 119/339/85 117/338/85 114/337/85
f 115/344/86 116/343/86 114/342/86 113/341/86
f 120/348/87 115/347/87 113/346/87 118/345/87
f 119/352/88 120/351/88 118/350/88 117/349/88
f 118/356/89 113/355/89 114/354/89 117/353/89
f 119/360/90 116/359/90 115/358/90 120/357/90
o cube
v 0.9014961601886133 2.549257520368943 0.3601657873624886
v 0.9014961601886133 2.549257520368943 0.3601657873624886
v -0.06094688825562328 2.687889067793006 0.12674626684165902
v -0.06094688825562328 2.687889067793006 0.12674626684165902
v 0.9237901421429875 2.6706443414834418 0.3403360614860499
v 0.9237901421429875 2.6706443414834418 0.3403360614860499
v -0.03865290630124901 2.809275888907505 0.10691654096522019
v -0.03865290630124901 2.809275888907505 0.10691654096522019
vt 0 1
vt 0.21875 1
vt 0.21875 0.53125
vt 0 0.53125
vt 0 1
vt 0 1
vt 0 0.53125
vt 0 0.53125
vt 0.4375 1
vt 0.5625 1
vt 0.5625 0
vt 0.4375 0
vt 0 1
vt 0 1
vt 0 0.53125
vt 0 0.53125
vt 0 1
vt 0.21875 1
vt 0.21875 1
vt 0 1
vt 0 1
vt 0.21875 1
vt 0.21875 1
vt 0 1
vn 0.20468022399078675 -0.19431065920498714 -0.9593484109677801
vn -0.178351855634994 -0.9710945689159904 0.15863780701151042
vn -0.20468022399078675 0.19431065920498714 0.9593484109677801
vn 0.178351855634994 0.9710945689159904 -0.15863780701151042
vn 0.9624430484442368 -0.13863154742406347 0.23341952052082973
vn -0.9624430484442368 0.13863154742406347 -0.23341952052082973
g Leaf
f 124/364/91 127/363/91 125/362/91 122/361/91
f 123/368/92 124/367/92 122/366/92 121/365/92
f 128/372/93 123/371/93 121/370/93 126/369/93
f 127/376/94 128/375/94 126/374/94 125/373/94
f 126/380/95 121/379/95 122/378/95 125/377/95
f 127/384/96 124/383/96 123/382/96 128/381/96
o cube
v 0.9980709850561522 2.8474040938182816 0.2722776549037753
v 0.9980709850561522 2.8474040938182816 0.2722776549037753
v -0.042682861189567545 2.686785217242681 0.1310712173298032
v -0.042682861189567545 2.686785217242681 0.1310712173298032
v 0.983156607750743 2.968383676500705 0.24459188376445962
v 0.983156607750743 2.968383676500705 0.24459188376445962
v -0.057597238494977 2.8077647999251045 0.1033854461904875
v -0.057597238494977 2.8077647999251045 0.1033854461904875
vt 0 1
vt 0.21875 1
vt 0.21875 0.53125
vt 0 0.53125
vt 0 1
vt 0 1
vt 0 0.53125
vt 0 0.53125
vt 0.4375 1
vt 0.5625 1
vt 0.5625 0
vt 0.4375 0
vt 0 1
vt 0 1
vt 0 0.53125
vt 0 0.53125
vt 0 1
vt 0.21875 1
vt 0.21875 1
vt 0 1
vt 0 1
vt 0.21875 1
vt 0.21875 1
vt 0 1
vn 0.16210788402670617 -0.2010960317108002 -0.9660649149858167
vn 0.11931501844327562 -0.9678366614593872 0.22148616911452595
vn -0.16210788402670617 0.2010960317108002 0.9660649149858167
vn -0.11931501844327562 0.9678366614593872 -0.22148616911452595
vn 0.9795330317606779 0.1511707073652711 0.1329001765402091
vn -0.9795330317606779 -0.1511707073652711 -0.1329001765402091
g Leaf
f 132/388/97 135/387/97 133/386/97 130/385/97
f 131/392/98 132/391/98 130/390/98 129/389/98
f 136/396/99 131/395/99 129/394/99 134/393/99
f 135/400/100 136/399/100 134/398/100 133/397/100
f 134/404/101 129/403/101 130/402/101 133/401/101
f 135/408/102 132/407/102 131/406/102 136/405/102
o cube
v 0.699470226062779 2.271240549938139 0.42252962552854934
v 0.699470226062779 2.271240549938139 0.42252962552854934
v -0.08140987587604381 2.6965700281726535 0.12549873262215494
v -0.08140987587604381 2.6965700281726535 0.12549873262215494
v 0.763803663268392 2.3769269013496146 0.4047362564647212
v 0.763803663268392 2.3769269013496146 0.4047362564647212
v -0.017076438670430516 2.802256379584129 0.10770536355832683
v -0.017076438670430516 2.802256379584129 0.10770536355832683
vt 0 1
vt 0.21875 1
vt 0.21875 0.53125
vt 0 0.53125
vt 0 1
vt 0 1
vt 0 0.53125
vt 0 0.53125
vt 0.4375 1
vt 0.5625 1
vt 0.5625 0
vt 0.4375 0
vt 0 1
vt 0 1
vt 0 0.53125
vt 0 0.53125
vt 0 1
vt 0.21875 1
vt 0.21875 1
vt 0 1
vt 0 1
vt 0.21875 1
vt 0.21875 1
vt 0 1
vn 0.20329870462137423 -0.281629919106713 -0.9377388897572808
vn -0.5146674976449062 -0.8454908112918015 0.14234695251062468
vn -0.20329870462137423 0.281629919106713 0.9377388897572808
vn 0.5146674976449062 0.8454908112918015 -0.14234695251062468
vn 0.8329387754014109 -0.4536847767834819 0.31683295243348736
vn -0.8329387754014109 0.4536847767834819 -0.31683295243348736
g Leaf
f 140/412/103 143/411/103 141/410/103 138/409/103
f 139/416/104 140/415/104 138/414/104 137/413/104
f 144/420/105 139/419/105 137/418/105 142/417/105
f 143/424/106 144/423/106 142/422/106 141/421/106
f 142/428/107 137/427/107 138/426/107 141/425/107
f 143/432/108 140/431/108 139/430/108 144/429/108
o cube
v 0.3897356862299447 2.1385180331035496 0.42957635580634024
v 0.3897356862299447 2.1385180331035496 0.42957635580634024
v -0.09581580319487343 2.7101521498110297 0.11711765816231556
v -0.09581580319487343 2.7101521498110297 0.11711765816231556
v 0.48538656003178926 2.2189782063031687 0.4281373041634635
v 0.48538656003178926 2.2189782063031687 0.4281373041634635
v -0.00016492939302881204 2.7906123230106488 0.11567860651943884
v -0.00016492939302881204 2.7906123230106488 0.11567860651943884
vt 0 1
vt 0.21875 1
vt 0.21875 0.53125
vt 0 0.53125
vt 0 1
vt 0 1
vt 0 0.53125
vt 0 0.53125
vt 0.4375 1
vt 0.5625 1
vt 0.5625 0
vt 0.4375 0
vt 0 1
vt 0 1
vt 0 0.53125
vt 0 0.53125
vt 0 1
vt 0.21875 1
vt 0.21875 1
vt 0 1
vt 0 1
vt 0.21875 1
vt 0.21875 1
vt 0 1
vn 0.23943748839771953 -0.30115132184807736 -0.9230263108378589
vn -0.7652069904147569 -0.6436813855969541 0.011512413143013933
vn -0.23943748839771953 0.30115132184807736 0.9230263108378589
vn 0.7652069904147569 0.6436813855969541 -0.011512413143013933
vn 0.5976018331382377 -0.7035496821015138 0.38456455094649195
vn -0.5976018331382377 0.7035496821015138 -0.38456455094649195
g Leaf
f 148/436/109 151/435/109 149/434/109 146/433/109
f 147/440/110 148/439/110 146/438/110 145/437/110
f 152/444/111 147/443/111 145/442/111 150/441/111
f 151/448/112 152/447/112 150/446/112 149/445/112
f 150/452/113 145/451/113 146/450/113 149/449/113
f 151/456/114 148/455/114 147/454/114 152/453/114
o cube
v 0.9925708037799279 3.1714201803333735 0.15608688590386077
v 0.9925708037799279 3.1714201803333735 0.15608688590386077
v -0.024411348655991205 2.6909935057649124 0.13236955068476708
v -0.024411348655991205 2.6909935057649124 0.13236955068476708
v 0.9412344554965413 3.281540833785297 0.126709666357959
v 0.9412344554965413 3.281540833785297 0.126709666357959
v -0.07574769693937794 2.8011141592168363 0.10299233113886541
v -0.07574769693937794 2.8011141592168363 0.10299233113886541
vt 0 1
vt 0.21875 1
vt 0.21875 0.53125
vt 0 0.53125
vt 0 1
vt 0 1
vt 0 0.53125
vt 0 0.53125
vt 0.4375 1
vt 0.5625 1
vt 0.5625 0
vt 0.4375 0
vt 0 1
vt 0 1
vt 0 0.53125
vt 0 0.53125
vt 0 1
vt 0.21875 1
vt 0.21875 1
vt 0 1
vt 0 1
vt 0.21875 1
vt 0.21875 1
vt 0 1
vn 0.11893595268956518 -0.20379410905040016 -0.9717624196655165
vn 0.4106907862670937 -0.8809652276153906 0.23501775636721417
vn -0.11893595268956518 0.20379410905040016 0.9717624196655165
vn -0.4106907862670937 0.8809652276153906 -0.23501775636721417
vn 0.9039841354985948 0.4270459329497431 0.021082075750305462
vn -0.9039841354985948 -0.4270459329497431 -0.021082075750305462
g Leaf
f 156/460/115 159/459/115 157/458/115 154/457/115
f 155/464/116 156/463/116 154/462/116 153/461/116
f 160/468/117 155/467/117 153/466/117 158/465/117
f 159/472/118 160/471/118 158/470/118 157/469/118
f 158/476/119 153/475/119 154/474/119 157/473/119
f 159/480/120 156/479/120 155/478/120 160/477/120
o cube
v -1.0172492365039572 4.311893842192422 -0.24827168269881322
v -1.0172492365039572 4.311893842192422 -0.24827168269881322
v -0.5951779781346723 3.2049487146787006 -0.16651235581681073
v -0.5951779781346723 3.2049487146787006 -0.16651235581681073
v -0.9380403402864546 4.335163253470045 -0.342130540878517
v -0.9380403402864546 4.335163253470045 -0.342130540878517
v -0.5159690819171698 3.228218125956323 -0.2603712139965146
v -0.5159690819171698 3.228218125956323 -0.2603712139965146
vt 0 1
vt 0.21875 1
vt 0.21875 0.53125
vt 0 0.53125
vt 0 1
vt 0 1
vt 0 0.53125
vt 0 0.53125
vt 0.4375 1
vt 0.5625 1
vt 0.5625 0
vt 0.4375 0
vt 0 1
vt 0 1
vt 0 0.53125
vt 0 0.53125
vt 0 1
vt 0.21875 1
vt 0.21875 1
vt 0 1
vt 0 1
vt 0.21875 1
vt 0.21875 1
vt 0 1
vn 0.6871182439277522 0.3105090857689012 0.656850535903415
vn -0.6336711697400199 -0.18615529022098268 0.7508708654376306
vn -0.6871182439277522 -0.3105090857689012 -0.656850535903415
vn 0.6336711697400199 0.18615529022098268 -0.7508708654376306
vn -0.35542842810045067 0.9321643179062922 -0.06884995947958103
vn 0.35542842810045067 -0.9321643179062922 0.06884995947958103
g Leaf
f 164/484/121 167/483/121 165/482/121 162/481/121
f 163/488/122 164/487/122 162/486/122 161/485/122
f 168/492/123 163/491/123 161/490/123 166/489/123
f 167/496/124 168/495/124 166/494/124 165/493/124
f 166/500/125 161/499/125 162/498/125 165/497/125
f 167/504/126 164/503/126 163/502/126 168/501/126
o cube
v -0.8125264883906859 4.328303046555412 -0.5487623850490653
v -0.8125264883906859 4.328303046555412 -0.5487623850490653
v -0.600842826537922 3.2232686983310015 -0.16896590461664296
v -0.600842826537922 3.2232686983310015 -0.16896590461664296
v -0.7236236977131851 4.315457076464142 -0.6356892213090297
v -0.7236236977131851 4.315457076464142 -0.6356892213090297
v -0.5119400358604211 3.2104227282397315 -0.2558927408766074
v -0.5119400358604211 3.2104227282397315 -0.2558927408766074
vt 0 1
vt 0.21875 1
vt 0.21875 0.53125
vt 0 0.53125
vt 0 1
vt 0 1
vt 0 0.53125
vt 0 0.53125
vt 0.4375 1
vt 0.5625 1
vt 0.5625 0
vt 0.4375 0
vt 0 1
vt 0 1
vt 0 0.53125
vt 0 0.53125
vt 0 1
vt 0.21875 1
vt 0.21875 1
vt 0 1
vt 0 1
vt 0.21875 1
vt 0.21875 1
vt 0 1
vn 0.6799898548422361 0.35143382240148274 0.6435122887590555
vn -0.711222325420007 0.10276776073015997 0.6954146900797155
vn -0.6799898548422361 -0.35143382240148274 -0.6435122887590555
vn 0.711222325420007 -0.10276776073015997 -0.6954146900797155
vn -0.17825992577074862 0.9305552406100306 -0.31982861510098737
vn 0.17825992577074862 -0.9305552406100306 0.31982861510098737
g Leaf
f 172/508/127 175/507/127 173/506/127 170/505/127
f 171/512/128 172/511/128 170/510/128 169/509/128
f 176/516/129 171/515/129 169/514/129 174/513/129
f 175/520/130 176/519/130 174/518/130 173/517/130
f 174/524/131 169/523/131 170/522/131 173/521/131
f 175/528/132 172/527/132 171/526/132 176/525/132
o cube
v -0.5870415604388097 4.186578454324209 -0.7856000894023574
v -0.5870415604388097 4.186578454324209 -0.7856000894023574
v -0.6029678254999418 3.241084760162417 -0.17616344102823056
v -0.6029678254999418 3.241084760162417 -0.17616344102823056
v -0.4955529878135476 4.139349115198044 -0.8564818966923653
v -0.4955529878135476 4.139349115198044 -0.8564818966923653
v -0.5114792528746797 3.193855421036252 -0.2470452483182385
v -0.5114792528746797 3.193855421036252 -0.2470452483182385
vt 0 1
vt 0.21875 1
vt 0.21875 0.53125
vt 0 0.53125
vt 0 1
vt 0 1
vt 0 0.53125
vt 0 0.53125
vt 0.4375 1
vt 0.5625 1
vt 0.5625 0
vt 0.4375 0
vt 0 1
vt 0 1
vt 0 0.53125
vt 0 0.53125
vt 0 1
vt 0.21875 1
vt 0.21875 1
vt 0 1
vt 0 1
vt 0.21875 1
vt 0.21875 1
vt 0 1
vn 0.6812557650877791 0.388462980368782 0.6204732834036194
vn -0.7319085810020975 0.37783471300931976 0.567054458320064
vn -0.6812557650877791 -0.388462980368782 -0.6204732834036194
vn 0.7319085810020975 -0.37783471300931976 -0.567054458320064
vn 0.014156680054339597 0.8404388392549267 -0.5417214652214464
vn -0.014156680054339597 -0.8404388392549267 0.5417214652214464
g Leaf
f 180/532/133 183/531/133 181/530/133 178/529/133
f 179/536/134 180/535/134 178/534/134 177/533/134
f 184/540/135 179/539/135 177/538/135 182/537/135
f 183/544/136 184/543/136 182/542/136 181/541/136
f 182/548/137 177/547/137 178/546/137 181/545/137
f 183/552/138 180/551/138 179/550/138 184/549/138
o cube
v -0.33792560553853646 3.9819887350258334 -1.009821626417376
v -0.33792560553853646 3.9819887350258334 -1.009821626417376
v -0.6007970753428111 3.2586655973868197 -0.18925643770962264
v -0.6007970753428111 3.2586655973868197 -0.18925643770962264
v -0.2525597026739922 3.901676797032078 -1.0532687810285613
v -0.2525597026739922 3.901676797032078 -1.0532687810285613
v -0.5154311724782669 3.1783536593930632 -0.23270359232080773
v -0.5154311724782669 3.1783536593930632 -0.23270359232080773
vt 0 1
vt 0.21875 1
vt 0.21875 0.53125
vt 0 0.53125
vt 0 1
vt 0 1
vt 0 0.53125
vt 0 0.53125
vt 0.4375 1
vt 0.5625 1
vt 0.5625 0
vt 0.4375 0
vt 0 1
vt 0 1
vt 0 0.53125
vt 0 0.53125
vt 0 1
vt 0.21875 1
vt 0.21875 1
vt 0 1
vt 0 1
vt 0.21875 1
vt 0.21875 1
vt 0 1
vn 0.692106757334627 0.41690503681277685 0.5892184881110615
vn -0.6829272229163544 0.6424955039500507 0.3475772368894812
vn -0.692106757334627 -0.41690503681277685 -0.5892184881110615
vn 0.6829272229163544 -0.6424955039500507 -0.3475772368894812
vn 0.23366352871491097 0.6429539001235683 -0.7293912788513369
vn -0.23366352871491097 -0.6429539001235683 0.7293912788513369
g Leaf
f 188/556/139 191/555/139 189/554/139 186/553/139
f 187/560/140 188/559/140 186/558/140 185/557/140
f 192/564/141 187/563/141 185/562/141 190/561/141
f 191/568/142 192/567/142 190/566/142 189/565/142
f 190/572/143 185/571/143 186/570/143 189/569/143
f 191/576/144 188/575/144 187/574/144 192/573/144
o cube
v -0.09741279861326768 3.6267704127549614 -1.079112294625585
v -0.09741279861326768 3.6267704127549614 -1.079112294625585
v -0.5911018970921897 3.273215045964287 -0.20723161089840214
v -0.5911018970921897 3.273215045964287 -0.20723161089840214
v -0.03309764067271492 3.5198116137428546 -1.0860675640646218
v -0.03309764067271492 3.5198116137428546 -1.0860675640646218
v -0.526786739151637 3.1662562469521807 -0.214186880337439
v -0.526786739151637 3.1662562469521807 -0.214186880337439
vt 0 1
vt 0.21875 1
vt 0.21875 0.53125
vt 0 0.53125
vt 0 1
vt 0 1
vt 0 0.53125
vt 0 0.53125
vt 0.4375 1
vt 0.5625 1
vt 0.5625 0
vt 0.4375 0
vt 0 1
vt 0 1
vt 0 0.53125
vt 0 0.53125
vt 0 1
vt 0.21875 1
vt 0.21875 1
vt 0 1
vt 0 1
vt 0.21875 1
vt 0.21875 1
vt 0 1
vn 0.7206730063131125 0.3963588004155849 0.5687970809565914
vn -0.5145212635244226 0.8556703920968501 0.055642155512294636
vn -0.7206730063131125 -0.3963588004155849 -0.5687970809565914
vn 0.5145212635244226 -0.8556703920968501 -0.055642155512294636
vn 0.4646485632742801 0.3327579922735758 -0.8205935846844078
vn -0.4646485632742801 -0.3327579922735758 0.8205935846844078
g Leaf
f 196/580/145 199/579/145 197/578/145 194/577/145
f 195/584/146 196/583/146 194/582/146 193/581/146
f 200/588/147 195/587/147 193/586/147 198/585/147
f 199/592/148 200/591/148 198/590/148 197/589/148
f 198/596/149 193/595/149 194/594/149 197/593/149
f 199/600/150 196/599/150 195/598/150 200/597/150
o cube
v -0.015305948529497848 3.320979774290946 -1.0464192319278771
v -0.015305948529497848 3.320979774290946 -1.0464192319278771
v -0.5811643394970861 3.278273970072601 -0.22302352167816036
v -0.5811643394970861 3.278273970072601 -0.22302352167816036
v 0.028567193074969244 3.2064635723779196 -1.022207934045083
v 0.028567193074969244 3.2064635723779196 -1.022207934045083
v -0.537291197892619 3.1637577681595745 -0.19881222379536623
v -0.537291197892619 3.1637577681595745 -0.19881222379536623
vt 0 1
vt 0.21875 1
vt 0.21875 0.53125
vt 0 0.53125
vt 0 1
vt 0 1
vt 0 0.53125
vt 0 0.53125
vt 0.4375 1
vt 0.5625 1
vt 0.5625 0
vt 0.4375 0
vt 0 1
vt 0 1
vt 0 0.53125
vt 0 0.53125
vt 0 1
vt 0.21875 1
vt 0.21875 1
vt 0 1
vt 0 1
vt 0.21875 1
vt 0.21875 1
vt 0 1
vn 0.7460654916961728 0.3986009812439316 0.5333887324002289
vn -0.3509851328357367 0.9161296153042098 -0.1936903830623531
vn -0.7460654916961728 -0.3986009812439316 -0.5333887324002289
vn 0.3509851328357367 -0.9161296153042098 0.1936903830623531
vn 0.5658583909675886 0.042705804218344856 -0.823395710249717
vn -0.5658583909675886 -0.042705804218344856 0.823395710249717
g Leaf
f 204/604/151 207/603/151 205/602/151 202/601/151
f 203/608/152 204/607/152 202/606/152 201/605/152
f 208/612/153 203/611/153 201/610/153 206/609/153
f 207/616/154 208/615/154 206/614/154 205/613/154
f 206/620/155 201/619/155 202/618/155 205/617/155
f 207/624/156 204/623/156 203/622/156 208/621/156
o cube
v -0.0781423887325784 2.680685269263013 -0.7066377703605713
v -0.0781423887325784 2.680685269263013 -0.7066377703605713
v -0.5384142214883783 3.267969094274781 -0.2496120064794055
v -0.5384142214883783 3.267969094274781 -0.2496120064794055
v -0.11893126706887602 2.5898821192318007 -0.6310331716348604
v -0.11893126706887602 2.5898821192318007 -0.6310331716348604
v -0.5792030998246759 3.1771659442435687 -0.17400740775369455
v -0.5792030998246759 3.1771659442435687 -0.17400740775369455
vt 0 1
vt 0.21875 1
vt 0.21875 0.53125
vt 0 0.53125
vt 0 1
vt 0 1
vt 0 0.53125
vt 0 0.53125
vt 0.4375 1
vt 0.5625 1
vt 0.5625 0
vt 0.4375 0
vt 0 1
vt 0 1
vt 0 0.53125
vt 0 0.53125
vt 0 1
vt 0.21875 1
vt 0.21875 1
vt 0 1
vt 0 1
vt 0.21875 1
vt 0.21875 1
vt 0 1
vn 0.7853781662532255 0.14772204745826206 0.6011317099167702
vn 0.32631102669038126 0.7264252002497024 -0.6048367898056873
vn -0.7853781662532255 -0.14772204745826206 -0.6011317099167702
vn -0.32631102669038126 -0.7264252002497024 0.6048367898056873
vn 0.5260249517209143 -0.671181514299164 -0.5223151587213328
vn -0.5260249517209143 0.671181514299164 0.5223151587213328
g Leaf
f 212/628/157 215/627/157 213/626/157 210/625/157
f 211/632/158 212/631/158 210/630/158 209/629/158
f 216/636/159 211/635/159 209/634/159 214/633/159
f 215/640/160 216/639/160 214/638/160 213/637/160
f 214/644/161 209/643/161 210/642/161 213/641/161
f 215/648/162 212/647/162 211/646/162 216/645/162
o cube
v -0.06837226340862512 3.6475677872720595 -1.1303993936683605
v -0.06837226340862512 3.6475677872720595 -1.1303993936683605
v -0.5911018970921897 3.273215045964287 -0.20723161089840214
v -0.5911018970921897 3.273215045964287 -0.20723161089840214
v -0.004057105468072364 3.5406089882599536 -1.1373546631073974
v -0.004057105468072364 3.5406089882599536 -1.1373546631073974
v -0.526786739151637 3.1662562469521807 -0.214186880337439
v -0.526786739151637 3.1662562469521807 -0.214186880337439
vt 0 1
vt 0.21875 1
vt 0.21875 0.53125
vt 0 0.53125
vt 0 1
vt 0 1
vt 0 0.53125
vt 0 0.53125
vt 0.4375 1
vt 0.5625 1
vt 0.5625 0
vt 0.4375 0
vt 0 1
vt 0 1
vt 0 0.53125
vt 0 0.53125
vt 0 1
vt 0.21875 1
vt 0.21875 1
vt 0 1
vt 0 1
vt 0.21875 1
vt 0.21875 1
vt 0 1
vn 0.7206730063131125 0.3963588004155849 0.5687970809565914
vn -0.5145212635244226 0.8556703920968501 0.055642155512294636
vn -0.7206730063131125 -0.3963588004155849 -0.5687970809565914
vn 0.5145212635244226 -0.8556703920968501 -0.055642155512294636
vn 0.4646485632742801 0.3327579922735758 -0.8205935846844078
vn -0.4646485632742801 -0.3327579922735758 0.8205935846844078
g Leaf
f 220/652/163 223/651/163 221/650/163 218/649/163
f 219/656/164 220/655/164 218/654/164 217/653/164
f 224/660/165 219/659/165 217/658/165 222/657/165
f 223/664/166 224/663/166 222/662/166 221/661/166
f 222/668/167 217/667/167 218/666/167 221/665/167
f 223/672/168 220/671/168 219/670/168 224/669/168
o cube
v 0.02006020090597649 3.3236488870545924 -1.0978814638184844
v 0.02006020090597649 3.3236488870545924 -1.0978814638184844
v -0.5811643394970861 3.278273970072601 -0.22302352167816036
v -0.5811643394970861 3.278273970072601 -0.22302352167816036
v 0.06393334251044358 3.209132685141566 -1.0736701659356902
v 0.06393334251044358 3.209132685141566 -1.0736701659356902
v -0.537291197892619 3.1637577681595745 -0.19881222379536623
v -0.537291197892619 3.1637577681595745 -0.19881222379536623
vt 0 1
vt 0.21875 1
vt 0.21875 0.53125
vt 0 0.53125
vt 0 1
vt 0 1
vt 0 0.53125
vt 0 0.53125
vt 0.4375 1
vt 0.5625 1
vt 0.5625 0
vt 0.4375 0
vt 0 1
vt 0 1
vt 0 0.53125
vt 0 0.53125
vt 0 1
vt 0.21875 1
vt 0.21875 1
vt 0 1
vt 0 1
vt 0.21875 1
vt 0.21875 1
vt 0 1
vn 0.7460654916961728 0.3986009812439316 0.5333887324002289
vn -0.3509851328357367 0.9161296153042098 -0.1936903830623531
vn -0.7460654916961728 -0.3986009812439316 -0.5333887324002289
vn 0.3509851328357367 -0.9161296153042098 0.1936903830623531
vn 0.5658583909675886 0.042705804218344856 -0.823395710249717
vn -0.5658583909675886 -0.042705804218344856 0.823395710249717
g Leaf
f 228/676/169 231/675/169 229/674/169 226/673/169
f 227/680/170 228/679/170 226/678/170 225/677/170
f 232/684/171 227/683/171 225/682/171 230/681/171
f 231/688/172 232/687/172 230/686/172 229/685/172
f 230/692/173 225/691/173 226/690/173 229/689/173
f 231/696/174 228/695/174 227/694/174 232/693/174
o cube
v 0.05081080417993167 2.9867798109377612 -0.9705831639225077
v 0.05081080417993167 2.9867798109377612 -0.9705831639225077
v -0.5678028687527733 3.277110964683052 -0.24049759029046025
v -0.5678028687527733 3.277110964683052 -0.24049759029046025
v 0.06784620059874713 2.877344000379712 -0.9126297461082261
v 0.06784620059874713 2.877344000379712 -0.9126297461082261
v -0.550767472333958 3.1676751541250034 -0.18254417247617882
v -0.550767472333958 3.1676751541250034 -0.18254417247617882
vt 0 1
vt 0.21875 1
vt 0.21875 0.53125
vt 0 0.53125
vt 0 1
vt 0 1
vt 0 0.53125
vt 0 0.53125
vt 0.4375 1
vt 0.5625 1
vt 0.5625 0
vt 0.4375 0
vt 0 1
vt 0 1
vt 0 0.53125
vt 0 0.53125
vt 0 1
vt 0.21875 1
vt 0.21875 1
vt 0 1
vt 0 1
vt 0.21875 1
vt 0.21875 1
vt 0 1
vn 0.7737855134773148 0.3863045905566119 0.5020206593831935
vn -0.13628317135052306 0.8754864844643901 -0.4636273425142519
