# Made in Blockbench 4.7.4

o cube
v 0.125 0.25 0.125
v 0.125 0.25 -0.125
v 0.125 0.0625 0.125
v 0.125 0.0625 -0.125
v -0.125 0.25 -0.125
v -0.125 0.25 0.125
v -0.125 0.0625 -0.125
v -0.125 0.0625 0.125
vt 0.25 1
vt 0.5 1
vt 0.5 0.8125
vt 0.25 0.8125
vt 0.25 0.8125
vt 0.5 0.8125
vt 0.5 0.625
vt 0.25 0.625
vt 0.25 0.625
vt 0.5 0.625
vt 0.5 0.4375
vt 0.25 0.4375
vt 0 0.5
vt 0.25 0.5
vt 0.25 0.3125
vt 0 0.3125
vt 0.25 0.75
vt 0 0.75
vt 0 1
vt 0.25 1
vt 0.25 0.75
vt 0 0.75
vt 0 0.5
vt 0.25 0.5
vn 0 0 -1
vn 1 0 0
vn 0 0 1
vn -1 0 0
vn 0 1 0
vn 0 -1 0
g Sporocarp
f 4/4/1 7/3/1 5/2/1 2/1/1
f 3/8/2 4/7/2 2/6/2 1/5/2
f 8/12/3 3/11/3 1/10/3 6/9/3
f 7/16/4 8/15/4 6/14/4 5/13/4
f 6/20/5 1/19/5 2/18/5 5/17/5
f 7/24/6 4/23/6 3/22/6 8/21/6
o cube
v 0.0625 0.3125 0.0625
v 0.0625 0.3125 -0.0625
v 0.0625 0.25 0.0625
v 0.0625 0.25 -0.0625
v -0.0625 0.3125 -0.0625
v -0.0625 0.3125 0.0625
v -0.0625 0.25 -0.0625
v -0.0625 0.25 0.0625
vt 0.625 0.5625
vt 0.75 0.5625
vt 0.75 0.5
vt 0.625 0.5
vt 0.625 0.375
vt 0.75 0.375
vt 0.75 0.3125
vt 0.625 0.3125
vt 0 0.3125
vt 0.125 0.3125
vt 0.125 0.25
vt 0 0.25
vt 0.125 0.3125
vt 0.25 0.3125
vt 0.25 0.25
vt 0.125 0.25
vt 0.75 0.875
vt 0.625 0.875
vt 0.625 1
vt 0.75 1
vt 0.75 0.875
vt 0.625 0.875
vt 0.625 0.75
vt 0.75 0.75
vn 0 0 -1
vn 1 0 0
vn 0 0 1
vn -1 0 0
vn 0 1 0
vn 0 -1 0
g Sporocarp
f 12/28/7 15/27/7 13/26/7 10/25/7
f 11/32/8 12/31/8 10/30/8 9/29/8
f 16/36/9 11/35/9 9/34/9 14/33/9
f 15/40/10 16/39/10 14/38/10 13/37/10
f 14/44/11 9/43/11 10/42/11 13/41/11
f 15/48/12 12/47/12 11/46/12 16/45/12
o cube
v 0.20016330540036875 0.1622988021249655 0.125
v 0.20016330540036875 0.1622988021249655 -0.125
v 0.2265769467591625 0.10565456543517482 0.125
v 0.2265769467591625 0.10565456543517482 -0.125
v 0.0868748320207875 0.10947151940737809 -0.125
v 0.0868748320207875 0.10947151940737809 0.125
v 0.11328847337958126 0.05282728271758741 -0.125
v 0.11328847337958126 0.05282728271758741 0.125
vt 0.25 0.3125
vt 0.375 0.3125
vt 0.375 0.25
vt 0.25 0.25
vt 0.625 0.75
vt 0.875 0.75
vt 0.875 0.6875
vt 0.625 0.6875
vt 0.375 0.3125
vt 0.5 0.3125
vt 0.5 0.25
vt 0.375 0.25
vt 0.625 0.6875
vt 0.875 0.6875
vt 0.875 0.625
vt 0.625 0.625
vt 0.625 0.75
vt 0.5 0.75
vt 0.5 1
vt 0.625 1
vt 0.625 0.75
vt 0.5 0.75
vt 0.5 0.5
vt 0.625 0.5
vn 0 0 -1
vn 0.9063077870366499 0.42261826174069944 0
vn 0 0 1
vn -0.9063077870366499 -0.42261826174069944 0
vn -0.42261826174069944 0.9063077870366499 0
vn 0.42261826174069944 -0.9063077870366499 0
g Sporocarp
f 20/52/13 23/51/13 21/50/13 18/49/13
f 19/56/14 20/55/14 18/54/14 17/53/14
f 24/60/15 19/59/15 17/58/15 22/57/15
f 23/64/16 24/63/16 22/62/16 21/61/16
f 22/68/17 17/67/17 18/66/17 21/65/17
f 23/72/18 20/71/18 19/70/18 24/69/18
o cube
v 0.26212860923623205 0.1541409151112122 -0.0625
v 0.26212860923623205 0.1541409151112122 -0.125
v 0.25397072222247874 0.09217561127534901 -0.0625
v 0.25397072222247874 0.09217561127534901 -0.125
v 0.20016330540036886 0.1622988021249654 -0.125
v 0.20016330540036886 0.1622988021249654 -0.0625
v 0.19200541838661556 0.10033349828910232 -0.125
v 0.19200541838661556 0.10033349828910232 -0.0625
vt 0.0625 0.25
vt 0.125 0.25
vt 0.125 0.1875
vt 0.0625 0.1875
vt 0.75 0.9375
vt 0.8125 0.9375
vt 0.8125 0.875
vt 0.75 0.875
vt 0.125 0.25
vt 0.1875 0.25
vt 0.1875 0.1875
vt 0.125 0.1875
vt 0.75 0.875
vt 0.8125 0.875
vt 0.8125 0.8125
vt 0.75 0.8125
vt 0.25 0.1875
vt 0.1875 0.1875
vt 0.1875 0.25
vt 0.25 0.25
vt 0.8125 0.8125
vt 0.75 0.8125
vt 0.75 0.75
vt 0.8125 0.75
vn 0 0 -1
vn 0.9914448613738105 -0.13052619222005163 0
vn 0 0 1
vn -0.9914448613738105 0.13052619222005163 0
vn 0.13052619222005163 0.9914448613738105 0
vn -0.13052619222005163 -0.9914448613738105 0
g Sporocarp
f 28/76/19 31/75/19 29/74/19 26/73/19
f 27/80/20 28/79/20 26/78/20 25/77/20
f 32/84/21 27/83/21 25/82/21 30/81/21
f 31/88/22 32/87/22 30/86/22 29/85/22
f 30/92/23 25/91/23 26/90/23 29/89/23
f 31/96/24 28/95/24 27/94/24 32/93/24
o cube
v 0.3860592169079582 0.1378251410837057 0.0625
v 0.3860592169079582 0.1378251410837057 -0.0625
v 0.377901329894205 0.07585983724784262 0.0625
v 0.377901329894205 0.07585983724784262 -0.0625
v 0.20016330540036886 0.1622988021249654 -0.0625
v 0.20016330540036886 0.1622988021249654 0.0625
v 0.19200541838661556 0.10033349828910232 -0.0625
v 0.19200541838661556 0.10033349828910232 0.0625
vt 0.625 0.625
vt 0.8125 0.625
vt 0.8125 0.5625
vt 0.625 0.5625
vt 0.5 0.3125
vt 0.625 0.3125
vt 0.625 0.25
vt 0.5 0.25
vt 0.4375 0.375
vt 0.625 0.375
vt 0.625 0.3125
vt 0.4375 0.3125
vt 0.6875 0.5
vt 0.8125 0.5
vt 0.8125 0.4375
vt 0.6875 0.4375
vt 0.6875 0.375
vt 0.5 0.375
vt 0.5 0.5
vt 0.6875 0.5
vt 0.4375 0.4375
vt 0.25 0.4375
vt 0.25 0.3125
vt 0.4375 0.3125
vn 0 0 -1
vn 0.9914448613738105 -0.13052619222005163 0
vn 0 0 1
vn -0.9914448613738105 0.13052619222005163 0
vn 0.13052619222005163 0.9914448613738105 0
vn -0.13052619222005163 -0.9914448613738105 0
g Sporocarp
f 36/100/25 39/99/25 37/98/25 34/97/25
f 35/104/26 36/103/26 34/102/26 33/101/26
f 40/108/27 35/107/27 33/106/27 38/105/27
f 39/112/28 40/111/28 38/110/28 37/109/28
f 38/116/29 33/115/29 34/114/29 37/113/29
f 39/120/30 36/119/30 35/118/30 40/117/30
o cube
v 0.43564380067616026 0.09977755177066072 0
v 0.43564380067616026 0.09977755177066072 -0.0625
v 0.3975962113631153 0.05019296800245865 0
v 0.3975962113631153 0.05019296800245865 -0.0625
v 0.3860592169079582 0.1378251410837057 -0.0625
v 0.3860592169079582 0.1378251410837057 0
v 0.3480116275949132 0.08824055731550362 -0.0625
v 0.3480116275949132 0.08824055731550362 0
vt 0.4375 0.4375
vt 0.5 0.4375
vt 0.5 0.375
vt 0.4375 0.375
vt 0.6875 0.4375
vt 0.75 0.4375
vt 0.75 0.375
vt 0.6875 0.375
vt 0.625 0.3125
vt 0.6875 0.3125
vt 0.6875 0.25
vt 0.625 0.25
vt 0.6875 0.3125
vt 0.75 0.3125
vt 0.75 0.25
vt 0.6875 0.25
vt 0.0625 0.1875
vt 0 0.1875
vt 0 0.25
vt 0.0625 0.25
vt 0.8125 1
vt 0.75 1
vt 0.75 0.9375
vt 0.8125 0.9375
vn 0 0 -1
vn 0.7933533402912352 -0.6087614290087207 0
vn 0 0 1
vn -0.7933533402912352 0.6087614290087207 0
vn 0.6087614290087207 0.7933533402912352 0
vn -0.6087614290087207 -0.7933533402912352 0
g Sporocarp
f 44/124/31 47/123/31 45/122/31 42/121/31
f 43/128/32 44/127/32 42/126/32 41/125/32
f 48/132/33 43/131/33 41/130/33 46/129/33
f 47/136/34 48/135/34 46/134/34 45/133/34
f 46/140/35 41/139/35 42/138/35 45/137/35
f 47/144/36 44/143/36 43/142/36 48/141/36
o cube
v -0.15785896234508884 0.1622988021249674 0.15979135281846601
v 0.08834297590796325 0.16229880212496772 0.20320339723519787
v -0.16244564303259118 0.10565456543517704 0.18580371161389053
v 0.08375629522046091 0.10565456543517737 0.2292157560306225
v 0.10801531286099586 0.1094715194073792 0.09163603032406964
v -0.13818662539205628 0.10947151940737876 0.048223985907337674
v 0.10342863217349352 0.05282728271758885 0.11764838911949427
v -0.14277330607955863 0.05282728271758841 0.0742363447027623
vt 0.25 0.3125
vt 0.375 0.3125
vt 0.375 0.25
vt 0.25 0.25
vt 0.625 0.75
vt 0.875 0.75
vt 0.875 0.6875
vt 0.625 0.6875
vt 0.375 0.3125
vt 0.5 0.3125
vt 0.5 0.25
vt 0.375 0.25
vt 0.625 0.6875
vt 0.875 0.6875
vt 0.875 0.625
vt 0.625 0.625
vt 0.625 0.75
vt 0.5 0.75
vt 0.5 1
vt 0.625 1
vt 0.625 0.75
vt 0.5 0.75
vt 0.5 0.5
vt 0.625 0.5
vn 0.9848077530122085 0 0.17364817766692797
vn -0.15737869562426032 0.42261826174070877 0.8925389352890261
vn -0.9848077530122085 0 -0.17364817766692797
vn 0.15737869562426032 -0.42261826174070877 -0.8925389352890261
vn 0.07338689100003737 0.9063077870366457 -0.4161977407267931
vn -0.07338689100003737 -0.9063077870366457 0.4161977407267931
g Sporocarp
f 52/148/37 55/147/37 53/146/37 50/145/37
f 51/152/38 52/151/38 50/150/38 49/149/38
f 56/156/39 51/155/39 49/154/39 54/153/39
f 55/160/40 56/159/40 54/158/40 53/157/40
f 54/164/41 49/163/41 50/162/41 53/161/41
f 55/168/42 52/167/42 51/166/42 56/165/42
o cube
v -0.12874361414277963 0.1459571003597835 0.35459316308335054
v -0.005642645016253556 0.1459571003597837 0.3762991852917166
v -0.12779771189894595 0.0836949317290494 0.34922868488476166
v -0.004696742772419937 0.08369493172904963 0.3709347070931277
v 0.026792491344700298 0.16229880212496772 0.19235038613101496
v -0.09630847778182577 0.1622988021249675 0.17064436392264892
v 0.027738393588533916 0.10003663349423353 0.1869859079324261
v -0.09536257553799216 0.1000366334942333 0.16527988572406005
vt 0.625 0.625
vt 0.8125 0.625
vt 0.8125 0.5625
vt 0.625 0.5625
vt 0.5 0.3125
vt 0.625 0.3125
vt 0.625 0.25
vt 0.5 0.25
vt 0.4375 0.375
vt 0.625 0.375
vt 0.625 0.3125
vt 0.4375 0.3125
vt 0.6875 0.5
vt 0.8125 0.5
vt 0.8125 0.4375
vt 0.6875 0.4375
vt 0.6875 0.375
vt 0.5 0.375
vt 0.5 0.5
vt 0.6875 0.5
vt 0.4375 0.4375
vt 0.25 0.4375
vt 0.25 0.3125
vt 0.4375 0.3125
vn 0.9848077530122086 0 0.17364817766692797
vn -0.172987393925087 -0.08715574274764784 0.9810602621904083
vn -0.9848077530122086 0 -0.17364817766692797
vn 0.172987393925087 0.08715574274764784 -0.9810602621904083
vn -0.015134435901338186 0.9961946980917465 0.08583165117742086
vn 0.015134435901338186 -0.9961946980917465 -0.08583165117742086
g Sporocarp
f 60/172/43 63/171/43 61/170/43 58/169/43
f 59/176/44 60/175/44 58/174/44 57/173/44
f 64/180/45 59/179/45 57/178/45 62/177/45
f 63/184/46 64/183/46 62/182/46 61/181/46
f 62/188/47 57/187/47 58/186/47 61/185/47
f 63/192/48 60/191/48 59/190/48 64/189/48
o cube
v 0.015980779224382347 0.15685156820323964 0.2536666525179154
v 0.0775312637876453 0.15685156820323987 0.26451966362209844
v 0.016926681468215965 0.09458939957250556 0.24830217431932655
v 0.07847716603147903 0.09458939957250567 0.2591551854235097
v 0.08834297590796325 0.16229880212496783 0.20320339723519787
v 0.026792491344700298 0.1622988021249676 0.19235038613101496
v 0.08928887815179698 0.10003663349423364 0.197838919036609
v 0.027738393588533916 0.10003663349423353 0.1869859079324261
vt 0.0625 0.25
vt 0.125 0.25
vt 0.125 0.1875
vt 0.0625 0.1875
vt 0.75 0.9375
vt 0.8125 0.9375
vt 0.8125 0.875
vt 0.75 0.875
vt 0.125 0.25
vt 0.1875 0.25
vt 0.1875 0.1875
vt 0.125 0.1875
vt 0.75 0.875
vt 0.8125 0.875
vt 0.8125 0.8125
vt 0.75 0.8125
vt 0.25 0.1875
vt 0.1875 0.1875
vt 0.1875 0.25
vt 0.25 0.25
vt 0.8125 0.8125
vt 0.75 0.8125
vt 0.75 0.75
vt 0.8125 0.75
vn 0.9848077530122086 0 0.17364817766692797
vn -0.172987393925087 -0.08715574274764784 0.9810602621904083
vn -0.9848077530122086 0 -0.17364817766692797
vn 0.172987393925087 0.08715574274764784 -0.9810602621904083
vn -0.015134435901338186 0.9961946980917465 0.08583165117742086
vn 0.015134435901338186 -0.9961946980917465 -0.08583165117742086
g Sporocarp
f 68/196/49 71/195/49 69/194/49 66/193/49
f 67/200/50 68/199/50 66/198/50 65/197/50
f 72/204/51 67/203/51 65/202/51 70/201/51
f 71/208/52 72/207/52 70/206/52 69/205/52
f 70/212/53 65/211/53 66/210/53 69/209/53
f 71/216/54 68/215/54 67/214/54 72/213/54
o cube
v -0.07702929805603287 0.1195434590009905 0.42122985764309817
v -0.01547881349276986 0.11954345900099062 0.4320828687472811
v -0.07244261736853058 0.0628992223111996 0.39521749884767465
v -0.010892132805267518 0.06289922231119971 0.40607050995185767
v -0.005642645016253556 0.1459571003597837 0.3762991852917166
v -0.06719312957951662 0.1459571003597836 0.36544617418753345
v -0.0010559643287512688 0.0893128636699928 0.35028682649629306
v -0.06260644889201428 0.08931286366999269 0.33943381539211015
vt 0.4375 0.4375
vt 0.5 0.4375
vt 0.5 0.375
vt 0.4375 0.375
vt 0.6875 0.4375
vt 0.75 0.4375
vt 0.75 0.375
vt 0.6875 0.375
vt 0.625 0.3125
vt 0.6875 0.3125
vt 0.6875 0.25
vt 0.625 0.25
vt 0.6875 0.3125
vt 0.75 0.3125
vt 0.75 0.25
vt 0.6875 0.25
vt 0.0625 0.1875
vt 0 0.1875
vt 0 0.25
vt 0.0625 0.25
vt 0.8125 1
vt 0.75 1
vt 0.75 0.9375
vt 0.8125 0.9375
vn 0.9848077530122086 0 0.17364817766692794
vn -0.1573786956242605 -0.4226182617406902 0.8925389352890348
vn -0.9848077530122086 0 -0.17364817766692794
vn 0.1573786956242605 0.4226182617406902 -0.8925389352890348
vn -0.07338689100003702 0.9063077870366544 0.4161977407267742
vn 0.07338689100003702 -0.9063077870366544 -0.4161977407267742
g Sporocarp
f 76/220/55 79/219/55 77/218/55 74/217/55
f 75/224/56 76/223/56 74/222/56 73/221/56
f 80/228/57 75/227/57 73/226/57 78/225/57
f 79/232/58 80/231/58 78/230/58 77/229/58
f 78/236/59 73/235/59 74/234/59 77/233/59
f 79/240/60 76/239/60 75/238/60 80/237/60
o cube
v -0.21209963447679941 0.17367080909884336 0.003345283151126033
v -0.07813325805270549 0.1653325444025927 0.2142563623519428
v -0.23714495328862722 0.11807395387352382 0.017055560123848013
v -0.1031785768645333 0.10973568917727317 0.22796663932466488
v 0.014760124485584614 0.10838013363989352 0.15300081248981456
v -0.11920625193850931 0.11671839833614417 -0.057910266711002245
v -0.010285194326243141 0.052783278414573864 0.16671108946253665
v -0.14425157075033712 0.06112154311082452 -0.044199989738280154
vt 0.25 0.3125
vt 0.375 0.3125
vt 0.375 0.25
vt 0.25 0.25
vt 0.625 0.75
vt 0.875 0.75
vt 0.875 0.6875
vt 0.625 0.6875
vt 0.375 0.3125
vt 0.5 0.3125
vt 0.5 0.25
vt 0.375 0.25
vt 0.625 0.6875
vt 0.875 0.6875
vt 0.875 0.625
vt 0.625 0.625
vt 0.625 0.75
vt 0.5 0.75
vt 0.5 1
vt 0.625 1
vt 0.625 0.75
vt 0.5 0.75
vt 0.5 0.5
vt 0.625 0.5
vn 0.5358655056963758 -0.03335305878500269 0.8436443168032672
vn -0.7431470603063209 0.45561928610159375 0.49004439889702595
vn -0.5358655056963758 0.03335305878500269 -0.8436443168032672
vn 0.7431470603063209 -0.45561928610159375 -0.49004439889702595
vn 0.4007251009892452 0.889549683605114 -0.21936443156355362
vn -0.4007251009892452 -0.889549683605114 0.21936443156355362
g Sporocarp
f 84/244/61 87/243/61 85/242/61 82/241/61
f 83/248/62 84/247/62 82/246/62 81/245/62
f 88/252/63 83/251/63 81/250/63 86/249/63
f 87/256/64 88/255/64 86/254/64 85/253/64
f 86/260/65 81/259/65 82/258/65 85/257/65
f 87/264/66 84/263/66 83/262/66 88/261/66
o cube
v -0.16425443424995434 0.16156153006661722 0.19472632238065046
v -0.13076284014393091 0.1594769638925546 0.24745409218085468
v -0.16042165286558907 0.0993713639568824 0.18983316122417426
v -0.12693005875956553 0.09728679778281968 0.24256093102437848
v -0.07813325805270549 0.1653325444025927 0.2142563623519428
v -0.11162485215872897 0.16741711057665543 0.16152859255173857
v -0.07430047666834017 0.10314237829285788 0.2093632011954666
v -0.10779207077436359 0.10522694446692049 0.15663543139526237
vt 0.0625 0.25
vt 0.125 0.25
vt 0.125 0.1875
vt 0.0625 0.1875
vt 0.75 0.9375
vt 0.8125 0.9375
vt 0.8125 0.875
vt 0.75 0.875
vt 0.125 0.25
vt 0.1875 0.25
vt 0.1875 0.1875
vt 0.125 0.1875
vt 0.75 0.875
vt 0.8125 0.875
vt 0.8125 0.8125
vt 0.75 0.8125
vt 0.25 0.1875
vt 0.1875 0.1875
vt 0.1875 0.25
vt 0.25 0.25
vt 0.8125 0.8125
vt 0.75 0.8125
vt 0.75 0.75
vt 0.8125 0.75
vn 0.5358655056963757 -0.03335305878500271 0.8436443168032672
vn -0.8420733134596067 -0.0936892881606109 0.5311636772625902
vn -0.5358655056963757 0.03335305878500271 -0.8436443168032672
vn 0.8420733134596067 0.0936892881606109 -0.5311636772625902
vn -0.06132450214984561 0.995042657755758 0.07829057850361945
vn 0.06132450214984561 -0.995042657755758 -0.07829057850361945
g Sporocarp
f 92/268/67 95/267/67 93/266/67 90/265/67
f 91/272/68 92/271/68 90/270/68 89/269/68
f 96/276/69 91/275/69 89/274/69 94/273/69
f 95/280/70 96/279/70 94/278/70 93/277/70
f 94/284/71 89/283/71 90/282/71 93/281/71
f 95/288/72 92/287/72 91/286/72 96/285/72
o cube
v -0.33649678664445215 0.15401950139466625 0.15566624243806593
v -0.2695135984324052 0.14985036904654092 0.26112178203847425
v -0.3326640052600869 0.09182933528493131 0.15077308128158962
v -0.2656808170480399 0.08766020293680599 0.25622862088199805
v -0.11162485215872897 0.16741711057665543 0.16152859255173868
v -0.17860804037077593 0.17158624292478075 0.05607305295133025
v -0.10779207077436359 0.10522694446692049 0.15663543139526237
v -0.17477525898641055 0.10939607681504593 0.05117989179485394
vt 0.625 0.625
vt 0.8125 0.625
vt 0.8125 0.5625
vt 0.625 0.5625
vt 0.5 0.3125
vt 0.625 0.3125
vt 0.625 0.25
vt 0.5 0.25
vt 0.4375 0.375
vt 0.625 0.375
vt 0.625 0.3125
vt 0.4375 0.3125
vt 0.6875 0.5
vt 0.8125 0.5
vt 0.8125 0.4375
vt 0.6875 0.4375
vt 0.6875 0.375
vt 0.5 0.375
vt 0.5 0.5
vt 0.6875 0.5
vt 0.4375 0.4375
vt 0.25 0.4375
vt 0.25 0.3125
vt 0.4375 0.3125
vn 0.5358655056963757 -0.03335305878500271 0.8436443168032672
vn -0.8420733134596067 -0.0936892881606109 0.5311636772625902
vn -0.5358655056963757 0.03335305878500271 -0.8436443168032672
vn 0.8420733134596067 0.0936892881606109 -0.5311636772625902
vn -0.06132450214984561 0.995042657755758 0.07829057850361945
vn 0.06132450214984561 -0.995042657755758 -0.07829057850361945
g Sporocarp
f 100/292/73 103/291/73 101/290/73 98/289/73
f 99/296/74 100/295/74 98/294/74 97/293/74
f 104/300/75 99/299/75 97/298/75 102/297/75
f 103/304/76 104/303/76 102/302/76 101/301/76
f 102/308/77 97/307/77 98/306/77 101/305/77
f 103/312/78 100/311/78 99/310/78 104/309/78
o cube
v -0.3511499340261829 0.12516219989860433 0.23791611430528914
v -0.3176583399201594 0.12307763372454161 0.29064388410549336
v -0.3295479204321982 0.06872528620513485 0.2219637545600609
v -0.29605632632617473 0.06664072003107213 0.2746915243602651
v -0.26951359843240535 0.14985036904654092 0.26112178203847425
v -0.30300519253842884 0.15193493522060364 0.20839401223827003
v -0.24791158483842068 0.09341345535307144 0.24516942229324612
v -0.28140317894444417 0.09549802152713416 0.1924416524930419
vt 0.4375 0.4375
vt 0.5 0.4375
vt 0.5 0.375
vt 0.4375 0.375
vt 0.6875 0.4375
vt 0.75 0.4375
vt 0.75 0.375
vt 0.6875 0.375
vt 0.625 0.3125
vt 0.6875 0.3125
vt 0.6875 0.25
vt 0.625 0.25
vt 0.6875 0.3125
vt 0.75 0.3125
vt 0.75 0.25
vt 0.6875 0.25
vt 0.0625 0.1875
vt 0 0.1875
vt 0 0.25
vt 0.0625 0.25
vt 0.8125 1
vt 0.75 1
vt 0.75 0.9375
vt 0.8125 0.9375
vn 0.5358655056963758 -0.03335305878500269 0.8436443168032673
vn -0.7703158638040661 -0.42836376515198915 0.4723536330723064
vn -0.5358655056963758 0.03335305878500269 -0.8436443168032673
vn 0.7703158638040661 0.42836376515198915 -0.4723536330723064
vn -0.34563221750375483 0.9029906190955118 0.25523775592365133
vn 0.34563221750375483 -0.9029906190955118 -0.25523775592365133
g Sporocarp
f 108/316/79 111/315/79 109/314/79 106/313/79
f 107/320/80 108/319/80 106/318/80 105/317/80
f 112/324/81 107/323/81 105/322/81 110/321/81
f 111/328/82 112/327/82 110/326/82 109/325/82
f 110/332/83 105/331/83 106/330/83 109/329/83
f 111/336/84 108/335/84 107/334/84 112/333/84
o cube
v 0.22476205574614028 0.15808787298815175 -0.0807557596141037
v 0.026228083188910345 0.1651506326513814 -0.2325265709270321
v 0.23942494927917624 0.10138548746603082 -0.1025752240745258
v 0.040890976721946304 0.10844824712926038 -0.2543460353874542
v -0.043850898311370234 0.11269219900255856 -0.14329625606153712
v 0.1546830742458597 0.10562943933932889 0.008474555251391291
v -0.02918800477833433 0.055989813480437634 -0.16511572052195922
v 0.16934596777889566 0.048927053817207966 -0.013344909209030809
vt 0.25 0.3125
vt 0.375 0.3125
vt 0.375 0.25
vt 0.25 0.25
vt 0.625 0.75
vt 0.875 0.75
vt 0.875 0.6875
vt 0.625 0.6875
vt 0.375 0.3125
vt 0.5 0.3125
vt 0.5 0.25
vt 0.375 0.25
vt 0.625 0.6875
vt 0.875 0.6875
vt 0.875 0.625
vt 0.625 0.625
vt 0.625 0.75
vt 0.5 0.75
vt 0.5 1
vt 0.625 1
vt 0.625 0.75
vt 0.5 0.75
vt 0.5 0.5
vt 0.625 0.5
vn -0.79413589022892 0.028251038652918448 -0.6070832452517135
vn 0.5606318520022453 0.4196674691905824 -0.71384251892396
vn 0.79413589022892 -0.028251038652918448 0.6070832452517135
vn -0.5606318520022453 -0.4196674691905824 0.71384251892396
vn -0.23460629652857487 0.907238168353935 0.34911143136675366
vn 0.23460629652857487 -0.907238168353935 -0.34911143136675366
g Sporocarp
f 116/340/85 119/339/85 117/338/85 114/337/85
f 115/344/86 116/343/86 114/342/86 113/341/86
f 120/348/87 115/347/87 113/346/87 118/345/87
f 119/352/88 120/351/88 118/350/88 117/349/88
f 118/356/89 113/355/89 114/354/89 117/353/89
f 119/360/90 116/359/90 115/358/90 120/357/90
o cube
v 0.28898867229984715 0.15927840245374014 -0.26766756867296093
v 0.18972168602123218 0.16280978228535492 -0.3435529743294251
v 0.2874694382162233 0.09680364289033516 -0.26858753894089554
v 0.18820245193760832 0.10033502272194994 -0.3444729445973597
v 0.07586157632821788 0.1633849427355739 -0.19458386809880002
v 0.17512856260683285 0.15985356290395913 -0.11869846244233584
v 0.07434234224459413 0.10091018317216882 -0.19550383836673463
v 0.1736093285232091 0.09737880334055404 -0.11961843271027045
vt 0.625 0.625
vt 0.8125 0.625
vt 0.8125 0.5625
vt 0.625 0.5625
vt 0.5 0.3125
vt 0.625 0.3125
vt 0.625 0.25
vt 0.5 0.25
vt 0.4375 0.375
vt 0.625 0.375
vt 0.625 0.3125
vt 0.4375 0.3125
vt 0.6875 0.5
vt 0.8125 0.5
vt 0.8125 0.4375
vt 0.6875 0.4375
vt 0.6875 0.375
vt 0.5 0.375
vt 0.5 0.5
vt 0.6875 0.5
vt 0.4375 0.4375
vt 0.25 0.4375
vt 0.25 0.3125
vt 0.4375 0.3125
vn -0.79413589022892 0.02825103865291847 -0.6070832452517136
vn 0.607253918362743 -0.0030675224011677323 -0.794501899896667
vn 0.79413589022892 -0.02825103865291847 0.6070832452517136
vn -0.607253918362743 0.0030675224011677323 0.794501899896667
vn 0.0243077453379811 0.999596153014481 0.01471952428695357
vn -0.0243077453379811 -0.999596153014481 -0.01471952428695357
g Sporocarp
f 124/364/91 127/363/91 125/362/91 122/361/91
f 123/368/92 124/367/92 122/366/92 121/365/92
f 128/372/93 123/371/93 121/370/93 126/369/93
f 127/376/94 128/375/94 126/374/94 125/373/94
f 126/380/95 121/379/95 122/378/95 125/377/95
f 127/384/96 124/383/96 123/382/96 128/381/96
o cube
v 0.11381494622588928 0.16319322258550095 -0.2442402368423417
v 0.06418145308658185 0.16495891250130834 -0.28218293967057384
v 0.11229571214226552 0.10071846302209586 -0.2451602071102763
v 0.06266221900295799 0.10248415293790325 -0.2831029099385084
v 0.026228083188910345 0.1651506326513814 -0.2325265709270321
v 0.07586157632821788 0.1633849427355739 -0.19458386809880002
v 0.02470884910528659 0.10267587308797632 -0.23344654119496677
v 0.07434234224459413 0.10091018317216882 -0.19550383836673463
vt 0.0625 0.25
vt 0.125 0.25
vt 0.125 0.1875
vt 0.0625 0.1875
vt 0.75 0.9375
vt 0.8125 0.9375
vt 0.8125 0.875
vt 0.75 0.875
vt 0.125 0.25
vt 0.1875 0.25
vt 0.1875 0.1875
vt 0.125 0.1875
vt 0.75 0.875
vt 0.8125 0.875
vt 0.8125 0.8125
vt 0.75 0.8125
vt 0.25 0.1875
vt 0.1875 0.1875
vt 0.1875 0.25
vt 0.25 0.25
vt 0.8125 0.8125
vt 0.75 0.8125
vt 0.75 0.75
vt 0.8125 0.75
vn -0.79413589022892 0.02825103865291847 -0.6070832452517136
vn 0.607253918362743 -0.0030675224011677323 -0.794501899896667
vn 0.79413589022892 -0.02825103865291847 0.6070832452517136
vn -0.607253918362743 0.0030675224011677323 0.794501899896667
vn 0.0243077453379811 0.999596153014481 0.01471952428695357
vn -0.0243077453379811 -0.999596153014481 -0.01471952428695357
g Sporocarp
f 132/388/97 135/387/97 133/386/97 130/385/97
f 131/392/98 132/391/98 130/390/98 129/389/98
f 136/396/99 131/395/99 129/394/99 134/393/99
f 135/400/100 136/399/100 134/398/100 133/397/100
f 134/404/101 129/403/101 130/402/101 133/401/101
f 135/408/102 132/407/102 131/406/102 136/405/102
o cube
v 0.2738381350851411 0.13695891062101762 -0.35183883162199137
v 0.22420464194583356 0.138724600536825 -0.38978153445022345
v 0.25791041994792474 0.07931312708690741 -0.33368610369349
v 0.2082769268086172 0.0810788170027148 -0.3716288065217221
v 0.18972168602123218 0.16280978228535503 -0.3435529743294251
v 0.2393551791605396 0.16104409236954753 -0.305610271501193
v 0.17379397088401582 0.10516399875124471 -0.3254002464009237
v 0.22342746402332325 0.10339830883543732 -0.2874575435726916
vt 0.4375 0.4375
vt 0.5 0.4375
vt 0.5 0.375
vt 0.4375 0.375
vt 0.6875 0.4375
vt 0.75 0.4375
vt 0.75 0.375
vt 0.6875 0.375
vt 0.625 0.3125
vt 0.6875 0.3125
vt 0.6875 0.25
vt 0.625 0.25
vt 0.6875 0.3125
vt 0.75 0.3125
vt 0.75 0.25
vt 0.6875 0.25
vt 0.0625 0.1875
vt 0 0.1875
vt 0 0.25
vt 0.0625 0.25
vt 0.8125 1
vt 0.75 1
vt 0.75 0.9375
vt 0.8125 0.9375
vn -0.7941358902289198 0.028251038652918448 -0.6070832452517136
vn 0.5517272947936229 -0.38536290797647976 -0.7396569619327746
vn 0.7941358902289198 -0.028251038652918448 0.6070832452517136
vn -0.5517272947936229 0.38536290797647976 0.7396569619327746
vn 0.25484344219546196 0.9223325365457637 -0.2904436468560224
vn -0.25484344219546196 -0.9223325365457637 0.2904436468560224
g Sporocarp
f 140/412/103 143/411/103 141/410/103 138/409/103
f 139/416/104 140/415/104 138/414/104 137/413/104
f 144/420/105 139/419/105 137/418/105 142/417/105
f 143/424/106 144/423/106 142/422/106 141/421/106
f 142/428/107 137/427/107 138/426/107 141/425/107
f 143/432/108 140/431/108 139/430/108 144/429/108
o cube
v 0.024155811784103753 0.1645025360981227 0.23320948174192402
v 0.2230801694617648 0.15989394868148965 0.08185605150476949
v 0.039306054065735285 0.10785829940833214 0.25484627005809624
v 0.23823041174339632 0.10324971199169908 0.1034928398209416
v 0.15369605300948197 0.1071169458314819 -0.007728725964989969
v -0.045228304668179176 0.11172553324811496 0.14362470427216456
v 0.1688462952911134 0.05047270914169122 0.013908062351182138
v -0.030078062386547644 0.05508129655832439 0.16526149258833678
vt 0.25 0.3125
vt 0.375 0.3125
vt 0.375 0.25
vt 0.25 0.25
vt 0.625 0.75
vt 0.875 0.75
vt 0.875 0.6875
vt 0.625 0.6875
vt 0.375 0.3125
vt 0.5 0.3125
vt 0.5 0.25
vt 0.375 0.25
vt 0.625 0.6875
vt 0.875 0.6875
vt 0.875 0.625
vt 0.625 0.625
vt 0.625 0.75
vt 0.5 0.75
vt 0.5 1
vt 0.625 1
vt 0.625 0.75
vt 0.5 0.75
vt 0.5 0.5
vt 0.625 0.5
vn 0.7956974307106442 -0.018434349666532172 -0.6054137209486183
vn 0.555072931618263 0.4222160228000624 0.7166782197580754
vn -0.7956974307106442 0.018434349666532172 0.6054137209486183
vn -0.555072931618263 -0.4222160228000624 -0.7166782197580754
vn -0.24240387650610412 0.9063077870366498 -0.3461886130587547
vn 0.24240387650610412 -0.9063077870366498 0.3461886130587547
g Sporocarp
f 148/436/109 151/435/109 149/434/109 146/433/109
f 147/440/110 148/439/110 146/438/110 145/437/110
f 152/444/111 147/443/111 145/442/111 150/441/111
f 151/448/112 152/447/112 150/446/112 149/445/112
f 150/452/113 145/451/113 146/450/113 149/449/113
f 151/456/114 148/455/114 147/454/114 152/453/114
o cube
v 0.21074828443219984 0.15286700571678802 0.16909736444874357
v 0.2604793738516151 0.1517148588626298 0.1312590068894549
v 0.2048858398768696 0.0909152095575041 0.16327871370529778
v 0.25461692929628477 0.08976306270334578 0.12544035614600912
v 0.2230801694617648 0.15989394868148965 0.08185605150476949
v 0.1733490800423495 0.16104609553564797 0.11969440906405804
v 0.21721772490643454 0.09794215252220562 0.0760374007613237
v 0.16748663548701925 0.09909429937636394 0.11387575832061225
vt 0.0625 0.25
vt 0.125 0.25
vt 0.125 0.1875
vt 0.0625 0.1875
vt 0.75 0.9375
vt 0.8125 0.9375
vt 0.8125 0.875
vt 0.75 0.875
vt 0.125 0.25
vt 0.1875 0.25
vt 0.1875 0.1875
vt 0.125 0.1875
vt 0.75 0.875
vt 0.8125 0.875
vt 0.8125 0.8125
vt 0.75 0.8125
vt 0.25 0.1875
vt 0.1875 0.1875
vt 0.1875 0.25
vt 0.25 0.25
vt 0.8125 0.8125
vt 0.75 0.8125
vt 0.75 0.75
vt 0.8125 0.75
vn 0.7956974307106444 -0.018434349666532155 -0.6054137209486183
vn 0.5983872702376055 -0.13086543710175771 0.7904472861549674
vn -0.7956974307106444 0.018434349666532155 0.6054137209486183
vn -0.5983872702376055 0.13086543710175771 -0.7904472861549674
vn 0.09379911288528471 0.9912287385485441 0.09309841189513218
vn -0.09379911288528471 -0.9912287385485441 -0.09309841189513218
g Sporocarp
f 156/460/115 159/459/115 157/458/115 154/457/115
f 155/464/116 156/463/116 154/462/116 153/461/116
f 160/468/117 155/467/117 153/466/117 158/465/117
f 159/472/118 160/471/118 158/470/118 157/469/118
f 158/476/119 153/475/119 154/474/119 157/473/119
f 159/480/120 156/479/120 155/478/120 160/477/120
o cube
v 0.18608451437307005 0.13881311978738498 0.34357999033669184
v 0.2855466932119006 0.13650882607906833 0.2679032752181145
v 0.1802220698177398 0.07686132362810094 0.33776133959324595
v 0.27968424865657027 0.07455702991978441 0.2620846244746686
v 0.1733490800423495 0.16104609553564797 0.11969440906405804
v 0.07388690120351904 0.1633503892439645 0.19537112418263536
v 0.16748663548701925 0.09909429937636394 0.11387575832061225
v 0.06802445664818868 0.10139859308468047 0.18955247343918957
vt 0.625 0.625
vt 0.8125 0.625
vt 0.8125 0.5625
vt 0.625 0.5625
vt 0.5 0.3125
vt 0.625 0.3125
vt 0.625 0.25
vt 0.5 0.25
vt 0.4375 0.375
vt 0.625 0.375
vt 0.625 0.3125
vt 0.4375 0.3125
vt 0.6875 0.5
vt 0.8125 0.5
vt 0.8125 0.4375
vt 0.6875 0.4375
vt 0.6875 0.375
vt 0.5 0.375
vt 0.5 0.5
vt 0.6875 0.5
vt 0.4375 0.4375
vt 0.25 0.4375
vt 0.25 0.3125
vt 0.4375 0.3125
vn 0.7956974307106444 -0.018434349666532155 -0.6054137209486183
vn 0.5983872702376055 -0.13086543710175771 0.7904472861549674
vn -0.7956974307106444 0.018434349666532155 0.6054137209486183
vn -0.5983872702376055 0.13086543710175771 -0.7904472861549674
vn 0.09379911288528471 0.9912287385485441 0.09309841189513218
vn -0.09379911288528471 -0.9912287385485441 -0.09309841189513218
g Sporocarp
f 164/484/121 167/483/121 165/482/121 162/481/121
f 163/488/122 164/487/122 162/486/122 161/485/122
f 168/492/123 163/491/123 161/490/123 166/489/123
f 167/496/124 168/495/124 166/494/124 165/493/124
f 166/500/125 161/499/125 162/498/125 165/497/125
f 167/504/126 164/503/126 163/502/126 168/501/126
o cube
v -0.12138329793736258 0.1642156216552576 -0.20082473599192585
v -0.23697818325870312 0.15949963282705937 0.020795619429047174
v -0.14420460705564342 0.10752722291615568 -0.21393440030969024
v -0.25979949237698396 0.10281123408795745 0.007685955111282894
v -0.13597715840054625 0.10691501857603103 0.07235773072864904
v -0.02038227307920576 0.11163100740422927 -0.149262624692324
v -0.1587984675188271 0.05022661983692911 0.05924806641088465
v -0.0432035821974866 0.05494260866512746 -0.16237228901008838
vt 0.25 0.3125
vt 0.375 0.3125
vt 0.375 0.25
vt 0.25 0.25
vt 0.625 0.75
vt 0.875 0.75
vt 0.875 0.6875
vt 0.625 0.6875
vt 0.375 0.3125
vt 0.5 0.3125
vt 0.5 0.25
vt 0.375 0.25
vt 0.625 0.6875
vt 0.875 0.6875
vt 0.875 0.625
vt 0.625 0.625
vt 0.625 0.75
vt 0.5 0.75
vt 0.5 1
vt 0.625 1
vt 0.625 0.75
vt 0.5 0.75
vt 0.5 0.5
vt 0.625 0.5
vn -0.4623795412853621 -0.01886395531279317 0.8864814216838925
vn -0.8080081988652549 0.42067691400822643 -0.4124968903968149
vn 0.4623795412853621 0.01886395531279317 -0.8864814216838925
vn 0.8080081988652549 -0.42067691400822643 0.4124968903968149
vn 0.36514094589249346 0.9070143798256299 0.2097546290842301
vn -0.36514094589249346 -0.9070143798256299 -0.2097546290842301
g Sporocarp
f 172/508/127 175/507/127 173/506/127 170/505/127
f 171/512/128 172/511/128 170/510/128 169/509/128
f 176/516/129 171/515/129 169/514/129 174/513/129
f 175/520/130 176/519/130 174/518/130 173/517/130
f 174/524/131 169/523/131 170/522/131 173/521/131
f 175/528/132 172/527/132 171/526/132 176/525/132
o cube
v -0.31627864759735236 0.1544739396840633 -0.2321839820492282
v -0.3740760902580226 0.15211594526996408 -0.12137380433874168
v -0.3132028544307908 0.09205027953299749 -0.2319080296243844
v -0.37100029709146104 0.08969228511889837 -0.12109785191389777
v -0.20807946192836796 0.16067863003410898 -0.03460946942619603
v -0.15028201926769774 0.1630366244482081 -0.1454196471366826
v -0.20500366876180642 0.09825496988304316 -0.03433351700135223
v -0.1472062261011362 0.10061296429714228 -0.14514369471183874
vt 0.625 0.625
vt 0.8125 0.625
vt 0.8125 0.5625
vt 0.625 0.5625
vt 0.5 0.3125
vt 0.625 0.3125
vt 0.625 0.25
vt 0.5 0.25
vt 0.4375 0.375
vt 0.625 0.375
vt 0.625 0.3125
vt 0.4375 0.3125
vt 0.6875 0.5
vt 0.8125 0.5
vt 0.8125 0.4375
vt 0.6875 0.4375
vt 0.6875 0.375
vt 0.5 0.375
vt 0.5 0.5
vt 0.6875 0.5
vt 0.4375 0.4375
vt 0.25 0.4375
vt 0.25 0.3125
vt 0.4375 0.3125
vn -0.462379541285362 -0.018863955312793185 0.8864814216838925
vn -0.8853153510914915 -0.045667652075438846 -0.4627431195335766
vn 0.462379541285362 0.018863955312793185 -0.8864814216838925
vn 0.8853153510914915 0.045667652075438846 0.4627431195335766
vn -0.04921269066498445 0.9987785624170524 -0.00441523879750127
vn 0.04921269066498445 -0.9987785624170524 0.00441523879750127
g Sporocarp
f 180/532/133 183/531/133 181/530/133 178/529/133
f 179/536/134 180/535/134 178/534/134 177/533/134
f 184/540/135 179/539/135 177/538/135 182/537/135
f 183/544/136 184/543/136 182/542/136 181/541/136
f 182/548/137 177/547/137 178/546/137 181/545/137
f 183/552/138 180/551/138 179/550/138 184/549/138
o cube
v -0.26341167137158616 0.15782440177939394 -0.06353091439704461
v -0.2923103927019213 0.15664540457234444 -0.008125825541801301
v -0.26033587820502463 0.09540074162832823 -0.06325496197220076
v -0.2892345995353598 0.09422174442127862 -0.007849873116957506
v -0.23697818325870307 0.15949963282705937 0.020795619429047174
v -0.20807946192836796 0.16067863003410898 -0.03460946942619608
v -0.23390239009214153 0.09707597267599355 0.02107157185389108
v -0.20500366876180642 0.09825496988304316 -0.03433351700135223
vt 0.0625 0.25
vt 0.125 0.25
vt 0.125 0.1875
vt 0.0625 0.1875
vt 0.75 0.9375
vt 0.8125 0.9375
vt 0.8125 0.875
vt 0.75 0.875
vt 0.125 0.25
vt 0.1875 0.25
vt 0.1875 0.1875
vt 0.125 0.1875
vt 0.75 0.875
vt 0.8125 0.875
vt 0.8125 0.8125
vt 0.75 0.8125
vt 0.25 0.1875
vt 0.1875 0.1875
vt 0.1875 0.25
vt 0.25 0.25
vt 0.8125 0.8125
vt 0.75 0.8125
vt 0.75 0.75
vt 0.8125 0.75
vn -0.462379541285362 -0.018863955312793185 0.8864814216838925
vn -0.8853153510914915 -0.045667652075438846 -0.4627431195335766
vn 0.462379541285362 0.018863955312793185 -0.8864814216838925
vn 0.8853153510914915 0.045667652075438846 0.4627431195335766
vn -0.04921269066498445 0.9987785624170524 -0.00441523879750127
vn 0.04921269066498445 -0.9987785624170524 0.00441523879750127
g Sporocarp
f 188/556/139 191/555/139 189/554/139 186/553/139
f 187/560/140 188/559/140 186/558/140 185/557/140
f 192/564/141 187/563/141 185/562/141 190/561/141
f 191/568/142 192/567/142 190/566/142 189/565/142
f 190/572/143 185/571/143 186/570/143 189/569/143
f 191/576/144 188/575/144 187/574/144 192/573/144
o cube
v 0.09875296405908307 0.17087533038239622 -0.2075589640469725
v -0.14910825128436955 0.17087533038239666 -0.1749274159919597
v 0.09498607104355439 0.11543715330875715 -0.23617135716186954
v -0.15287514429989824 0.11543715330875759 -0.20353980910685676
v -0.13463598297028356 0.11315675372801792 -0.06499962442477814
v 0.11322523237316906 0.11315675372801748 -0.09763117247979092
v -0.13840287598581225 0.05771857665437885 -0.09361201753967519
v 0.10945833935764038 0.05771857665437852 -0.12624356559468797
vt 0.25 0.3125
vt 0.375 0.3125
vt 0.375 0.25
vt 0.25 0.25
vt 0.625 0.75
vt 0.875 0.75
vt 0.875 0.6875
vt 0.625 0.6875
vt 0.375 0.3125
vt 0.5 0.3125
vt 0.5 0.25
vt 0.375 0.25
vt 0.625 0.6875
vt 0.875 0.6875
vt 0.875 0.625
vt 0.625 0.625
vt 0.625 0.75
vt 0.5 0.75
vt 0.5 1
vt 0.625 1
vt 0.625 0.75
vt 0.5 0.75
vt 0.5 0.5
vt 0.625 0.5
vn -0.9914448613738105 0 0.13052619222005105
vn -0.11577814651268778 0.46174861323502947 -0.8794223325374525
vn 0.9914448613738105 0 -0.13052619222005105
vn 0.11577814651268778 -0.46174861323502947 0.8794223325374525
vn 0.06027028824845903 0.887010833178224 0.45779828983835286
vn -0.06027028824845903 -0.887010833178224 -0.45779828983835286
g Sporocarp
f 196/580/145 199/579/145 197/578/145 194/577/145
f 195/584/146 196/583/146 194/582/146 193/581/146
f 200/588/147 195/587/147 193/586/147 198/585/147
f 199/592/148 200/591/148 198/590/148 197/589/148
f 198/596/149 193/595/149 194/594/149 197/593/149
f 199/600/150 196/599/150 195/598/150 200/597/150
o cube
v -0.09529306996146225 0.16814911867206273 -0.24499162960271142
v -0.15725837379732538 0.16814911867206284 -0.23683374258895823
v -0.09493722792772674 0.10570860482319655 -0.24228874101148384
v -0.15690253176358993 0.10570860482319666 -0.23413085399773065
v -0.14910825128436955 0.17087533038239666 -0.17492741599195966
v -0.08714294744850637 0.17087533038239644 -0.18308530300571285
v -0.14875240925063404 0.10843481653353049 -0.17222452740073213
v -0.08678710541477092 0.10843481653353038 -0.18038241441448533
vt 0.0625 0.25
vt 0.125 0.25
vt 0.125 0.1875
vt 0.0625 0.1875
vt 0.75 0.9375
vt 0.8125 0.9375
vt 0.8125 0.875
vt 0.75 0.875
vt 0.125 0.25
vt 0.1875 0.25
vt 0.1875 0.1875
vt 0.125 0.1875
vt 0.75 0.875
vt 0.8125 0.875
vt 0.8125 0.8125
vt 0.75 0.8125
vt 0.25 0.1875
vt 0.1875 0.1875
vt 0.1875 0.25
vt 0.25 0.25
vt 0.8125 0.8125
vt 0.75 0.8125
vt 0.75 0.75
vt 0.8125 0.75
vn -0.9914448613738105 0 0.13052619222005105
vn -0.13040196020729386 -0.04361938736534085 -0.9905012255519766
vn 0.9914448613738105 0 -0.13052619222005105
vn 0.13040196020729386 0.04361938736534085 0.9905012255519766
vn -0.0056934725397676566 0.9990482215818577 -0.043246217459641204
vn 0.0056934725397676566 -0.9990482215818577 0.043246217459641204
g Sporocarp
f 204/604/151 207/603/151 205/602/151 202/601/151
f 203/608/152 204/607/152 202/606/152 201/605/152
f 208/612/153 203/611/153 201/610/153 206/609/153
f 207/616/154 208/615/154 206/614/154 205/613/154
f 206/620/155 201/619/155 202/618/155 205/617/155
f 207/624/156 204/623/156 203/622/156 208/621/156
o cube
v 0.012337292684352352 0.16269669525139485 -0.3851200568242149
v -0.11159331498737396 0.16269669525139507 -0.3688042827967085
v 0.012693134718087862 0.10025618140252879 -0.3824171682329873
v -0.1112374729536385 0.10025618140252901 -0.36610139420548093
v -0.08714294744850637 0.17087533038239644 -0.18308530300571285
v 0.03678766022321989 0.17087533038239622 -0.19940107703321924
v -0.08678710541477092 0.10843481653353038 -0.18038241441448533
v 0.037143502256955396 0.10843481653353015 -0.19669818844199172
vt 0.625 0.625
vt 0.8125 0.625
vt 0.8125 0.5625
vt 0.625 0.5625
vt 0.5 0.3125
vt 0.625 0.3125
vt 0.625 0.25
vt 0.5 0.25
vt 0.4375 0.375
vt 0.625 0.375
vt 0.625 0.3125
vt 0.4375 0.3125
vt 0.6875 0.5
vt 0.8125 0.5
vt 0.8125 0.4375
vt 0.6875 0.4375
vt 0.6875 0.375
vt 0.5 0.375
vt 0.5 0.5
vt 0.6875 0.5
vt 0.4375 0.4375
vt 0.25 0.4375
vt 0.25 0.3125
vt 0.4375 0.3125
vn -0.9914448613738105 0 0.13052619222005105
vn -0.13040196020729386 -0.04361938736534085 -0.9905012255519766
vn 0.9914448613738105 0 -0.13052619222005105
vn 0.13040196020729386 0.04361938736534085 0.9905012255519766
vn -0.0056934725397676566 0.9990482215818577 -0.043246217459641204
vn 0.0056934725397676566 -0.9990482215818577 0.043246217459641204
g Sporocarp
f 212/628/157 215/627/157 213/626/157 210/625/157
f 211/632/158 212/631/158 210/630/158 209/629/158
f 216/636/159 211/635/159 209/634/159 214/633/159
f 215/640/160 216/639/160 214/638/160 213/637/160
f 214/644/161 209/643/161 210/642/161 213/641/161
f 215/648/162 212/647/162 211/646/162 216/645/162
o cube
v 0.004943736158022682 0.13628305389260087 -0.4412796942167495
v -0.0570215676778405 0.13628305389260098 -0.4331218072029963
v 0.008391408187252036 0.07963881720281041 -0.4150920252214024
v -0.05357389564861115 0.07963881720281052 -0.40693413820764923
v -0.04962801115151083 0.16269669525139496 -0.37696216981046166
v 0.012337292684352352 0.16269669525139485 -0.38512005682421485
v -0.04618033912228148 0.1060524585616045 -0.3507745008151146
v 0.015784964713581706 0.10605245856160439 -0.35893238782886777
vt 0.4375 0.4375
vt 0.5 0.4375
vt 0.5 0.375
vt 0.4375 0.375
vt 0.6875 0.4375
vt 0.75 0.4375
vt 0.75 0.375
vt 0.6875 0.375
vt 0.625 0.3125
vt 0.6875 0.3125
vt 0.6875 0.25
vt 0.625 0.25
vt 0.6875 0.3125
vt 0.75 0.3125
vt 0.75 0.25
vt 0.6875 0.25
vt 0.0625 0.1875
vt 0 0.1875
vt 0 0.25
vt 0.0625 0.25
vt 0.8125 1
vt 0.75 1
vt 0.75 0.9375
vt 0.8125 0.9375
vn -0.9914448613738105 0 0.13052619222005105
vn -0.11829690442127541 -0.4226182617407041 -0.8985541982805543
vn 0.9914448613738105 0 -0.13052619222005105
vn 0.11829690442127541 0.4226182617407041 0.8985541982805543
vn -0.05516275246766946 0.9063077870366478 -0.4190027039255532
vn 0.05516275246766946 -0.9063077870366478 0.4190027039255532
g Sporocarp
f 220/652/163 223/651/163 221/650/163 218/649/163
f 219/656/164 220/655/164 218/654/164 217/653/164
f 224/660/165 219/659/165 217/658/165 222/657/165
f 223/664/166 224/663/166 222/662/166 221/661/166
f 222/668/167 217/667/167 218/666/167 221/665/167
f 223/672/168 220/671/168 219/670/168 224/669/168
o cube
v 0.0625 0.1875 0.0625
v 0.0625 0.1875 -0.0625
v 0.0625 0 0.0625
v 0.0625 0 -0.0625
v -0.0625 0.1875 -0.0625
v -0.0625 0.1875 0.0625
v -0.0625 0 -0.0625
v -0.0625 0 0.0625
vt 0.25 1
vt 0.5 1
vt 0.5 0.8125
vt 0.25 0.8125
vt 0.25 0.8125
vt 0.5 0.8125
vt 0.5 0.625
