# Made in Blockbench 4.8.1

o cube
v 0.0625 -0.625 0.17912658773652745
v 0.0625 -0.5 -0.03737976320958225
v 0.0625 -0.625 0.17912658773652745
v 0.0625 -0.5 -0.03737976320958225
v 0 -0.5 -0.03737976320958225
v 0 -0.625 0.17912658773652745
v 0 -0.5 -0.03737976320958225
v 0 -0.625 0.17912658773652745
vt 0 1
vt 0.125 1
vt 0.125 1
vt 0 1
vt 0 1
vt 0.5 1
vt 0.5 1
vt 0 1
vt 0 1
vt 0.125 1
vt 0.125 1
vt 0 1
vt 0 1
vt 0.5 1
vt 0.5 1
vt 0 1
vt 0 0.25
vt 0.0625 0.25
vt 0.0625 0
vt 0 0
vt 0.125 0.6875
vt 0.1875 0.6875
vt 0.1875 0
vt 0.125 0
vn 0 0.49999999999999994 -0.8660254037844387
vn 1 0 0
vn 0 -0.49999999999999994 0.8660254037844387
vn -1 0 0
vn 0 0.8660254037844387 0.49999999999999994
vn 0 -0.8660254037844387 -0.49999999999999994
g Sporocarp
f 4/4/1 7/3/1 5/2/1 2/1/1
f 3/8/2 4/7/2 2/6/2 1/5/2
f 8/12/3 3/11/3 1/10/3 6/9/3
f 7/16/4 8/15/4 6/14/4 5/13/4
f 6/20/5 1/19/5 2/18/5 5/17/5
f 7/24/6 4/23/6 3/22/6 8/21/6
o cube
v 0.0625 -0.4999860476372061 -0.03739639098806691
v 0.0625 -0.3084749368574617 -0.19809329340970178
v 0.0625 -0.4999860476372061 -0.03739639098806691
v 0.0625 -0.3084749368574617 -0.19809329340970178
v 0 -0.3084749368574617 -0.19809329340970178
v 0 -0.4999860476372061 -0.03739639098806691
v 0 -0.3084749368574617 -0.19809329340970178
v 0 -0.4999860476372061 -0.03739639098806691
vt 0 1
vt 0.125 1
vt 0.125 1
vt 0 1
vt 0 1
vt 0.5 1
vt 0.5 1
vt 0 1
vt 0 1
vt 0.125 1
vt 0.125 1
vt 0 1
vt 0 1
vt 0.5 1
vt 0.5 1
vt 0 1
vt 0 0.5
vt 0.0625 0.5
vt 0.0625 0.25
vt 0 0.25
vt 0.125 0.6875
vt 0.1875 0.6875
vt 0.1875 0
vt 0.125 0
vn 0 0.7660444431189779 -0.6427876096865395
vn 1 0 0
vn 0 -0.7660444431189779 0.6427876096865395
vn -1 0 0
vn 0 0.6427876096865395 0.7660444431189779
vn 0 -0.6427876096865395 -0.7660444431189779
g Sporocarp
f 12/28/7 15/27/7 13/26/7 10/25/7
f 11/32/8 12/31/8 10/30/8 9/29/8
f 16/36/9 11/35/9 9/34/9 14/33/9
f 15/40/10 16/39/10 14/38/10 13/37/10
f 14/44/11 9/43/11 10/42/11 13/41/11
f 15/48/12 12/47/12 11/46/12 16/45/12
o cube
v 0.0625 -0.30844829010646174 -0.198106434133076
v 0.0625 -0.0643742883264784 -0.25221633761760154
v 0.0625 -0.30844829010646174 -0.198106434133076
v 0.0625 -0.0643742883264784 -0.25221633761760154
v 0 -0.0643742883264784 -0.25221633761760154
v 0 -0.30844829010646174 -0.198106434133076
v 0 -0.0643742883264784 -0.25221633761760154
v 0 -0.30844829010646174 -0.198106434133076
vt 0 1
vt 0.125 1
vt 0.125 1
vt 0 1
vt 0 1
vt 0.5 1
vt 0.5 1
vt 0 1
vt 0 1
vt 0.125 1
vt 0.125 1
vt 0 1
vt 0 1
vt 0.5 1
vt 0.5 1
vt 0 1
vt 0 1
vt 0.0625 1
vt 0.0625 0.5
vt 0 0.5
vt 0.125 0.6875
vt 0.1875 0.6875
vt 0.1875 0
vt 0.125 0
vn 0 0.9762960071199335 -0.2164396139381023
vn 1 0 0
vn 0 -0.9762960071199335 0.2164396139381023
vn -1 0 0
vn 0 0.2164396139381023 0.9762960071199335
vn 0 -0.2164396139381023 -0.9762960071199335
g Sporocarp
f 20/52/13 23/51/13 21/50/13 18/49/13
f 19/56/14 20/55/14 18/54/14 17/53/14
f 24/60/15 19/59/15 17/58/15 22/57/15
f 23/64/16 24/63/16 22/62/16 21/61/16
f 22/68/17 17/67/17 18/66/17 21/65/17
f 23/72/18 20/71/18 19/70/18 24/69/18
o cube
v 0.15625 -0.03125 -0.125
v 0.15625 -0.03125 -0.375
v 0.15625 -0.09375 -0.125
v 0.15625 -0.09375 -0.375
v -0.09375 -0.03125 -0.375
v -0.09375 -0.03125 -0.125
v -0.09375 -0.09375 -0.375
v -0.09375 -0.09375 -0.125
vt 0.3125 0.625
vt 0.5625 0.625
vt 0.5625 0.5625
vt 0.3125 0.5625
vt 0.25 0.3125
vt 0.25 0.5625
vt 0.3125 0.5625
vt 0.3125 0.3125
vt 0.3125 0.3125
vt 0.5625 0.3125
vt 0.5625 0.25
vt 0.3125 0.25
vt 0.625 0.3125
vt 0.625 0.5625
vt 0.5625 0.5625
vt 0.5625 0.3125
vt 0.3125 0.5625
vt 0.5625 0.5625
vt 0.5625 0.3125
vt 0.3125 0.3125
vt 0.3125 0.9375
vt 0.5625 0.9375
vt 0.5625 0.6875
vt 0.3125 0.6875
vn 0 0 -1
vn 1 0 0
vn 0 0 1
vn -1 0 0
vn 0 1 0
vn 0 -1 0
g Sporocarp
f 28/76/19 31/75/19 29/74/19 26/73/19
f 27/80/20 28/79/20 26/78/20 25/77/20
f 32/84/21 27/83/21 25/82/21 30/81/21
f 31/88/22 32/87/22 30/86/22 29/85/22
f 30/92/23 25/91/23 26/90/23 29/89/23
f 31/96/24 28/95/24 27/94/24 32/93/24
o cube
v 0.35260962313523936 -0.1579478250867778 -0.059294820579260166
v 0.5126191334183658 -0.18861144999889412 -0.24891733698014318
v 0.3498194614495609 -0.21991312892264098 -0.05162891435123107
v 0.5098289717326874 -0.2505767538347573 -0.24125143075211408
v 0.32085783236093546 -0.19977209674160812 -0.40892684726326956
v 0.16084832207780908 -0.16910847182949174 -0.21930433086238654
v 0.318067670675257 -0.26173740057747125 -0.40126094103524046
v 0.1580581603921306 -0.23107377566535492 -0.21163842463435745
vt 0.3125 0.625
vt 0.5625 0.625
vt 0.5625 0.5625
vt 0.3125 0.5625
vt 0.25 0.3125
vt 0.25 0.5625
vt 0.3125 0.5625
vt 0.3125 0.3125
vt 0.3125 0.3125
vt 0.5625 0.3125
vt 0.5625 0.25
vt 0.3125 0.25
vt 0.625 0.3125
vt 0.625 0.5625
vt 0.5625 0.5625
vt 0.5625 0.3125
vt 0.3125 0.5625
vt 0.5625 0.5625
vt 0.5625 0.3125
vt 0.3125 0.3125
vt 0.3125 0.9375
vt 0.5625 0.9375
vt 0.5625 0.6875
vt 0.3125 0.6875
vn 0.6400380411325054 -0.12265449964846534 -0.7584900656035317
vn 0.7670452042297213 0.044642586970855686 0.6400380411325054
vn -0.6400380411325054 0.12265449964846534 0.7584900656035317
vn -0.7670452042297213 -0.044642586970855686 -0.6400380411325054
vn 0.04464258697085562 0.9914448613738105 -0.12265449964846539
vn -0.04464258697085562 -0.9914448613738105 0.12265449964846539
g Sporocarp
f 36/100/25 39/99/25 37/98/25 34/97/25
f 35/104/26 36/103/26 34/102/26 33/101/26
f 40/108/27 35/107/27 33/106/27 38/105/27
f 39/112/28 40/111/28 38/110/28 37/109/28
f 38/116/29 33/115/29 34/114/29 37/113/29
f 39/120/30 36/119/30 35/118/30 40/117/30
o cube
v 0.05954001375355744 -0.7135009596073765 0.18420471771490043
v 0.20369263787720915 -0.6161258300816603 0.004654988926146353
v 0.05954001375355744 -0.7135009596073765 0.18420471771490043
v 0.20369263787720915 -0.6161258300816603 0.004654988926146353
v 0.1557523126128516 -0.618915991767339 -0.03534738864463516
v 0.0115996884891999 -0.7162911212930552 0.14420234014411892
v 0.1557523126128516 -0.618915991767339 -0.03534738864463516
v 0.0115996884891999 -0.7162911212930552 0.14420234014411892
vt 0 1
vt 0.125 1
vt 0.125 1
vt 0 1
vt 0 1
vt 0.5 1
vt 0.5 1
vt 0 1
vt 0 1
vt 0.125 1
vt 0.125 1
vt 0 1
vt 0 1
vt 0.5 1
vt 0.5 1
vt 0 1
vt 0 0.25
vt 0.0625 0.25
vt 0.0625 0
vt 0 0
vt 0.125 0.6875
vt 0.1875 0.6875
vt 0.1875 0
vt 0.125 0
vn 0.576610496494607 0.3895005181028647 -0.7181989151550167
vn 0.7670452042297213 0.044642586970855686 0.6400380411325054
vn -0.576610496494607 -0.3895005181028647 0.7181989151550167
vn -0.7670452042297213 -0.044642586970855686 -0.6400380411325054
vn -0.28135740615883553 0.9199436862254936 0.2730231202177253
vn 0.28135740615883553 -0.9199436862254936 -0.2730231202177253
g Sporocarp
f 44/124/31 47/123/31 45/122/31 42/121/31
f 43/128/32 44/127/32 42/126/32 41/125/32
f 48/132/33 43/131/33 41/130/33 46/129/33
f 47/136/34 48/135/34 46/134/34 45/133/34
f 46/140/35 41/139/35 42/138/35 45/137/35
f 47/144/36 44/143/36 43/142/36 48/141/36
o cube
v 0.20370390315754838 -0.6161140365551148 0.004640665601275407
v 0.3151055852184228 -0.44595152803813043 -0.14073603792860623
v 0.20370390315754838 -0.6161140365551148 0.004640665601275407
v 0.3151055852184228 -0.44595152803813043 -0.14073603792860623
v 0.26716525995406526 -0.4487416897238089 -0.18073841549938785
v 0.15576357789319073 -0.6189041982407933 -0.03536171196950627
v 0.26716525995406526 -0.4487416897238089 -0.18073841549938785
v 0.15576357789319073 -0.6189041982407933 -0.03536171196950627
vt 0 1
vt 0.125 1
vt 0.125 1
vt 0 1
vt 0 1
vt 0.5 1
vt 0.5 1
vt 0 1
vt 0 1
vt 0.125 1
vt 0.125 1
vt 0 1
vt 0 1
vt 0.5 1
vt 0.5 1
vt 0 1
vt 0 0.5
vt 0.0625 0.5
vt 0.0625 0.25
vt 0 0.25
vt 0.125 0.6875
vt 0.1875 0.6875
vt 0.1875 0
vt 0.125 0
vn 0.44560672824349795 0.6806500340679373 -0.5815068141195263
vn 0.7670452042297213 0.04464258697085566 0.6400380411325055
vn -0.44560672824349795 -0.6806500340679373 0.5815068141195263
vn -0.7670452042297213 -0.04464258697085566 -0.6400380411325055
vn -0.4616018830250919 0.7312472704577196 0.502196307270199
vn 0.4616018830250919 -0.7312472704577196 -0.502196307270199
g Sporocarp
f 52/148/37 55/147/37 53/146/37 50/145/37
f 51/152/38 52/151/38 50/150/38 49/149/38
f 56/156/39 51/155/39 49/154/39 54/153/39
f 55/160/40 56/159/40 54/158/40 53/157/40
f 54/164/41 49/163/41 50/162/41 53/161/41
f 55/168/42 52/167/42 51/166/42 56/165/42
o cube
v 0.31511518536116934 -0.44592672102262954 -0.14074927338065157
v 0.3606436768450618 -0.21057762930084395 -0.2117278721899527
v 0.31511518536116934 -0.44592672102262954 -0.14074927338065157
v 0.3606436768450618 -0.21057762930084395 -0.2117278721899527
v 0.31270335158070406 -0.21336779098652248 -0.2517302497607343
v 0.2671748600968118 -0.448716882708308 -0.18075165095143325
v 0.31270335158070406 -0.21336779098652248 -0.2517302497607343
v 0.2671748600968118 -0.448716882708308 -0.18075165095143325
vt 0 1
vt 0.125 1
vt 0.125 1
vt 0 1
vt 0 1
vt 0.5 1
vt 0.5 1
vt 0 1
vt 0 1
vt 0.125 1
vt 0.125 1
vt 0 1
vt 0 1
vt 0.5 1
vt 0.5 1
vt 0 1
vt 0 1
vt 0.0625 1
vt 0.0625 0.5
vt 0 0.5
vt 0.125 0.6875
vt 0.1875 0.6875
vt 0.1875 0
vt 0.125 0
vn 0.18211396593556944 0.9413963668871421 -0.2839143952372043
vn 0.7670452042297214 0.044642586970855665 0.6400380411325055
vn -0.18211396593556944 -0.9413963668871421 0.2839143952372043
vn -0.7670452042297214 -0.044642586970855665 -0.6400380411325055
vn -0.6152041596733587 0.3343350412987529 0.7139635299371795
vn 0.6152041596733587 -0.3343350412987529 -0.7139635299371795
g Sporocarp
f 60/172/43 63/171/43 61/170/43 58/169/43
f 59/176/44 60/175/44 58/174/44 57/173/44
f 64/180/45 59/179/45 57/178/45 62/177/45
f 63/184/46 64/183/46 62/182/46 61/181/46
f 62/188/47 57/187/47 58/186/47 61/185/47
f 63/192/48 60/191/48 59/190/48 64/189/48
o cube
v 0.2815127515977892 0.09375 -0.0838240025998448
v 0.3462175128734194 0.09375 -0.32530545917211195
v 0.2815127515977892 0.03125 -0.0838240025998448
v 0.3462175128734194 0.03125 -0.32530545917211195
v 0.10473605630115235 0.09375 -0.39001022044774214
v 0.04003129502552216 0.09375 -0.14852876387547498
v 0.10473605630115235 0.03125 -0.39001022044774214
v 0.04003129502552216 0.03125 -0.14852876387547498
vt 0.3125 0.625
vt 0.5625 0.625
vt 0.5625 0.5625
vt 0.3125 0.5625
vt 0.25 0.3125
vt 0.25 0.5625
vt 0.3125 0.5625
vt 0.3125 0.3125
vt 0.3125 0.3125
vt 0.5625 0.3125
vt 0.5625 0.25
vt 0.3125 0.25
vt 0.625 0.3125
vt 0.625 0.5625
vt 0.5625 0.5625
vt 0.5625 0.3125
vt 0.3125 0.5625
vt 0.5625 0.5625
vt 0.5625 0.3125
vt 0.3125 0.3125
vt 0.3125 0.9375
vt 0.5625 0.9375
vt 0.5625 0.6875
vt 0.3125 0.6875
vn 0.25881904510252074 0 -0.9659258262890683
vn 0.9659258262890683 0 0.25881904510252074
vn -0.25881904510252074 0 0.9659258262890683
vn -0.9659258262890683 0 -0.25881904510252074
vn 0 1 0
vn 0 -1 0
g Sporocarp
f 68/196/49 71/195/49 69/194/49 66/193/49
f 67/200/50 68/199/50 66/198/50 65/197/50
f 72/204/51 67/203/51 65/202/51 70/201/51
f 71/208/52 72/207/52 70/206/52 69/205/52
f 70/212/53 65/211/53 66/210/53 69/209/53
f 71/216/54 68/215/54 67/214/54 72/213/54
o cube
v 0.11224345235493305 -0.5000000000000001 0.185675437477674
v 0.16827941936543633 -0.3750000000000001 -0.023453638456778003
v 0.11224345235493305 -0.5000000000000001 0.185675437477674
v 0.16827941936543633 -0.3750000000000001 -0.023453638456778003
v 0.1079090552223696 -0.3750000000000001 -0.03962982877568555
v 0.0518730882118662 -0.5000000000000001 0.1694992471587664
v 0.1079090552223696 -0.3750000000000001 -0.03962982877568555
v 0.0518730882118662 -0.5000000000000001 0.1694992471587664
vt 0 1
vt 0.125 1
vt 0.125 1
vt 0 1
vt 0 1
vt 0.5 1
vt 0.5 1
vt 0 1
vt 0 1
vt 0.125 1
vt 0.125 1
vt 0 1
vt 0 1
vt 0.5 1
vt 0.5 1
vt 0 1
vt 0 0.25
vt 0.0625 0.25
vt 0.0625 0
vt 0 0
vt 0.125 0.6875
vt 0.1875 0.6875
vt 0.1875 0
vt 0.125 0
vn 0.2241438680420134 0.5 -0.8365163037378079
vn 0.9659258262890683 0 0.25881904510252074
vn -0.2241438680420134 -0.5 0.8365163037378079
vn -0.9659258262890683 0 -0.25881904510252074
vn -0.12940952255126034 0.8660254037844387 0.4829629131445341
vn 0.12940952255126034 -0.8660254037844387 -0.4829629131445341
g Sporocarp
f 76/220/55 79/219/55 77/218/55 74/217/55
f 75/224/56 76/223/56 74/222/56 73/221/56
f 80/228/57 75/227/57 73/226/57 78/225/57
f 79/232/58 80/231/58 78/230/58 77/229/58
f 78/236/59 73/235/59 74/234/59 77/233/59
f 79/240/60 76/239/60 75/238/60 80/237/60
o cube
v 0.168283722951186 -0.3749860476372063 -0.02346969965745016
v 0.2098751417868865 -0.18347493685746175 -0.17869098791116167
v 0.168283722951186 -0.3749860476372063 -0.02346969965745016
v 0.2098751417868865 -0.18347493685746175 -0.17869098791116167
v 0.14950477764381964 -0.18347493685746175 -0.19486717823006922
v 0.10791335880811914 -0.3749860476372063 -0.03964588997635771
v 0.14950477764381964 -0.18347493685746175 -0.19486717823006922
v 0.10791335880811914 -0.3749860476372063 -0.03964588997635771
vt 0 1
vt 0.125 1
vt 0.125 1
vt 0 1
vt 0 1
vt 0.5 1
vt 0.5 1
vt 0 1
vt 0 1
vt 0.125 1
vt 0.125 1
vt 0 1
vt 0 1
vt 0.5 1
vt 0.5 1
vt 0 1
vt 0 0.5
vt 0.0625 0.5
vt 0.0625 0.25
vt 0 0.25
vt 0.125 0.6875
vt 0.1875 0.6875
vt 0.1875 0
vt 0.125 0
vn 0.16636567534280194 0.7660444431189779 -0.6208851530148458
vn 0.9659258262890683 0 0.25881904510252074
vn -0.16636567534280194 -0.7660444431189779 0.6208851530148458
vn -0.9659258262890683 0 -0.25881904510252074
vn -0.19826689127414612 0.6427876096865396 0.7399421116938479
vn 0.19826689127414612 -0.6427876096865396 -0.7399421116938479
g Sporocarp
f 84/244/61 87/243/61 85/242/61 82/241/61
f 83/248/62 84/247/62 82/246/62 81/245/62
f 88/252/63 83/251/63 81/250/63 86/249/63
f 87/256/64 88/255/64 86/254/64 85/253/64
f 86/260/65 81/259/65 82/258/65 85/257/65
f 87/264/66 84/263/66 83/262/66 88/261/66
o cube
v 0.2098785428563621 -0.18344829010646202 -0.17870368087524485
v 0.22388321640681652 0.060625711673521154 -0.23096983410895688
v 0.2098785428563621 -0.18344829010646202 -0.17870368087524485
v 0.22388321640681652 0.060625711673521154 -0.23096983410895688
v 0.16351285226374979 0.060625711673521154 -0.24714602442786443
v 0.14950817871329525 -0.18344829010646202 -0.1948798711941524
v 0.16351285226374979 0.060625711673521154 -0.24714602442786443
v 0.14950817871329525 -0.18344829010646202 -0.1948798711941524
vt 0 1
vt 0.125 1
vt 0.125 1
vt 0 1
vt 0 1
vt 0.5 1
vt 0.5 1
vt 0 1
vt 0 1
vt 0.125 1
vt 0.125 1
vt 0 1
vt 0 1
vt 0.5 1
vt 0.5 1
vt 0 1
vt 0 1
vt 0.0625 1
vt 0.0625 0.5
vt 0 0.5
vt 0.125 0.6875
vt 0.1875 0.6875
vt 0.1875 0
vt 0.125 0
vn 0.056018694201817876 0.9762960071199336 -0.2090646129348484
vn 0.9659258262890683 0 0.2588190451025207
vn -0.056018694201817876 -0.9762960071199336 0.2090646129348484
vn -0.9659258262890683 0 -0.2588190451025207
vn -0.25268400030018495 0.2164396139381023 0.9430295273800399
vn 0.25268400030018495 -0.2164396139381023 -0.9430295273800399
g Sporocarp
f 92/268/67 95/267/67 93/266/67 90/265/67
f 91/272/68 92/271/68 90/270/68 89/269/68
f 96/276/69 91/275/69 89/274/69 94/273/69
f 95/280/70 96/279/70 94/278/70 93/277/70
f 94/284/71 89/283/71 90/282/71 93/281/71
f 95/288/72 92/287/72 91/286/72 96/285/72
o cube
v -0.12547647914110333 -0.031250000000000056 -0.26273303817018423
v -0.25047647914110327 -0.031250000000000056 -0.47923938911629393
v -0.12547647914110333 -0.09375000000000006 -0.26273303817018423
v -0.25047647914110327 -0.09375000000000006 -0.47923938911629393
v -0.466982830087213 -0.031250000000000056 -0.35423938911629393
v -0.341982830087213 -0.031250000000000056 -0.13773303817018429
v -0.466982830087213 -0.09375000000000006 -0.35423938911629393
v -0.341982830087213 -0.09375000000000006 -0.13773303817018429
vt 0.3125 0.625
vt 0.5625 0.625
vt 0.5625 0.5625
vt 0.3125 0.5625
vt 0.25 0.3125
vt 0.25 0.5625
vt 0.3125 0.5625
vt 0.3125 0.3125
vt 0.3125 0.3125
vt 0.5625 0.3125
vt 0.5625 0.25
vt 0.3125 0.25
vt 0.625 0.3125
vt 0.625 0.5625
vt 0.5625 0.5625
vt 0.5625 0.3125
vt 0.3125 0.5625
vt 0.5625 0.5625
vt 0.5625 0.3125
vt 0.3125 0.3125
vt 0.3125 0.9375
vt 0.5625 0.9375
vt 0.5625 0.6875
vt 0.3125 0.6875
vn -0.49999999999999994 0 -0.8660254037844387
vn 0.8660254037844387 0 -0.49999999999999994
vn 0.49999999999999994 0 0.8660254037844387
vn -0.8660254037844387 0 0.49999999999999994
vn 0 1 0
vn 0 -1 0
g Sporocarp
f 100/292/73 103/291/73 101/290/73 98/289/73
f 99/296/74 100/295/74 98/294/74 97/293/74
f 104/300/75 99/299/75 97/298/75 102/297/75
f 103/304/76 104/303/76 102/302/76 101/301/76
f 102/308/77 97/307/77 98/306/77 101/305/77
f 103/312/78 100/311/78 99/310/78 104/309/78
o cube
v -0.054603066877630835 -0.6250000000000002 0.047523312775925364
v -0.16285624235068563 -0.5000000000000002 -0.13997668722407475
v -0.054603066877630835 -0.6250000000000002 0.047523312775925364
v -0.16285624235068563 -0.5000000000000002 -0.13997668722407475
v -0.21698283008721309 -0.5000000000000002 -0.10872668722407475
v -0.10872965461415823 -0.6250000000000002 0.07877331277592536
v -0.21698283008721309 -0.5000000000000002 -0.10872668722407475
v -0.10872965461415823 -0.6250000000000002 0.07877331277592536
vt 0 1
vt 0.125 1
vt 0.125 1
vt 0 1
vt 0 1
vt 0.5 1
vt 0.5 1
vt 0 1
vt 0 1
vt 0.125 1
vt 0.125 1
vt 0 1
vt 0 1
vt 0.5 1
vt 0.5 1
vt 0 1
vt 0 0.25
vt 0.0625 0.25
vt 0.0625 0
vt 0 0
vt 0.125 0.6875
vt 0.1875 0.6875
vt 0.1875 0
vt 0.125 0
vn -0.4330127018922193 0.49999999999999994 -0.7500000000000001
vn 0.8660254037844387 0 -0.49999999999999994
vn 0.4330127018922193 -0.49999999999999994 0.7500000000000001
vn -0.8660254037844387 0 0.49999999999999994
vn 0.24999999999999994 0.8660254037844387 0.4330127018922193
vn -0.24999999999999994 -0.8660254037844387 -0.4330127018922193
g Sporocarp
f 108/316/79 111/315/79 109/314/79 106/313/79
f 107/320/80 108/319/80 106/318/80 105/317/80
f 112/324/81 107/323/81 105/322/81 110/321/81
f 111/328/82 112/327/82 110/326/82 109/325/82
f 110/332/83 105/331/83 106/330/83 109/329/83
f 111/336/84 108/335/84 107/334/84 112/333/84
o cube
v -0.16286455623992802 -0.4999860476372062 -0.13999108730265097
v -0.24321300745074542 -0.30847493685746175 -0.27915868710925584
v -0.16286455623992802 -0.4999860476372062 -0.13999108730265097
v -0.24321300745074542 -0.30847493685746175 -0.27915868710925584
v -0.2973395951872728 -0.30847493685746175 -0.24790868710925584
v -0.21699114397645541 -0.4999860476372062 -0.10874108730265097
v -0.2973395951872728 -0.30847493685746175 -0.24790868710925584
v -0.21699114397645541 -0.4999860476372062 -0.10874108730265097
vt 0 1
vt 0.125 1
vt 0.125 1
vt 0 1
vt 0 1
vt 0.5 1
vt 0.5 1
vt 0 1
vt 0 1
vt 0.125 1
vt 0.125 1
vt 0 1
vt 0 1
vt 0.5 1
vt 0.5 1
vt 0 1
vt 0 0.5
vt 0.0625 0.5
vt 0.0625 0.25
vt 0 0.25
vt 0.125 0.6875
vt 0.1875 0.6875
vt 0.1875 0
vt 0.125 0
vn -0.3213938048432697 0.7660444431189779 -0.5566703992264196
vn 0.8660254037844388 0 -0.5
vn 0.3213938048432697 -0.7660444431189779 0.5566703992264196
vn -0.8660254037844388 0 0.5
vn 0.3830222215594889 0.6427876096865395 0.6634139481689383
vn -0.3830222215594889 -0.6427876096865395 -0.6634139481689383
g Sporocarp
f 116/340/85 119/339/85 117/338/85 114/337/85
f 115/344/86 116/343/86 114/342/86 113/341/86
f 120/348/87 115/347/87 113/346/87 118/345/87
f 119/352/88 120/351/88 118/350/88 117/349/88
f 118/356/89 113/355/89 114/354/89 117/353/89
f 119/360/90 116/359/90 115/358/90 120/357/90
o cube
v -0.2432195778124323 -0.3084482901064619 -0.27917006730952176
v -0.2702745295546951 -0.06437428832647873 -0.326030618323445
v -0.2432195778124323 -0.3084482901064619 -0.27917006730952176
v -0.2702745295546951 -0.06437428832647873 -0.326030618323445
v -0.3244011172912225 -0.06437428832647873 -0.294780618323445
v -0.29734616554895976 -0.3084482901064619 -0.24792006730952176
v -0.3244011172912225 -0.06437428832647873 -0.294780618323445
v -0.29734616554895976 -0.3084482901064619 -0.24792006730952176
vt 0 1
vt 0.125 1
vt 0.125 1
vt 0 1
vt 0 1
vt 0.5 1
vt 0.5 1
vt 0 1
vt 0 1
vt 0.125 1
vt 0.125 1
vt 0 1
vt 0 1
vt 0.5 1
vt 0.5 1
vt 0 1
vt 0 1
vt 0.0625 1
vt 0.0625 0.5
vt 0 0.5
vt 0.125 0.6875
vt 0.1875 0.6875
vt 0.1875 0
vt 0.125 0
vn -0.10821980696905113 0.9762960071199335 -0.18744220405569306
vn 0.8660254037844387 0 -0.49999999999999994
vn 0.10821980696905113 -0.9762960071199335 0.18744220405569306
vn -0.8660254037844387 0 0.49999999999999994
vn 0.4881480035599667 0.2164396139381023 0.8454971437791756
vn -0.4881480035599667 -0.2164396139381023 -0.8454971437791756
g Sporocarp
f 124/364/91 127/363/91 125/362/91 122/361/91
f 123/368/92 124/367/92 122/366/92 121/365/92
f 128/372/93 123/371/93 121/370/93 126/369/93
f 127/376/94 128/375/94 126/374/94 125/373/94
f 126/380/95 121/379/95 122/378/95 125/377/95
f 127/384/96 124/383/96 123/382/96 128/381/96
o cube
v 0.08959573465318249 -0.21875000000000006 -0.14521004719347813
v 0.0569641865981696 -0.21875000000000006 -0.3930712625369307
v 0.08959573465318249 -0.28125000000000006 -0.14521004719347813
v 0.0569641865981696 -0.28125000000000006 -0.3930712625369307
v -0.19089702874528303 -0.21875000000000006 -0.3604397144819178
v -0.15826548069027013 -0.21875000000000006 -0.11257849913846524
v -0.19089702874528303 -0.28125000000000006 -0.3604397144819178
v -0.15826548069027013 -0.28125000000000006 -0.11257849913846524
vt 0.3125 0.625
vt 0.5625 0.625
vt 0.5625 0.5625
vt 0.3125 0.5625
vt 0.25 0.3125
vt 0.25 0.5625
vt 0.3125 0.5625
vt 0.3125 0.3125
vt 0.3125 0.3125
vt 0.5625 0.3125
vt 0.5625 0.25
vt 0.3125 0.25
vt 0.625 0.3125
vt 0.625 0.5625
vt 0.5625 0.5625
vt 0.5625 0.3125
vt 0.3125 0.5625
vt 0.5625 0.5625
vt 0.5625 0.3125
vt 0.3125 0.3125
vt 0.3125 0.9375
vt 0.5625 0.9375
vt 0.5625 0.6875
vt 0.3125 0.6875
vn -0.13052619222005157 0 -0.9914448613738104
vn 0.9914448613738104 0 -0.13052619222005157
vn 0.13052619222005157 0 0.9914448613738104
vn -0.9914448613738104 0 0.13052619222005157
vn 0 1 0
vn 0 -1 0
g Sporocarp
f 132/388/97 135/387/97 133/386/97 130/385/97
f 131/392/98 132/391/98 130/390/98 129/389/98
f 136/396/99 131/395/99 129/394/99 134/393/99
f 135/400/100 136/399/100 134/398/100 133/397/100
f 134/404/101 129/403/101 130/402/101 133/401/101
f 135/408/102 132/407/102 131/406/102 136/405/102
o cube
v 0.02534201470398134 -0.6185098020017225 0.0849811429513988
v -0.0036025219241908046 -0.503072648692964 -0.13487444018296374
v 0.02534201470398134 -0.6185098020017225 0.0849811429513988
v -0.0036025219241908046 -0.503072648692964 -0.13487444018296374
v -0.06556782576005399 -0.503072648692964 -0.12671655316921054
v -0.03662328913188179 -0.6185098020017225 0.093139029965152
v -0.06556782576005399 -0.503072648692964 -0.12671655316921054
v -0.03662328913188179 -0.6185098020017225 0.093139029965152
vt 0 1
vt 0.125 1
vt 0.125 1
vt 0 1
vt 0 1
vt 0.5 1
vt 0.5 1
vt 0 1
vt 0 1
vt 0.125 1
vt 0.125 1
vt 0 1
vt 0 1
vt 0.5 1
vt 0.5 1
vt 0 1
vt 0 0.5
vt 0.0625 0.5
vt 0.0625 0.25
vt 0 0.25
vt 0.125 0.6875
vt 0.1875 0.6875
vt 0.1875 0
vt 0.125 0
vn -0.1157781465126887 0.46174861323503397 -0.8794223325374503
vn 0.9914448613738104 0 -0.13052619222005157
vn 0.1157781465126887 -0.46174861323503397 0.8794223325374503
vn -0.9914448613738104 0 0.13052619222005157
vn 0.06027028824845829 0.8870108331782217 0.4577982898383574
vn -0.06027028824845829 -0.8870108331782217 -0.4577982898383574
g Sporocarp
f 140/412/103 143/411/103 141/410/103 138/409/103
f 139/416/104 140/415/104 138/414/104 137/413/104
f 144/420/105 139/419/105 137/418/105 142/417/105
f 143/424/106 144/423/106 142/422/106 141/421/106
f 142/428/107 137/427/107 138/426/107 141/425/107
f 143/432/108 140/431/108 139/430/108 144/429/108
o cube
v -0.003598755030996381 -0.5030172105132569 -0.1348458277884899
v -0.017389443147914074 -0.27644026375409425 -0.23959650376987707
v -0.003598755030996381 -0.5030172105132569 -0.1348458277884899
v -0.017389443147914074 -0.27644026375409425 -0.23959650376987707
v -0.0793547469837772 -0.27644026375409425 -0.23143861675612387
v -0.06556405886685956 -0.5030172105132569 -0.12668794077473666
v -0.0793547469837772 -0.27644026375409425 -0.23143861675612387
v -0.06556405886685956 -0.5030172105132569 -0.12668794077473666
vt 0 1
vt 0.125 1
vt 0.125 1
vt 0 1
vt 0 1
vt 0.5 1
vt 0.5 1
vt 0 1
vt 0 1
vt 0.125 1
vt 0.125 1
vt 0 1
vt 0 1
vt 0.5 1
vt 0.5 1
vt 0 1
vt 0 1
vt 0.0625 1
vt 0.0625 0.5
vt 0 0.5
vt 0.125 0.6875
vt 0.1875 0.6875
vt 0.1875 0
vt 0.125 0
vn -0.05516275246767059 0.9063077870366502 -0.4190027039255484
vn 0.9914448613738105 0 -0.13052619222005157
vn 0.05516275246767059 -0.9063077870366502 0.4190027039255484
vn -0.9914448613738105 0 0.13052619222005157
vn 0.11829690442127536 0.4226182617406992 0.8985541982805564
vn -0.11829690442127536 -0.4226182617406992 -0.8985541982805564
g Sporocarp
f 148/436/109 151/435/109 149/434/109 146/433/109
f 147/440/110 148/439/110 146/438/110 145/437/110
f 152/444/111 147/443/111 145/442/111 150/441/111
f 151/448/112 152/447/112 150/446/112 149/445/112
f 150/452/113 145/451/113 146/450/113 149/449/113
f 151/456/114 148/455/114 147/454/114 152/453/114
o cube
v 0.22724148783191855 -0.34536192759422357 -0.04379648654160129
v 0.3023463863854422 -0.35626677443555754 -0.2819987924259733
v 0.2264217001599449 -0.40780244144308964 -0.041196452222127866
v 0.30152659871346854 -0.41870728828442366 -0.27939875810649994
v 0.0639171486983855 -0.35626677443555754 -0.3571752423020416
v -0.011187749855138152 -0.34536192759422357 -0.11897293641766954
v 0.06309736102641172 -0.41870728828442366 -0.3545752079825682
v -0.012007537527111922 -0.40780244144308964 -0.11637290209819617
vt 0.3125 0.625
vt 0.5625 0.625
vt 0.5625 0.5625
vt 0.3125 0.5625
vt 0.25 0.3125
vt 0.25 0.5625
vt 0.3125 0.5625
vt 0.3125 0.3125
vt 0.3125 0.3125
vt 0.5625 0.3125
vt 0.5625 0.25
vt 0.3125 0.25
vt 0.625 0.3125
vt 0.625 0.5625
vt 0.5625 0.5625
vt 0.5625 0.3125
vt 0.3125 0.5625
vt 0.5625 0.5625
vt 0.5625 0.3125
vt 0.3125 0.3125
vt 0.3125 0.9375
vt 0.5625 0.9375
vt 0.5625 0.6875
vt 0.3125 0.6875
vn 0.3004195942140947 -0.043619387365335986 -0.9528092235374884
vn 0.9537169507482269 0 0.300705799504273
vn -0.3004195942140947 0.043619387365335986 0.9528092235374884
vn -0.9537169507482269 0 -0.300705799504273
vn 0.013116602751579946 0.9990482215818579 -0.04160054911157397
vn -0.013116602751579946 -0.9990482215818579 0.04160054911157397
g Sporocarp
f 156/460/115 159/459/115 157/458/115 154/457/115
f 155/464/116 156/463/116 154/462/116 153/461/116
f 160/468/117 155/467/117 153/466/117 158/465/117
f 159/472/118 160/471/118 158/470/118 157/469/118
f 158/476/119 153/475/119 154/474/119 157/473/119
f 159/480/120 156/479/120 155/478/120 160/477/120
o cube
v 0.06654426789256229 -0.7351521753677707 0.15410346315136914
v 0.13467726981701333 -0.629497609932596 -0.061986811621622506
v 0.06654426789256229 -0.7351521753677707 0.15410346315136914
v 0.13467726981701333 -0.629497609932596 -0.061986811621622506
v 0.07506996039524905 -0.629497609932596 -0.08078092409063958
v 0.006936958470798005 -0.7351521753677707 0.13530935068235217
v 0.07506996039524905 -0.629497609932596 -0.08078092409063958
v 0.006936958470798005 -0.7351521753677707 0.13530935068235217
vt 0 1
vt 0.125 1
vt 0.125 1
vt 0 1
vt 0 1
vt 0.5 1
vt 0.5 1
vt 0 1
vt 0 1
vt 0.125 1
vt 0.125 1
vt 0 1
vt 0 1
vt 0.5 1
vt 0.5 1
vt 0 1
vt 0 0.5
vt 0.0625 0.5
vt 0.0625 0.25
vt 0 0.25
vt 0.125 0.6875
vt 0.1875 0.6875
vt 0.1875 0
vt 0.125 0
vn 0.2725320076978043 0.4226182617406994 -0.8643610990919672
vn 0.9537169507482269 0 0.300705799504273
vn -0.2725320076978043 -0.4226182617406994 0.8643610990919672
vn -0.9537169507482269 0 -0.300705799504273
vn -0.12708376228184315 0.9063077870366499 0.4030581999178559
vn 0.12708376228184315 -0.9063077870366499 -0.4030581999178559
g Sporocarp
f 164/484/121 167/483/121 165/482/121 162/481/121
f 163/488/122 164/487/122 162/486/122 161/485/122
f 168/492/123 163/491/123 161/490/123 166/489/123
f 167/496/124 168/495/124 166/494/124 165/493/124
f 166/500/125 161/499/125 162/498/125 165/497/125
f 167/504/126 164/503/126 163/502/126 168/501/126
o cube
v 0.13466932708149337 -0.6294409656932155 -0.06196162048293119
v 0.169381948559701 -0.4076882573986601 -0.17205599033961588
v 0.13466932708149337 -0.6294409656932155 -0.06196162048293119
v 0.169381948559701 -0.4076882573986601 -0.17205599033961588
v 0.10977463913793672 -0.4076882573986601 -0.19085010280863296
v 0.0750620176597292 -0.6294409656932155 -0.08075573295194827
v 0.10977463913793672 -0.4076882573986601 -0.19085010280863296
v 0.0750620176597292 -0.6294409656932155 -0.08075573295194827
vt 0 1
vt 0.125 1
vt 0.125 1
vt 0 1
vt 0 1
vt 0.5 1
vt 0.5 1
vt 0 1
vt 0 1
vt 0.125 1
vt 0.125 1
vt 0 1
vt 0 1
vt 0.5 1
vt 0.5 1
vt 0 1
vt 0 1
vt 0.0625 1
vt 0.0625 0.5
vt 0 0.5
vt 0.125 0.6875
vt 0.1875 0.6875
vt 0.1875 0
vt 0.125 0
vn 0.13885048591283022 0.8870108331782218 -0.44037747942673894
vn 0.9537169507482269 0 0.300705799504273
vn -0.13885048591283022 -0.8870108331782218 0.44037747942673894
vn -0.9537169507482269 0 -0.300705799504273
vn -0.2667293017598086 0.46174861323503374 0.8459572670993779
vn 0.2667293017598086 -0.46174861323503374 -0.8459572670993779
g Sporocarp
f 172/508/127 175/507/127 173/506/127 170/505/127
f 171/512/128 172/511/128 170/510/128 169/509/128
f 176/516/129 171/515/129 169/514/129 174/513/129
f 175/520/130 176/519/130 174/518/130 173/517/130
f 174/524/131 169/523/131 170/522/131 173/521/131
f 175/528/132 172/527/132 171/526/132 176/525/132
o cube
v -0.28535382268695086 0.21875 -0.23319690752378708
v -0.46967315688948186 0.21875 -0.40209445942770217
v -0.28535382268695086 0.15625 -0.23319690752378708
v -0.46967315688948186 0.15625 -0.40209445942770217
v -0.6385707087933968 0.21875 -0.21777512522517128
v -0.45425137459086584 0.21875 -0.048877573321256196
v -0.6385707087933968 0.15625 -0.21777512522517128
v -0.45425137459086584 0.15625 -0.048877573321256196
vt 0.3125 0.625
vt 0.5625 0.625
vt 0.5625 0.5625
vt 0.3125 0.5625
vt 0.25 0.3125
vt 0.25 0.5625
vt 0.3125 0.5625
vt 0.3125 0.3125
vt 0.3125 0.3125
vt 0.5625 0.3125
vt 0.5625 0.25
vt 0.3125 0.25
vt 0.625 0.3125
vt 0.625 0.5625
vt 0.5625 0.5625
vt 0.5625 0.3125
vt 0.3125 0.5625
vt 0.5625 0.5625
vt 0.5625 0.3125
vt 0.3125 0.3125
vt 0.3125 0.9375
vt 0.5625 0.9375
vt 0.5625 0.6875
vt 0.3125 0.6875
vn -0.7372773368101241 0 -0.6755902076156604
vn 0.6755902076156604 0 -0.7372773368101241
vn 0.7372773368101241 0 0.6755902076156604
vn -0.6755902076156604 0 0.7372773368101241
vn 0 1 0
vn 0 -1 0
g Sporocarp
f 180/532/133 183/531/133 181/530/133 178/529/133
f 179/536/134 180/535/134 178/534/134 177/533/134
f 184/540/135 179/539/135 177/538/135 182/537/135
f 183/544/136 184/543/136 182/542/136 181/541/136
f 182/548/137 177/547/137 178/546/137 181/545/137
f 183/552/138 180/551/138 179/550/138 184/549/138
o cube
v -0.12446476399138157 -0.3750000000000001 0.04138778735252491
v -0.28408998981940736 -0.2500000000000001 -0.10488178323326636
v -0.12446476399138157 -0.3750000000000001 0.04138778735252491
v -0.28408998981940736 -0.2500000000000001 -0.10488178323326636
v -0.32631437779538613 -0.2500000000000001 -0.058801949682633636
v -0.16668915196736034 -0.3750000000000001 0.08746762090315763
v -0.32631437779538613 -0.2500000000000001 -0.058801949682633636
v -0.16668915196736034 -0.3750000000000001 0.08746762090315763
vt 0 1
vt 0.125 1
vt 0.125 1
vt 0 1
vt 0 1
vt 0.5 1
vt 0.5 1
vt 0 1
vt 0 1
vt 0.125 1
vt 0.125 1
vt 0 1
vt 0 1
vt 0.5 1
vt 0.5 1
vt 0 1
vt 0 0.25
vt 0.0625 0.25
vt 0.0625 0
vt 0 0
vt 0.125 0.6875
vt 0.1875 0.6875
vt 0.1875 0
vt 0.125 0
vn -0.6385009033121033 0.5 -0.5850782823431651
vn 0.6755902076156604 0 -0.7372773368101241
vn 0.6385009033121033 -0.5 0.5850782823431651
vn -0.6755902076156604 0 0.7372773368101241
vn 0.36863866840506193 0.8660254037844386 0.33779510380783007
vn -0.36863866840506193 -0.8660254037844386 -0.33779510380783007
g Sporocarp
f 188/556/139 191/555/139 189/554/139 186/553/139
f 187/560/140 188/559/140 186/558/140 185/557/140
f 192/564/141 187/563/141 185/562/141 190/561/141
f 191/568/142 192/567/142 190/566/142 189/565/142
f 190/572/143 185/571/143 186/570/143 189/569/143
f 191/576/144 188/575/144 187/574/144 192/573/144
o cube
v -0.2841022491036457 -0.24998604763720633 -0.104893016797585
v -0.40258043335470506 -0.0584749368574618 -0.21345827046781085
v -0.2841022491036457 -0.24998604763720633 -0.104893016797585
v -0.40258043335470506 -0.0584749368574618 -0.21345827046781085
v -0.4448048213306838 -0.0584749368574618 -0.16737843691717813
v -0.3263266370796245 -0.24998604763720633 -0.05881318324695228
v -0.4448048213306838 -0.0584749368574618 -0.16737843691717813
v -0.3263266370796245 -0.24998604763720633 -0.05881318324695228
vt 0 1
vt 0.125 1
vt 0.125 1
vt 0 1
vt 0 1
vt 0.5 1
vt 0.5 1
vt 0 1
vt 0 1
vt 0.125 1
vt 0.125 1
vt 0 1
vt 0 1
vt 0.5 1
vt 0.5 1
vt 0 1
vt 0 0.5
vt 0.0625 0.5
vt 0.0625 0.25
vt 0 0.25
vt 0.125 0.6875
vt 0.1875 0.6875
vt 0.1875 0
vt 0.125 0
vn -0.47391273700423736 0.766044443118978 -0.4342610146809033
vn 0.6755902076156602 0 -0.7372773368101241
vn 0.47391273700423736 -0.766044443118978 0.4342610146809033
vn -0.6755902076156602 0 0.7372773368101241
vn 0.5647872069009546 0.6427876096865395 0.5175321243695732
vn -0.5647872069009546 -0.6427876096865395 -0.5175321243695732
g Sporocarp
f 196/580/145 199/579/145 197/578/145 194/577/145
f 195/584/146 196/583/146 194/582/146 193/581/146
f 200/588/147 195/587/147 193/586/147 198/585/147
f 199/592/148 200/591/148 198/590/148 197/589/148
f 198/596/149 193/595/149 194/594/149 197/593/149
f 199/600/150 196/599/150 195/598/150 200/597/150
o cube
v -0.40259012171223796 -0.05844829010646191 -0.21346714821184348
v -0.44248412724836184 0.1856257116735217 -0.25002326914101747
v -0.40259012171223796 -0.05844829010646191 -0.21346714821184348
v -0.44248412724836184 0.1856257116735217 -0.25002326914101747
v -0.4847085152243406 0.1856257116735217 -0.20394343559038475
v -0.44481450968821673 -0.05844829010646191 -0.16738731466121076
v -0.4847085152243406 0.1856257116735217 -0.20394343559038475
v -0.44481450968821673 -0.05844829010646191 -0.16738731466121076
vt 0 1
vt 0.125 1
vt 0.125 1
vt 0 1
vt 0 1
vt 0.5 1
vt 0.5 1
vt 0 1
vt 0 1
vt 0.125 1
vt 0.125 1
vt 0 1
vt 0 1
vt 0.5 1
vt 0.5 1
vt 0 1
vt 0 1
vt 0.0625 1
vt 0.0625 0.5
vt 0 0.5
vt 0.125 0.6875
vt 0.1875 0.6875
vt 0.1875 0
vt 0.125 0
vn -0.15957602214449548 0.9762960071199336 -0.1462244837166959
vn 0.6755902076156604 0 -0.7372773368101241
vn 0.15957602214449548 -0.9762960071199336 0.1462244837166959
vn -0.6755902076156604 0 0.7372773368101241
vn 0.7198009200677425 0.21643961393810235 0.6595760221444961
vn -0.7198009200677425 -0.21643961393810235 -0.6595760221444961
g Sporocarp
f 204/604/151 207/603/151 205/602/151 202/601/151
f 203/608/152 204/607/152 202/606/152 201/605/152
f 208/612/153 203/611/153 201/610/153 206/609/153
f 207/616/154 208/615/154 206/614/154 205/613/154
f 206/620/155 201/619/155 202/618/155 205/617/155
f 207/624/156 204/623/156 203/622/156 208/621/156
o cube
v 0.157042848223503 0.28125 -0.11816392573329887
v 0.16794769506483698 0.28125 -0.3679259811287633
v 0.157042848223503 0.21875 -0.11816392573329887
v 0.16794769506483698 0.21875 -0.3679259811287633
v -0.08181436033062739 0.28125 -0.37883082797009726
v -0.09271920717196142 0.28125 -0.1290687725746329
v -0.08181436033062739 0.21875 -0.37883082797009726
v -0.09271920717196142 0.21875 -0.1290687725746329
vt 0.3125 0.625
vt 0.5625 0.625
vt 0.5625 0.5625
vt 0.3125 0.5625
vt 0.25 0.3125
vt 0.25 0.5625
vt 0.3125 0.5625
vt 0.3125 0.3125
vt 0.3125 0.3125
vt 0.5625 0.3125
vt 0.5625 0.25
vt 0.3125 0.25
vt 0.625 0.3125
vt 0.625 0.5625
vt 0.5625 0.5625
vt 0.5625 0.3125
vt 0.3125 0.5625
vt 0.5625 0.5625
vt 0.5625 0.3125
vt 0.3125 0.3125
vt 0.3125 0.9375
vt 0.5625 0.9375
vt 0.5625 0.6875
vt 0.3125 0.6875
vn 0.043619387365336 0 -0.9990482215818578
vn 0.9990482215818578 0 0.043619387365336
vn -0.043619387365336 0 0.9990482215818578
vn -0.9990482215818578 0 -0.043619387365336
vn 0 1 0
vn 0 -1 0
g Sporocarp
f 212/628/157 215/627/157 213/626/157 210/625/157
f 211/632/158 212/631/158 210/630/158 209/629/158
f 216/636/159 211/635/159 209/634/159 214/633/159
f 215/640/160 216/639/160 214/638/160 213/637/160
f 214/644/161 209/643/161 210/642/161 213/641/161
f 215/648/162 212/647/162 211/646/162 216/645/162
o cube
v 0.050116262011626445 -0.3125000000000001 0.18158388331513742
v 0.059560136400600205 -0.1875000000000001 -0.034716401558751
v 0.050116262011626445 -0.3125000000000001 0.18158388331513742
v 0.059560136400600205 -0.1875000000000001 -0.034716401558751
v -0.0028803774482659694 -0.1875000000000001 -0.03744261326908449
v -0.012324251837239675 -0.3125000000000001 0.17885767160480393
v -0.0028803774482659694 -0.1875000000000001 -0.03744261326908449
v -0.012324251837239675 -0.3125000000000001 0.17885767160480393
vt 0 1
vt 0.125 1
vt 0.125 1
vt 0 1
vt 0 1
vt 0.5 1
vt 0.5 1
vt 0 1
vt 0 1
vt 0.125 1
vt 0.125 1
vt 0 1
vt 0 1
vt 0.5 1
vt 0.5 1
vt 0 1
vt 0 0.25
vt 0.0625 0.25
vt 0.0625 0
vt 0 0
vt 0.125 0.6875
vt 0.1875 0.6875
vt 0.1875 0
vt 0.125 0
vn 0.03777549755589495 0.5 -0.8652011394955538
vn 0.9990482215818578 0 0.043619387365336
vn -0.03777549755589495 -0.5 0.8652011394955538
vn -0.9990482215818578 0 -0.043619387365336
vn -0.021809693682667997 0.8660254037844388 0.49952411079092884
vn 0.021809693682667997 -0.8660254037844388 -0.49952411079092884
g Sporocarp
f 220/652/163 223/651/163 221/650/163 218/649/163
f 219/656/164 220/655/164 218/654/164 217/653/164
f 224/660/165 219/659/165 217/658/165 222/657/165
f 223/664/166 224/663/166 222/662/166 221/661/166
f 222/668/167 217/667/167 218/666/167 221/665/167
f 223/672/168 220/671/168 219/670/168 224/669/168
o cube
v 0.0595608616941109 -0.18748604763720617 -0.034733013511275
v 0.06657036212924983 0.004025063142538254 -0.1952769680893227
v 0.0595608616941109 -0.18748604763720617 -0.034733013511275
v 0.06657036212924983 0.004025063142538254 -0.1952769680893227
v 0.004129848280383652 0.004025063142538254 -0.1980031797996562
v -0.002879652154755219 -0.18748604763720617 -0.037459225221608494
v 0.004129848280383652 0.004025063142538254 -0.1980031797996562
v -0.002879652154755219 -0.18748604763720617 -0.037459225221608494
vt 0 1
vt 0.125 1
vt 0.125 1
vt 0 1
vt 0 1
vt 0.5 1
vt 0.5 1
vt 0 1
vt 0 1
vt 0.125 1
vt 0.125 1
vt 0 1
vt 0 1
vt 0.5 1
vt 0.5 1
vt 0 1
vt 0 0.5
vt 0.0625 0.5
vt 0.0625 0.25
vt 0 0.25
vt 0.125 0.6875
vt 0.1875 0.6875
vt 0.1875 0
vt 0.125 0
vn 0.028038001740555568 0.7660444431189779 -0.6421758183121906
vn 0.9990482215818578 0 0.043619387365336
vn -0.028038001740555568 -0.7660444431189779 0.6421758183121906
vn -0.9990482215818578 0 -0.043619387365336
vn -0.0334143893034698 0.6427876096865397 0.7653153385506796
vn 0.0334143893034698 -0.6427876096865397 -0.7653153385506796
g Sporocarp
f 228/676/169 231/675/169 229/674/169 226/673/169
f 227/680/170 228/679/170 226/678/170 225/677/170
f 232/684/171 227/683/171 225/682/171 230/681/171
f 231/688/172 232/687/172 230/686/172 229/685/172
f 230/692/173 225/691/173 226/690/173 229/689/173
f 231/696/174 228/695/174 227/694/174 232/693/174
o cube
v 0.06657093531955294 0.004051709893538202 -0.19529009630564004
v 0.06893117615994537 0.24812571167352182 -0.24934849915182133
v 0.06657093531955294 0.004051709893538202 -0.19529009630564004
v 0.06893117615994537 0.24812571167352182 -0.24934849915182133
v 0.006490662311079309 0.24812571167352182 -0.2520747108621548
v 0.004130421470686763 0.004051709893538202 -0.19801630801597353
v 0.006490662311079309 0.24812571167352182 -0.2520747108621548
v 0.004130421470686763 0.004051709893538202 -0.19801630801597353
vt 0 1
vt 0.125 1
vt 0.125 1
vt 0 1
vt 0 1
vt 0.5 1
vt 0.5 1
vt 0 1
vt 0 1
vt 0.125 1
vt 0.125 1
vt 0 1
vt 0 1
vt 0.5 1
vt 0.5 1
vt 0 1
vt 0 1
vt 0.0625 1
vt 0.0625 0.5
vt 0 0.5
vt 0.125 0.6875
vt 0.1875 0.6875
vt 0.1875 0
vt 0.125 0
vn 0.009440963361569861 0.9762960071199335 -0.21623361138472497
vn 0.9990482215818579 0 0.04361938736533601
vn -0.009440963361569861 -0.9762960071199335 0.21623361138472497
vn -0.9990482215818579 0 -0.04361938736533601
vn -0.04258543371779521 0.2164396139381023 0.9753667896506383
vn 0.04258543371779521 -0.2164396139381023 -0.9753667896506383
g Sporocarp
f 236/700/175 239/699/175 237/698/175 234/697/175
f 235/704/176 236/703/176 234/702/176 233/701/176
f 240/708/177 235/707/177 233/706/177 238/705/177
f 239/712/178 240/711/178 238/710/178 237/709/178
f 238/716/179 233/715/179 234/714/179 237/713/179
f 239/720/180 236/719/180 235/718/180 240/717/180
o cube
