# Made in Blockbench 4.9.3

o cube
v 0.29514596193142995 0.019656003591448257 -0.03195226810469676
v 0.27356937552773297 0.0862332447905777 -0.2059010303120684
v 0.29514596193142995 0.019656003591448257 -0.03195226810469676
v 0.27356937552773297 0.0862332447905777 -0.2059010303120684
v -0.3471330546673904 0.07316972899069629 -0.13390910225889086
v -0.32555646826369344 0.006592487791566737 0.0400396599484808
v -0.3471330546673904 0.07316972899069629 -0.13390910225889086
v -0.32555646826369344 0.006592487791566737 0.0400396599484808
vt 0 1
vt 0.125 1
vt 0.125 1
vt 0 1
vt 0 1
vt 0.3125 1
vt 0.3125 1
vt 0 1
vt 0 1
vt 0.125 1
vt 0.125 1
vt 0 1
vt 0 1
vt 0.3125 1
vt 0.3125 1
vt 0 1
vt 0 0.3125
vt 1 0.3125
vt 1 0
vt 0 0
vt 0 1
vt 0.0625 1
vt 0.0625 0.6875
vt 0 0.6875
vn -0.11507512748638363 0.35507861972869054 -0.9277267317726489
vn 0.993123888312198 0.0209016252798103 -0.11518708488508418
vn 0.11507512748638363 -0.35507861972869054 0.9277267317726489
vn -0.993123888312198 -0.0209016252798103 0.11518708488508418
vn 0.021509474601992137 0.9346027476271564 0.3550423166752323
vn -0.021509474601992137 -0.9346027476271564 -0.3550423166752323
g Frond
f 4/4/1 7/3/1 5/2/1 2/1/1
f 3/8/2 4/7/2 2/6/2 1/5/2
f 8/12/3 3/11/3 1/10/3 6/9/3
f 7/16/4 8/15/4 6/14/4 5/13/4
f 6/20/5 1/19/5 2/18/5 5/17/5
f 7/24/6 4/23/6 3/22/6 8/21/6
o cube
v 0.2735703257986548 0.08623084782782109 -0.20589327218244613
v 0.25165191449213664 0.12936536064548587 -0.38704306392889287
v 0.2735703257986548 0.08623084782782109 -0.20589327218244613
v 0.25165191449213664 0.12936536064548587 -0.38704306392889287
v -0.36905051570298686 0.11630184484560435 -0.3150511358757153
v -0.3471321043964688 0.07316733202793968 -0.13390134412926857
v -0.36905051570298686 0.11630184484560435 -0.3150511358757153
v -0.3471321043964688 0.07316733202793968 -0.13390134412926857
vt 0 1
vt 0.125 1
vt 0.125 1
vt 0 1
vt 0 1
vt 0.3125 1
vt 0.3125 1
vt 0 1
vt 0 1
vt 0.125 1
vt 0.125 1
vt 0 1
vt 0 1
vt 0.3125 1
vt 0.3125 1
vt 0 1
vt 0 0.625
vt 1 0.625
vt 1 0.3125
vt 0 0.3125
vt 0 1
vt 0.0625 1
vt 0.0625 0.6875
vt 0 0.6875
vn -0.11689819363476314 0.230050735027545 -0.966132222647716
vn 0.993123888312198 0.020901625279810303 -0.1151870848850842
vn 0.11689819363476314 -0.230050735027545 0.966132222647716
vn -0.993123888312198 -0.020901625279810303 0.1151870848850842
vn 0.006305139854960932 0.9729541517327263 0.23091224271887514
vn -0.006305139854960932 -0.9729541517327263 -0.23091224271887514
g Frond
f 12/28/7 15/27/7 13/26/7 10/25/7
f 11/32/8 12/31/8 10/30/8 9/29/8
f 16/36/9 11/35/9 9/34/9 14/33/9
f 15/40/10 16/39/10 14/38/10 13/37/10
f 14/44/11 9/43/11 10/42/11 13/41/11
f 15/48/12 12/47/12 11/46/12 16/45/12
o cube
v 0.2516556182693115 0.12936631942279508 -0.3870109566002189
v 0.22882044242862765 0.06653097360365179 -0.5952940249473933
v 0.2516556182693115 0.12936631942279508 -0.3870109566002189
v 0.22882044242862765 0.06653097360365179 -0.5952940249473933
v -0.39188198776649585 0.05346745780377038 -0.5233020968942157
v -0.369046811925812 0.11630280362291368 -0.3150190285470413
v -0.39188198776649585 0.05346745780377038 -0.5233020968942157
v -0.369046811925812 0.11630280362291368 -0.3150190285470413
vt 0 1
vt 0.125 1
vt 0.125 1
vt 0 1
vt 0 1
vt 0.3125 1
vt 0.3125 1
vt 0 1
vt 0 1
vt 0.125 1
vt 0.125 1
vt 0 1
vt 0 1
vt 0.3125 1
vt 0.3125 1
vt 0 1
vt 0 1
vt 1 1
vt 1 0.625
vt 0 0.625
vt 0 1
vt 0.0625 1
vt 0.0625 0.6875
vt 0 0.6875
vn -0.10438937527169767 -0.28724729517322656 -0.9521511695870829
vn 0.993123888312198 0.020901625279810307 -0.11518708488508418
vn 0.10438937527169767 0.28724729517322656 0.9521511695870829
vn -0.993123888312198 -0.020901625279810307 0.11518708488508418
vn -0.052988685528571645 0.9576283796318527 -0.2830902430844737
vn 0.052988685528571645 -0.9576283796318527 0.2830902430844737
g Frond
f 20/52/13 23/51/13 21/50/13 18/49/13
f 19/56/14 20/55/14 18/54/14 17/53/14
f 24/60/15 19/59/15 17/58/15 22/57/15
f 23/64/16 24/63/16 22/62/16 21/61/16
f 22/68/17 17/67/17 18/66/17 21/65/17
f 23/72/18 20/71/18 19/70/18 24/69/18
o cube
v 0.27756086505497524 0.027367147851910745 0.09032744363349687
v 0.33200611931555213 -0.0516795261856145 -0.07074268895509439
v 0.27756086505497524 0.027367147851910745 0.09032744363349687
v 0.33200611931555213 -0.0516795261856145 -0.07074268895509439
v -0.26513289544556684 -0.10020566929115005 -0.248774176297702
v -0.3195781497061438 -0.0211589952536248 -0.08770404370911067
v -0.26513289544556684 -0.10020566929115005 -0.248774176297702
v -0.3195781497061438 -0.0211589952536248 -0.08770404370911067
vt 0 1
vt 0.125 1
vt 0.125 1
vt 0 1
vt 0 1
vt 0.3125 1
vt 0.3125 1
vt 0 1
vt 0 1
vt 0.125 1
vt 0.125 1
vt 0 1
vt 0 1
vt 0.3125 1
vt 0.3125 1
vt 0 1
vt 0 0.3125
vt 1 0.3125
vt 1 0
vt 0 0
vt 0 1
vt 0.0625 1
vt 0.0625 0.6875
vt 0 0.6875
vn 0.29037468938974337 -0.42158226153346784 -0.8590407071391536
vn 0.9554224236177905 0.07764182896885698 0.28485037974817246
vn -0.29037468938974337 0.42158226153346784 0.8590407071391536
vn -0.9554224236177905 -0.07764182896885698 -0.28485037974817246
vn 0.05339037563191754 0.9034600949431567 -0.4253343680390584
vn -0.05339037563191754 -0.9034600949431567 0.4253343680390584
g Frond
f 28/76/19 31/75/19 29/74/19 26/73/19
f 27/80/20 28/79/20 26/78/20 25/77/20
f 32/84/21 27/83/21 25/82/21 30/81/21
f 31/88/22 32/87/22 30/86/22 29/85/22
f 30/92/23 25/91/23 26/90/23 29/89/23
f 31/96/24 28/95/24 27/94/24 32/93/24
o cube
v 0.3320037790192736 -0.05167560388851067 -0.07073590842272032
v 0.38467658862603193 -0.15215699879964872 -0.22001857454589124
v 0.3320037790192736 -0.05167560388851067 -0.07073590842272032
v 0.38467658862603193 -0.15215699879964872 -0.22001857454589124
v -0.21246242613508703 -0.20068314190518433 -0.3980500618884989
v -0.26513523574184555 -0.10020174699404621 -0.24876739576532797
v -0.21246242613508703 -0.20068314190518433 -0.3980500618884989
v -0.26513523574184555 -0.10020174699404621 -0.24876739576532797
vt 0 1
vt 0.125 1
vt 0.125 1
vt 0 1
vt 0 1
vt 0.3125 1
vt 0.3125 1
vt 0 1
vt 0 1
vt 0.125 1
vt 0.125 1
vt 0 1
vt 0 1
vt 0.3125 1
vt 0.3125 1
vt 0 1
vt 0 0.625
vt 1 0.625
vt 1 0.3125
vt 0 0.3125
vt 0 1
vt 0.0625 1
vt 0.0625 0.6875
vt 0 0.6875
vn 0.28092165123604484 -0.5359007728594029 -0.7961742193235778
vn 0.9554224236177906 0.07764182896885698 0.28485037974817246
vn -0.28092165123604484 0.5359007728594029 0.7961742193235778
vn -0.9554224236177906 -0.07764182896885698 -0.28485037974817246
vn 0.0908351160902056 0.8407033412822061 -0.5338228860228958
vn -0.0908351160902056 -0.8407033412822061 0.5338228860228958
g Frond
f 36/100/25 39/99/25 37/98/25 34/97/25
f 35/104/26 36/103/26 34/102/26 33/101/26
f 40/108/27 35/107/27 33/106/27 38/105/27
f 39/112/28 40/111/28 38/110/28 37/109/28
f 38/116/29 33/115/29 34/114/29 37/113/29
f 39/120/30 36/119/30 35/118/30 40/117/30
o cube
v 0.3846685750962626 -0.15213322454037304 -0.21999817636679608
v 0.42795214068340925 -0.34560783319398003 -0.31244097628326784
v 0.3846685750962626 -0.15213322454037304 -0.21999817636679608
v 0.42795214068340925 -0.34560783319398003 -0.31244097628326784
v -0.16918687407770983 -0.3941339762995155 -0.4904724636258755
v -0.2124704396648564 -0.20065936764590853 -0.39802966370940374
v -0.16918687407770983 -0.3941339762995155 -0.4904724636258755
v -0.2124704396648564 -0.20065936764590853 -0.39802966370940374
vt 0 1
vt 0.125 1
vt 0.125 1
vt 0 1
vt 0 1
vt 0.3125 1
vt 0.3125 1
vt 0 1
vt 0 1
vt 0.125 1
vt 0.125 1
vt 0 1
vt 0 1
vt 0.3125 1
vt 0.3125 1
vt 0 1
vt 0 1
vt 1 1
vt 1 0.625
vt 0 0.625
vt 0 1
vt 0.0625 1
vt 0.0625 0.6875
vt 0 0.6875
vn 0.1978677283983842 -0.8844553538450602 -0.42259565676101374
vn 0.9554224236177905 0.07764182896885698 0.2848503797481724
vn -0.1978677283983842 0.8844553538450602 0.42259565676101374
vn -0.9554224236177905 -0.07764182896885698 -0.2848503797481724
vn 0.21912634370784909 0.4601200641671478 -0.8603912900791415
vn -0.21912634370784909 -0.4601200641671478 0.8603912900791415
g Frond
f 44/124/31 47/123/31 45/122/31 42/121/31
f 43/128/32 44/127/32 42/126/32 41/125/32
f 48/132/33 43/131/33 41/130/33 46/129/33
f 47/136/34 48/135/34 46/134/34 45/133/34
f 46/140/35 41/139/35 42/138/35 45/137/35
f 47/144/36 44/143/36 43/142/36 48/141/36
o cube
v 0.2656765433599767 -0.04502714016564069 -0.11621888324846263
v 0.1779063005003415 -0.08714837010294313 -0.2764638097108302
v 0.2656765433599767 -0.04502714016564069 -0.11621888324846263
v 0.1779063005003415 -0.08714837010294313 -0.2764638097108302
v -0.3732693185551877 0.025535076638318666 -0.004190274843294317
v -0.28549907569555244 0.06765630657562116 0.15605465161907317
v -0.3732693185551877 0.025535076638318666 -0.004190274843294317
v -0.28549907569555244 0.06765630657562116 0.15605465161907317
vt 0 1
vt 0.125 1
vt 0.125 1
vt 0 1
vt 0 1
vt 0.3125 1
vt 0.3125 1
vt 0 1
vt 0 1
vt 0.125 1
vt 0.125 1
vt 0 1
vt 0 1
vt 0.3125 1
vt 0.3125 1
vt 0 1
vt 0 0.3125
vt 1 0.3125
vt 1 0
vt 0 0
vt 0 1
vt 0.0625 1
vt 0.0625 0.6875
vt 0 0.6875
vn -0.4681079619180545 -0.22464655966561303 -0.854639607799293
vn 0.8818809904888469 -0.18029351478601896 -0.4356376557880573
vn 0.4681079619180545 0.22464655966561303 0.854639607799293
vn -0.8818809904888469 0.18029351478601896 0.4356376557880573
vn 0.05622147813189968 0.9576158790227467 -0.28250836030134857
vn -0.05622147813189968 -0.9576158790227467 0.28250836030134857
g Frond
f 52/148/37 55/147/37 53/146/37 50/145/37
f 51/152/38 52/151/38 50/150/38 49/149/38
f 56/156/39 51/155/39 49/154/39 54/153/39
f 55/160/40 56/159/40 54/158/40 53/157/40
f 54/164/41 49/163/41 50/162/41 53/161/41
f 55/168/42 52/167/42 51/166/42 56/165/42
o cube
v 0.17791014933361382 -0.08714602542815408 -0.2764569887136088
v 0.0895148476698584 -0.1523432688351679 -0.4284169837646099
v 0.17791014933361382 -0.08714602542815408 -0.2764569887136088
v 0.0895148476698584 -0.1523432688351679 -0.4284169837646099
v -0.46166077138567085 -0.039659822093906116 -0.15614344889707404
v -0.37326546972191543 0.025537421313107767 -0.004183453846072938
v -0.46166077138567085 -0.039659822093906116 -0.15614344889707404
v -0.37326546972191543 0.025537421313107767 -0.004183453846072938
vt 0 1
vt 0.125 1
vt 0.125 1
vt 0 1
vt 0 1
vt 0.3125 1
vt 0.3125 1
vt 0 1
vt 0 1
vt 0.125 1
vt 0.125 1
vt 0 1
vt 0 1
vt 0.3125 1
vt 0.3125 1
vt 0 1
vt 0 0.625
vt 1 0.625
vt 1 0.3125
vt 0 0.3125
vt 0 1
vt 0.0625 1
vt 0.0625 0.6875
vt 0 0.6875
vn -0.47144160887336223 -0.3477186315040739 -0.8104533069386723
vn 0.8818809904888469 -0.18029351478601896 -0.4356376557880573
vn 0.47144160887336223 0.3477186315040739 0.8104533069386723
vn -0.8818809904888469 0.18029351478601896 0.4356376557880573
vn -0.005359854224340543 0.9201010823985796 -0.391644315842393
vn 0.005359854224340543 -0.9201010823985796 0.391644315842393
g Frond
f 60/172/43 63/171/43 61/170/43 58/169/43
f 59/176/44 60/175/44 58/174/44 57/173/44
f 64/180/45 59/179/45 57/178/45 62/177/45
f 63/184/46 64/183/46 62/182/46 61/181/46
f 62/188/47 57/187/47 58/186/47 61/185/47
f 63/192/48 60/191/48 59/190/48 64/189/48
o cube
v 0.08952952702319461 -0.15232470736822756 -0.4283949495570109
v 0.0008044214603140087 -0.31883364381062895 -0.539093604597061
v 0.08952952702319461 -0.15232470736822756 -0.4283949495570109
v 0.0008044214603140087 -0.31883364381062895 -0.539093604597061
v -0.5503711975952152 -0.2061501970693672 -0.2668200697295252
v -0.4616460920323347 -0.03964126062696571 -0.156121414689475
v -0.5503711975952152 -0.2061501970693672 -0.2668200697295252
v -0.4616460920323347 -0.03964126062696571 -0.156121414689475
vt 0 1
vt 0.125 1
vt 0.125 1
vt 0 1
vt 0 1
vt 0.3125 1
vt 0.3125 1
vt 0 1
vt 0 1
vt 0.125 1
vt 0.125 1
vt 0 1
vt 0 1
vt 0.3125 1
vt 0.3125 1
vt 0 1
vt 0 1
vt 1 1
vt 1 0.625
vt 0 0.625
vt 0 1
vt 0.0625 1
vt 0.0625 0.6875
vt 0 0.6875
vn -0.4056004825731686 -0.7611837094509778 -0.5060509944688008
vn 0.8818809904888469 -0.18029351478601896 -0.43563765578805735
vn 0.4056004825731686 0.7611837094509778 0.5060509944688008
vn -0.8818809904888469 0.18029351478601896 0.43563765578805735
vn -0.24036257435554137 0.6229715956546921 -0.7444005802366248
vn 0.24036257435554137 -0.6229715956546921 0.7444005802366248
g Frond
f 68/196/49 71/195/49 69/194/49 66/193/49
f 67/200/50 68/199/50 66/198/50 65/197/50
f 72/204/51 67/203/51 65/202/51 70/201/51
f 71/208/52 72/207/52 70/206/52 69/205/52
f 70/212/53 65/211/53 66/210/53 69/209/53
f 71/216/54 68/215/54 67/214/54 72/213/54
o cube
v 0.28098722899209616 0.005293867054320223 0.08426132378736173
v 0.3258347374746354 0.021870461898663818 -0.09703999304810706
v 0.28098722899209616 0.005293867054320223 0.08426132378736173
v 0.3258347374746354 0.021870461898663818 -0.09703999304810706
v -0.28075226668813213 0.01686038673287693 -0.2475461574656206
v -0.32559977517067146 0.0002837918885333357 -0.06624484063015179
v -0.28075226668813213 0.01686038673287693 -0.2475461574656206
v -0.32559977517067146 0.0002837918885333357 -0.06624484063015179
vt 0 1
vt 0.125 1
vt 0.125 1
vt 0 1
vt 0 1
vt 0.3125 1
vt 0.3125 1
vt 0 1
vt 0 1
vt 0.125 1
vt 0.125 1
vt 0 1
vt 0 1
vt 0.3125 1
vt 0.3125 1
vt 0 1
vt 0 0.3125
vt 1 0.3125
vt 1 0
vt 0 0
vt 0 1
vt 0.0625 1
vt 0.0625 0.6875
vt 0 0.6875
vn 0.23918671190687635 0.0884085058364993 -0.9669403564558338
vn 0.9705392066604284 0.008016120265259014 0.24080986306802163
vn -0.23918671190687635 -0.0884085058364993 0.9669403564558338
vn -0.9705392066604284 -0.008016120265259014 -0.24080986306802163
vn -0.02904075037121823 0.9960520457845818 0.08388657166809245
vn 0.02904075037121823 -0.9960520457845818 -0.08388657166809245
g Frond
f 76/220/55 79/219/55 77/218/55 74/217/55
f 75/224/56 76/223/56 74/222/56 73/221/56
f 80/228/57 75/227/57 73/226/57 78/225/57
f 79/232/58 80/231/58 78/230/58 77/229/58
f 78/236/59 73/235/59 74/234/59 77/233/59
f 79/240/60 76/239/60 75/238/60 80/237/60
o cube
v 0.3258327706884867 0.021870273257270312 -0.09703206000410192
v 0.37100733599988767 0.013928012886785246 -0.2788353304618508
v 0.3258327706884867 0.021870273257270312 -0.09703206000410192
v 0.37100733599988767 0.013928012886785246 -0.2788353304618508
v -0.23557966816288 0.008917937720998359 -0.4293414948793644
v -0.28075423347428097 0.016860198091483425 -0.24753822442161544
v -0.23557966816288 0.008917937720998359 -0.4293414948793644
v -0.28075423347428097 0.016860198091483425 -0.24753822442161544
vt 0 1
vt 0.125 1
vt 0.125 1
vt 0 1
vt 0 1
vt 0.3125 1
vt 0.3125 1
vt 0 1
vt 0 1
vt 0.125 1
vt 0.125 1
vt 0 1
vt 0 1
vt 0.3125 1
vt 0.3125 1
vt 0 1
vt 0 0.625
vt 1 0.625
vt 1 0.3125
vt 0 0.3125
vt 0 1
vt 0.0625 1
vt 0.0625 0.6875
vt 0 0.6875
vn 0.2409310149941387 -0.04235872197592017 -0.9696174424413275
vn 0.9705392066604285 0.008016120265259014 0.24080986306802166
vn -0.2409310149941387 0.04235872197592017 0.9696174424413275
vn -0.9705392066604285 -0.008016120265259014 -0.24080986306802166
vn 0.0024278280088551466 0.9990703080806974 -0.04304213241348322
vn -0.0024278280088551466 -0.9990703080806974 0.04304213241348322
g Frond
f 84/244/61 87/243/61 85/242/61 82/241/61
f 83/248/62 84/247/62 82/246/62 81/245/62
f 88/252/63 83/251/63 81/250/63 86/249/63
f 87/256/64 88/255/64 86/254/64 85/253/64
f 86/260/65 81/259/65 82/258/65 85/257/65
f 87/264/66 84/263/66 83/262/66 88/261/66
o cube
v 0.37099983148613114 0.013937698240825136 -0.27880540732758546
v 0.41637699582302057 -0.10336018249053003 -0.45778496658694817
v 0.37099983148613114 0.013937698240825136 -0.27880540732758546
v 0.41637699582302057 -0.10336018249053003 -0.45778496658694817
v -0.19021000833974727 -0.10837025765631703 -0.6082911310044619
v -0.2355871726766367 0.008927623075038138 -0.42931157174509904
v -0.19021000833974727 -0.10837025765631703 -0.6082911310044619
v -0.2355871726766367 0.008927623075038138 -0.42931157174509904
vt 0 1
vt 0.125 1
vt 0.125 1
vt 0 1
vt 0 1
vt 0.3125 1
vt 0.3125 1
vt 0 1
vt 0 1
vt 0.125 1
vt 0.125 1
vt 0 1
vt 0 1
vt 0.3125 1
vt 0.3125 1
vt 0 1
vt 0 1
vt 1 1
vt 1 0.625
vt 0 0.625
vt 0 1
vt 0.0625 1
vt 0.0625 0.6875
vt 0 0.6875
vn 0.20743846554006604 -0.5362188833433377 -0.8181922708999437
vn 0.9705392066604284 0.008016120265258983 0.2408098630680216
vn -0.20743846554006604 0.5362188833433377 0.8181922708999437
vn -0.9705392066604284 -0.008016120265258983 -0.2408098630680216
vn 0.12256806822875728 0.8440409059766693 -0.5220843013237938
vn -0.12256806822875728 -0.8440409059766693 0.5220843013237938
g Frond
f 92/268/67 95/267/67 93/266/67 90/265/67
f 91/272/68 92/271/68 90/270/68 89/269/68
f 96/276/69 91/275/69 89/274/69 94/273/69
f 95/280/70 96/279/70 94/278/70 93/277/70
f 94/284/71 89/283/71 90/282/71 93/281/71
f 95/288/72 92/287/72 91/286/72 96/285/72
o cube
v 0.45365552649290986 0.10308643990820676 0.11660100850465915
v 0.5169688165712447 0.1266397749631749 -0.058307303782793585
v 0.45365552649290986 0.10308643990820676 0.11660100850465915
v 0.5169688165712447 0.1266397749631749 -0.058307303782793585
v -0.0621047118397306 0.04515055371284582 -0.2788936939198057
v -0.1254180019180654 0.02159721865787767 -0.10398538163235305
v -0.0621047118397306 0.04515055371284582 -0.2788936939198057
v -0.1254180019180654 0.02159721865787767 -0.10398538163235305
vt 0 1
vt 0.125 1
vt 0.125 1
vt 0 1
vt 0 1
vt 0.3125 1
vt 0.3125 1
vt 0 1
vt 0 1
vt 0.125 1
vt 0.125 1
vt 0 1
vt 0 1
vt 0.3125 1
vt 0.3125 1
vt 0 1
vt 0 0.3125
vt 1 0.3125
vt 1 0
vt 0 0
vt 0 1
vt 0.0625 1
vt 0.0625 0.6875
vt 0 0.6875
vn 0.33767088041778565 0.1256177869598303 -0.9328443321997472
vn 0.9265176454575609 0.13038275400052665 0.3529382242192194
vn -0.33767088041778565 -0.1256177869598303 0.9328443321997472
vn -0.9265176454575609 -0.13038275400052665 -0.3529382242192194
vn -0.16596213174593594 0.983473695153334 0.07236063686695801
vn 0.16596213174593594 -0.983473695153334 -0.07236063686695801
g Frond
f 100/292/73 103/291/73 101/290/73 98/289/73
f 99/296/74 100/295/74 98/294/74 97/293/74
f 104/300/75 99/299/75 97/298/75 102/297/75
f 103/304/76 104/303/76 102/302/76 101/301/76
f 102/308/77 97/307/77 98/306/77 101/305/77
f 103/312/78 100/311/78 99/310/78 104/309/78
o cube
v 0.5169659731510392 0.12663927604707437 -0.058299655053175026
v 0.5837993102139085 0.1259219071973603 -0.2334825321815473
v 0.5169659731510392 0.12663927604707437 -0.058299655053175026
v 0.5837993102139085 0.1259219071973603 -0.2334825321815473
v 0.004725781802933149 0.0444326859470312 -0.4540689223185594
v -0.06210755525993622 0.045150054796745165 -0.27888604519018717
v 0.004725781802933149 0.0444326859470312 -0.4540689223185594
v -0.06210755525993622 0.045150054796745165 -0.27888604519018717
vt 0 1
vt 0.125 1
vt 0.125 1
vt 0 1
vt 0 1
vt 0.3125 1
vt 0.3125 1
vt 0 1
vt 0 1
vt 0.125 1
vt 0.125 1
vt 0 1
vt 0 1
vt 0.3125 1
vt 0.3125 1
vt 0 1
vt 0 0.625
vt 1 0.625
vt 1 0.3125
vt 0 0.3125
vt 0 1
vt 0.0625 1
vt 0.0625 0.6875
vt 0 0.6875
vn 0.3564444643353036 -0.0038259671984747163 -0.934308678017985
vn 0.9265176454575609 0.13038275400052665 0.35293822421921944
vn -0.3564444643353036 0.0038259671984747163 0.934308678017985
vn -0.9265176454575609 -0.13038275400052665 -0.35293822421921944
vn -0.12046740845762556 0.9914563527630627 -0.050019037028608014
vn 0.12046740845762556 -0.9914563527630627 0.050019037028608014
g Frond
f 108/316/79 111/315/79 109/314/79 106/313/79
f 107/320/80 108/319/80 106/318/80 105/317/80
f 112/324/81 107/323/81 105/322/81 110/321/81
f 111/328/82 112/327/82 110/326/82 109/325/82
f 110/332/83 105/331/83 106/330/83 109/329/83
f 111/336/84 108/335/84 107/334/84 112/333/84
o cube
v 0.5837871692923071 0.1259303253538513 -0.23345377021989955
v 0.664489221094515 0.01676498384803271 -0.40498123026298355
v 0.5837871692923071 0.1259303253538513 -0.23345377021989955
v 0.664489221094515 0.01676498384803271 -0.40498123026298355
v 0.08541569268353966 -0.06472423740229638 -0.6255676203999957
v 0.004713640881331749 0.0444411041035222 -0.45404016035691175
v 0.08541569268353966 -0.06472423740229638 -0.6255676203999957
v 0.004713640881331749 0.0444411041035222 -0.45404016035691175
vt 0 1
vt 0.125 1
vt 0.125 1
vt 0 1
vt 0 1
vt 0.3125 1
vt 0.3125 1
vt 0 1
vt 0 1
vt 0.125 1
vt 0.125 1
vt 0 1
vt 0 1
vt 0.3125 1
vt 0.3125 1
vt 0 1
vt 0 1
vt 1 1
vt 1 0.625
vt 0 0.625
vt 0 1
vt 0.0625 1
vt 0.0625 0.6875
vt 0 0.6875
vn 0.3689236653815221 -0.49904156116945647 -0.7841255316255266
vn 0.9265176454575608 0.13038275400052665 0.35293822421921944
vn -0.3689236653815221 0.49904156116945647 0.7841255316255266
vn -0.9265176454575608 -0.13038275400052665 -0.35293822421921944
vn 0.0738943961152717 0.8567134046370408 -0.5104720957486014
vn -0.0738943961152717 -0.8567134046370408 0.5104720957486014
g Frond
f 116/340/85 119/339/85 117/338/85 114/337/85
f 115/344/86 116/343/86 114/342/86 113/341/86
f 120/348/87 115/347/87 113/346/87 118/345/87
f 119/352/88 120/351/88 118/350/88 117/349/88
f 118/356/89 113/355/89 114/354/89 117/353/89
f 119/360/90 116/359/90 115/358/90 120/357/90
o cube
v 0.4685392225982614 0.05273789040822796 -0.08390443638094924
v 0.4062941909004194 0.0009401638830790482 -0.25301623832203357
v 0.4685392225982614 0.05273789040822796 -0.08390443638094924
v 0.4062941909004194 0.0009401638830790482 -0.25301623832203357
v -0.18287611258064834 0.04006741135769787 -0.04814454188476042
v -0.12063108088280644 0.09186513788284678 0.12096726005632397
v -0.18287611258064834 0.04006741135769787 -0.04814454188476042
v -0.12063108088280644 0.09186513788284678 0.12096726005632397
vt 0 1
vt 0.125 1
vt 0.125 1
vt 0 1
vt 0 1
vt 0.3125 1
vt 0.3125 1
vt 0 1
vt 0 1
vt 0.125 1
vt 0.125 1
vt 0 1
vt 0 1
vt 0.3125 1
vt 0.3125 1
vt 0 1
vt 0 0.3125
vt 1 0.3125
vt 1 0
vt 0 0
vt 0 1
vt 0.0625 1
vt 0.0625 0.6875
vt 0 0.6875
vn -0.33197350238849044 -0.2762545414674608 -0.9019296103524499
vn 0.9426724855697088 -0.06260359595939007 -0.327794714299637
vn 0.33197350238849044 0.2762545414674608 0.9019296103524499
vn -0.9426724855697088 0.06260359595939007 0.327794714299637
vn -0.03409074158398867 0.959043386970348 -0.28120029026780424
vn 0.03409074158398867 -0.959043386970348 0.28120029026780424
g Frond
f 124/364/91 127/363/91 125/362/91 122/361/91
f 123/368/92 124/367/92 122/366/92 121/365/92
f 128/372/93 123/371/93 121/370/93 126/369/93
f 127/376/94 128/375/94 126/374/94 125/373/94
f 126/380/95 121/379/95 122/378/95 125/377/95
f 127/384/96 124/383/96 123/382/96 128/381/96
o cube
v 0.40629688087455473 0.0009429303332356698 -0.25300903083889453
v 0.34541868930585107 -0.07388296223754315 -0.4137920572823302
v 0.40629688087455473 0.0009429303332356698 -0.25300903083889453
v 0.34541868930585107 -0.07388296223754315 -0.4137920572823302
v -0.24375161417521668 -0.03475571476292433 -0.20892036084505694
v -0.18287342260651307 0.04007017780785449 -0.04813733440162127
v -0.24375161417521668 -0.03475571476292433 -0.20892036084505694
v -0.18287342260651307 0.04007017780785449 -0.04813733440162127
vt 0 1
vt 0.125 1
vt 0.125 1
vt 0 1
vt 0 1
vt 0.3125 1
vt 0.3125 1
vt 0 1
vt 0 1
vt 0.125 1
vt 0.125 1
vt 0 1
vt 0 1
vt 0.3125 1
vt 0.3125 1
vt 0 1
vt 0 0.625
vt 1 0.625
vt 1 0.3125
vt 0 0.3125
vt 0 1
vt 0.0625 1
vt 0.0625 0.6875
vt 0 0.6875
vn -0.32468368836641937 -0.3990714270441532 -0.8575094743649898
vn 0.9426724855697088 -0.06260359595939008 -0.327794714299637
vn 0.32468368836641937 0.3990714270441532 0.8575094743649898
vn -0.9426724855697088 0.06260359595939008 0.327794714299637
vn -0.07713032774859188 0.9147801844650421 -0.3965200204926584
vn 0.07713032774859188 -0.9147801844650421 0.3965200204926584
g Frond
f 132/388/97 135/387/97 133/386/97 130/385/97
f 131/392/98 132/391/98 130/390/98 129/389/98
f 136/396/99 131/395/99 129/394/99 134/393/99
f 135/400/100 136/399/100 134/398/100 133/397/100
f 134/404/101 129/403/101 130/402/101 133/401/101
f 135/408/102 132/407/102 131/406/102 136/405/102
o cube
v 0.34542818433713607 -0.0738628414403879 -0.41376859421184464
v 0.2923552434271932 -0.2495182352479149 -0.5328484332673806
v 0.34542818433713607 -0.0738628414403879 -0.41376859421184464
v 0.2923552434271932 -0.2495182352479149 -0.5328484332673806
v -0.29681506005387476 -0.21039098777329607 -0.3279767368301074
v -0.24374211914393185 -0.034735593965769085 -0.20889689777457143
v -0.29681506005387476 -0.21039098777329607 -0.3279767368301074
v -0.24374211914393185 -0.034735593965769085 -0.20889689777457143
vt 0 1
vt 0.125 1
vt 0.125 1
vt 0 1
vt 0 1
vt 0.3125 1
vt 0.3125 1
vt 0 1
vt 0 1
vt 0.125 1
vt 0.125 1
vt 0 1
vt 0 1
vt 0.3125 1
vt 0.3125 1
vt 0 1
vt 0 1
vt 1 1
vt 1 0.625
vt 0 0.625
vt 0 1
vt 0.0625 1
vt 0.0625 0.6875
vt 0 0.6875
vn -0.24261915844545323 -0.802996085977266 -0.5443649785395928
vn 0.9426724855697088 -0.0626035959593901 -0.327794714299637
vn 0.24261915844545323 0.802996085977266 0.5443649785395928
vn -0.9426724855697088 0.0626035959593901 0.327794714299637
vn -0.22913866741571007 0.5926871651032648 -0.7721511480382635
vn 0.22913866741571007 -0.5926871651032648 0.7721511480382635
g Frond
f 140/412/103 143/411/103 141/410/103 138/409/103
f 139/416/104 140/415/104 138/414/104 137/413/104
f 144/420/105 139/419/105 137/418/105 142/417/105
f 143/424/106 144/423/106 142/422/106 141/421/106
f 142/428/107 137/427/107 138/426/107 141/425/107
f 143/432/108 140/431/108 139/430/108 144/429/108
o cube
v 0.4467435968600344 0.12449286552888728 0.12205606816363668
v 0.5293777472710777 0.05428828037518918 -0.0309117827372708
v 0.4467435968600344 0.12449286552888728 0.12205606816363668
v 0.5293777472710777 0.05428828037518918 -0.0309117827372708
v -0.03159096863879013 -0.06893975916891681 -0.27739494654476166
v -0.11422511904983323 0.0012648259847812815 -0.12442709564385418
v -0.03159096863879013 -0.06893975916891681 -0.27739494654476166
v -0.11422511904983323 0.0012648259847812815 -0.12442709564385418
vt 0 1
vt 0.125 1
vt 0.125 1
vt 0 1
vt 0 1
vt 0.3125 1
vt 0.3125 1
vt 0 1
vt 0 1
vt 0.125 1
vt 0.125 1
vt 0 1
vt 0 1
vt 0.3125 1
vt 0.3125 1
vt 0 1
vt 0 0.3125
vt 1 0.3125
vt 1 0
vt 0 0
vt 0 1
vt 0.0625 1
vt 0.0625 0.6875
vt 0 0.6875
vn 0.44071546885889634 -0.3744244541530564 -0.8158285381381732
vn 0.8975499454557884 0.19716486327056978 0.3943730620919856
vn -0.44071546885889634 0.3744244541530564 0.8158285381381732
vn -0.8975499454557884 -0.19716486327056978 -0.3943730620919856
vn -0.01318980366778064 0.906053168872381 -0.4229582535611784
vn 0.01318980366778064 -0.906053168872381 0.4229582535611784
g Frond
f 148/436/109 151/435/109 149/434/109 146/433/109
f 147/440/110 148/439/110 146/438/110 145/437/110
f 152/444/111 147/443/111 145/442/111 150/441/111
f 151/448/112 152/447/112 150/446/112 149/445/112
f 150/452/113 145/451/113 146/450/113 149/449/113
f 151/456/114 148/455/114 147/454/114 152/453/114
o cube
v 0.5293741449115399 0.05429181935073535 -0.030905353454389828
v 0.6116241514947252 -0.037486593985120664 -0.17221320625323033
v 0.5293741449115399 0.05429181935073535 -0.030905353454389828
v 0.6116241514947252 -0.037486593985120664 -0.17221320625323033
v 0.05065543558485752 -0.1607146335292267 -0.4186963700607212
v -0.03159457099832774 -0.06893622019337076 -0.2773885172618807
v 0.05065543558485752 -0.1607146335292267 -0.4186963700607212
v -0.03159457099832774 -0.06893622019337076 -0.2773885172618807
vt 0 1
vt 0.125 1
vt 0.125 1
vt 0 1
vt 0 1
vt 0.3125 1
vt 0.3125 1
vt 0 1
vt 0 1
vt 0.125 1
vt 0.125 1
vt 0 1
vt 0 1
vt 0.3125 1
vt 0.3125 1
vt 0 1
vt 0 0.625
vt 1 0.625
vt 1 0.3125
vt 0 0.3125
vt 0 1
vt 0.0625 1
vt 0.0625 0.6875
vt 0 0.6875
vn 0.4386667017769878 -0.4894848711245649 -0.753641881593816
vn 0.8975499454557883 0.1971648632705698 0.3943730620919856
vn -0.4386667017769878 0.4894848711245649 0.753641881593816
vn -0.8975499454557883 -0.1971648632705698 -0.3943730620919856
vn 0.044447948933675936 0.8494295601353097 -0.5258267796564984
vn -0.044447948933675936 -0.8494295601353097 0.5258267796564984
g Frond
f 156/460/115 159/459/115 157/458/115 154/457/115
f 155/464/116 156/463/116 154/462/116 153/461/116
f 160/468/117 155/467/117 153/466/117 158/465/117
f 159/472/118 160/471/118 158/470/118 157/469/118
f 158/476/119 153/475/119 154/474/119 157/473/119
f 159/480/120 156/479/120 155/478/120 160/477/120
o cube
v 0.6116108229520214 -0.03746419636227122 -0.1721940695290079
v 0.6898516895602891 -0.22310006488126377 -0.25745398749511084
v 0.6116108229520214 -0.03746419636227122 -0.1721940695290079
v 0.6898516895602891 -0.22310006488126377 -0.25745398749511084
v 0.12888297365042134 -0.3463281044253698 -0.5039371513026017
v 0.05064210704215377 -0.16069223590637727 -0.4186772333364988
v 0.12888297365042134 -0.3463281044253698 -0.5039371513026017
v 0.05064210704215377 -0.16069223590637727 -0.4186772333364988
vt 0 1
vt 0.125 1
vt 0.125 1
vt 0 1
vt 0 1
vt 0.3125 1
vt 0.3125 1
vt 0 1
vt 0 1
vt 0.125 1
vt 0.125 1
vt 0 1
vt 0 1
vt 0.3125 1
vt 0.3125 1
vt 0 1
vt 0 1
vt 1 1
vt 1 0.625
vt 0 0.625
vt 0 1
vt 0.0625 1
vt 0.0625 0.6875
vt 0 0.6875
vn 0.3576725330663659 -0.84862111322968 -0.3897596249878994
vn 0.8975499454557883 0.19716486327056976 0.39437306209198547
vn -0.3576725330663659 0.84862111322968 0.3897596249878994
vn -0.8975499454557883 -0.19716486327056976 -0.39437306209198547
vn 0.2578264038111708 0.4908851422403371 -0.8322002899695979
vn -0.2578264038111708 -0.4908851422403371 0.8322002899695979
g Frond
f 164/484/121 167/483/121 165/482/121 162/481/121
f 163/488/122 164/487/122 162/486/122 161/485/122
f 168/492/123 163/491/123 161/490/123 166/489/123
f 167/496/124 168/495/124 166/494/124 165/493/124
f 166/500/125 161/499/125 162/498/125 165/497/125
f 167/504/126 164/503/126 163/502/126 168/501/126
o cube
v 0.47939401564413475 0.12002208327364061 0.002745601145923815
v 0.4700283510343257 0.18460344380504667 -0.17303204873690142
v 0.47939401564413475 0.12002208327364061 0.002745601145923815
v 0.4700283510343257 0.18460344380504667 -0.17303204873690142
v -0.14801746719335407 0.09163644328053899 -0.17425817464952387
v -0.13865180258354504 0.02705508274913293 0.001519475233301426
v -0.14801746719335407 0.09163644328053899 -0.17425817464952387
v -0.13865180258354504 0.02705508274913293 0.001519475233301426
vt 0 1
vt 0.125 1
vt 0.125 1
vt 0 1
vt 0 1
vt 0.3125 1
vt 0.3125 1
vt 0 1
vt 0 1
vt 0.125 1
vt 0.125 1
vt 0 1
vt 0 1
vt 0.3125 1
vt 0.3125 1
vt 0 1
vt 0 0.3125
vt 1 0.3125
vt 1 0
vt 0 0
vt 0 1
vt 0.0625 1
vt 0.0625 0.6875
vt 0 0.6875
vn -0.04995021125231482 0.3444339228341658 -0.9374807993750682
vn 0.9888733091642882 0.14874720083921236 0.0019618014601959295
vn 0.04995021125231482 -0.3444339228341658 0.9374807993750682
vn -0.9888733091642882 -0.14874720083921236 -0.0019618014601959295
vn -0.1401233557203058 0.926951747958634 0.34803146716656774
vn 0.1401233557203058 -0.926951747958634 -0.34803146716656774
g Frond
f 172/508/127 175/507/127 173/506/127 170/505/127
f 171/512/128 172/511/128 170/510/128 169/509/128
f 176/516/129 171/515/129 169/514/129 174/513/129
f 175/520/130 176/519/130 174/518/130 173/517/130
f 174/524/131 169/523/131 170/522/131 173/521/131
f 175/528/132 172/527/132 171/526/132 176/525/132
o cube
v 0.4700286835990848 0.18460112958956454 -0.17302421478337204
v 0.46417247506020165 0.2259440847478137 -0.35581566666319087
v 0.4700286835990848 0.18460112958956454 -0.17302421478337204
v 0.46417247506020165 0.2259440847478137 -0.35581566666319087
v -0.15387334316747836 0.1329770842233059 -0.3570417925758133
v -0.14801713462859523 0.09163412906505675 -0.17425034069599454
v -0.15387334316747836 0.1329770842233059 -0.3570417925758133
v -0.14801713462859523 0.09163412906505675 -0.17425034069599454
vt 0 1
vt 0.125 1
vt 0.125 1
vt 0 1
vt 0 1
vt 0.3125 1
vt 0.3125 1
vt 0 1
vt 0 1
vt 0.125 1
vt 0.125 1
vt 0 1
vt 0 1
vt 0.3125 1
vt 0.3125 1
vt 0 1
vt 0 0.625
vt 1 0.625
vt 1 0.3125
vt 0 0.3125
vt 0 1
vt 0.0625 1
vt 0.0625 0.6875
vt 0 0.6875
vn -0.031233112207376516 0.2204957608439958 -0.9748877433590335
vn 0.9888733091642883 0.1487472008392124 0.0019618014601959295
vn 0.031233112207376516 -0.2204957608439958 0.9748877433590335
vn -0.9888733091642883 -0.1487472008392124 -0.0019618014601959295
vn -0.14544439186270358 0.963979195674018 0.22268821069684386
vn 0.14544439186270358 -0.963979195674018 -0.22268821069684386
g Frond
f 180/532/133 183/531/133 181/530/133 178/529/133
f 179/536/134 180/535/134 178/534/134 177/533/134
f 184/540/135 179/539/135 177/538/135 182/537/135
f 183/544/136 184/543/136 182/542/136 181/541/136
f 182/548/137 177/547/137 178/546/137 181/545/137
f 183/552/138 180/551/138 179/550/138 184/549/138
o cube
v 0.4641722331478917 0.22594526682720772 -0.35578335471585537
v 0.4741633172492541 0.16228143330735412 -0.5648255921704805
v 0.4641722331478917 0.22594526682720772 -0.35578335471585537
v 0.4741633172492541 0.16228143330735412 -0.5648255921704805
v -0.14388250097842592 0.06931443278284644 -0.566051718083103
v -0.15387358507978832 0.13297826630269993 -0.3570094806284778
v -0.14388250097842592 0.06931443278284644 -0.566051718083103
v -0.15387358507978832 0.13297826630269993 -0.3570094806284778
vt 0 1
vt 0.125 1
vt 0.125 1
vt 0 1
vt 0 1
vt 0.3125 1
vt 0.3125 1
vt 0 1
vt 0 1
vt 0.125 1
vt 0.125 1
vt 0 1
vt 0 1
vt 0.3125 1
vt 0.3125 1
vt 0 1
vt 0 1
vt 1 1
vt 1 0.625
vt 0 0.625
vt 0 1
vt 0.0625 1
vt 0.0625 0.6875
vt 0 0.6875
vn 0.04567352732051384 -0.2910346675193305 -0.9556216569354292
vn 0.9888733091642882 0.1487472008392124 0.0019618014601959157
vn -0.04567352732051384 0.2910346675193305 0.9556216569354292
vn -0.9888733091642882 -0.1487472008392124 -0.0019618014601959157
vn -0.14157509429476822 0.9450783525953876 -0.2945902240927485
vn 0.14157509429476822 -0.9450783525953876 0.2945902240927485
g Frond
f 188/556/139 191/555/139 189/554/139 186/553/139
f 187/560/140 188/559/140 186/558/140 185/557/140
f 192/564/141 187/563/141 185/562/141 190/561/141
f 191/568/142 192/567/142 190/566/142 189/565/142
f 190/572/143 185/571/143 186/570/143 189/569/143
f 191/576/144 188/575/144 187/574/144 192/573/144
o cube
v 0.09999255253106043 -0.04731905584441759 0.034507358122760734
v 0.11991153160637857 -0.0038296493905314866 -0.14678841071613347
v 0.09999255253106043 -0.04731905584441759 0.034507358122760734
v 0.11991153160637857 -0.0038296493905314866 -0.14678841071613347
v -0.49510411258230613 0.09881602768068998 -0.18973747801412644
v -0.5150230916576243 0.055326621226803874 -0.008441709175232293
v -0.49510411258230613 0.09881602768068998 -0.18973747801412644
v -0.5150230916576243 0.055326621226803874 -0.008441709175232293
vt 0 1
vt 0.125 1
vt 0.125 1
vt 0 1
vt 0 1
vt 0.3125 1
vt 0.3125 1
vt 0 1
vt 0 1
vt 0.125 1
vt 0.125 1
vt 0 1
vt 0 1
vt 0.3125 1
vt 0.3125 1
vt 0 1
vt 0 0.3125
vt 1 0.3125
vt 1 0
vt 0 0
vt 0 1
vt 0.0625 1
vt 0.0625 0.6875
vt 0 0.6875
vn 0.10623455506836353 0.23194350108739267 -0.9669107671407687
vn 0.9840250307018958 -0.1642330833139545 0.06871850767678894
vn -0.10623455506836353 -0.23194350108739267 0.9669107671407687
vn -0.9840250307018958 0.1642330833139545 -0.06871850767678894
vn 0.14285992531693414 0.958764677409694 0.24568543931199016
vn -0.14285992531693414 -0.958764677409694 -0.24568543931199016
g Frond
f 196/580/145 199/579/145 197/578/145 194/577/145
f 195/584/146 196/583/146 194/582/146 193/581/146
f 200/588/147 195/587/147 193/586/147 198/585/147
f 199/592/148 200/591/148 198/590/148 197/589/148
f 198/596/149 193/595/149 194/594/149 197/593/149
f 199/600/150 196/599/150 195/598/150 200/597/150
o cube
v 0.11991074134353541 -0.0038310289116116336 -0.14678039140028076
v 0.13616300540298587 0.015821837908033265 -0.33253797196891116
v 0.11991074134353541 -0.0038310289116116336 -0.14678039140028076
v 0.13616300540298587 0.015821837908033265 -0.33253797196891116
v -0.478852638785699 0.11846751497925478 -0.37548703926690413
v -0.49510490284514935 0.09881464815960983 -0.18972945869827373
v -0.478852638785699 0.11846751497925478 -0.37548703926690413
v -0.49510490284514935 0.09881464815960983 -0.18972945869827373
vt 0 1
vt 0.125 1
vt 0.125 1
vt 0 1
vt 0 1
vt 0.3125 1
vt 0.3125 1
vt 0 1
vt 0 1
vt 0.125 1
vt 0.125 1
vt 0 1
vt 0 1
vt 0.3125 1
vt 0.3125 1
vt 0 1
vt 0 0.625
vt 1 0.625
vt 1 0.3125
vt 0 0.3125
vt 0 1
vt 0.0625 1
vt 0.0625 0.6875
vt 0 0.6875
vn 0.08667874165040175 0.10481528970477275 -0.9907070963660287
vn 0.9840250307018957 -0.1642330833139545 0.06871850767678894
vn -0.08667874165040175 -0.10481528970477275 0.9907070963660287
vn -0.9840250307018957 0.1642330833139545 -0.06871850767678894
vn 0.15550413080698558 0.9808370146916849 0.11737638566878629
vn -0.15550413080698558 -0.9808370146916849 -0.11737638566878629
g Frond
f 204/604/151 207/603/151 205/602/151 202/601/151
f 203/608/152 204/607/152 202/606/152 201/605/152
f 208/612/153 203/611/153 201/610/153 206/609/153
f 207/616/154 208/615/154 206/614/154 205/613/154
f 206/620/155 201/619/155 202/618/155 205/617/155
f 207/624/156 204/623/156 203/622/156 208/621/156
o cube
v 0.13616159982129972 0.015826774060066495 -0.33250604742479384
v 0.13557402131619867 -0.07159574551166437 -0.5330266706116139
v 0.13616159982129972 0.015826774060066495 -0.33250604742479384
v 0.13557402131619867 -0.07159574551166437 -0.5330266706116139
v -0.47944162287248626 0.031049931559557153 -0.575975737909607
v -0.4788540443673852 0.11847245113128801 -0.37545511472278686
v -0.47944162287248626 0.031049931559557153 -0.575975737909607
v -0.4788540443673852 0.11847245113128801 -0.37545511472278686
vt 0 1
vt 0.125 1
vt 0.125 1
vt 0 1
vt 0 1
vt 0.3125 1
vt 0.3125 1
vt 0 1
vt 0 1
vt 0.125 1
vt 0.125 1
vt 0 1
vt 0 1
vt 0.3125 1
vt 0.3125 1
vt 0 1
vt 0 1
vt 1 1
vt 1 0.625
vt 0 0.625
vt 0 1
vt 0.0625 1
vt 0.0625 0.6875
vt 0 0.6875
vn -0.0026860731661765697 -0.39964580375648373 -0.9166657059968919
vn 0.9840250307018957 -0.16423308331395448 0.06871850767678893
vn 0.0026860731661765697 0.39964580375648373 0.9166657059968919
vn -0.9840250307018957 0.16423308331395448 -0.06871850767678893
vn 0.1780098984974687 0.9018374165474762 -0.3937026163894457
vn -0.1780098984974687 -0.9018374165474762 0.3937026163894457
g Frond
f 212/628/157 215/627/157 213/626/157 210/625/157
f 211/632/158 212/631/158 210/630/158 209/629/158
f 216/636/159 211/635/159 209/634/159 214/633/159
f 215/640/160 216/639/160 214/638/160 213/637/160
f 214/644/161 209/643/161 210/642/161 213/641/161
f 215/648/162 212/647/162 211/646/162 216/645/162
o cube
v 0.04769965035045809 -0.057555405242644464 -0.16579142821358067
v -0.0681433572587587 -0.05763553948028971 -0.31322494260754374
v 0.04769965035045809 -0.057555405242644464 -0.16579142821358067
v -0.0681433572587587 -0.05763553948028971 -0.31322494260754374
v -0.5484592801063022 0.07482595690456073 0.06410192661143821
v -0.4326162724970855 0.07490609114220603 0.21153544100540123
v -0.5484592801063022 0.07482595690456073 0.06410192661143821
v -0.4326162724970855 0.07490609114220603 0.21153544100540123
vt 0 1
vt 0.125 1
vt 0.125 1
vt 0 1
vt 0 1
vt 0.3125 1
vt 0.3125 1
vt 0 1
vt 0 1
vt 0.125 1
vt 0.125 1
vt 0 1
vt 0 1
vt 0.3125 1
vt 0.3125 1
vt 0 1
vt 0 0.3125
vt 1 0.3125
vt 1 0
vt 0 0
vt 0 1
vt 0.0625 1
vt 0.0625 0.6875
vt 0 0.6875
vn -0.6178293739158225 -0.0004273826007747533 -0.7863120767678031
vn 0.7685054765560699 -0.21193839421576077 -0.6037229907503712
vn 0.6178293739158225 0.0004273826007747533 0.7863120767678031
vn -0.7685054765560699 0.21193839421576077 0.6037229907503712
vn 0.16639169820069385 0.9772829346721233 -0.1312702112763284
vn -0.16639169820069385 -0.9772829346721233 0.1312702112763284
g Frond
f 220/652/163 223/651/163 221/650/163 218/649/163
f 219/656/164 220/655/164 218/654/164 217/653/164
f 224/660/165 219/659/165 217/658/165 222/657/165
f 223/664/166 224/663/166 222/662/166 221/661/166
f 222/668/167 217/667/167 218/666/167 221/665/167
f 223/672/168 220/671/168 219/670/168 224/669/168
o cube
v -0.06813822810752967 -0.057635013444314265 -0.31321859815214237
v -0.18706239674961822 -0.08163215340702085 -0.4561781357367274
v -0.06813822810752967 -0.057635013444314265 -0.31321859815214237
v -0.18706239674961822 -0.08163215340702085 -0.4561781357367274
v -0.6673783195971619 0.050829342977829595 -0.07885126651774532
v -0.5484541509550733 0.07482648294053618 0.0641082710668397
v -0.6673783195971619 0.050829342977829595 -0.07885126651774532
v -0.5484541509550733 0.07482648294053618 0.0641082710668397
vt 0 1
vt 0.125 1
vt 0.125 1
vt 0 1
vt 0 1
vt 0.3125 1
vt 0.3125 1
vt 0 1
vt 0 1
vt 0.125 1
vt 0.125 1
vt 0 1
vt 0 1
vt 0.3125 1
vt 0.3125 1
vt 0 1
vt 0 0.625
vt 1 0.625
vt 1 0.3125
vt 0 0.3125
vt 0 1
