# Made in Blockbench 4.11.2

o cube
v 0.25 0.6875 0.25
v 0.25 0.6875 -0.25
v 0.25 0 0.25
v 0.25 0 -0.25
v -0.25 0.6875 -0.25
v -0.25 0.6875 0.25
v -0.25 0 -0.25
v -0.25 0 0.25
vt 0 0.9107142857142857
vt 0.03571428571428571 0.9107142857142857
vt 0.03571428571428571 0.8616071428571428
vt 0 0.8616071428571428
vt 0 0.9107142857142857
vt 0.03571428571428571 0.9107142857142857
vt 0.03571428571428571 0.8616071428571428
vt 0 0.8616071428571428
vt 0 0.9107142857142857
vt 0.03571428571428571 0.9107142857142857
vt 0.03571428571428571 0.8616071428571428
vt 0 0.8616071428571428
vt 0 0.9107142857142857
vt 0.03571428571428571 0.9107142857142857
vt 0.03571428571428571 0.8616071428571428
vt 0 0.8616071428571428
vt 0 1
vt 0.03571428571428571 1
vt 0.03571428571428571 0.9642857142857143
vt 0 0.9642857142857143
vt 0 1
vt 0.03571428571428571 1
vt 0.03571428571428571 0.9642857142857143
vt 0 0.9642857142857143
vn 0 0 -1
vn 1 0 0
vn 0 0 1
vn -1 0 0
vn 0 1 0
vn 0 -1 0
g Trunk
f 4/4/1 7/3/1 5/2/1 2/1/1
f 3/8/2 4/7/2 2/6/2 1/5/2
f 8/12/3 3/11/3 1/10/3 6/9/3
f 7/16/4 8/15/4 6/14/4 5/13/4
f 6/20/5 1/19/5 2/18/5 5/17/5
f 7/24/6 4/23/6 3/22/6 8/21/6
o cube
v 0.28125 1.375 0.28125
v 0.28125 1.375 -0.28125
v 0.28125 0.6875 0.28125
v 0.28125 0.6875 -0.28125
v -0.28125 1.375 -0.28125
v -0.28125 1.375 0.28125
v -0.28125 0.6875 -0.28125
v -0.28125 0.6875 0.28125
vt 0 0.9598214285714286
vt 0.04017857142857143 0.9598214285714286
vt 0.04017857142857143 0.9107142857142857
vt 0 0.9107142857142857
vt 0 0.9598214285714286
vt 0.04017857142857143 0.9598214285714286
vt 0.04017857142857143 0.9107142857142857
vt 0 0.9107142857142857
vt 0 0.9598214285714286
vt 0.04017857142857143 0.9598214285714286
vt 0.04017857142857143 0.9107142857142857
vt 0 0.9107142857142857
vt 0 0.9598214285714286
vt 0.04017857142857143 0.9598214285714286
vt 0.04017857142857143 0.9107142857142857
vt 0 0.9107142857142857
vt 0 1
vt 0.04017857142857143 1
vt 0.04017857142857143 0.9598214285714286
vt 0 0.9598214285714286
vt 0 1
vt 0.04017857142857143 1
vt 0.04017857142857143 0.9598214285714286
vt 0 0.9598214285714286
vn 0 0 -1
vn 1 0 0
vn 0 0 1
vn -1 0 0
vn 0 1 0
vn 0 -1 0
g Trunk
f 12/28/7 15/27/7 13/26/7 10/25/7
f 11/32/8 12/31/8 10/30/8 9/29/8
f 16/36/9 11/35/9 9/34/9 14/33/9
f 15/40/10 16/39/10 14/38/10 13/37/10
f 14/44/11 9/43/11 10/42/11 13/41/11
f 15/48/12 12/47/12 11/46/12 16/45/12
o cube
v 0.3125 2.0625 0.3125
v 0.3125 2.0625 -0.3125
v 0.3125 1.375 0.3125
v 0.3125 1.375 -0.3125
v -0.3125 2.0625 -0.3125
v -0.3125 2.0625 0.3125
v -0.3125 1.375 -0.3125
v -0.3125 1.375 0.3125
vt 0 1
vt 0.044642857142857144 1
vt 0.044642857142857144 0.9508928571428571
vt 0 0.9508928571428571
vt 0 1
vt 0.044642857142857144 1
vt 0.044642857142857144 0.9508928571428571
vt 0 0.9508928571428571
vt 0 1
vt 0.044642857142857144 1
vt 0.044642857142857144 0.9508928571428571
vt 0 0.9508928571428571
vt 0 1
vt 0.044642857142857144 1
vt 0.044642857142857144 0.9508928571428571
vt 0 0.9508928571428571
vt 0 1
vt 0.044642857142857144 1
vt 0.044642857142857144 0.9553571428571429
vt 0 0.9553571428571429
vt 0 1
vt 0.044642857142857144 1
vt 0.044642857142857144 0.9553571428571429
vt 0 0.9553571428571429
vn 0 0 -1
vn 1 0 0
vn 0 0 1
vn -1 0 0
vn 0 1 0
vn 0 -1 0
g Trunk
f 20/52/13 23/51/13 21/50/13 18/49/13
f 19/56/14 20/55/14 18/54/14 17/53/14
f 24/60/15 19/59/15 17/58/15 22/57/15
f 23/64/16 24/63/16 22/62/16 21/61/16
f 22/68/17 17/67/17 18/66/17 21/65/17
f 23/72/18 20/71/18 19/70/18 24/69/18
o cube
v -0.31249999999999994 2.0625 0.3125
v -0.31249999999999994 2.0625 -0.3125
v -0.5502227722291434 1.5527018697918844 0.3125
v -0.5502227722291434 1.5527018697918844 -0.3125
v -0.31249999999999994 2.0625 -0.3125
v -0.31249999999999994 2.0625 0.3125
v -0.5502227722291434 1.5527018697918844 -0.3125
v -0.5502227722291434 1.5527018697918844 0.3125
vt 0 1
vt 1 1
vt 1 0
vt 0 0
vt 0 0
vt 0 0
vt 0 0.0625
vt 0 0.0625
vt 0 1
vt 1 1
vt 1 0
vt 0 0
vt 0 1
vt 1 1
vt 1 0
vt 0 0
vt 0 1
vt 1 1
vt 1 0
vt 0 0
vt 0 1
vt 1 1
vt 1 0
vt 0 0
vn 0 0 -1
vn 0.9063077870366499 -0.42261826174069944 0
vn 0 0 1
vn -0.9063077870366499 0.42261826174069944 0
vn 0.42261826174069944 0.9063077870366499 0
vn -0.42261826174069944 -0.9063077870366499 0
g Shag
f 28/76/19 31/75/19 29/74/19 26/73/19
f 27/80/20 28/79/20 26/78/20 25/77/20
f 32/84/21 27/83/21 25/82/21 30/81/21
f 31/88/22 32/87/22 30/86/22 29/85/22
f 30/92/23 25/91/23 26/90/23 29/89/23
f 31/96/24 28/95/24 27/94/24 32/93/24
o cube
v -0.3124999999999999 2.0625000083260314 -0.31249999417731145
v 0.3125 2.062500008326032 -0.31249999417731245
v -0.3124999999999997 1.5527018781179156 -0.5502227664064547
v 0.31250000000000017 1.5527018781179163 -0.5502227664064556
v 0.3125 2.062500008326032 -0.31249999417731245
v -0.3124999999999999 2.0625000083260314 -0.31249999417731145
v 0.31250000000000017 1.5527018781179163 -0.5502227664064556
v -0.3124999999999997 1.5527018781179156 -0.5502227664064547
vt 0 1
vt 1 1
vt 1 0
vt 0 0
vt 0 0
vt 0 0
vt 0 0
vt 0 0
vt 0 1
vt 1 1
vt 1 0
vt 0 0
vt 0 1
vt 1 1
vt 1 0
vt 0 0
vt 0 1
vt 1 1
vt 1 0
vt 0 0
vt 0 1
vt 1 1
vt 1 0
vt 0 0
vn 1 0 0
vn 0 -0.4226182617406993 0.9063077870366502
vn -1 0 0
vn 0 0.4226182617406993 -0.9063077870366502
vn 0 0.90630778703665 0.4226182617406993
vn 0 -0.90630778703665 -0.4226182617406993
g Shag
f 36/100/25 39/99/25 37/98/25 34/97/25
f 35/104/26 36/103/26 34/102/26 33/101/26
f 40/108/27 35/107/27 33/106/27 38/105/27
f 39/112/28 40/111/28 38/110/28 37/109/28
f 38/116/29 33/115/29 34/114/29 37/113/29
f 39/120/30 36/119/30 35/118/30 40/117/30
o cube
v 0.3124999941773117 2.0625000083260296 -0.3125
v 0.3124999941773125 2.0625000083260314 0.3125
v 0.5502227664064543 1.5527018781179136 -0.3124999999999987
v 0.550222766406455 1.5527018781179156 0.3125000000000013
v 0.3124999941773125 2.0625000083260314 0.3125
v 0.3124999941773117 2.0625000083260296 -0.3125
v 0.550222766406455 1.5527018781179156 0.3125000000000013
v 0.5502227664064543 1.5527018781179136 -0.3124999999999987
vt 0 1
vt 1 1
vt 1 0
vt 0 0
vt 0 0
vt 0 0
vt 0 0
vt 0 0
vt 0 1
vt 1 1
vt 1 0
vt 0 0
vt 0 1
vt 1 1
vt 1 0
vt 0 0
vt 0 1
vt 1 1
vt 1 0
vt 0 0
vt 0 1
vt 1 1
vt 1 0
vt 0 0
vn 0 0 1
vn -0.9063077870366507 -0.4226182617406979 0
vn 0 0 -1
vn 0.9063077870366507 0.4226182617406979 0
vn -0.4226182617406979 0.9063077870366507 0
vn 0.4226182617406979 -0.9063077870366507 0
g Shag
f 44/124/31 47/123/31 45/122/31 42/121/31
f 43/128/32 44/127/32 42/126/32 41/125/32
f 48/132/33 43/131/33 41/130/33 46/129/33
f 47/136/34 48/135/34 46/134/34 45/133/34
f 46/140/35 41/139/35 42/138/35 45/137/35
f 47/144/36 44/143/36 43/142/36 48/141/36
o cube
v 0.3125 2.0625000083260314 0.31249999417731245
v -0.3125 2.0625000083260323 0.31249999417731045
v 0.31249999999999867 1.552701878117916 0.5502227664064562
v -0.31250000000000133 1.5527018781179167 0.5502227664064542
v -0.3125 2.0625000083260323 0.31249999417731045
v 0.3125 2.0625000083260314 0.31249999417731245
v -0.31250000000000133 1.5527018781179167 0.5502227664064542
v 0.31249999999999867 1.552701878117916 0.5502227664064562
vt 0 1
vt 1 1
vt 1 0
vt 0 0
vt 0 0
vt 0 0
vt 0 0
vt 0 0
vt 0 1
vt 1 1
vt 1 0
vt 0 0
vt 0 1
vt 1 1
vt 1 0
vt 0 0
vt 0 1
vt 1 1
vt 1 0
vt 0 0
vt 0 1
vt 1 1
vt 1 0
vt 0 0
vn -1 0 0
vn 0 -0.42261826174070005 -0.9063077870366497
vn 1 0 0
vn 0 0.42261826174070005 0.9063077870366497
vn 0 0.9063077870366497 -0.42261826174070005
vn 0 -0.9063077870366497 0.42261826174070005
g Shag
f 52/148/37 55/147/37 53/146/37 50/145/37
f 51/152/38 52/151/38 50/150/38 49/149/38
f 56/156/39 51/155/39 49/154/39 54/153/39
f 55/160/40 56/159/40 54/158/40 53/157/40
f 54/164/41 49/163/41 50/162/41 53/161/41
f 55/168/42 52/167/42 51/166/42 56/165/42
o cube
v -1.1048543456039805 4.8125 0.6048543456039803
v 0.39774756441743303 4.8125 -0.897747564417433
v -1.1048543456039805 2.6875 0.6048543456039803
v 0.39774756441743303 2.6875 -0.897747564417433
v 0.39774756441743303 4.8125 -0.897747564417433
v -1.1048543456039805 4.8125 0.6048543456039803
v 0.39774756441743303 2.6875 -0.897747564417433
v -1.1048543456039805 2.6875 0.6048543456039803
vt 0 1
vt 0 1
vt 0 0.75
vt 0 0.75
vt 0 1
vt 0.25 1
vt 0.25 0.75
vt 0 0.75
vt 0 1
vt 0 1
vt 0 0.75
vt 0 0.75
vt 0 1
vt 1 1
vt 1 0
vt 0 0
vt 0 1
vt 0 1
vt 0 0.75
vt 0 0.75
vt 0 1
vt 0 1
vt 0 0.75
vt 0 0.75
vn 0.7071067811865476 0 -0.7071067811865475
vn 0.7071067811865475 0 0.7071067811865476
vn -0.7071067811865476 0 0.7071067811865475
vn -0.7071067811865475 0 -0.7071067811865476
vn 0 1 0
vn 0 -1 0
g Flower
f 60/172/43 63/171/43 61/170/43 58/169/43
f 59/176/44 60/175/44 58/174/44 57/173/44
f 64/180/45 59/179/45 57/178/45 62/177/45
f 63/184/46 64/183/46 62/182/46 61/181/46
f 62/188/47 57/187/47 58/186/47 61/185/47
f 63/192/48 60/191/48 59/190/48 64/189/48
o cube
v -0.7954951288348651 4.8125 -0.8579951288348662
v 0.7071067811865476 4.8125 0.6446067811865481
v -0.7954951288348655 2.6875000000000004 -0.8579951288348664
v 0.7071067811865471 2.6875 0.6446067811865479
v 0.7071067811865476 4.8125 0.6446067811865481
v -0.7954951288348651 4.8125 -0.8579951288348662
v 0.7071067811865471 2.6875 0.6446067811865479
v -0.7954951288348655 2.6875000000000004 -0.8579951288348664
vt 0 1
vt 0 1
vt 0 0.75
vt 0 0.75
vt 0 1
vt 0.25 1
vt 0.25 0.75
vt 0 0.75
vt 0 1
vt 0 1
vt 0 0.75
vt 0 0.75
vt 0 1
vt 1 1
vt 1 0
vt 0 0
vt 0 1
vt 0 1
vt 0 0.75
vt 0 0.75
vt 0 1
vt 0 1
vt 0 0.75
vt 0 0.75
vn 0.7071067811865471 0 0.7071067811865479
vn -0.7071067811865479 0 0.7071067811865471
vn -0.7071067811865471 0 -0.7071067811865479
vn 0.7071067811865479 0 -0.7071067811865471
vn 0 1 0
vn 0 -1 0
g Flower
f 68/196/49 71/195/49 69/194/49 66/193/49
f 67/200/50 68/199/50 66/198/50 65/197/50
f 72/204/51 67/203/51 65/202/51 70/201/51
f 71/208/52 72/207/52 70/206/52 69/205/52
f 70/212/53 65/211/53 66/210/53 69/209/53
f 71/216/54 68/215/54 67/214/54 72/213/54
o cube
v 0.18687500000000234 1.999459562489635 -1.209727395890924
v -0.11499999999999755 1.9994595624896327 -1.2097273958909254
v 0.1868749999999994 2.0726358090030015 -0.6538986204832316
v -0.11500000000000048 2.0726358090029993 -0.653898620483233
v -0.11499999999999755 1.9994595624896327 -1.2097273958909254
v 0.18687500000000234 1.999459562489635 -1.209727395890924
v -0.11500000000000048 2.0726358090029993 -0.653898620483233
v 0.1868749999999994 2.0726358090030015 -0.6538986204832316
vt 0 1
vt 0 1
vt 0 1
vt 0 1
vt 0.40625 0.6875
vt 0.59375 0.6875
vt 0.59375 0.34375
vt 0.40625 0.34375
vt 0 1
vt 0 1
vt 0 1
vt 0 1
vt 0 1
vt 0 1
vt 0 1
vt 0 1
vt 0.125 0.78125
vt 0.09375 0.78125
vt 0.09375 0.8125
vt 0.125 0.8125
vt 0 1
vt 0 1
vt 0 1
vt 0 1
vn -1 0 0
vn 0 -0.9914448613738105 0.1305261922200517
vn 1 0 0
vn 0 0.9914448613738105 -0.1305261922200517
vn 0 -0.13052619222005152 -0.9914448613738105
vn 0 0.13052619222005152 0.9914448613738105
g Leaf
f 76/220/55 79/219/55 77/218/55 74/217/55
f 75/224/56 76/223/56 74/222/56 73/221/56
f 80/228/57 75/227/57 73/226/57 78/225/57
f 79/232/58 80/231/58 78/230/58 77/229/58
f 78/236/59 73/235/59 74/234/59 77/233/59
f 79/240/60 76/239/60 75/238/60 80/237/60
o cube
v 0.18687499999999935 2.072635808148148 -0.6538986201513737
v -0.1150000000000006 2.0726358081481457 -0.6538986201513746
v 0.18687499999999668 2.217736235308748 -0.1123764537880649
v -0.11500000000000325 2.217736235308746 -0.11237645378806585
v -0.1150000000000006 2.0726358081481457 -0.6538986201513746
v 0.18687499999999935 2.072635808148148 -0.6538986201513737
v -0.11500000000000325 2.217736235308746 -0.11237645378806585
v 0.18687499999999668 2.217736235308748 -0.1123764537880649
vt 0 1
vt 0 1
vt 0 1
vt 0 1
vt 0.40625 0.34375
vt 0.59375 0.34375
vt 0.59375 0
vt 0.40625 0
vt 0 1
vt 0 1
vt 0 1
vt 0 1
vt 0 1
vt 0 1
vt 0 1
vt 0 1
vt 0.125 0.78125
vt 0.09375 0.78125
vt 0.09375 0.8125
vt 0.125 0.8125
vt 0 1
vt 0 1
vt 0 1
vt 0 1
vn -1 0 0
vn 0 -0.9659258262890685 0.25881904510252035
vn 1 0 0
vn 0 0.9659258262890685 -0.25881904510252035
vn 0 -0.2588190451025205 -0.9659258262890683
vn 0 0.2588190451025205 0.9659258262890683
g Leaf
f 84/244/61 87/243/61 85/242/61 82/241/61
f 83/248/62 84/247/62 82/246/62 81/245/62
f 88/252/63 83/251/63 81/250/63 86/249/63
f 87/256/64 88/255/64 86/254/64 85/253/64
f 86/260/65 81/259/65 82/258/65 85/257/65
f 87/264/66 84/263/66 83/262/66 88/261/66
o cube
v 0.18687500000000384 2.0613779267264922 -1.6800440523218612
v -0.11499999999999608 2.0613779267264913 -1.6800440523218625
v 0.18687500000000218 1.9994595642921058 -1.2097273962076602
v -0.11499999999999773 1.9994595642921045 -1.2097273962076613
v -0.11499999999999608 2.0613779267264913 -1.6800440523218625
v 0.18687500000000384 2.0613779267264922 -1.6800440523218612
v -0.11499999999999773 1.9994595642921045 -1.2097273962076613
v 0.18687500000000218 1.9994595642921058 -1.2097273962076602
vt 0 1
vt 0 1
vt 0 1
vt 0 1
vt 0.40625 1
vt 0.59375 1
vt 0.59375 0.6875
vt 0.40625 0.6875
vt 0 1
vt 0 1
vt 0 1
vt 0 1
vt 0 1
vt 0 1
vt 0 1
vt 0 1
vt 0.125 0.78125
vt 0.09375 0.78125
vt 0.09375 0.8125
vt 0.125 0.8125
vt 0 1
vt 0 1
vt 0 1
vt 0 1
vn -1 0 0
vn 0 -0.9914448613738106 -0.13052619222005116
vn 1 0 0
vn 0 0.9914448613738106 0.13052619222005116
vn 0 0.1305261922200511 -0.9914448613738106
vn 0 -0.1305261922200511 0.9914448613738106
g Leaf
f 92/268/67 95/267/67 93/266/67 90/265/67
f 91/272/68 92/271/68 90/270/68 89/269/68
f 96/276/69 91/275/69 89/274/69 94/273/69
f 95/280/70 96/279/70 94/278/70 93/277/70
f 94/284/71 89/283/71 90/282/71 93/281/71
f 95/288/72 92/287/72 91/286/72 96/285/72
o cube
v 1.4659483516556595 2.0656830630323535 -0.8986257432939506
v 1.2821784952736532 2.065683063032352 -1.138119282894368
v 1.0928210615328522 2.0037647005979666 -0.612315103631268
v 0.9090512051508459 2.0037647005979653 -0.8518086432316854
v 1.2821784952736532 2.065683063032352 -1.138119282894368
v 1.4659483516556595 2.0656830630323535 -0.8986257432939506
v 0.9090512051508459 2.0037647005979653 -0.8518086432316854
v 1.0928210615328522 2.0037647005979666 -0.612315103631268
vt 0 1
vt 0 1
vt 0 1
vt 0 1
vt 0.40625 1
vt 0.59375 1
vt 0.59375 0.6875
vt 0.40625 0.6875
vt 0 1
vt 0 1
vt 0 1
vt 0 1
vt 0 1
vt 0 1
vt 0 1
vt 0 1
vt 0.125 0.78125
vt 0.09375 0.78125
vt 0.09375 0.8125
vt 0.125 0.8125
vt 0 1
vt 0 1
vt 0 1
vt 0 1
vn -0.6087614290087168 0 -0.7933533402912383
vn 0.10355339059327605 -0.9914448613738105 -0.07945931129894183
vn 0.6087614290087168 0 0.7933533402912383
vn -0.10355339059327605 0.9914448613738105 0.07945931129894183
vn 0.7865660924854959 0.1305261922200511 -0.6035533905932704
vn -0.7865660924854959 -0.1305261922200511 0.6035533905932704
g Leaf
f 100/292/73 103/291/73 101/290/73 98/289/73
f 99/296/74 100/295/74 98/294/74 97/293/74
f 104/300/75 99/299/75 97/298/75 102/297/75
f 103/304/76 104/303/76 102/302/76 101/301/76
f 102/308/77 97/307/77 98/306/77 101/305/77
f 103/312/78 100/311/78 99/310/78 104/309/78
o cube
v 1.0928210612815685 2.0037646987954956 -0.6123151034384507
v 0.9090512048995624 2.003764698795494 -0.8518086430388683
v 0.651852445681887 2.0769409453088623 -0.2739479838370994
v 0.46808258929988084 2.07694094530886 -0.5134415234375169
v 0.9090512048995624 2.003764698795494 -0.8518086430388683
v 1.0928210612815685 2.0037646987954956 -0.6123151034384507
v 0.46808258929988084 2.07694094530886 -0.5134415234375169
v 0.651852445681887 2.0769409453088623 -0.2739479838370994
vt 0 1
vt 0 1
vt 0 1
vt 0 1
vt 0.40625 0.6875
vt 0.59375 0.6875
vt 0.59375 0.34375
vt 0.40625 0.34375
vt 0 1
vt 0 1
vt 0 1
vt 0 1
vt 0 1
vt 0 1
vt 0 1
vt 0 1
vt 0.125 0.78125
vt 0.09375 0.78125
vt 0.09375 0.8125
vt 0.125 0.8125
vt 0 1
vt 0 1
vt 0 1
vt 0 1
vn -0.6087614290087164 0 -0.7933533402912384
vn -0.1035533905932701 -0.9914448613738104 0.07945931129895052
vn 0.6087614290087164 0 0.7933533402912384
vn 0.1035533905932701 0.9914448613738104 -0.07945931129895052
vn 0.7865660924854967 -0.13052619222005155 -0.603553390593269
vn -0.7865660924854967 0.13052619222005155 0.603553390593269
g Leaf
f 108/316/79 111/315/79 109/314/79 106/313/79
f 107/320/80 108/319/80 106/318/80 105/317/80
f 112/324/81 107/323/81 105/322/81 110/321/81
f 111/328/82 112/327/82 110/326/82 109/325/82
f 110/332/83 105/331/83 106/330/83 109/329/83
f 111/336/84 108/335/84 107/334/84 112/333/84
o cube
v 0.6518524454186062 2.076940944454009 -0.2739479836350771
v 0.4680825890365996 2.0769409444540066 -0.5134415232354944
v 0.22223402589252794 2.222041371614609 0.05570982420014589
v 0.038464169510521395 2.222041371614607 -0.18378371540027139
v 0.4680825890365996 2.0769409444540066 -0.5134415232354944
v 0.6518524454186062 2.076940944454009 -0.2739479836350771
v 0.038464169510521395 2.222041371614607 -0.18378371540027139
v 0.22223402589252794 2.222041371614609 0.05570982420014589
vt 0 1
vt 0 1
vt 0 1
vt 0 1
vt 0.40625 0.34375
vt 0.59375 0.34375
vt 0.59375 0
vt 0.40625 0
vt 0 1
vt 0 1
vt 0 1
vt 0 1
vt 0 1
vt 0 1
vt 0 1
vt 0 1
vt 0.125 0.78125
vt 0.09375 0.78125
vt 0.09375 0.8125
vt 0.125 0.8125
vt 0 1
vt 0 1
vt 0 1
vt 0 1
vn -0.6087614290087175 0 -0.7933533402912376
vn -0.2053349539630691 -0.9659258262890684 0.15755905175128695
vn 0.6087614290087175 0 0.7933533402912376
vn 0.2053349539630691 0.9659258262890684 -0.15755905175128695
vn 0.766320480760007 -0.25881904510252046 -0.5880183863281582
vn -0.766320480760007 0.25881904510252046 0.5880183863281582
g Leaf
f 116/340/85 119/339/85 117/338/85 114/337/85
f 115/344/86 116/343/86 114/342/86 113/341/86
f 120/348/87 115/347/87 113/346/87 118/345/87
f 119/352/88 120/351/88 118/350/88 117/349/88
f 118/356/89 113/355/89 114/354/89 117/353/89
f 119/360/90 116/359/90 115/358/90 120/357/90
o cube
v 1.6244383687742374 2.066619528585758 0.592079194623022
v 1.7025693680145615 2.0666195285857567 0.30049033581200985
v 1.170147364099616 2.0047011661513716 0.4703522867917329
v 1.2482783633399401 2.0047011661513703 0.17876342798072073
v 1.7025693680145615 2.0666195285857567 0.30049033581200985
v 1.6244383687742374 2.066619528585758 0.592079194623022
v 1.2482783633399401 2.0047011661513703 0.17876342798072073
v 1.170147364099616 2.0047011661513716 0.4703522867917329
vt 0 1
vt 0 1
vt 0 1
vt 0 1
vt 0.40625 1
vt 0.59375 1
vt 0.59375 0.6875
vt 0.40625 0.6875
vt 0 1
vt 0 1
vt 0 1
vt 0 1
vt 0 1
vt 0 1
vt 0 1
vt 0 1
vt 0.125 0.78125
vt 0.09375 0.78125
vt 0.09375 0.8125
vt 0.125 0.8125
vt 0 1
vt 0 1
vt 0 1
vt 0 1
vn 0.258819045102523 0 -0.9659258262890678
vn 0.12607862007251716 -0.9914448613738106 0.0337826644312655
vn -0.258819045102523 0 0.9659258262890678
vn -0.12607862007251716 0.9914448613738106 -0.0337826644312655
vn 0.9576621969425483 0.13052619222005055 0.25660481229257237
vn -0.9576621969425483 -0.13052619222005055 -0.25660481229257237
g Leaf
f 124/364/91 127/363/91 125/362/91 122/361/91
f 123/368/92 124/367/92 122/366/92 121/365/92
f 128/372/93 123/371/93 121/370/93 126/369/93
f 127/376/94 128/375/94 126/374/94 125/373/94
f 126/380/95 121/379/95 122/378/95 125/377/95
f 127/384/96 124/383/96 123/382/96 128/381/96
o cube
v 1.1701473637936726 2.0047011643489006 0.4703522867097557
v 1.2482783630339969 2.0047011643488983 0.17876342789874358
v 0.6332579946327561 2.0778774108622673 0.3264932138182312
v 0.7113889938730804 2.077877410862265 0.03490435500721906
v 1.2482783630339969 2.0047011643488983 0.17876342789874358
v 1.1701473637936726 2.0047011643489006 0.4703522867097557
v 0.7113889938730804 2.077877410862265 0.03490435500721906
v 0.6332579946327561 2.0778774108622673 0.3264932138182312
vt 0 1
vt 0 1
vt 0 1
vt 0 1
vt 0.40625 0.6875
vt 0.59375 0.6875
vt 0.59375 0.34375
vt 0.40625 0.34375
vt 0 1
vt 0 1
vt 0 1
vt 0 1
vt 0 1
vt 0 1
vt 0 1
vt 0 1
vt 0.125 0.78125
vt 0.09375 0.78125
vt 0.09375 0.8125
vt 0.125 0.8125
vt 0 1
vt 0 1
vt 0 1
vt 0 1
vn 0.25881904510252335 0 -0.9659258262890678
vn -0.1260786200725214 -0.9914448613738105 -0.03378266443125566
vn -0.25881904510252335 0 0.9659258262890678
vn 0.1260786200725214 0.9914448613738105 0.03378266443125566
vn 0.9576621969425477 -0.13052619222005202 0.25660481229257404
vn -0.9576621969425477 0.13052619222005202 -0.25660481229257404
g Leaf
f 132/388/97 135/387/97 133/386/97 130/385/97
f 131/392/98 132/391/98 130/390/98 129/389/98
f 136/396/99 131/395/99 129/394/99 134/393/99
f 135/400/100 136/399/100 134/398/100 133/397/100
f 134/404/101 129/403/101 130/402/101 133/401/101
f 135/408/102 132/407/102 131/406/102 136/405/102
o cube
v 0.6332579943122062 2.0778774100074138 0.3264932137323399
v 0.7113889935525299 2.0778774100074116 0.034904354921327665
v 0.11018774831388231 2.2229778371680142 0.18633696373233855
v 0.18831874755420608 2.222977837168012 -0.1052518950786737
v 0.7113889935525299 2.0778774100074116 0.034904354921327665
v 0.6332579943122062 2.0778774100074138 0.3264932137323399
v 0.18831874755420608 2.222977837168012 -0.1052518950786737
v 0.11018774831388231 2.2229778371680142 0.18633696373233855
vt 0 1
vt 0 1
vt 0 1
vt 0 1
vt 0.40625 0.34375
vt 0.59375 0.34375
vt 0.59375 0
vt 0.40625 0
vt 0 1
vt 0 1
vt 0 1
vt 0 1
vt 0 1
vt 0 1
vt 0 1
vt 0 1
vt 0.125 0.78125
vt 0.09375 0.78125
vt 0.09375 0.8125
vt 0.125 0.8125
vt 0 1
vt 0 1
vt 0 1
vt 0 1
vn 0.25881904510252207 0 -0.965925826289068
vn -0.25000000000000167 -0.9659258262890684 -0.06698729810777486
vn -0.25881904510252207 0 0.965925826289068
vn 0.25000000000000167 0.9659258262890684 0.06698729810777486
vn 0.9330127018922185 -0.258819045102521 0.25000000000000283
vn -0.9330127018922185 0.258819045102521 -0.25000000000000283
g Leaf
f 140/412/103 143/411/103 141/410/103 138/409/103
f 139/416/104 140/415/104 138/414/104 137/413/104
f 144/420/105 139/419/105 137/418/105 142/417/105
f 143/424/106 144/423/106 142/422/106 141/421/106
f 142/428/107 137/427/107 138/426/107 141/425/107
f 143/432/108 140/431/108 139/430/108 144/429/108
o cube
v 0.6771697950040988 2.063883608139882 1.5749466293293195
v 0.9449361902697745 2.0638836081398813 1.4355562667089943
v 0.4600017312620283 2.0019652457054957 1.1577706603318665
v 0.7277681265277041 2.0019652457054944 1.018380297711541
v 0.9449361902697745 2.0638836081398813 1.4355562667089943
v 0.6771697950040988 2.063883608139882 1.5749466293293195
v 0.7277681265277041 2.0019652457054944 1.018380297711541
v 0.4600017312620283 2.0019652457054957 1.1577706603318665
vt 0 1
vt 0 1
vt 0 1
vt 0 1
vt 0.40625 1
vt 0.59375 1
vt 0.59375 0.6875
vt 0.40625 0.6875
vt 0 1
vt 0 1
vt 0 1
vt 0 1
vt 0 1
vt 0 1
vt 0 1
vt 0 1
vt 0.125 0.78125
vt 0.09375 0.78125
vt 0.09375 0.8125
vt 0.125 0.8125
vt 0 1
vt 0 1
vt 0 1
vt 0 1
vn 0.8870108331782223 0 -0.4617486132350327
vn 0.06027028824845434 -0.9914448613738105 0.11577814651268982
vn -0.8870108331782223 0 0.4617486132350327
vn -0.06027028824845434 0.9914448613738105 -0.11577814651268982
vn 0.45779828983835663 0.13052619222005055 0.8794223325374506
vn -0.45779828983835663 -0.13052619222005055 -0.8794223325374506
g Leaf
f 148/436/109 151/435/109 149/434/109 146/433/109
f 147/440/110 148/439/110 146/438/110 145/437/110
f 152/444/111 147/443/111 145/442/111 150/441/111
f 151/448/112 152/447/112 150/446/112 149/445/112
f 150/452/113 145/451/113 146/450/113 149/449/113
f 151/456/114 148/455/114 147/454/114 152/453/114
o cube
v 0.4600017311157755 2.0019652439030247 1.157770660050918
v 0.7277681263814513 2.0019652439030224 1.0183802974305927
v 0.20334856487514785 2.0751414904163914 0.6647445148721097
v 0.47111496014082366 2.0751414904163896 0.5253541522517844
v 0.7277681263814513 2.0019652439030224 1.0183802974305927
v 0.4600017311157755 2.0019652439030247 1.157770660050918
v 0.47111496014082366 2.0751414904163896 0.5253541522517844
v 0.20334856487514785 2.0751414904163914 0.6647445148721097
vt 0 1
vt 0 1
vt 0 1
vt 0 1
vt 0.40625 0.6875
vt 0.59375 0.6875
vt 0.59375 0.34375
vt 0.40625 0.34375
vt 0 1
vt 0 1
vt 0 1
vt 0 1
vt 0 1
vt 0 1
vt 0 1
vt 0 1
vt 0.125 0.78125
vt 0.09375 0.78125
vt 0.09375 0.8125
vt 0.125 0.8125
vt 0 1
vt 0 1
vt 0 1
vt 0 1
vn 0.8870108331782225 0 -0.4617486132350324
vn -0.06027028824846454 -0.9914448613738105 -0.11577814651268609
vn -0.8870108331782225 0 0.4617486132350324
vn 0.06027028824846454 0.9914448613738105 0.11577814651268609
vn 0.45779828983835497 -0.13052619222005196 0.8794223325374513
vn -0.45779828983835497 0.13052619222005196 -0.8794223325374513
g Leaf
f 156/460/115 159/459/115 157/458/115 154/457/115
f 155/464/116 156/463/116 154/462/116 153/461/116
f 160/468/117 155/467/117 153/466/117 158/465/117
f 159/472/118 160/471/118 158/470/118 157/469/118
f 158/476/119 153/475/119 154/474/119 157/473/119
f 159/480/120 156/479/120 155/478/120 160/477/120
o cube
v 0.20334856472191332 2.075141489561538 0.6647445145777483
v 0.4711149599875889 2.0751414895615357 0.5253541519574226
v -0.04669854463237472 2.2202419167221383 0.18440848660735384
v 0.22106785063330084 2.2202419167221366 0.045018123987028216
v 0.4711149599875889 2.0751414895615357 0.5253541519574226
v 0.20334856472191332 2.075141489561538 0.6647445145777483
v 0.22106785063330084 2.2202419167221366 0.045018123987028216
v -0.04669854463237472 2.2202419167221383 0.18440848660735384
vt 0 1
vt 0 1
vt 0 1
vt 0 1
vt 0.40625 0.34375
vt 0.59375 0.34375
vt 0.59375 0
vt 0.40625 0
vt 0 1
vt 0 1
vt 0 1
vt 0 1
vt 0 1
vt 0 1
vt 0 1
vt 0 1
vt 0.125 0.78125
vt 0.09375 0.78125
vt 0.09375 0.8125
vt 0.125 0.8125
vt 0 1
vt 0 1
vt 0 1
vt 0 1
vn 0.8870108331782219 0 -0.4617486132350336
vn -0.11950933515491027 -0.9659258262890684 -0.22957529683877576
vn -0.8870108331782219 0 0.4617486132350336
vn 0.11950933515491027 0.9659258262890684 0.22957529683877576
vn 0.4460149107768796 -0.2588190451025209 0.8567866719650297
vn -0.4460149107768796 0.2588190451025209 -0.8567866719650297
g Leaf
f 164/484/121 167/483/121 165/482/121 162/481/121
f 163/488/122 164/487/122 162/486/122 161/485/122
f 168/492/123 163/491/123 161/490/123 166/489/123
f 167/496/124 168/495/124 166/494/124 165/493/124
f 166/500/125 161/499/125 162/498/125 165/497/125
f 167/504/126 164/503/126 163/502/126 168/501/126
o cube
v -1.3570009007687753 2.057220982302758 0.974416942390629
v -1.1629593910946525 2.057220982302757 1.2056666086571712
v -0.9967174398461913 1.9953026198683714 0.672103223211217
v -0.8026759301720683 1.99530261986837 0.9033528894777592
v -1.1629593910946525 2.057220982302757 1.2056666086571712
v -1.3570009007687753 2.057220982302758 0.974416942390629
v -0.8026759301720683 1.99530261986837 0.9033528894777592
v -0.9967174398461913 1.9953026198683714 0.672103223211217
vt 0 1
vt 0 1
vt 0 1
vt 0 1
vt 0.40625 1
vt 0.59375 1
vt 0.59375 0.6875
vt 0.40625 0.6875
vt 0 1
vt 0 1
vt 0 1
vt 0 1
vt 0 1
vt 0 1
vt 0 1
vt 0 1
vt 0.125 0.78125
vt 0.09375 0.78125
vt 0.09375 0.8125
vt 0.125 0.8125
vt 0 1
vt 0 1
vt 0 1
vt 0 1
vn 0.6427876096865363 0 0.7660444431189806
vn -0.09998886423165237 -0.9914448613738106 0.08390061909860895
vn -0.6427876096865363 0 -0.7660444431189806
vn 0.09998886423165237 0.9914448613738106 -0.08390061909860895
vn -0.7594908267142754 0.13052619222005077 0.6372884725784712
vn 0.7594908267142754 -0.13052619222005077 -0.6372884725784712
g Leaf
f 172/508/127 175/507/127 173/506/127 170/505/127
f 171/512/128 172/511/128 170/510/128 169/509/128
f 176/516/129 171/515/129 169/514/129 174/513/129
f 175/520/130 176/519/130 174/518/130 173/517/130
f 174/524/131 169/523/131 170/522/131 173/521/131
f 175/528/132 172/527/132 171/526/132 176/525/132
o cube
v -0.9967174396035574 1.9953026180659006 0.6721032230076227
v -0.8026759299294345 1.9953026180658984 0.9033528892741651
v -0.5709278948768657 2.068478864579267 0.31482337306831765
v -0.37688638520274276 2.0684788645792653 0.54607303933486
v -0.8026759299294345 1.9953026180658984 0.9033528892741651
v -0.9967174396035574 1.9953026180659006 0.6721032230076227
v -0.37688638520274276 2.0684788645792653 0.54607303933486
v -0.5709278948768657 2.068478864579267 0.31482337306831765
vt 0 1
vt 0 1
vt 0 1
vt 0 1
vt 0.40625 0.6875
vt 0.59375 0.6875
vt 0.59375 0.34375
vt 0.40625 0.34375
vt 0 1
vt 0 1
vt 0 1
vt 0 1
vt 0 1
vt 0 1
vt 0 1
vt 0 1
vt 0.125 0.78125
vt 0.09375 0.78125
vt 0.09375 0.8125
vt 0.125 0.8125
vt 0 1
vt 0 1
vt 0 1
vt 0 1
vn 0.642787609686536 0 0.7660444431189809
vn 0.09998886423164634 -0.9914448613738105 -0.08390061909861783
vn -0.642787609686536 0 -0.7660444431189809
vn -0.09998886423164634 0.9914448613738105 0.08390061909861783
vn -0.7594908267142765 -0.1305261922200518 0.6372884725784699
vn 0.7594908267142765 0.1305261922200518 -0.6372884725784699
g Leaf
f 180/532/133 183/531/133 181/530/133 178/529/133
f 179/536/134 180/535/134 178/534/134 177/533/134
f 184/540/135 179/539/135 177/538/135 182/537/135
f 183/544/136 184/543/136 182/542/136 181/541/136
f 182/548/137 177/547/137 178/546/137 181/545/137
f 183/552/138 180/551/138 179/550/138 184/549/138
o cube
v -0.5709278946226483 2.0684788637244136 0.31482337285500417
v -0.3768863849485251 2.068478863724412 0.5460730391215461
v -0.1560978482542832 2.213579290885014 -0.03326036605394156
v 0.03794366141983999 2.2135792908850123 0.1979893002126004
v -0.3768863849485251 2.068478863724412 0.5460730391215461
v -0.5709278946226483 2.0684788637244136 0.31482337285500417
v 0.03794366141983999 2.2135792908850123 0.1979893002126004
v -0.1560978482542832 2.213579290885014 -0.03326036605394156
vt 0 1
vt 0 1
vt 0 1
vt 0 1
vt 0.40625 0.34375
vt 0.59375 0.34375
vt 0.59375 0
vt 0.40625 0
vt 0 1
vt 0 1
vt 0 1
vt 0 1
vt 0 1
vt 0 1
vt 0 1
vt 0 1
vt 0.125 0.78125
vt 0.09375 0.78125
vt 0.09375 0.8125
vt 0.125 0.8125
vt 0 1
vt 0 1
vt 0 1
vt 0 1
vn 0.642787609686537 0 0.76604444311898
vn 0.19826689127414238 -0.9659258262890684 -0.16636567534280608
vn -0.642787609686537 0 -0.76604444311898
vn -0.19826689127414238 0.9659258262890684 0.16636567534280608
vn -0.7399421116938513 -0.2588190451025208 0.620885153014842
vn 0.7399421116938513 0.2588190451025208 -0.620885153014842
g Leaf
f 188/556/139 191/555/139 189/554/139 186/553/139
f 187/560/140 188/559/140 186/558/140 185/557/140
f 192/564/141 187/563/141 185/562/141 190/561/141
f 191/568/142 192/567/142 190/566/142 189/565/142
f 190/572/143 185/571/143 186/570/143 189/569/143
f 191/576/144 188/575/144 187/574/144 192/573/144
o cube
v -1.6531481563865338 2.0559514218606743 -0.14579617688168156
v -1.6531481640594317 2.0559514205077347 0.15607882311831822
v -1.1828315002723329 1.9940330594262874 -0.1457961652049285
v -1.1828315079452307 1.9940330580733476 0.15607883479507131
v -1.6531481640594317 2.0559514205077347 0.15607882311831822
v -1.6531481563865338 2.0559514218606743 -0.14579617688168156
v -1.1828315079452307 1.9940330580733476 0.15607883479507131
v -1.1828315002723329 1.9940330594262874 -0.1457961652049285
vt 0 1
vt 0 1
vt 0 1
vt 0 1
vt 0.40625 1
vt 0.59375 1
vt 0.59375 0.6875
vt 0.40625 0.6875
vt 0 1
vt 0 1
vt 0 1
vt 0 1
vt 0 1
vt 0 1
vt 0 1
vt 0 1
vt 0.125 0.78125
vt 0.09375 0.78125
vt 0.09375 0.8125
vt 0.125 0.8125
vt 0 1
vt 0 1
vt 0 1
vt 0 1
vn 0 0 0.9999999999999997
vn -0.13052619222005105 -0.9914448613738105 0
vn 0 0 -0.9999999999999997
vn 0.13052619222005105 0.9914448613738105 0
vn -0.9914448613738103 0.1305261922200512 0
vn 0.9914448613738103 -0.1305261922200512 0
g Leaf
f 196/580/145 199/579/145 197/578/145 194/577/145
f 195/584/146 196/583/146 194/582/146 193/581/146
f 200/588/147 195/587/147 193/586/147 198/585/147
f 199/592/148 200/591/148 198/590/148 197/589/148
f 198/596/149 193/595/149 194/594/149 197/593/149
f 199/600/150 196/599/150 195/598/150 200/597/150
o cube
v -1.1828314999555962 1.9940330576238166 -0.1457961652049285
v -1.182831507628494 1.9940330562708757 0.15607883479507131
v -0.6270027245479041 2.067209304137183 -0.1457961507492081
v -0.627002732220802 2.067209302784242 0.15607884925079168
v -1.182831507628494 1.9940330562708757 0.15607883479507131
v -1.1828314999555962 1.9940330576238166 -0.1457961652049285
v -0.627002732220802 2.067209302784242 0.15607884925079168
v -0.6270027245479041 2.067209304137183 -0.1457961507492081
vt 0 1
vt 0 1
vt 0 1
vt 0 1
vt 0.40625 0.6875
vt 0.59375 0.6875
vt 0.59375 0.34375
vt 0.40625 0.34375
vt 0 1
vt 0 1
vt 0 1
vt 0 1
vt 0 1
vt 0 1
vt 0 1
vt 0 1
vt 0.125 0.78125
vt 0.09375 0.78125
vt 0.09375 0.8125
vt 0.125 0.8125
vt 0 1
vt 0 1
vt 0 1
vt 0 1
vn 0 0 0.9999999999999998
vn 0.13052619222005166 -0.9914448613738104 0
vn 0 0 -0.9999999999999998
vn -0.13052619222005166 0.9914448613738104 0
vn -0.9914448613738102 -0.13052619222005143 0
vn 0.9914448613738102 0.13052619222005143 0
g Leaf
f 204/604/151 207/603/151 205/602/151 202/601/151
f 203/608/152 204/607/152 202/606/152 201/605/152
f 208/612/153 203/611/153 201/610/153 206/609/153
f 207/616/154 208/615/154 206/614/154 205/613/154
f 206/620/155 201/619/155 202/618/155 205/617/155
f 207/624/156 204/623/156 203/622/156 208/621/156
o cube
v -0.6270027242160464 2.067209303282329 -0.145796150749208
v -0.627002731888944 2.0672093019293887 0.1560788492507918
v -0.08548055785273778 2.2123097304429296 -0.1457961363347769
v -0.08548056552563535 2.212309729089989 0.15607886366522286
v -0.627002731888944 2.0672093019293887 0.1560788492507918
v -0.6270027242160464 2.067209303282329 -0.145796150749208
v -0.08548056552563535 2.212309729089989 0.15607886366522286
v -0.08548055785273778 2.2123097304429296 -0.1457961363347769
vt 0 1
vt 0 1
vt 0 1
vt 0 1
vt 0.40625 0.34375
vt 0.59375 0.34375
vt 0.59375 0
vt 0.40625 0
vt 0 1
vt 0 1
vt 0 1
vt 0 1
vt 0 1
vt 0 1
vt 0 1
vt 0 1
vt 0.125 0.78125
vt 0.09375 0.78125
vt 0.09375 0.8125
vt 0.125 0.8125
vt 0 1
vt 0 1
vt 0 1
vt 0 1
vn 0 0 0.9999999999999998
vn 0.2588190451025202 -0.9659258262890684 0
vn 0 0 -0.9999999999999998
vn -0.2588190451025202 0.9659258262890684 0
vn -0.965925826289068 -0.2588190451025204 0
vn 0.965925826289068 0.2588190451025204 0
g Leaf
f 212/628/157 215/627/157 213/626/157 210/625/157
f 211/632/158 212/631/158 210/630/158 209/629/158
f 216/636/159 211/635/159 209/634/159 214/633/159
f 215/640/160 216/639/160 214/638/160 213/637/160
f 214/644/161 209/643/161 210/642/161 213/641/161
f 215/648/162 212/647/162 211/646/162 216/645/162
o cube
v -1.1066039928552043 2.057377087164861 -1.2453028709576048
v -1.310547786779182 2.05737708716486 -1.0227372749080488
v -0.759850181177883 1.9954587247304743 -0.927561543608308
v -0.9637939751018607 1.9954587247304731 -0.7049959475587521
v -1.310547786779182 2.05737708716486 -1.0227372749080488
v -1.1066039928552043 2.057377087164861 -1.2453028709576048
v -0.9637939751018607 1.9954587247304731 -0.7049959475587521
v -0.759850181177883 1.9954587247304743 -0.927561543608308
vt 0 1
vt 0 1
vt 0 1
vt 0 1
vt 0.40625 1
vt 0.59375 1
vt 0.59375 0.6875
vt 0.40625 0.6875
vt 0 1
vt 0 1
vt 0 1
vt 0 1
vt 0 1
vt 0 1
vt 0 1
vt 0 1
vt 0.125 0.78125
vt 0.09375 0.78125
vt 0.09375 0.8125
vt 0.125 0.8125
vt 0 1
vt 0 1
vt 0 1
vt 0 1
vn -0.6755902076156611 0 0.7372773368101232
vn -0.09623400338396298 -0.9914448613738105 -0.08818221730122881
vn 0.6755902076156611 0 -0.7372773368101232
vn 0.09623400338396298 0.9914448613738105 0.08818221730122881
vn -0.7309698269877651 0.13052619222005116 -0.6698104397350128
vn 0.7309698269877651 -0.13052619222005116 0.6698104397350128
g Leaf
f 220/652/163 223/651/163 221/650/163 218/649/163
f 219/656/164 220/655/164 218/654/164 217/653/164
f 224/660/165 219/659/165 217/658/165 222/657/165
f 223/664/166 224/663/166 222/662/166 221/661/166
f 222/668/167 217/667/167 218/666/167 221/665/167
f 223/672/168 220/671/168 219/670/168 224/669/168
o cube
v -0.7598501809443606 1.9954587229280034 -0.9275615433943241
v -0.9637939748683384 1.9954587229280012 -0.7049959473447682
v -0.35005022168934563 2.0686349694413697 -0.552049065617882
v -0.5539940156133233 2.068634969441368 -0.32948346956832625
v -0.9637939748683384 1.9954587229280012 -0.7049959473447682
v -0.7598501809443606 1.9954587229280034 -0.9275615433943241
v -0.5539940156133233 2.068634969441368 -0.32948346956832625
v -0.35005022168934563 2.0686349694413697 -0.552049065617882
vt 0 1
vt 0 1
vt 0 1
vt 0 1
vt 0.40625 0.6875
vt 0.59375 0.6875
vt 0.59375 0.34375
vt 0.40625 0.34375
vt 0 1
vt 0 1
vt 0 1
vt 0 1
vt 0 1
vt 0 1
vt 0 1
vt 0 1
vt 0.125 0.78125
vt 0.09375 0.78125
vt 0.09375 0.8125
vt 0.125 0.8125
vt 0 1
vt 0 1
vt 0 1
vt 0 1
vn -0.6755902076156614 0 0.737277336810123
vn 0.09623400338397058 -0.9914448613738105 0.08818221730122137
vn 0.6755902076156614 0 -0.737277336810123
vn -0.09623400338397058 0.9914448613738105 -0.08818221730122137
vn -0.7309698269877639 -0.13052619222005152 -0.6698104397350139
vn 0.7309698269877639 0.13052619222005152 0.6698104397350139
g Leaf
f 228/676/169 231/675/169 229/674/169 226/673/169
f 227/680/170 228/679/170 226/678/170 225/677/170
f 232/684/171 227/683/171 225/682/171 230/681/171
f 231/688/172 232/687/172 230/686/172 229/685/172
f 230/692/173 225/691/173 226/690/173 229/689/173
f 231/696/174 228/695/174 227/694/174 232/693/174
o cube
v -0.3500502214446745 2.068634968586516 -0.5520490653936823
v -0.553994015368652 2.0686349685865144 -0.3294834693441261
v 0.04920179919531398 2.2137353957471166 -0.18620199259181144
v -0.15474199472866348 2.2137353957471144 0.03636360345774466
v -0.553994015368652 2.0686349685865144 -0.3294834693441261
v -0.3500502214446745 2.068634968586516 -0.5520490653936823
v -0.15474199472866348 2.2137353957471144 0.03636360345774466
v 0.04920179919531398 2.2137353957471166 -0.18620199259181144
vt 0 1
vt 0 1
vt 0 1
vt 0 1
vt 0.40625 0.34375
vt 0.59375 0.34375
vt 0.59375 0
vt 0.40625 0
vt 0 1
vt 0 1
vt 0 1
vt 0 1
vt 0 1
vt 0 1
vt 0 1
vt 0 1
vt 0.125 0.78125
vt 0.09375 0.78125
vt 0.09375 0.8125
vt 0.125 0.8125
vt 0 1
vt 0 1
vt 0 1
vt 0 1
vn -0.6755902076156604 0 0.7372773368101239
vn 0.19082141628892982 -0.9659258262890684 0.17485561241569397
vn 0.6755902076156604 0 -0.7372773368101239
vn -0.19082141628892982 0.9659258262890684 -0.17485561241569397
vn -0.7121552207625216 -0.2588190451025205 -0.6525700295239613
vn 0.7121552207625216 0.2588190451025205 0.6525700295239613
g Leaf
f 236/700/175 239/699/175 237/698/175 234/697/175
f 235/704/176 236/703/176 234/702/176 233/701/176
f 240/708/177 235/707/177 233/706/177 238/705/177
f 239/712/178 240/711/178 238/710/178 237/709/178
f 238/716/179 233/715/179 234/714/179 237/713/179
f 239/720/180 236/719/180 235/718/180 240/717/180
o cube
v -0.4100436037378166 2.0604356239262716 1.642395731984632
v -0.11275476329725642 2.06043562392627 1.694815775617837
v -0.328373973477181 1.998517261491885 1.1792242426725905
v -0.031085133036620805 1.9985172614918838 1.2316442863057957
v -0.11275476329725642 2.06043562392627 1.694815775617837
v -0.4100436037378166 2.0604356239262716 1.642395731984632
v -0.031085133036620805 1.9985172614918838 1.2316442863057957
v -0.328373973477181 1.998517261491885 1.1792242426725905
vt 0 1
vt 0 1
vt 0 1
vt 0 1
vt 0.40625 1
vt 0.59375 1
vt 0.59375 0.6875
vt 0.40625 0.6875
vt 0 1
vt 0 1
vt 0 1
vt 0 1
vt 0 1
vt 0 1
vt 0 1
vt 0 1
vt 0.125 0.78125
vt 0.09375 0.78125
vt 0.09375 0.8125
vt 0.125 0.8125
vt 0 1
vt 0 1
vt 0 1
vt 0 1
vn 0.9848077530122079 0 0.1736481776669315
vn -0.022665635416819215 -0.9914448613738106 0.128543206069467
vn -0.9848077530122079 0 -0.1736481776669315
vn 0.022665635416819215 0.9914448613738106 -0.128543206069467
vn -0.17216259343480528 0.13052619222005077 0.9763825861650424
vn 0.17216259343480528 -0.13052619222005077 -0.9763825861650424
g Leaf
f 244/724/181 247/723/181 245/722/181 242/721/181
f 243/728/182 244/727/182 242/726/182 241/725/182
f 248/732/183 243/731/183 241/730/183 246/729/183
f 247/736/184 248/735/184 246/734/184 245/733/184
f 246/740/185 241/739/185 242/738/185 245/737/185
f 247/744/186 244/743/186 243/742/186 248/741/186
o cube
v -0.32837397342218066 1.9985172596894143 1.1792242423606663
v -0.03108513298162026 1.998517259689412 1.2316442859938712
v -0.23185531947779206 2.071693506202781 0.6318397549918895
v 0.06543352096276836 2.071693506202779 0.6842597986250946
v -0.03108513298162026 1.998517259689412 1.2316442859938712
v -0.32837397342218066 1.9985172596894143 1.1792242423606663
v 0.06543352096276836 2.071693506202779 0.6842597986250946
v -0.23185531947779206 2.071693506202781 0.6318397549918895
vt 0 1
vt 0 1
vt 0 1
vt 0 1
vt 0.40625 0.6875
vt 0.59375 0.6875
vt 0.59375 0.34375
vt 0.40625 0.34375
vt 0 1
vt 0 1
vt 0 1
vt 0 1
vt 0 1
vt 0 1
vt 0 1
vt 0 1
vt 0.125 0.78125
vt 0.09375 0.78125
vt 0.09375 0.8125
vt 0.125 0.8125
vt 0 1
vt 0 1
vt 0 1
vt 0 1
vn 0.9848077530122078 0 0.1736481776669318
vn 0.02266563541680882 -0.9914448613738104 -0.1285432060694702
vn -0.9848077530122078 0 -0.1736481776669318
