# Made in Blockbench 4.7.4

o cube
v 0.1875 0.5022354385967525 -0.9739465394012266
v 0.1875 0.5022354385967525 -0.9739465394012266
v 0.1875 0.26451266636760895 -0.46414840919311096
v 0.1875 0.26451266636760895 -0.46414840919311096
v -0.1875 0.5022354385967525 -0.9739465394012266
v -0.1875 0.5022354385967525 -0.9739465394012266
v -0.1875 0.26451266636760895 -0.46414840919311096
v -0.1875 0.26451266636760895 -0.46414840919311096
vt 0 1
vt 0.125 1
vt 0.125 0
vt 0 0
vt 0 1
vt 0 1
vt 0 0
vt 0 0
vt 0.375 0.625
vt 0.59375 0.625
vt 0.59375 0.3125
vt 0.375 0.3125
vt 0 1
vt 0 1
vt 0 0
vt 0 0
vt 0 1
vt 0.125 1
vt 0.125 1
vt 0 1
vt 0 1
vt 0.125 1
vt 0.125 1
vt 0 1
vn 0 -0.90630778703665 -0.4226182617406994
vn 1 0 0
vn 0 0.90630778703665 0.4226182617406994
vn -1 0 0
vn 0 0.4226182617406994 -0.90630778703665
vn 0 -0.4226182617406994 0.90630778703665
g Stem
f 4/4/1 7/3/1 5/2/1 2/1/1
f 3/8/2 4/7/2 2/6/2 1/5/2
f 8/12/3 3/11/3 1/10/3 6/9/3
f 7/16/4 8/15/4 6/14/4 5/13/4
f 6/20/5 1/19/5 2/18/5 5/17/5
f 7/24/6 4/23/6 3/22/6 8/21/6
o cube
v 0.1875 0.26451659863912236 -0.4641555767776144
v 0.1875 0.26451659863912236 -0.4641555767776144
v 0.1875 -0.03771443105596617 0.010252111492133786
v 0.1875 -0.03771443105596617 0.010252111492133786
v -0.1875 0.26451659863912236 -0.4641555767776144
v -0.1875 0.26451659863912236 -0.4641555767776144
v -0.1875 -0.03771443105596617 0.010252111492133786
v -0.1875 -0.03771443105596617 0.010252111492133786
vt 0 1
vt 0.125 1
vt 0.125 0
vt 0 0
vt 0 1
vt 0 1
vt 0 0
vt 0 0
vt 0.375 0.3125
vt 0.59375 0.3125
vt 0.59375 0
vt 0.375 0
vt 0 1
vt 0 1
vt 0 0
vt 0 0
vt 0 1
vt 0.125 1
vt 0.125 1
vt 0 1
vt 0 1
vt 0.125 1
vt 0.125 1
vt 0 1
vn 0 -0.8433914458128857 -0.537299608346824
vn 1 0 0
vn 0 0.8433914458128857 0.537299608346824
vn -1 0 0
vn 0 0.537299608346824 -0.8433914458128857
vn 0 -0.537299608346824 0.8433914458128857
g Stem
f 12/28/7 15/27/7 13/26/7 10/25/7
f 11/32/8 12/31/8 10/30/8 9/29/8
f 16/36/9 11/35/9 9/34/9 14/33/9
f 15/40/10 16/39/10 14/38/10 13/37/10
f 14/44/11 9/43/11 10/42/11 13/41/11
f 15/48/12 12/47/12 11/46/12 16/45/12
o cube
v 0.5 0.5766321816240123 -1.3095354056826038
v 0.5 0.5766321816240123 -1.3095354056826038
v 0.5 0.5022310643327894 -0.9739336532351267
v 0.5 0.5022310643327894 -0.9739336532351267
v -0.5 0.5766321816240123 -1.3095354056826038
v -0.5 0.5766321816240123 -1.3095354056826038
v -0.5 0.5022310643327894 -0.9739336532351267
v -0.5 0.5022310643327894 -0.9739336532351267
vt 0 1
vt 0.125 1
vt 0.125 0
vt 0 0
vt 0 1
vt 0 1
vt 0 0
vt 0 0
vt 0.21875 0.1875
vt 0.75 0.1875
vt 0.75 0
vt 0.21875 0
vt 0 1
vt 0 1
vt 0 0
vt 0 0
vt 0 1
vt 0.125 1
vt 0.125 1
vt 0 1
vt 0 1
vt 0.125 1
vt 0.125 1
vt 0 1
vn 0 -0.9762960071199335 -0.2164396139381028
vn 1 0 0
vn 0 0.9762960071199335 0.2164396139381028
vn -1 0 0
vn 0 0.2164396139381028 -0.9762960071199335
vn 0 -0.2164396139381028 0.9762960071199335
g Leaf
f 20/52/13 23/51/13 21/50/13 18/49/13
f 19/56/14 20/55/14 18/54/14 17/53/14
f 24/60/15 19/59/15 17/58/15 22/57/15
f 23/64/16 24/63/16 22/62/16 21/61/16
f 22/68/17 17/67/17 18/66/17 21/65/17
f 23/72/18 20/71/18 19/70/18 24/69/18
o cube
v -0.030884679129570658 -0.3844306094308224 -2.3246523424729015
v -0.030884679129570658 -0.3844306094308224 -2.3246523424729015
v -0.03088467912957049 0.5755131924703396 -1.6524924561240215
v -0.03088467912957049 0.5755131924703396 -1.6524924561240215
v -0.4885234324670393 -0.32623779890840987 -2.4077602888272067
v -0.4885234324670393 -0.32623779890840987 -2.4077602888272067
v -0.48852343246703916 0.6337060029927519 -1.7356004024783267
v -0.48852343246703916 0.6337060029927519 -1.7356004024783267
vt 0 1
vt 0.125 1
vt 0.125 0
vt 0 0
vt 0 1
vt 0 1
vt 0 0
vt 0 0
vt 0.21875 1
vt 0.46875 1
vt 0.46875 0.375
vt 0.21875 0.375
vt 0 1
vt 0 1
vt 0 0
vt 0 0
vt 0 1
vt 0.125 1
vt 0.125 1
vt 0 1
vt 0 1
vt 0.125 1
vt 0.125 1
vt 0 1
vn -0.21643961393810335 -0.5599803845876058 0.7997348700634742
vn 0.9762960071199333 -0.1241446624478134 0.1772969522225176
vn 0.21643961393810335 0.5599803845876058 -0.7997348700634742
vn -0.9762960071199333 0.1241446624478134 -0.1772969522225176
vn 0 -0.8191520442889927 -0.573576436351045
vn 0 0.8191520442889927 0.573576436351045
g Leaf
f 28/76/19 31/75/19 29/74/19 26/73/19
f 27/80/20 28/79/20 26/78/20 25/77/20
f 32/84/21 27/83/21 25/82/21 30/81/21
f 31/88/22 32/87/22 30/86/22 29/85/22
f 30/92/23 25/91/23 26/90/23 29/89/23
f 31/96/24 28/95/24 27/94/24 32/93/24
o cube
v -0.03088462804327119 0.5755201326459181 -1.6524882385606525
v -0.03088462804327119 0.5755201326459181 -1.6524882385606525
v -0.02440014340449903 0.8800485343323361 -1.4931632043529515
v -0.02440014340449903 0.8800485343323361 -1.4931632043529515
v -0.4885233813807399 0.6300324388020182 -1.7380554193092963
v -0.4885233813807399 0.6300324388020182 -1.7380554193092963
v -0.48203889674196776 0.9345608404884362 -1.5787303851015955
v -0.48203889674196776 0.9345608404884362 -1.5787303851015955
vt 0 1
vt 0.125 1
vt 0.125 0
vt 0 0
vt 0 1
vt 0 1
vt 0 0
vt 0 0
vt 0.21875 0.375
vt 0.46875 0.375
vt 0.46875 0.1875
vt 0.21875 0.1875
vt 0 1
vt 0 1
vt 0 0
vt 0 0
vt 0 1
vt 0.125 1
vt 0.125 1
vt 0 1
vt 0 1
vt 0.125 1
vt 0.125 1
vt 0 1
vn -0.21561599586216273 -0.44906093202533903 0.8670951629763031
vn 0.9762960071199334 -0.11629291979968014 0.18254331893044007
vn 0.21561599586216273 0.44906093202533903 -0.8670951629763031
vn -0.9762960071199334 0.11629291979968014 -0.18254331893044007
vn -0.018863955312791655 -0.8859008049059437 -0.46349100860422093
vn 0.018863955312791655 0.8859008049059437 0.46349100860422093
g Leaf
f 36/100/25 39/99/25 37/98/25 34/97/25
f 35/104/26 36/103/26 34/102/26 33/101/26
f 40/108/27 35/107/27 33/106/27 38/105/27
f 39/112/28 40/111/28 38/110/28 37/109/28
f 38/116/29 33/115/29 34/114/29 37/113/29
f 39/120/30 36/119/30 35/118/30 40/117/30
o cube
v 0.03125 0.5766307001243871 -1.6532718782060905
v 0.03125 0.5766307001243871 -1.6532718782060905
v 0.03125 0.5766307001243871 -1.3095218782060902
v 0.03125 0.5766307001243871 -1.3095218782060902
v -0.03125 0.5766307001243871 -1.6532718782060905
v -0.03125 0.5766307001243871 -1.6532718782060905
v -0.03125 0.5766307001243871 -1.3095218782060902
v -0.03125 0.5766307001243871 -1.3095218782060902
vt 0 1
vt 0.125 1
vt 0.125 0
vt 0 0
vt 0 1
vt 0 1
vt 0 0
vt 0 0
vt 0.46875 0.375
vt 0.5 0.375
vt 0.5 0.1875
vt 0.46875 0.1875
vt 0 1
vt 0 1
vt 0 0
vt 0 0
vt 0 1
vt 0.125 1
vt 0.125 1
vt 0 1
vt 0 1
vt 0.125 1
vt 0.125 1
vt 0 1
vn 0 -1 0
vn 1 0 0
vn 0 1 0
vn -1 0 0
vn 0 0 -1
vn 0 0 1
g Leaf
f 44/124/31 47/123/31 45/122/31 42/121/31
f 43/128/32 44/127/32 42/126/32 41/125/32
f 48/132/33 43/131/33 41/130/33 46/129/33
f 47/136/34 48/135/34 46/134/34 45/133/34
f 46/140/35 41/139/35 42/138/35 45/137/35
f 47/144/36 44/143/36 43/142/36 48/141/36
o cube
v 0.5502996292160884 -0.318478749795958 -2.4188413407962512
v 0.5502996292160884 -0.318478749795958 -2.4188413407962512
v 0.5502996292160884 0.6414650521052043 -1.7466814544473699
v 0.5502996292160884 0.6414650521052043 -1.7466814544473699
v 0.03164237543362369 -0.384430601721359 -2.324652334928039
v 0.03164237543362369 -0.384430601721359 -2.324652334928039
v 0.03164237543362369 0.5755132001798036 -1.6524924485791574
v 0.03164237543362369 0.5755132001798036 -1.6524924485791574
vt 0 1
vt 0.125 1
vt 0.125 0
vt 0 0
vt 0 1
vt 0 1
vt 0 0
vt 0 0
vt 0.5 1
vt 0.78125 1
vt 0.78125 0.375
vt 0.5 0.375
vt 0 1
vt 0 1
vt 0 0
vt 0 0
vt 0 1
vt 0.125 1
vt 0.125 1
vt 0 1
vt 0 1
vt 0.125 1
vt 0.125 1
vt 0 1
vn 0.21643961393810313 -0.5599803845876065 0.7997348700634739
vn 0.9762960071199335 0.12414466244781329 -0.1772969522225174
vn -0.21643961393810313 0.5599803845876065 -0.7997348700634739
vn -0.9762960071199335 -0.12414466244781329 0.1772969522225174
vn 0 -0.8191520442889921 -0.5735764363510456
vn 0 0.8191520442889921 0.5735764363510456
g Leaf
f 52/148/37 55/147/37 53/146/37 50/145/37
f 51/152/38 52/151/38 50/150/38 49/149/38
f 56/156/39 51/155/39 49/154/39 54/153/39
f 55/160/40 56/159/40 54/158/40 53/157/40
f 54/164/41 49/163/41 50/162/41 53/161/41
f 55/168/42 52/167/42 51/166/42 56/165/42
o cube
v 0.4892810772949603 0.6300324388020182 -1.7380554193092945
v 0.4892810772949603 0.6300324388020182 -1.7380554193092945
v 0.482796592656188 0.934560840488436 -1.5787303851015932
v 0.482796592656188 0.934560840488436 -1.5787303851015932
v 0.03164232395749145 0.5755201326459183 -1.6524882385606507
v 0.03164232395749145 0.5755201326459183 -1.6524882385606507
v 0.02515783931871929 0.8800485343323359 -1.4931632043529497
v 0.02515783931871929 0.8800485343323359 -1.4931632043529497
vt 0 1
vt 0.125 1
vt 0.125 0
vt 0 0
vt 0 1
vt 0 1
vt 0 0
vt 0 0
vt 0.5 0.375
vt 0.75 0.375
vt 0.75 0.1875
vt 0.5 0.1875
vt 0 1
vt 0 1
vt 0 0
vt 0 0
vt 0 1
vt 0.125 1
vt 0.125 1
vt 0 1
vt 0 1
vt 0.125 1
vt 0.125 1
vt 0 1
vn 0.21561599586216243 -0.4490609320253398 0.8670951629763028
vn 0.9762960071199334 0.11629291979968037 -0.1825433189304396
vn -0.21561599586216243 0.4490609320253398 -0.8670951629763028
vn -0.9762960071199334 -0.11629291979968037 0.1825433189304396
vn 0.018863955312791898 -0.8859008049059434 -0.46349100860422165
vn -0.018863955312791898 0.8859008049059434 0.46349100860422165
g Leaf
f 60/172/43 63/171/43 61/170/43 58/169/43
f 59/176/44 60/175/44 58/174/44 57/173/44
f 64/180/45 59/179/45 57/178/45 62/177/45
f 63/184/46 64/183/46 62/182/46 61/181/46
f 62/188/47 57/187/47 58/186/47 61/185/47
f 63/192/48 60/191/48 59/190/48 64/189/48
o cube
v 0.03162884795711007 -0.38443145915960986 -2.3246511289344274
v 0.03162884795711007 -0.38443145915960986 -2.3246511289344274
v 0.031628847957110184 0.5755123427415529 -1.6524912425855485
v 0.031628847957110184 0.5755123427415529 -1.6524912425855485
v -0.03087115204288987 -0.38443145915960986 -2.3246511289344274
v -0.03087115204288987 -0.38443145915960986 -2.3246511289344274
v -0.030871152042889816 0.5755123427415529 -1.6524912425855485
v -0.030871152042889816 0.5755123427415529 -1.6524912425855485
vt 0 1
vt 0.125 1
vt 0.125 0
vt 0 0
vt 0 1
vt 0 1
vt 0 0
vt 0 0
vt 0.46875 1
vt 0.5 1
vt 0.5 0.375
vt 0.46875 0.375
vt 0 1
vt 0 1
vt 0 0
vt 0 0
vt 0 1
vt 0.125 1
vt 0.125 1
vt 0 1
vt 0 1
vt 0.125 1
vt 0.125 1
vt 0 1
vn 0 -0.5735764363510439 0.8191520442889932
vn 1 0 0
vn 0 0.5735764363510439 -0.8191520442889932
vn -1 0 0
vn 0 -0.8191520442889932 -0.5735764363510439
vn 0 0.8191520442889932 0.5735764363510439
g Leaf
f 68/196/49 71/195/49 69/194/49 66/193/49
f 67/200/50 68/199/50 66/198/50 65/197/50
f 72/204/51 67/203/51 65/202/51 70/201/51
f 71/208/52 72/207/52 70/206/52 69/205/52
f 70/212/53 65/211/53 66/210/53 69/209/53
f 71/216/54 68/215/54 67/214/54 72/213/54
o cube
v 0.5566159911069077 1.5828729878749428 -0.6263585555387351
v 0.5566159911069077 1.5828729878749428 -0.6263585555387351
v 0.44906652188981344 1.3450794554649619 -0.4026368308111069
v 0.44906652188981344 1.3450794554649619 -0.4026368308111069
v 0.49726834752571347 1.5961624322481676 -0.6407633418825341
v 0.49726834752571347 1.5961624322481676 -0.6407633418825341
v 0.3897188783086192 1.3583688998381866 -0.41704161715490595
v 0.3897188783086192 1.3583688998381866 -0.41704161715490595
vt 0 1
vt 0.125 1
vt 0.125 0
vt 0 0
vt 0 1
vt 0 1
vt 0 0
vt 0 0
vt 0.46875 0.375
vt 0.5 0.375
vt 0.5 0.1875
vt 0.46875 0.1875
vt 0 1
vt 0 1
vt 0 0
vt 0 0
vt 0 1
vt 0.125 1
vt 0.125 1
vt 0 1
vt 0 1
vt 0.125 1
vt 0.125 1
vt 0 1
vn 0.02104913977964476 -0.6901101058777162 -0.7233982136278636
vn 0.9495622972991082 -0.2126311099715953 0.23047658150078346
vn -0.02104913977964476 0.6901101058777162 0.7233982136278636
vn -0.9495622972991082 0.2126311099715953 -0.23047658150078346
vn 0.31287118317700174 0.6917630033744901 -0.650826835571282
vn -0.31287118317700174 -0.6917630033744901 0.650826835571282
g Leaf
f 76/220/55 79/219/55 77/218/55 74/217/55
f 75/224/56 76/223/56 74/222/56 73/221/56
f 80/228/57 75/227/57 73/226/57 78/225/57
f 79/232/58 80/231/58 78/230/58 77/229/58
f 78/236/59 73/235/59 74/234/59 77/233/59
f 79/240/60 76/239/60 75/238/60 80/237/60
o cube
v 0.89417804992206 1.245419002871421 -0.29460866556316523
v 0.89417804992206 1.245419002871421 -0.29460866556316523
v 0.7907440120751672 0.9619171637293462 -0.1300116743459847
v 0.7907440120751672 0.9619171637293462 -0.1300116743459847
v -0.055384247377048335 1.4580501128430163 -0.5250852470639487
v -0.055384247377048335 1.4580501128430163 -0.5250852470639487
v -0.15881828522394098 1.1745482737009416 -0.36048825584676814
v -0.15881828522394098 1.1745482737009416 -0.36048825584676814
vt 0 1
vt 0.125 1
vt 0.125 0
vt 0 0
vt 0 1
vt 0 1
vt 0 0
vt 0 0
vt 0.21875 0.1875
vt 0.75 0.1875
vt 0.75 0
vt 0.21875 0
vt 0 1
vt 0 1
vt 0 0
vt 0 0
vt 0 1
vt 0.125 1
vt 0.125 1
vt 0 1
vt 0 1
vt 0.125 1
vt 0.125 1
vt 0 1
vn 0.08826790921936421 -0.5240268234544918 -0.8471154965541813
vn 0.9495622972991085 -0.21263110997159532 0.23047658150078348
vn -0.08826790921936421 0.5240268234544918 0.8471154965541813
vn -0.9495622972991085 0.21263110997159532 -0.23047658150078348
vn 0.30089901919096057 0.8247326229587638 -0.4788276108136159
vn -0.30089901919096057 -0.8247326229587638 0.4788276108136159
g Leaf
f 84/244/61 87/243/61 85/242/61 82/241/61
f 83/248/62 84/247/62 82/246/62 81/245/62
f 88/252/63 83/251/63 81/250/63 86/249/63
f 87/256/64 88/255/64 86/254/64 85/253/64
f 86/260/65 81/259/65 82/258/65 85/257/65
f 87/264/66 84/263/66 83/262/66 88/261/66
o cube
v 0.33951460924626764 0.511669617282229 -0.04222057355682257
v 0.33951460924626764 0.511669617282229 -0.04222057355682257
v 0.19744781769884323 -0.025080757881609406 0.047903293986128026
v 0.19744781769884323 -0.025080757881609406 0.047903293986128026
v -0.01657125224089795 0.5914062835215774 -0.12864929161961636
v -0.01657125224089795 0.5914062835215774 -0.12864929161961636
v -0.15863804378832236 0.054655908357738814 -0.038525424076665815
v -0.15863804378832236 0.054655908357738814 -0.038525424076665815
vt 0 1
vt 0.125 1
vt 0.125 0
vt 0 0
vt 0 1
vt 0 1
vt 0 0
vt 0 0
vt 0.375 0.3125
vt 0.59375 0.3125
vt 0.59375 0
vt 0.375 0
vt 0 1
vt 0 1
vt 0 0
vt 0 0
vt 0 1
vt 0.125 1
vt 0.125 1
vt 0 1
vt 0 1
vt 0.125 1
vt 0.125 1
vt 0 1
vn 0.18585822861588253 -0.2103489691843546 -0.9597968691441152
vn 0.9495622972991083 -0.21263110997159537 0.23047658150078348
vn -0.18585822861588253 0.2103489691843546 0.9597968691441152
vn -0.9495622972991083 0.21263110997159537 -0.23047658150078348
vn 0.25256318497319896 0.9542228891801574 -0.16022020896524547
vn -0.25256318497319896 -0.9542228891801574 0.16022020896524547
g Stem
f 92/268/67 95/267/67 93/266/67 90/265/67
f 91/272/68 92/271/68 90/270/68 89/269/68
f 96/276/69 91/275/69 89/274/69 94/273/69
f 95/280/70 96/279/70 94/278/70 93/277/70
f 94/284/71 89/283/71 90/282/71 93/281/71
f 95/288/72 92/287/72 91/286/72 96/285/72
o cube
v 0.4940097338047368 1.0283763184921995 -0.20204082839294818
v 0.4940097338047368 1.0283763184921995 -0.20204082839294818
v 0.33951244948655634 0.5116619453121358 -0.04221875329866981
v 0.33951244948655634 0.5116619453121358 -0.04221875329866981
v 0.1379238723175712 1.1081129847315476 -0.288469546455742
v 0.1379238723175712 1.1081129847315476 -0.288469546455742
v -0.016573412000609244 0.591398611551484 -0.12864747136146365
v -0.016573412000609244 0.591398611551484 -0.12864747136146365
vt 0 1
vt 0.125 1
vt 0.125 0
vt 0 0
vt 0 1
vt 0 1
vt 0 0
vt 0 0
vt 0.375 0.625
vt 0.59375 0.625
vt 0.59375 0.3125
vt 0.375 0.3125
vt 0 1
vt 0 1
vt 0 0
vt 0 0
vt 0 1
vt 0.125 1
vt 0.125 1
vt 0 1
vt 0 1
vt 0.125 1
vt 0.125 1
vt 0 1
vn 0.15130207487573538 -0.33310048484700877 -0.9306727400826702
vn 0.9495622972991082 -0.2126311099715954 0.23047658150078346
vn -0.15130207487573538 0.33310048484700877 0.9306727400826702
vn -0.9495622972991082 0.2126311099715954 -0.23047658150078346
vn 0.27466183878787626 0.9186033300978911 -0.28412813350093924
vn -0.27466183878787626 -0.9186033300978911 0.28412813350093924
g Stem
f 100/292/73 103/291/73 101/290/73 98/289/73
f 99/296/74 100/295/74 98/294/74 97/293/74
f 104/300/75 99/299/75 97/298/75 102/297/75
f 103/304/76 104/303/76 102/302/76 101/301/76
f 102/308/77 97/307/77 98/306/77 101/305/77
f 103/312/78 100/311/78 99/310/78 104/309/78
o cube
v 0.49739348918735016 1.5947762360486135 -0.6409725010223406
v 0.49739348918735016 1.5947762360486135 -0.6409725010223406
v 0.4472926384614946 1.693340396236601 -0.31548966955041435
v 0.4472926384614946 1.693340396236601 -0.31548966955041435
v 0.0884610511650814 1.788896175454771 -0.7627028290351783
v 0.0884610511650814 1.788896175454771 -0.7627028290351783
v 0.03836020043922583 1.8874603356427584 -0.43721999756325225
v 0.03836020043922583 1.8874603356427584 -0.43721999756325225
vt 0 1
vt 0.125 1
vt 0.125 0
vt 0 0
vt 0 1
vt 0 1
vt 0 0
vt 0 0
vt 0.21875 0.375
vt 0.46875 0.375
vt 0.46875 0.1875
vt 0.21875 0.1875
vt 0 1
vt 0 1
vt 0 0
vt 0 0
vt 0 1
vt 0.125 1
vt 0.125 1
vt 0 1
vt 0 1
vt 0.125 1
vt 0.125 1
vt 0 1
vn -0.46657756360498237 -0.8638791729697304 0.18978448737864004
vn 0.8723892011141735 -0.41412253739980265 0.25969136642738727
vn 0.46657756360498237 0.8638791729697304 -0.18978448737864004
vn -0.8723892011141735 0.41412253739980265 -0.25969136642738727
vn 0.14574792938430733 -0.2867321023650539 -0.946859146100149
vn -0.14574792938430733 0.2867321023650539 0.946859146100149
g Leaf
f 108/316/79 111/315/79 109/314/79 106/313/79
f 107/320/80 108/319/80 106/318/80 105/317/80
f 112/324/81 107/323/81 105/322/81 110/321/81
f 111/328/82 112/327/82 110/326/82 109/325/82
f 110/332/83 105/331/83 106/330/83 109/329/83
f 111/336/84 108/335/84 107/334/84 112/333/84
o cube
v 1.3078518569318063 1.3843754425608723 -1.652503499189121
v 1.3078518569318063 1.3843754425608723 -1.652503499189121
v 1.0773464067388914 1.5818670195989828 -0.5206221758802849
v 1.0773464067388914 1.5818670195989828 -0.5206221758802849
v 0.7872736875609334 1.3839876010281351 -1.7584505692449581
v 0.7872736875609334 1.3839876010281351 -1.7584505692449581
v 0.556768237368019 1.5814791780662456 -0.6265692459361221
v 0.556768237368019 1.5814791780662456 -0.6265692459361221
vt 0 1
vt 0.125 1
vt 0.125 0
vt 0 0
vt 0 1
vt 0 1
vt 0 0
vt 0 0
vt 0.5 1
vt 0.78125 1
vt 0.78125 0.375
vt 0.5 0.375
vt 0 1
vt 0 1
vt 0 0
vt 0 0
vt 0 1
vt 0.125 1
vt 0.125 1
vt 0 1
vt 0 1
vt 0.125 1
vt 0.125 1
vt 0 1
vn -0.0329039925980237 -0.9856969134690959 0.16528436722390563
vn 0.979911848227525 0.000730054649857856 0.1994297789286353
vn 0.0329039925980237 0.9856969134690959 -0.16528436722390563
vn -0.979911848227525 -0.000730054649857856 -0.1994297789286353
vn 0.1966979841646206 -0.16852614573918778 -0.9658720625568735
vn -0.1966979841646206 0.16852614573918778 0.9658720625568735
g Leaf
f 116/340/85 119/339/85 117/338/85 114/337/85
f 115/344/86 116/343/86 114/342/86 113/341/86
f 120/348/87 115/347/87 113/346/87 118/345/87
f 119/352/88 120/351/88 118/350/88 117/349/88
f 118/356/89 113/355/89 114/354/89 117/353/89
f 119/360/90 116/359/90 115/358/90 120/357/90
o cube
v 1.0169472992544897 1.5809845280713808 -0.5373418000233774
v 1.0169472992544897 1.5809845280713808 -0.5373418000233774
v 0.9545316042678473 1.6823062945920393 -0.21484801225612826
v 0.9545316042678473 1.6823062945920393 -0.21484801225612826
v 0.556766725372305 1.5814810608415497 -0.6265615028735398
v 0.556766725372305 1.5814810608415497 -0.6265615028735398
v 0.49435103038566264 1.6828028273622082 -0.30406771510629094
v 0.49435103038566264 1.6828028273622082 -0.30406771510629094
vt 0 1
vt 0.125 1
vt 0.125 0
vt 0 0
vt 0 1
vt 0 1
vt 0 0
vt 0 0
vt 0.5 0.375
vt 0.75 0.375
vt 0.75 0.1875
vt 0.5 0.1875
vt 0 1
vt 0 1
vt 0 0
vt 0 0
vt 0 1
vt 0.125 1
vt 0.125 1
vt 0 1
vt 0 1
vt 0.125 1
vt 0.125 1
vt 0 1
vn -0.057095922874362014 -0.9555725100253358 0.28917336266503596
vn 0.9817185576153273 -0.0010592699096934961 0.1903353660803467
vn 0.057095922874362014 0.9555725100253358 -0.28917336266503596
vn -0.9817185576153273 0.0010592699096934961 -0.1903353660803467
vn 0.18157293087023205 -0.29475422987828015 -0.9381637462319975
vn -0.18157293087023205 0.29475422987828015 0.9381637462319975
g Leaf
f 124/364/91 127/363/91 125/362/91 122/361/91
f 123/368/92 124/367/92 122/366/92 121/365/92
f 128/372/93 123/371/93 121/370/93 126/369/93
f 127/376/94 128/375/94 126/374/94 125/373/94
f 126/380/95 121/379/95 122/378/95 125/377/95
f 127/384/96 124/383/96 123/382/96 128/381/96
o cube
v 0.7279003565094078 1.3972827979420392 -1.7728616015194074
v 0.7279003565094078 1.3972827979420392 -1.7728616015194074
v 0.4973949063164935 1.5947743749801502 -0.6409802782105729
v 0.4973949063164935 1.5947743749801502 -0.6409802782105729
v 0.31812102346160653 1.5922414832354863 -1.8903289235096097
v 0.31812102346160653 1.5922414832354863 -1.8903289235096097
v 0.08761557326869251 1.7897330602735977 -0.7584476002007753
v 0.08761557326869251 1.7897330602735977 -0.7584476002007753
vt 0 1
vt 0.125 1
vt 0.125 0
vt 0 0
vt 0 1
vt 0 1
vt 0 0
vt 0 0
vt 0.21875 1
vt 0.46875 1
vt 0.46875 0.375
vt 0.21875 0.375
vt 0 1
vt 0 1
vt 0 0
vt 0 0
vt 0 1
vt 0.125 1
vt 0.125 1
vt 0 1
vt 0 1
vt 0.125 1
vt 0.125 1
vt 0 1
vn -0.4439497866732186 -0.8936533227621307 0.06551584258029972
vn 0.8741959105019758 -0.41591186195935403 0.25059695357909834
vn 0.4439497866732186 0.8936533227621307 -0.06551584258029972
vn -0.8741959105019758 0.41591186195935403 -0.25059695357909834
vn 0.19669798416462028 -0.16852614573918848 -0.9658720625568733
vn -0.19669798416462028 0.16852614573918848 0.9658720625568733
g Leaf
f 132/388/97 135/387/97 133/386/97 130/385/97
f 131/392/98 132/391/98 130/390/98 129/389/98
f 136/396/99 131/395/99 129/394/99 134/393/99
f 135/400/100 136/399/100 134/398/100 133/397/100
f 134/404/101 129/403/101 130/402/101 133/401/101
f 135/408/102 132/407/102 131/406/102 136/405/102
o cube
v 0.7872604831069481 1.383989051401916 -1.7584535223877946
v 0.7872604831069481 1.383989051401916 -1.7584535223877946
v 0.5567550329140343 1.5814806284400285 -0.6265721990789602
v 0.5567550329140343 1.5814806284400285 -0.6265721990789602
v 0.7279128395257539 1.3972784957751407 -1.7728583087315934
v 0.7279128395257539 1.3972784957751407 -1.7728583087315934
v 0.49740738933284 1.5947700728132532 -0.6409769854227592
v 0.49740738933284 1.5947700728132532 -0.6409769854227592
vt 0 1
vt 0.125 1
vt 0.125 0
vt 0 0
vt 0 1
vt 0 1
vt 0 0
vt 0 0
vt 0.46875 1
vt 0.5 1
vt 0.5 0.375
vt 0.46875 0.375
vt 0 1
vt 0 1
vt 0 0
vt 0 0
vt 0 1
vt 0.125 1
vt 0.125 1
vt 0 1
vt 0 1
vt 0.125 1
vt 0.125 1
vt 0 1
vn -0.24421577871549358 -0.9624899735968895 0.11820196340097067
vn 0.9495622972991083 -0.21263110997159557 0.23047658150078348
vn 0.24421577871549358 0.9624899735968895 -0.11820196340097067
vn -0.9495622972991083 0.21263110997159557 -0.23047658150078348
vn 0.19669798416462014 -0.1685261457391896 -0.9658720625568733
vn -0.19669798416462014 0.1685261457391896 0.9658720625568733
g Leaf
f 140/412/103 143/411/103 141/410/103 138/409/103
f 139/416/104 140/415/104 138/414/104 137/413/104
f 144/420/105 139/419/105 137/418/105 142/417/105
f 143/424/106 144/423/106 142/422/106 141/421/106
f 142/428/107 137/427/107 138/426/107 141/425/107
f 143/432/108 140/431/108 139/430/108 144/429/108
o cube
v -0.7995392530416547 1.0390753602358782 -1.1881193929063896
v -0.7995392530416547 1.0390753602358782 -1.1881193929063896
v -0.6312566529450767 0.9419382858236811 -0.9045538488440429
v -0.6312566529450767 0.9419382858236811 -0.9045538488440429
v -0.8540075525913275 1.031132625093263 -1.1585158913800266
v -0.8540075525913275 1.031132625093263 -1.1585158913800266
v -0.6857249524947495 0.933995550681066 -0.87495034731768
v -0.6857249524947495 0.933995550681066 -0.87495034731768
vt 0 1
vt 0.125 1
vt 0.125 0
vt 0 0
vt 0 1
vt 0 1
vt 0 0
vt 0 0
vt 0.46875 0.375
vt 0.5 0.375
vt 0.5 0.1875
vt 0.46875 0.1875
vt 0 1
vt 0 1
vt 0 0
vt 0 0
vt 0 1
vt 0.125 1
vt 0.125 1
vt 0 1
vt 0 1
vt 0.125 1
vt 0.125 1
vt 0 1
vn -0.029012317955217852 -0.9507880589858078 -0.3084807162479782
vn 0.8714927927947651 0.1270837622818425 -0.47365602442180854
vn 0.029012317955217852 0.9507880589858078 0.3084807162479782
vn -0.8714927927947651 -0.1270837622818425 0.47365602442180854
vn -0.4895493820991363 0.28258058010820986 -0.8249179463631892
vn 0.4895493820991363 -0.28258058010820986 0.8249179463631892
g Leaf
f 148/436/109 151/435/109 149/434/109 146/433/109
f 147/440/110 148/439/110 146/438/110 145/437/110
f 152/444/111 147/443/111 145/442/111 150/441/111
f 151/448/112 152/447/112 150/446/112 149/445/112
f 150/452/113 145/451/113 146/450/113 149/449/113
f 151/456/114 148/455/114 147/454/114 152/453/114
o cube
v -0.22275098570856117 1.0015140305876085 -1.1265908123358455
v -0.22275098570856117 1.0015140305876085 -1.1265908123358455
v -0.060615904037587875 0.8359397987999713 -0.8726982138626316
v -0.060615904037587875 0.8359397987999713 -0.8726982138626316
v -1.094243778503326 0.8744302683057659 -0.652934787914037
v -1.094243778503326 0.8744302683057659 -0.652934787914037
v -0.9321086968323529 0.7088560365181289 -0.39904218944082315
v -0.9321086968323529 0.7088560365181289 -0.39904218944082315
vt 0 1
vt 0.125 1
vt 0.125 0
vt 0 0
vt 0 1
vt 0 1
vt 0 0
vt 0 0
vt 0.21875 0.1875
vt 0.75 0.1875
vt 0.75 0
vt 0.21875 0
vt 0 1
vt 0 1
vt 0 0
vt 0 0
vt 0 1
vt 0.125 1
vt 0.125 1
vt 0 1
vt 0 1
vt 0.125 1
vt 0.125 1
vt 0 1
vn -0.134282489442147 -0.8670889539401296 -0.4797134133878595
vn 0.8714927927947651 0.12708376228184254 -0.4736560244218086
vn 0.134282489442147 0.8670889539401296 0.4797134133878595
vn -0.8714927927947651 -0.12708376228184254 0.4736560244218086
vn -0.4716656921337405 0.4816704924731261 -0.7385966501038951
vn 0.4716656921337405 -0.4816704924731261 0.7385966501038951
g Leaf
f 156/460/115 159/459/115 157/458/115 154/457/115
f 155/464/116 156/463/116 154/462/116 153/461/116
f 160/468/117 155/467/117 153/466/117 158/465/117
f 159/472/118 160/471/118 158/470/118 157/469/118
f 158/476/119 153/475/119 154/474/119 157/473/119
f 159/480/120 156/479/120 155/478/120 160/477/120
o cube
v -0.09029250710975001 0.42615666308535416 -0.3774859509381965
v -0.09029250710975001 0.42615666308535416 -0.3774859509381965
v 0.13318506081633807 0.004740609237218862 -0.0793709795045126
v 0.13318506081633807 0.004740609237218862 -0.0793709795045126
v -0.41710230440778684 0.3785002522296632 -0.19986494178001823
v -0.41710230440778684 0.3785002522296632 -0.19986494178001823
v -0.19362473648169876 -0.04291580161847214 0.09825002965366558
v -0.19362473648169876 -0.04291580161847214 0.09825002965366558
vt 0 1
vt 0.125 1
vt 0.125 0
vt 0 0
vt 0 1
vt 0 1
vt 0 0
vt 0 0
vt 0.375 0.3125
vt 0.59375 0.3125
vt 0.59375 0
vt 0.375 0
vt 0 1
vt 0 1
vt 0 0
vt 0 0
vt 0 1
vt 0.125 1
vt 0.125 1
vt 0 1
vt 0 1
vt 0.125 1
vt 0.125 1
vt 0 1
vn -0.28750343205492995 -0.6500560807111082 -0.7033980867809847
vn 0.8714927927947651 0.12708376228184257 -0.4736560244218086
vn 0.28750343205492995 0.6500560807111082 0.7033980867809847
vn -0.8714927927947651 -0.12708376228184257 0.4736560244218086
vn -0.3972934540908234 0.7491840957300185 -0.5299821714376602
vn 0.3972934540908234 -0.7491840957300185 0.5299821714376602
g Stem
f 164/484/121 167/483/121 165/482/121 162/481/121
f 163/488/122 164/487/122 162/486/122 161/485/122
f 168/492/123 163/491/123 161/490/123 166/489/123
f 167/496/124 168/495/124 166/494/124 165/493/124
f 166/500/125 161/499/125 162/498/125 165/497/125
f 167/504/126 164/503/126 163/502/126 168/501/126
o cube
v -0.33296358329306697 0.7962339234651301 -0.7246899868844119
v -0.33296358329306697 0.7962339234651301 -0.7246899868844119
v -0.0902891123074967 0.42615089890836777 -0.37748125129904053
v -0.0902891123074967 0.42615089890836777 -0.37748125129904053
v -0.6597733805911039 0.7485775126094394 -0.5470689777262336
v -0.6597733805911039 0.7485775126094394 -0.5470689777262336
v -0.4170989096055336 0.3784944880526768 -0.1998602421408623
v -0.4170989096055336 0.3784944880526768 -0.1998602421408623
vt 0 1
vt 0.125 1
vt 0.125 0
vt 0 0
vt 0 1
vt 0 1
vt 0 0
vt 0 0
vt 0.375 0.625
vt 0.59375 0.625
vt 0.59375 0.3125
vt 0.375 0.3125
vt 0 1
vt 0 1
vt 0 0
vt 0 0
vt 0 1
vt 0.125 1
vt 0.125 1
vt 0 1
vt 0 1
vt 0.125 1
vt 0.125 1
vt 0 1
vn -0.23318659858176763 -0.7422829081132891 -0.6282038638569044
vn 0.8714927927947651 0.12708376228184257 -0.4736560244218086
vn 0.23318659858176763 0.7422829081132891 0.6282038638569044
vn -0.8714927927947651 -0.12708376228184257 0.4736560244218086
vn -0.431421281752125 0.6579253769898001 -0.6172599743739934
vn 0.431421281752125 -0.6579253769898001 0.6172599743739934
g Stem
f 172/508/127 175/507/127 173/506/127 170/505/127
f 171/512/128 172/511/128 170/510/128 169/509/128
f 176/516/129 171/515/129 169/514/129 174/513/129
f 175/520/130 176/519/130 174/518/130 173/517/130
f 174/524/131 169/523/131 170/522/131 173/521/131
f 175/528/132 172/527/132 171/526/132 176/525/132
o cube
v -0.8539875567004236 1.0311757622022855 -1.1584390755064333
v -0.8539875567004236 1.0311757622022855 -1.1584390755064333
v -0.8453668347752668 1.3625292760181615 -1.0673644108879936
v -0.8453668347752668 1.3625292760181615 -1.0673644108879936
v -1.3023085225368 1.0058672019935124 -1.0239238314941004
v -1.3023085225368 1.0058672019935124 -1.0239238314941004
v -1.2936878006116432 1.337220715809388 -0.9328491668756604
v -1.2936878006116432 1.337220715809388 -0.9328491668756604
vt 0 1
vt 0.125 1
vt 0.125 0
vt 0 0
vt 0 1
vt 0 1
vt 0 0
vt 0 0
vt 0.21875 0.375
vt 0.46875 0.375
vt 0.46875 0.1875
vt 0.21875 0.1875
vt 0 1
vt 0 1
vt 0 0
vt 0 0
vt 0 1
vt 0.125 1
vt 0.125 1
vt 0 1
vt 0 1
vt 0.125 1
vt 0.125 1
vt 0 1
vn 0.2909219213080894 -0.2605943474007688 0.9205732028498207
vn 0.9564180604509365 0.05399159511204994 -0.28696585389297713
vn -0.2909219213080894 0.2605943474007688 -0.9205732028498207
vn -0.9564180604509365 -0.05399159511204994 0.28696585389297713
vn -0.02507846378227422 -0.9639374947370933 -0.26494447889000683
vn 0.02507846378227422 0.9639374947370933 0.26494447889000683
g Leaf
f 180/532/133 183/531/133 181/530/133 178/529/133
f 179/536/134 180/535/134 178/534/134 177/533/134
f 184/540/135 179/539/135 177/538/135 182/537/135
f 183/544/136 184/543/136 182/542/136 181/541/136
f 182/548/137 177/547/137 178/546/137 181/545/137
f 183/552/138 180/551/138 179/550/138 184/549/138
o cube
v -0.4871450365287149 0.06582063594309195 -1.9695015056551428
v -0.4871450365287149 0.06582063594309195 -1.9695015056551428
v -0.403275164651941 1.1469239598007581 -1.5251227670095147
v -0.403275164651941 1.1469239598007581 -1.5251227670095147
v -0.8833659189407042 -0.041989053671593446 -1.6324367556947683
v -0.8833659189407042 -0.041989053671593446 -1.6324367556947683
v -0.7994960470639303 1.0391142701860727 -1.1880580170491402
v -0.7994960470639303 1.0391142701860727 -1.1880580170491402
vt 0 1
vt 0.125 1
vt 0.125 0
vt 0 0
vt 0 1
vt 0 1
vt 0 0
vt 0 0
vt 0.5 1
vt 0.78125 1
vt 0.78125 0.375
vt 0.5 0.375
vt 0 1
vt 0 1
vt 0 0
vt 0 0
vt 0 1
vt 0.125 1
vt 0.125 1
vt 0 1
vt 0 1
vt 0.125 1
vt 0.125 1
vt 0 1
vn 0.6622832927879161 -0.3282288854351729 0.6735329530616745
vn 0.7458275433637445 0.2029358863335251 -0.6344748234548226
vn -0.6622832927879161 0.3282288854351729 -0.6735329530616745
vn -0.7458275433637445 -0.2029358863335251 0.6344748234548226
vn -0.07156895733484706 -0.9225415030252085 -0.37920319031093624
vn 0.07156895733484706 0.9225415030252085 0.37920319031093624
g Leaf
f 188/556/139 191/555/139 189/554/139 186/553/139
f 187/560/140 188/559/140 186/558/140 185/557/140
f 192/564/141 187/563/141 185/562/141 190/561/141
f 191/568/142 192/567/142 190/566/142 189/565/142
f 190/572/143 185/571/143 186/570/143 189/569/143
f 191/576/144 188/575/144 187/574/144 192/573/144
o cube
v -0.45015898403834015 1.1301302713779822 -1.4870668040523498
v -0.45015898403834015 1.1301302713779822 -1.4870668040523498
v -0.45284062536853986 1.4598356397851495 -1.3898493090050597
v -0.45284062536853986 1.4598356397851495 -1.3898493090050597
v -0.7994957686763342 1.0391219225065602 -1.1880553430103267
v -0.7994957686763342 1.0391219225065602 -1.1880553430103267
v -0.8021774100065339 1.3688272909137276 -1.0908378479630365
v -0.8021774100065339 1.3688272909137276 -1.0908378479630365
vt 0 1
vt 0.125 1
vt 0.125 0
vt 0 0
vt 0 1
vt 0 1
vt 0 0
vt 0 0
vt 0.5 0.375
vt 0.75 0.375
vt 0.75 0.1875
vt 0.5 0.1875
vt 0 1
vt 0 1
vt 0 0
vt 0 0
vt 0 1
vt 0.125 1
vt 0.125 1
vt 0 1
vt 0 1
vt 0.125 1
vt 0.125 1
vt 0 1
vn 0.6667374941183707 -0.20579176347615008 0.7163175720461785
vn 0.7452518072277207 0.19415114425903368 -0.6378911168896493
vn -0.6667374941183707 0.20579176347615008 -0.7163175720461785
vn -0.7452518072277207 -0.19415114425903368 0.6378911168896493
vn 0.00780113841512642 -0.9591428899117609 -0.2828145310466628
vn -0.00780113841512642 0.9591428899117609 0.2828145310466628
g Leaf
f 196/580/145 199/579/145 197/578/145 194/577/145
f 195/584/146 196/583/146 194/582/146 193/581/146
f 200/588/147 195/587/147 193/586/147 198/585/147
f 199/592/148 200/591/148 198/590/148 197/589/148
f 198/596/149 193/595/149 194/594/149 197/593/149
f 199/600/150 196/599/150 195/598/150 200/597/150
o cube
v -0.9378577979620185 -0.049935236187569565 -1.6028204450450936
v -0.9378577979620185 -0.049935236187569565 -1.6028204450450936
v -0.853987926085245 1.0311680876700953 -1.1584417063994668
v -0.853987926085245 1.0311680876700953 -1.1584417063994668
v -1.3859088874846337 -0.07112594854892507 -1.4667038134851855
v -1.3859088874846337 -0.07112594854892507 -1.4667038134851855
v -1.30203901560786 1.0099773753087398 -1.0223250748395585
v -1.30203901560786 1.0099773753087398 -1.0223250748395585
vt 0 1
vt 0.125 1
vt 0.125 0
vt 0 0
vt 0 1
vt 0 1
vt 0 0
vt 0 0
vt 0.21875 1
vt 0.46875 1
vt 0.46875 0.375
vt 0.21875 0.375
vt 0 1
vt 0 1
vt 0 0
vt 0 0
vt 0 1
vt 0.125 1
vt 0.125 1
vt 0 1
vt 0 1
vt 0.125 1
vt 0.125 1
vt 0 1
vn 0.28503216554323946 -0.3832408063273395 0.8785688071923007
vn 0.9558423243149125 0.04520685303755809 -0.2903821473278038
vn -0.28503216554323946 0.3832408063273395 -0.8785688071923007
vn -0.9558423243149125 -0.04520685303755809 0.2903821473278038
vn -0.07156895733484682 -0.9225415030252088 -0.3792031903109355
vn 0.07156895733484682 0.9225415030252088 0.3792031903109355
g Leaf
f 204/604/151 207/603/151 205/602/151 202/601/151
f 203/608/152 204/607/152 202/606/152 201/605/152
f 208/612/153 203/611/153 201/610/153 206/609/153
f 207/616/154 208/615/154 206/614/154 205/613/154
f 206/620/155 201/619/155 202/618/155 205/617/155
f 207/624/156 204/623/156 203/622/156 208/621/156
o cube
v -0.8833769909132488 -0.041991321773185986 -1.6324291761577836
v -0.8833769909132488 -0.041991321773185986 -1.6324291761577836
v -0.7995071190364761 1.0391120020844797 -1.1880504375121577
v -0.7995071190364761 1.0391120020844797 -1.1880504375121577
v -0.9378452904629216 -0.049934056915801106 -1.6028256746314207
v -0.9378452904629216 -0.049934056915801106 -1.6028256746314207
v -0.8539754185861489 1.0311692669418646 -1.1584469359857947
v -0.8539754185861489 1.0311692669418646 -1.1584469359857947
vt 0 1
vt 0.125 1
vt 0.125 0
vt 0 0
vt 0 1
vt 0 1
vt 0 0
vt 0 0
vt 0.46875 1
vt 0.5 1
vt 0.5 0.375
vt 0.46875 0.375
vt 0 1
vt 0 1
vt 0 0
vt 0 0
vt 0 1
vt 0.125 1
vt 0.125 1
vt 0 1
vt 0 1
vt 0.125 1
vt 0.125 1
vt 0 1
vn 0.48515790878103127 -0.36437191516399847 0.7948930185798189
vn 0.8714927927947652 0.1270837622818424 -0.4736560244218085
vn -0.48515790878103127 0.36437191516399847 -0.7948930185798189
vn -0.8714927927947652 -0.1270837622818424 0.4736560244218085
vn -0.07156895733484617 -0.9225415030252093 -0.3792031903109347
vn 0.07156895733484617 0.9225415030252093 0.3792031903109347
g Leaf
f 212/628/157 215/627/157 213/626/157 210/625/157
f 211/632/158 212/631/158 210/630/158 209/629/158
f 216/636/159 211/635/159 209/634/159 214/633/159
f 215/640/160 216/639/160 214/638/160 213/637/160
f 214/644/161 209/643/161 210/642/161 213/641/161
f 215/648/162 212/647/162 211/646/162 216/645/162
o cube
v 1.0247965272447395 0.7925642482742448 -1.2043905192024158
v 1.0247965272447395 0.7925642482742448 -1.2043905192024158
v 0.8170107461147009 0.7484821387688012 -0.9341204703961709
v 0.8170107461147009 0.7484821387688012 -0.9341204703961709
v 0.9752103845243931 0.7930535911547416 -1.242432929663147
v 0.9752103845243931 0.7930535911547416 -1.242432929663147
v 0.7674246033943546 0.7489714816492983 -0.972162880856902
v 0.7674246033943546 0.7489714816492983 -0.972162880856902
vt 0 1
vt 0.125 1
vt 0.125 0
vt 0 0
vt 0 1
vt 0 1
vt 0 0
vt 0 0
vt 0.46875 0.375
vt 0.5 0.375
vt 0.5 0.1875
vt 0.46875 0.1875
vt 0 1
vt 0 1
vt 0 0
vt 0 0
vt 0 1
vt 0.125 1
vt 0.125 1
vt 0 1
vt 0 1
vt 0.125 1
vt 0.125 1
vt 0 1
vn 0.07190039177709687 -0.9917124043307751 -0.10647460147271468
vn 0.7933782835255431 -0.007829486087951901 0.6086785673716971
vn -0.07190039177709687 0.9917124043307751 0.10647460147271468
vn -0.7933782835255431 0.007829486087951901 -0.6086785673716971
vn 0.6044677269237482 0.1282388640158357 -0.7862401419818026
vn -0.6044677269237482 -0.1282388640158357 0.7862401419818026
g Leaf
f 220/652/163 223/651/163 221/650/163 218/649/163
f 219/656/164 220/655/164 218/654/164 217/653/164
f 224/660/165 219/659/165 217/658/165 222/657/165
f 223/664/166 224/663/166 222/662/166 221/661/166
f 222/668/167 217/667/167 218/666/167 221/665/167
f 223/672/168 220/671/168 219/670/168 224/669/168
o cube
v 1.1889148869198751 0.7448152711348501 -0.6488128700436608
v 1.1889148869198751 0.7448152711348501 -0.6488128700436608
v 0.9914039279482147 0.6279935727254875 -0.3928711298627223
v 0.9914039279482147 0.6279935727254875 -0.3928711298627223
v 0.39553660339433216 0.7526447572228021 -1.2574914374153578
v 0.39553660339433216 0.7526447572228021 -1.2574914374153578
v 0.19802564442267168 0.6358230588134393 -1.0015496972344193
v 0.19802564442267168 0.6358230588134393 -1.0015496972344193
vt 0 1
vt 0.125 1
vt 0.125 0
vt 0 0
vt 0 1
vt 0 1
vt 0 0
vt 0 0
vt 0.21875 0.1875
vt 0.75 0.1875
vt 0.75 0
vt 0.21875 0
vt 0 1
vt 0 1
vt 0 0
vt 0 0
vt 0 1
vt 0.125 1
vt 0.125 1
vt 0 1
vt 0 1
vt 0.125 1
vt 0.125 1
vt 0 1
vn 0.20102682685575715 -0.9404488903399963 -0.27412424107067795
vn 0.7933782835255431 -0.007829486087951892 0.6086785673716971
vn -0.20102682685575715 0.9404488903399963 0.27412424107067795
vn -0.7933782835255431 0.007829486087951892 -0.6086785673716971
vn 0.5745773351902844 0.3398449408272372 -0.7445577896172756
vn -0.5745773351902844 -0.3398449408272372 0.7445577896172756
g Leaf
f 228/676/169 231/675/169 229/674/169 226/673/169
f 227/680/170 228/679/170 226/678/170 225/677/170
f 232/684/171 227/683/171 225/682/171 230/681/171
f 231/688/172 232/687/172 230/686/172 229/685/172
f 230/692/173 225/691/173 226/690/173 229/689/173
f 231/696/174 228/695/174 227/694/174 232/693/174
o cube
v 0.4524205824491073 0.3293225413856109 -0.2075857479522455
v 0.4524205824491073 0.3293225413856109 -0.2075857479522455
v 0.18738697492781486 -0.0312412227607623 0.13323269179074737
v 0.18738697492781486 -0.0312412227607623 0.13323269179074737
v 0.15490372612702874 0.33225859866859286 -0.43584021071663187
v 0.15490372612702874 0.33225859866859286 -0.43584021071663187
v -0.11012988139426377 -0.028305165477780336 -0.09502177097363906
v -0.11012988139426377 -0.028305165477780336 -0.09502177097363906
vt 0 1
vt 0.125 1
vt 0.125 0
vt 0 0
vt 0 1
vt 0 1
vt 0 0
vt 0 0
vt 0.375 0.3125
vt 0.59375 0.3125
vt 0.59375 0
vt 0.375 0
vt 0 1
vt 0 1
vt 0 0
vt 0 0
vt 0 1
vt 0.125 1
vt 0.125 1
vt 0 1
vt 0 1
vt 0.125 1
vt 0.125 1
vt 0 1
vn 0.38542044830982336 -0.7674990671085553 -0.5122462884317974
vn 0.7933782835255432 -0.00782948608795192 0.6086785673716971
vn -0.38542044830982336 0.7674990671085553 0.5122462884317974
vn -0.7933782835255432 0.00782948608795192 -0.6086785673716971
vn 0.47117085781563106 0.6410022473713303 -0.6058994484319872
vn -0.47117085781563106 -0.6410022473713303 0.6058994484319872
g Stem
f 236/700/175 239/699/175 237/698/175 234/697/175
f 235/704/176 236/703/176 234/702/176 233/701/176
f 240/708/177 235/707/177 233/706/177 238/705/177
f 239/712/178 240/711/178 238/710/178 237/709/178
f 238/716/179 233/715/179 234/714/179 237/713/179
f 239/720/180 236/719/180 235/718/180 240/717/180
o cube
v 0.7434806891067212 0.6304462776471063 -0.5830928480394296
v 0.7434806891067212 0.6304462776471063 -0.5830928480394296
v 0.4524165326074575 0.32931772254027947 -0.20758053119663022
v 0.4524165326074575 0.32931772254027947 -0.20758053119663022
