# Made in Blockbench 4.9.1

o cube
v 0.25 0 0
v 0.25 0.3018518207153338 -0.08088095159453779
v 0.25 0 0
v 0.25 0.3018518207153338 -0.08088095159453779
v -0.1875 0.3018518207153338 -0.08088095159453779
v -0.1875 0 0
v -0.1875 0.3018518207153338 -0.08088095159453779
v -0.1875 0 0
vt 0 0.25
vt 1 0.25
vt 1 0
vt 0 0
vt 0 1
vt 0.125 1
vt 0.125 0.875
vt 0 0.875
vt 0 1
vt 0.125 1
vt 0.125 0.875
vt 0 0.875
vt 0 0.25
vt 1 0.25
vt 1 0
vt 0 0
vt 0.25 0.25
vt 0.6875000000000001 0.25
vt 0.6875000000000001 0
vt 0.25 0
vt 0 1
vt 0 1
vt 0 0.9375
vt 0 0.9375
vn 0 0.9659258262890683 -0.2588190451025209
vn 1 0 0
vn 0 -0.9659258262890683 0.2588190451025209
vn -1 0 0
vn 0 0.2588190451025209 0.9659258262890683
vn 0 -0.2588190451025209 -0.9659258262890683
g Frond
f 4/4/1 7/3/1 5/2/1 2/1/1
f 3/8/2 4/7/2 2/6/2 1/5/2
f 8/12/3 3/11/3 1/10/3 6/9/3
f 7/16/4 8/15/4 6/14/4 5/13/4
f 6/20/5 1/19/5 2/18/5 5/17/5
f 7/24/6 4/23/6 3/22/6 8/21/6
o cube
v 0.25 0.5001374438227795 -0.23310489007223956
v 0.25 0.7352060224745147 -0.6020886476153771
v 0.25 0.5001374438227795 -0.23310489007223956
v 0.25 0.7352060224745147 -0.6020886476153771
v -0.1875 0.7352060224745147 -0.6020886476153771
v -0.1875 0.5001374438227795 -0.23310489007223956
v -0.1875 0.7352060224745147 -0.6020886476153771
v -0.1875 0.5001374438227795 -0.23310489007223956
vt 0 1
vt 1 1
vt 1 0.5
vt 0 0.5
vt 0 1
vt 0.125 1
vt 0.125 0.875
vt 0 0.875
vt 0 1
vt 0.125 1
vt 0.125 0.875
vt 0 0.875
vt 0 1
vt 1 1
vt 1 0.5
vt 0 0.5
vt 0.25 1
vt 0.6875000000000001 1
vt 0.6875000000000001 0.5
vt 0.25 0.5
vt 0 1
vt 0 1
vt 0 0.9375
vt 0 0.9375
vn 0 0.5372996083468238 -0.8433914458128857
vn 1 0 0
vn 0 -0.5372996083468238 0.8433914458128857
vn -1 0 0
vn 0 0.8433914458128857 0.5372996083468238
vn 0 -0.8433914458128857 -0.5372996083468238
g Frond
f 12/28/7 15/27/7 13/26/7 10/25/7
f 11/32/8 12/31/8 10/30/8 9/29/8
f 16/36/9 11/35/9 9/34/9 14/33/9
f 15/40/10 16/39/10 14/38/10 13/37/10
f 14/44/11 9/43/11 10/42/11 13/41/11
f 15/48/12 12/47/12 11/46/12 16/45/12
o cube
v 0.25 0.30181377312602076 -0.08093053617830598
v 0.25 0.5001521081988296 -0.23312089343048614
v 0.25 0.30181377312602076 -0.08093053617830598
v 0.25 0.5001521081988296 -0.23312089343048614
v -0.1875 0.5001521081988296 -0.23312089343048614
v -0.1875 0.30181377312602076 -0.08093053617830598
v -0.1875 0.5001521081988296 -0.23312089343048614
v -0.1875 0.30181377312602076 -0.08093053617830598
vt 0 0.5
vt 1 0.5
vt 1 0.25
vt 0 0.25
vt 0 1
vt 0.125 1
vt 0.125 0.875
vt 0 0.875
vt 0 1
vt 0.125 1
vt 0.125 0.875
vt 0 0.875
vt 0 0.5
vt 1 0.5
vt 1 0.25
vt 0 0.25
vt 0.25 0.5
vt 0.6875000000000001 0.5
vt 0.6875000000000001 0.25
vt 0.25 0.25
vt 0 1
vt 0 1
vt 0 0.9375
vt 0 0.9375
vn 0 0.7933533402912352 -0.6087614290087205
vn 1 0 0
vn 0 -0.7933533402912352 0.6087614290087205
vn -1 0 0
vn 0 0.6087614290087205 0.7933533402912352
vn 0 -0.6087614290087205 -0.7933533402912352
g Frond
f 20/52/13 23/51/13 21/50/13 18/49/13
f 19/56/14 20/55/14 18/54/14 17/53/14
f 24/60/15 19/59/15 17/58/15 22/57/15
f 23/64/16 24/63/16 22/62/16 21/61/16
f 22/68/17 17/67/17 18/66/17 21/65/17
f 23/72/18 20/71/18 19/70/18 24/69/18
o cube
v 0.21853615356704958 0.5470855502152023 0.17217201115391467
v 0.462079453228608 0.8822299940797551 0.031562221534984
v 0.21853615356704958 0.5470855502152023 0.17217201115391467
v 0.462079453228608 0.8822299940797551 0.031562221534984
v 0.24332945322860777 0.8822299940797551 -0.34732389262070773
v -0.00021384643295063732 0.5470855502152023 -0.20671410300177717
v 0.24332945322860777 0.8822299940797551 -0.34732389262070773
v -0.00021384643295063732 0.5470855502152023 -0.20671410300177717
vt 0 1
vt 1 1
vt 1 0.5
vt 0 0.5
vt 0 1
vt 0.125 1
vt 0.125 0.875
vt 0 0.875
vt 0 1
vt 0.125 1
vt 0.125 0.875
vt 0 0.875
vt 0 1
vt 1 1
vt 1 0.5
vt 0 0.5
vt 0.25 1
vt 0.6875000000000001 1
vt 0.6875000000000001 0.5
vt 0.25 0.5
vt 0 1
vt 0 1
vt 0 0.9375
vt 0 0.9375
vn 0.5566703992264194 0.766044443118978 -0.32139380484326996
vn 0.5000000000000004 0 0.8660254037844384
vn -0.5566703992264194 -0.766044443118978 0.32139380484326996
vn -0.5000000000000004 0 -0.8660254037844384
vn -0.6634139481689382 0.6427876096865395 0.38302222155948945
vn 0.6634139481689382 -0.6427876096865395 -0.38302222155948945
g Fertile_Frond
f 28/76/19 31/75/19 29/74/19 26/73/19
f 27/80/20 28/79/20 26/78/20 25/77/20
f 32/84/21 27/83/21 25/82/21 30/81/21
f 31/88/22 32/87/22 30/86/22 29/85/22
f 30/92/23 25/91/23 26/90/23 29/89/23
f 31/96/24 28/95/24 27/94/24 32/93/24
o cube
v 0.1562500000000001 0 0.20813293868263694
v 0.14444515701378302 0.31220256924433054 0.21494846795847078
v 0.1562500000000001 0 0.20813293868263694
v 0.14444515701378302 0.31220256924433054 0.21494846795847078
v -0.0743048429862172 0.31220256924433054 -0.16393764619722107
v -0.06250000000000006 0 -0.1707531754730548
v -0.0743048429862172 0.31220256924433054 -0.16393764619722107
v -0.06250000000000006 0 -0.1707531754730548
vt 0 0.25
vt 1 0.25
vt 1 0
vt 0 0
vt 0 1
vt 0.125 1
vt 0.125 0.875
vt 0 0.875
vt 0 1
vt 0.125 1
vt 0.125 0.875
vt 0 0.875
vt 0 0.25
vt 1 0.25
vt 1 0
vt 0 0
vt 0.25 0.25
vt 0.6875000000000001 0.25
vt 0.6875000000000001 0
vt 0.25 0
vt 0 1
vt 0 1
vt 0 0.9375
vt 0 0.9375
vn -0.03777549755589472 0.9990482215818579 0.02180969368266796
vn 0.5000000000000004 0 0.8660254037844386
vn 0.03777549755589472 -0.9990482215818579 -0.02180969368266796
vn -0.5000000000000004 0 -0.8660254037844386
vn -0.8652011394955536 -0.043619387365335834 0.4995241107909294
vn 0.8652011394955536 0.043619387365335834 -0.4995241107909294
g Fertile_Frond
f 36/100/25 39/99/25 37/98/25 34/97/25
f 35/104/26 36/103/26 34/102/26 33/101/26
f 40/108/27 35/107/27 33/106/27 38/105/27
f 39/112/28 40/111/28 38/110/28 37/109/28
f 38/116/29 33/115/29 34/114/29 37/113/29
f 39/120/30 36/119/30 35/118/30 40/117/30
o cube
v 0.14449601936886736 0.3121811929853726 0.2149191025640712
v 0.21854555255037333 0.5471043481818496 0.17216658464836254
v 0.14449601936886736 0.3121811929853726 0.2149191025640712
v 0.21854555255037333 0.5471043481818496 0.17216658464836254
v -0.00020444744962688777 0.5471043481818498 -0.2067195295073292
v -0.07425398063113281 0.3121811929853726 -0.16396701159162064
v -0.00020444744962688777 0.5471043481818498 -0.2067195295073292
v -0.07425398063113281 0.3121811929853726 -0.16396701159162064
vt 0 0.5
vt 1 0.5
vt 1 0.25
vt 0 0.25
vt 0 1
vt 0.125 1
vt 0.125 0.875
vt 0 0.875
vt 0 1
vt 0.125 1
vt 0.125 0.875
vt 0 0.875
vt 0 0.5
vt 1 0.5
vt 1 0.25
vt 0 0.25
vt 0.25 0.5
vt 0.6875000000000001 0.5
vt 0.6875000000000001 0.25
vt 0.25 0.25
vt 0 1
vt 0 1
vt 0 0.9375
vt 0 0.9375
vn 0.2961981327260238 0.9396926207859084 -0.17101007166283447
vn 0.5000000000000004 0 0.8660254037844385
vn -0.2961981327260238 -0.9396926207859084 0.17101007166283447
vn -0.5000000000000004 0 -0.8660254037844385
vn -0.8137976813493735 0.3420201433256687 0.46984631039295466
vn 0.8137976813493735 -0.3420201433256687 -0.46984631039295466
g Fertile_Frond
f 44/124/31 47/123/31 45/122/31 42/121/31
f 43/128/32 44/127/32 42/126/32 41/125/32
f 48/132/33 43/131/33 41/130/33 46/129/33
f 47/136/34 48/135/34 46/134/34 45/133/34
f 46/140/35 41/139/35 42/138/35 45/137/35
f 47/144/36 44/143/36 43/142/36 48/141/36
o cube
v 0.01890555924260462 0.5434276587398457 -0.2670286726840937
v -0.24897248213579887 0.8659864935942747 -0.3919422548304054
v 0.01890555924260462 0.5434276587398457 -0.2670286726840937
v -0.24897248213579887 0.8659864935942747 -0.3919422548304054
v -0.4338679716473556 0.8659864935942749 0.004567401998128662
v -0.1659899302689521 0.5434276587398457 0.12948098414444043
v -0.4338679716473556 0.8659864935942749 0.004567401998128662
v -0.1659899302689521 0.5434276587398457 0.12948098414444043
vt 0 1
vt 1 1
vt 1 0.5
vt 0 0.5
vt 0 1
vt 0.125 1
vt 0.125 0.875
vt 0 0.875
vt 0 1
vt 0.125 1
vt 0.125 0.875
vt 0 0.875
vt 0 1
vt 1 1
vt 1 0.5
vt 0 0.5
vt 0.25 1
vt 0.6875000000000001 1
vt 0.6875000000000001 0.5
vt 0.25 0.5
vt 0 1
vt 0 1
vt 0 0.9375
vt 0 0.9375
vn -0.6122926660077793 0.7372773368101242 -0.28551675919156966
vn 0.42261826174070105 0 -0.9063077870366494
vn 0.6122926660077793 -0.7372773368101242 0.28551675919156966
vn -0.42261826174070105 0 0.9063077870366494
vn 0.6682001915566579 0.6755902076156602 0.311586866503508
vn -0.6682001915566579 -0.6755902076156602 -0.311586866503508
g Fertile_Frond
f 52/148/37 55/147/37 53/146/37 50/145/37
f 51/152/38 52/151/38 50/150/38 49/149/38
f 56/156/39 51/155/39 49/154/39 54/153/39
f 55/160/40 56/159/40 54/158/40 53/157/40
f 54/164/41 49/163/41 50/162/41 53/161/41
f 55/168/42 52/167/42 51/166/42 56/165/42
o cube
v 0.10565456543517526 0 -0.22657694675916235
v 0.10565456543517526 0.3125 -0.2265769467591624
v 0.10565456543517526 0 -0.22657694675916235
v 0.10565456543517526 0.3125 -0.2265769467591624
v -0.07924092407638145 0.3125 0.16993271006937172
v -0.07924092407638145 0 0.16993271006937172
v -0.07924092407638145 0.3125 0.16993271006937172
v -0.07924092407638145 0 0.16993271006937172
vt 0 0.25
vt 1 0.25
vt 1 0
vt 0 0
vt 0 1
vt 0.125 1
vt 0.125 0.875
vt 0 0.875
vt 0 1
vt 0.125 1
vt 0.125 0.875
vt 0 0.875
vt 0 0.25
vt 1 0.25
vt 1 0
vt 0 0
vt 0.25 0.25
vt 0.6875000000000001 0.25
vt 0.6875000000000001 0
vt 0.25 0
vt 0 1
vt 0 1
vt 0 0.9375
vt 0 0.9375
vn 0 1 0
vn 0.422618261740701 0 -0.9063077870366493
vn 0 -1 0
vn -0.422618261740701 0 0.9063077870366493
vn 0.9063077870366492 0 0.422618261740701
vn -0.9063077870366492 0 -0.422618261740701
g Fertile_Frond
f 60/172/43 63/171/43 61/170/43 58/169/43
f 59/176/44 60/175/44 58/174/44 57/173/44
f 64/180/45 59/179/45 57/178/45 62/177/45
f 63/184/46 64/183/46 62/182/46 61/181/46
f 62/188/47 57/187/47 58/186/47 61/185/47
f 63/192/48 60/191/48 59/190/48 64/189/48
o cube
v 0.10560223298426274 0.3124760822854771 -0.22660134978179286
v 0.0188949893036644 0.5434459654132988 -0.2670336015275677
v 0.10560223298426274 0.3124760822854771 -0.22660134978179286
v 0.0188949893036644 0.5434459654132988 -0.2670336015275677
v -0.1660005002078923 0.5434459654132988 0.1294760553009664
v -0.07929325652729391 0.3124760822854772 0.1699083070467412
v -0.1660005002078923 0.5434459654132988 0.1294760553009664
v -0.07929325652729391 0.3124760822854772 0.1699083070467412
vt 0 0.5
vt 1 0.5
vt 1 0.25
vt 0 0.25
vt 0 1
vt 0.125 1
vt 0.125 0.875
vt 0 0.875
vt 0 1
vt 0.125 1
vt 0.125 0.875
vt 0 0.875
vt 0 0.5
vt 1 0.5
vt 1 0.25
vt 0 0.25
vt 0.25 0.5
vt 0.6875000000000001 0.5
vt 0.6875000000000001 0.25
vt 0.25 0.25
vt 0 1
vt 0 1
vt 0 0.9375
vt 0 0.9375
vn -0.3468289747223936 0.9238795325112868 -0.16172900698309942
vn 0.422618261740701 0 -0.9063077870366494
vn 0.3468289747223936 -0.9238795325112868 0.16172900698309942
vn -0.422618261740701 0 0.9063077870366494
vn 0.8373192145987585 0.3826834323650898 0.3904483620877315
vn -0.8373192145987585 -0.3826834323650898 -0.3904483620877315
g Fertile_Frond
f 68/196/49 71/195/49 69/194/49 66/193/49
f 67/200/50 68/199/50 66/198/50 65/197/50
f 72/204/51 67/203/51 65/202/51 70/201/51
f 71/208/52 72/207/52 70/206/52 69/205/52
f 70/212/53 65/211/53 66/210/53 69/209/53
f 71/216/54 68/215/54 67/214/54 72/213/54
o cube
v -0.316290349649936 0.5098293162944592 -0.08372476010249386
v -0.6098572560024259 0.760769007198042 0.1218330006944236
v -0.316290349649936 0.5098293162944592 -0.08372476010249386
v -0.6098572560024259 0.760769007198042 0.1218330006944236
v -0.3589175650988432 0.760769007198042 0.4802120200708575
v -0.06535065874635326 0.5098293162944592 0.27465425927394005
v -0.3589175650988432 0.760769007198042 0.4802120200708575
v -0.06535065874635326 0.5098293162944592 0.27465425927394005
vt 0 1
vt 1 1
vt 1 0.5
vt 0 0.5
vt 0 1
vt 0.125 1
vt 0.125 0.875
vt 0 0.875
vt 0 1
vt 0.125 1
vt 0.125 0.875
vt 0 0.875
vt 0 1
vt 1 1
vt 1 0.5
vt 0 0.5
vt 0.25 1
vt 0.6875000000000001 1
vt 0.6875000000000001 0.5
vt 0.25 0.5
vt 0 1
vt 0 1
vt 0 0.9375
vt 0 0.9375
vn -0.6710100716628341 0.5735764363510466 0.4698463103929542
vn -0.5735764363510463 0 -0.8191520442889917
vn 0.6710100716628341 -0.5735764363510466 -0.4698463103929542
vn 0.5735764363510463 0 0.8191520442889917
vn 0.4698463103929545 0.8191520442889915 -0.32898992833716584
vn -0.4698463103929545 -0.8191520442889915 0.32898992833716584
g Frond
f 76/220/55 79/219/55 77/218/55 74/217/55
f 75/224/56 76/223/56 74/222/56 73/221/56
f 80/228/57 75/227/57 73/226/57 78/225/57
f 79/232/58 80/231/58 78/230/58 77/229/58
f 78/236/59 73/235/59 74/234/59 77/233/59
f 79/240/60 76/239/60 75/238/60 80/237/60
o cube
v -0.14339410908776157 0 -0.20478801107224792
v -0.19879940665729806 0.3050925022249792 -0.16599280405730632
v -0.14339410908776157 0 -0.20478801107224792
v -0.19879940665729806 0.3050925022249792 -0.16599280405730632
v 0.052140284246284696 0.3050925022249792 0.19238621531912758
v 0.10754558181582119 0 0.15359100830418593
v 0.052140284246284696 0.3050925022249792 0.19238621531912758
v 0.10754558181582119 0 0.15359100830418593
vt 0 0.25
vt 1 0.25
vt 1 0
vt 0 0
vt 0 1
vt 0.125 1
vt 0.125 0.875
vt 0 0.875
vt 0 1
vt 0.125 1
vt 0.125 0.875
vt 0 0.875
vt 0 0.25
vt 1 0.25
vt 1 0
vt 0 0
vt 0.25 0.25
vt 0.6875000000000001 0.25
vt 0.6875000000000001 0
vt 0.25 0
vt 0 1
vt 0 1
vt 0 0.9375
vt 0 0.9375
vn -0.17729695222251682 0.9762960071199336 0.12414466244781314
vn -0.5735764363510462 0 -0.8191520442889919
vn 0.17729695222251682 -0.9762960071199336 -0.12414466244781314
vn 0.5735764363510462 0 0.8191520442889919
vn 0.7997348700634735 0.21643961393810252 -0.5599803845876071
vn -0.7997348700634735 -0.21643961393810252 0.5599803845876071
g Frond
f 84/244/61 87/243/61 85/242/61 82/241/61
f 83/248/62 84/247/62 82/246/62 81/245/62
f 88/252/63 83/251/63 81/250/63 86/249/63
f 87/256/64 88/255/64 86/254/64 85/253/64
f 86/260/65 81/259/65 82/258/65 85/257/65
f 87/264/66 84/263/66 83/262/66 88/261/66
o cube
v -0.19884134478677695 0.3050566536977073 -0.16596343866290675
v -0.31630292238501545 0.5098446647699553 -0.08371595657861536
v -0.19884134478677695 0.3050566536977073 -0.16596343866290675
v -0.31630292238501545 0.5098446647699553 -0.08371595657861536
v -0.0653632314814327 0.5098446647699553 0.2746630627978185
v 0.05209834611680575 0.3050566536977073 0.19241558071352716
v -0.0653632314814327 0.5098446647699553 0.2746630627978185
v 0.05209834611680575 0.3050566536977073 0.19241558071352716
vt 0 0.5
vt 1 0.5
vt 1 0.25
vt 0 0.25
vt 0 1
vt 0.125 1
vt 0.125 0.875
vt 0 0.875
vt 0 1
vt 0.125 1
vt 0.125 0.875
vt 0 0.875
vt 0 0.5
vt 1 0.5
vt 1 0.25
vt 0 0.25
vt 0.25 0.5
vt 0.6875000000000001 0.5
vt 0.6875000000000001 0.25
vt 0.25 0.25
vt 0 1
vt 0 1
vt 0 0.9375
vt 0 0.9375
vn -0.4698463103929538 0.8191520442889922 0.32898992833716556
vn -0.5735764363510463 0 -0.8191520442889917
vn 0.4698463103929538 -0.8191520442889922 -0.32898992833716556
vn 0.5735764363510463 0 0.8191520442889917
vn 0.6710100716628347 0.5735764363510457 -0.4698463103929545
vn -0.6710100716628347 -0.5735764363510457 0.4698463103929545
g Frond
f 92/268/67 95/267/67 93/266/67 90/265/67
f 91/272/68 92/271/68 90/270/68 89/269/68
f 96/276/69 91/275/69 89/274/69 94/273/69
f 95/280/70 96/279/70 94/278/70 93/277/70
f 94/284/71 89/283/71 90/282/71 93/281/71
f 95/288/72 92/287/72 91/286/72 96/285/72
o cube
v -0.18612522083423133 0.5434276587398459 0.19240357162774568
v -0.06121163868792001 0.8659864935942752 0.46028161300614934
v -0.18612522083423133 0.5434276587398459 0.19240357162774568
v -0.06121163868792001 0.8659864935942752 0.46028161300614934
v 0.33529801814061444 0.8659864935942752 0.2753861234945931
v 0.210384435994303 0.5434276587398457 0.007508082116189474
v 0.33529801814061444 0.8659864935942752 0.2753861234945931
v 0.210384435994303 0.5434276587398457 0.007508082116189474
vt 0 1
vt 1 1
vt 1 0.5
vt 0 0.5
vt 0 1
vt 0.125 1
vt 0.125 0.875
vt 0 0.875
vt 0 1
vt 0.125 1
vt 0.125 0.875
vt 0 0.875
vt 0 1
vt 1 1
vt 1 0.5
vt 0 0.5
vt 0.25 1
vt 0.6875000000000001 1
vt 0.6875000000000001 0.5
vt 0.25 0.5
vt 0 1
vt 0 1
vt 0 0.9375
vt 0 0.9375
vn 0.2855167591915687 0.7372773368101242 0.6122926660077798
vn -0.9063077870366499 0 0.42261826174069966
vn -0.2855167591915687 -0.7372773368101242 -0.6122926660077798
vn 0.9063077870366499 0 -0.42261826174069966
vn -0.311586866503507 0.6755902076156601 -0.6682001915566584
vn 0.311586866503507 -0.6755902076156601 0.6682001915566584
g Fertile_Frond
f 100/292/73 103/291/73 101/290/73 98/289/73
f 99/296/74 100/295/74 98/294/74 97/293/74
f 104/300/75 99/299/75 97/298/75 102/297/75
f 103/304/76 104/303/76 102/302/76 101/301/76
f 102/308/77 97/307/77 98/306/77 101/305/77
f 103/312/78 100/311/78 99/310/78 104/309/78
o cube
v -0.2265769467591625 0 0.10565456543517493
v -0.2265769467591625 0.3125 0.10565456543517493
v -0.2265769467591625 0 0.10565456543517493
v -0.2265769467591625 0.3125 0.10565456543517493
v 0.16993271006937194 0.3125 -0.07924092407638123
v 0.16993271006937194 0 -0.07924092407638117
v 0.16993271006937194 0.3125 -0.07924092407638123
v 0.16993271006937194 0 -0.07924092407638117
vt 0 0.25
vt 1 0.25
vt 1 0
vt 0 0
vt 0 1
vt 0.125 1
vt 0.125 0.875
vt 0 0.875
vt 0 1
vt 0.125 1
vt 0.125 0.875
vt 0 0.875
vt 0 0.25
vt 1 0.25
vt 1 0
vt 0 0
vt 0.25 0.25
vt 0.6875000000000001 0.25
vt 0.6875000000000001 0
vt 0.25 0
vt 0 1
vt 0 1
vt 0 0.9375
vt 0 0.9375
vn 0 1 0
vn -0.9063077870366499 0 0.4226182617406997
vn 0 -1 0
vn 0.9063077870366499 0 -0.4226182617406997
vn -0.42261826174069966 0 -0.9063077870366499
vn 0.42261826174069966 0 0.9063077870366499
g Fertile_Frond
f 108/316/79 111/315/79 109/314/79 106/313/79
f 107/320/80 108/319/80 106/318/80 105/317/80
f 112/324/81 107/323/81 105/322/81 110/321/81
f 111/328/82 112/327/82 110/326/82 109/325/82
f 110/332/83 105/331/83 106/330/83 109/329/83
f 111/336/84 108/335/84 107/334/84 112/333/84
o cube
v -0.226552543736532 0.3124760822854772 0.10570689788608734
v -0.1861202919907573 0.5434459654132988 0.1924141415666858
v -0.226552543736532 0.3124760822854772 0.10570689788608734
v -0.1861202919907573 0.5434459654132988 0.1924141415666858
v 0.21038936483777704 0.5434459654132988 0.007518652055129693
v 0.16995711309200234 0.3124760822854772 -0.07918859162546876
v 0.21038936483777704 0.5434459654132988 0.007518652055129693
v 0.16995711309200234 0.3124760822854772 -0.07918859162546876
vt 0 0.5
vt 1 0.5
vt 1 0.25
vt 0 0.25
vt 0 1
vt 0.125 1
vt 0.125 0.875
vt 0 0.875
vt 0 1
vt 0.125 1
vt 0.125 0.875
vt 0 0.875
vt 0 0.5
vt 1 0.5
vt 1 0.25
vt 0 0.25
vt 0.25 0.5
vt 0.6875000000000001 0.5
vt 0.6875000000000001 0.25
vt 0.25 0.25
vt 0 1
vt 0 1
vt 0 0.9375
vt 0 0.9375
vn 0.16172900698309883 0.9238795325112868 0.34682897472239377
vn -0.9063077870366499 0 0.4226182617406997
vn -0.16172900698309883 -0.9238795325112868 -0.34682897472239377
vn 0.9063077870366499 0 -0.4226182617406997
vn -0.39044836208773026 0.3826834323650897 -0.8373192145987591
vn 0.39044836208773026 -0.3826834323650897 0.8373192145987591
g Fertile_Frond
f 116/340/85 119/339/85 117/338/85 114/337/85
f 115/344/86 116/343/86 114/342/86 113/341/86
f 120/348/87 115/347/87 113/346/87 118/345/87
f 119/352/88 120/351/88 118/350/88 117/349/88
f 118/356/89 113/355/89 114/354/89 117/353/89
f 119/360/90 116/359/90 115/358/90 120/357/90
o cube
v 0.09557555729922651 0.48949353130082884 0.34385570832946977
v 0.4237005572992266 0.7082435313008288 0.5332987654073156
v 0.09557555729922651 0.48949353130082884 0.34385570832946977
v 0.4237005572992266 0.7082435313008288 0.5332987654073156
v 0.6424505572992265 0.7082435313008288 0.15441265125162373
v 0.3143255572992265 0.48949353130082884 -0.03503040582622219
v 0.6424505572992265 0.7082435313008288 0.15441265125162373
v 0.3143255572992265 0.48949353130082884 -0.03503040582622219
vt 0 1
vt 1 1
vt 1 0.5
vt 0 0.5
vt 0 1
vt 0.125 1
vt 0.125 0.875
vt 0 0.875
vt 0 1
vt 0.125 1
vt 0.125 0.875
vt 0 0.875
vt 0 1
vt 1 1
vt 1 0.5
vt 0 0.5
vt 0.25 1
vt 0.6875000000000001 1
vt 0.6875000000000001 0.5
vt 0.25 0.5
vt 0 1
vt 0 1
vt 0 0.9375
vt 0 0.9375
vn 0.7500000000000002 0.4999999999999999 0.43301270189221913
vn -0.49999999999999983 0 0.8660254037844387
vn -0.7500000000000002 -0.4999999999999999 -0.43301270189221913
vn 0.49999999999999983 0 -0.8660254037844387
vn -0.4330127018922193 0.8660254037844387 -0.24999999999999992
vn 0.4330127018922193 -0.8660254037844387 0.24999999999999992
g Frond
f 124/364/91 127/363/91 125/362/91 122/361/91
f 123/368/92 124/367/92 122/366/92 121/365/92
f 128/372/93 123/371/93 121/370/93 126/369/93
f 127/376/94 128/375/94 126/374/94 125/373/94
f 126/380/95 121/379/95 122/378/95 125/377/95
f 127/384/96 124/383/96 123/382/96 128/381/96
o cube
v -0.12499999999999994 0 0.2165063509461097
v -0.043619105801246616 0.2980365471088209 0.26349163211865245
v -0.12499999999999994 0 0.2165063509461097
v -0.043619105801246616 0.2980365471088209 0.26349163211865245
v 0.17513089419875327 0.2980365471088209 -0.11539448203703961
v 0.09375 0 -0.16237976320958225
v 0.17513089419875327 0.2980365471088209 -0.11539448203703961
v 0.09375 0 -0.16237976320958225
vt 0 0.25
vt 1 0.25
vt 1 0
vt 0 0
vt 0 1
vt 0.125 1
vt 0.125 0.875
vt 0 0.875
vt 0 1
vt 0.125 1
vt 0.125 0.875
vt 0 0.875
vt 0 0.25
vt 1 0.25
vt 1 0
vt 0 0
vt 0.25 0.25
vt 0.6875000000000001 0.25
vt 0.6875000000000001 0
vt 0.25 0
vt 0 1
vt 0 1
vt 0 0.9375
vt 0 0.9375
vn 0.2604188614360108 0.9537169507482268 0.1503528997521365
vn -0.49999999999999994 0 0.8660254037844388
vn -0.2604188614360108 -0.9537169507482268 -0.1503528997521365
vn 0.49999999999999994 0 -0.8660254037844388
vn -0.8259431073677969 0.30070579950427334 -0.4768584753741132
vn 0.8259431073677969 -0.30070579950427334 0.4768584753741132
g Frond
f 132/388/97 135/387/97 133/386/97 130/385/97
f 131/392/98 132/391/98 130/390/98 129/389/98
f 136/396/99 131/395/99 129/394/99 134/393/99
f 135/400/100 136/399/100 134/398/100 133/397/100
f 134/404/101 129/403/101 130/402/101 133/401/101
f 135/408/102 132/407/102 131/406/102 136/405/102
o cube
v -0.04357764242948603 0.29799637288321545 0.2635155710074999
v 0.09558995737711884 0.48950748366296004 0.34386402221831736
v -0.04357764242948603 0.29799637288321545 0.2635155710074999
v 0.09558995737711884 0.48950748366296004 0.34386402221831736
v 0.31433995737711884 0.48950748366295993 -0.03502209193737471
v 0.17517235757051386 0.29799637288321545 -0.11537054314819212
v 0.31433995737711884 0.48950748366295993 -0.03502209193737471
v 0.17517235757051386 0.29799637288321545 -0.11537054314819212
vt 0 0.5
vt 1 0.5
vt 1 0.25
vt 0 0.25
vt 0 1
vt 0.125 1
vt 0.125 0.875
vt 0 0.875
vt 0 1
vt 0.125 1
vt 0.125 0.875
vt 0 0.875
vt 0 0.5
vt 1 0.5
vt 1 0.25
vt 0 0.25
vt 0.25 0.5
vt 0.6875000000000001 0.5
vt 0.6875000000000001 0.25
vt 0.25 0.25
vt 0 1
vt 0 1
vt 0 0.9375
vt 0 0.9375
vn 0.5566703992264195 0.7660444431189782 0.32139380484326946
vn -0.4999999999999999 0 0.8660254037844387
vn -0.5566703992264195 -0.7660444431189782 -0.32139380484326946
vn 0.4999999999999999 0 -0.8660254037844387
vn -0.6634139481689385 0.6427876096865394 -0.3830222215594889
vn 0.6634139481689385 -0.6427876096865394 0.3830222215594889
g Frond
f 140/412/103 143/411/103 141/410/103 138/409/103
f 139/416/104 140/415/104 138/414/104 137/413/104
f 144/420/105 139/419/105 137/418/105 142/417/105
f 143/424/106 144/423/106 142/422/106 141/421/106
f 142/428/107 137/427/107 138/426/107 141/425/107
f 143/432/108 140/431/108 139/430/108 144/429/108
o cube
v -0.2916956866406941 0.43782905700103003 0.3003243175801412
v -0.3453570302368979 0.5874628697060102 0.7079226888953627
v -0.2916956866406941 0.43782905700103003 0.3003243175801412
v -0.3453570302368979 0.5874628697060102 0.7079226888953627
v 0.08840009661414427 0.58746286970601 0.7650278979916354
v 0.14206144021034806 0.4378290570010299 0.3574295266764138
v 0.08840009661414427 0.58746286970601 0.7650278979916354
v 0.14206144021034806 0.4378290570010299 0.3574295266764138
vt 0 1
vt 1 1
vt 1 0.5
vt 0 0.5
vt 0 1
vt 0.125 1
vt 0.125 0.875
vt 0 0.875
vt 0 1
vt 0.125 1
vt 0.125 0.875
vt 0 0.875
vt 0 1
vt 1 1
vt 1 0.5
vt 0 0.5
vt 0.25 1
vt 0.6875000000000001 1
vt 0.6875000000000001 0.5
vt 0.25 0.5
vt 0 1
vt 0 1
vt 0 0.9375
vt 0 0.9375
vn -0.12265449964846573 0.3420201433256689 0.9316534201490776
vn -0.9914448613738104 0 -0.13052619222005185
vn 0.12265449964846573 -0.3420201433256689 -0.9316534201490776
vn 0.9914448613738104 0 0.13052619222005185
vn 0.044642586970856026 0.9396926207859084 -0.3390941135865684
vn -0.044642586970856026 -0.9396926207859084 0.3390941135865684
g Frond
f 148/436/109 151/435/109 149/434/109 146/433/109
f 147/440/110 148/439/110 146/438/110 145/437/110
f 152/444/111 147/443/111 145/442/111 150/441/111
f 151/448/112 152/447/112 150/446/112 149/445/112
f 150/452/113 145/451/113 146/450/113 149/449/113
f 151/456/114 148/455/114 147/454/114 152/453/114
o cube
v -0.24786121534345268 0 -0.03263154805501295
v -0.2666956804210959 0.27719088536819436 0.1104304175194738
v -0.24786121534345268 0 -0.03263154805501295
v -0.2666956804210959 0.27719088536819436 0.1104304175194738
v 0.16706144642994625 0.27719088536819425 0.1675356266157465
v 0.18589591150758955 0 0.024473661041259698
v 0.16706144642994625 0.27719088536819425 0.1675356266157465
v 0.18589591150758955 0 0.024473661041259698
vt 0 0.25
vt 1 0.25
vt 1 0
vt 0 0
vt 0 1
vt 0.125 1
vt 0.125 0.875
vt 0 0.875
vt 0 1
vt 0.125 1
vt 0.125 0.875
vt 0 0.875
vt 0 0.25
vt 1 0.25
vt 1 0
vt 0 0
vt 0.25 0.25
vt 0.6875000000000001 0.25
vt 0.6875000000000001 0
vt 0.25 0
vt 0 1
vt 0 1
vt 0 0.9375
vt 0 0.9375
vn -0.06027028824845831 0.8870108331782218 0.4577982898383574
vn -0.9914448613738105 0 -0.13052619222005182
vn 0.06027028824845831 -0.8870108331782218 -0.4577982898383574
vn 0.9914448613738105 0 0.13052619222005182
vn 0.11577814651268895 0.46174861323503413 -0.8794223325374501
vn -0.11577814651268895 -0.46174861323503413 0.8794223325374501
g Frond
f 156/460/115 159/459/115 157/458/115 154/457/115
f 155/464/116 156/463/116 154/462/116 153/461/116
f 160/468/117 155/467/117 153/466/117 158/465/117
f 159/472/118 160/471/118 158/470/118 157/469/118
f 158/476/119 153/475/119 154/474/119 157/473/119
f 159/480/120 156/479/120 155/478/120 160/477/120
o cube
v -0.2667009242097896 0.27714300759049926 0.11047024804900984
v -0.29169814026770213 0.4378399100121342 0.3003429547275782
v -0.2667009242097896 0.27714300759049926 0.11047024804900984
v -0.29169814026770213 0.4378399100121342 0.3003429547275782
v 0.14205898658334004 0.43783991001213407 0.3574481638238509
v 0.16705620264125265 0.27714300759049926 0.16757545714528255
v 0.14205898658334004 0.43783991001213407 0.3574481638238509
v 0.16705620264125265 0.27714300759049926 0.16757545714528255
vt 0 0.5
vt 1 0.5
vt 1 0.25
vt 0 0.25
vt 0 1
vt 0.125 1
vt 0.125 0.875
vt 0 0.875
vt 0 1
vt 0.125 1
vt 0.125 0.875
vt 0 0.875
vt 0 0.5
vt 1 0.5
vt 1 0.25
vt 0 0.25
vt 0.25 0.5
vt 0.6875000000000001 0.5
vt 0.6875000000000001 0.25
vt 0.25 0.25
vt 0 1
vt 0 1
vt 0 0.9375
vt 0 0.9375
vn -0.09998886423165021 0.6427876096865396 0.7594908267142729
vn -0.9914448613738105 0 -0.13052619222005188
vn 0.09998886423165021 -0.6427876096865396 -0.7594908267142729
vn 0.9914448613738105 0 0.13052619222005188
vn 0.08390061909861297 0.766044443118978 -0.6372884725784739
vn -0.08390061909861297 -0.766044443118978 0.6372884725784739
g Frond
f 164/484/121 167/483/121 165/482/121 162/481/121
f 163/488/122 164/487/122 162/486/122 161/485/122
f 168/492/123 163/491/123 161/490/123 166/489/123
f 167/496/124 168/495/124 166/494/124 165/493/124
f 166/500/125 161/499/125 162/498/125 165/497/125
f 167/504/126 164/503/126 163/502/126 168/501/126
o cube
v -0.05524976982574403 0.4227636886253955 -0.4303413517235203
v -0.33714057165936784 0.5543224759085148 -0.7379711801377875
v -0.05524976982574403 0.4227636886253955 -0.4303413517235203
v -0.33714057165936784 0.5543224759085148 -0.7379711801377875
v -0.6596994065137971 0.5543224759085148 -0.4424004643059363
v -0.3778086046801733 0.4227636886253955 -0.13477063589166904
v -0.6596994065137971 0.5543224759085148 -0.4424004643059363
v -0.3778086046801733 0.4227636886253955 -0.13477063589166904
vt 0 1
vt 1 1
vt 1 0.5
vt 0 0.5
vt 0 1
vt 0.125 1
vt 0.125 0.875
vt 0 0.875
vt 0 1
vt 0.125 1
vt 0.125 0.875
vt 0 0.875
vt 0 1
vt 1 1
vt 1 0.5
vt 0 0.5
vt 0.25 1
vt 0.6875000000000001 1
vt 0.6875000000000001 0.5
vt 0.25 0.5
vt 0 1
vt 0 1
vt 0 0.9375
vt 0 0.9375
vn -0.6443218327625688 0.3007057995042731 -0.7031538935183251
vn 0.7372773368101244 0 -0.6755902076156599
vn 0.6443218327625688 -0.3007057995042731 0.7031538935183251
vn -0.7372773368101244 0 0.6755902076156599
vn 0.20315389351832486 0.953716950748227 0.22170357102186966
vn -0.20315389351832486 -0.953716950748227 -0.22170357102186966
g Frond
f 172/508/127 175/507/127 173/506/127 170/505/127
f 171/512/128 172/511/128 170/510/128 169/509/128
f 176/516/129 171/515/129 169/514/129 174/513/129
f 175/520/130 176/519/130 174/518/130 173/517/130
f 174/524/131 169/523/131 170/522/131 173/521/131
f 175/528/132 172/527/132 171/526/132 176/525/132
o cube
v 0.1843193342025311 0 -0.16889755190391498
v 0.0787583642625842 0.27063293868263705 -0.28409713578049695
v 0.1843193342025311 0 -0.16889755190391498
v 0.0787583642625842 0.27063293868263705 -0.28409713578049695
v -0.24380047059184523 0.27063293868263705 0.011473580051354348
v -0.13823950065189827 0 0.12667316392793626
v -0.24380047059184523 0.27063293868263705 0.011473580051354348
v -0.13823950065189827 0 0.12667316392793626
vt 0 0.25
vt 1 0.25
vt 1 0
vt 0 0
vt 0 1
vt 0.125 1
vt 0.125 0.875
vt 0 0.875
vt 0 1
vt 0.125 1
vt 0.125 0.875
vt 0 0.875
vt 0 0.25
vt 1 0.25
vt 1 0
vt 0 0
vt 0.25 0.25
vt 0.6875000000000001 0.25
vt 0.6875000000000001 0
vt 0.25 0
vt 0 1
vt 0 1
vt 0 0.9375
vt 0 0.9375
vn -0.3377951038078302 0.8660254037844386 -0.36863866840506215
vn 0.7372773368101243 0 -0.6755902076156601
vn 0.3377951038078302 -0.8660254037844386 0.36863866840506215
vn -0.7372773368101243 0 0.6755902076156601
vn 0.5850782823431647 0.5000000000000002 0.6385009033121034
vn -0.5850782823431647 -0.5000000000000002 -0.6385009033121034
g Frond
f 180/532/133 183/531/133 181/530/133 178/529/133
f 179/536/134 180/535/134 178/534/134 177/533/134
f 184/540/135 179/539/135 177/538/135 182/537/135
f 183/544/136 184/543/136 182/542/136 181/541/136
f 182/548/137 177/547/137 178/546/137 181/545/137
f 183/552/138 180/551/138 179/550/138 184/549/138
o cube
v 0.07873265968382093 0.2705833540988688 -0.2841251874058177
v -0.05526277728616236 0.422773711351049 -0.43035554687565225
v 0.07873265968382093 0.2705833540988688 -0.2841251874058177
v -0.05526277728616236 0.422773711351049 -0.43035554687565225
v -0.37782161214059173 0.422773711351049 -0.134784831043801
v -0.24382617517060845 0.2705833540988688 0.011445528426033524
v -0.37782161214059173 0.422773711351049 -0.134784831043801
v -0.24382617517060845 0.2705833540988688 0.011445528426033524
vt 0 0.5
vt 1 0.5
vt 1 0.25
vt 0 0.25
vt 0 1
vt 0.125 1
vt 0.125 0.875
vt 0 0.875
vt 0 1
vt 0.125 1
vt 0.125 0.875
vt 0 0.875
vt 0 0.5
vt 1 0.5
vt 1 0.25
vt 0 0.25
vt 0.25 0.5
vt 0.6875000000000001 0.5
vt 0.6875000000000001 0.25
vt 0.25 0.25
vt 0 1
vt 0 1
vt 0 0.9375
vt 0 0.9375
vn -0.535981747879933 0.6087614290087208 -0.5849214378793381
vn 0.7372773368101243 0 -0.6755902076156599
vn 0.535981747879933 -0.6087614290087208 0.5849214378793381
vn -0.7372773368101243 0 0.6755902076156599
vn 0.4112732602124074 0.7933533402912352 0.4488260051322751
vn -0.4112732602124074 -0.7933533402912352 -0.4488260051322751
g Frond
f 188/556/139 191/555/139 189/554/139 186/553/139
f 187/560/140 188/559/140 186/558/140 185/557/140
f 192/564/141 187/563/141 185/562/141 190/561/141
f 191/568/142 192/567/142 190/566/142 189/565/142
f 190/572/143 185/571/143 186/570/143 189/569/143
f 191/576/144 188/575/144 187/574/144 192/573/144
o cube
v 0.4142436080810956 0.4378290570010299 -0.06069021748782166
v 0.7049461812511408 0.58746286970601 -0.3513927906578668
v 0.4142436080810956 0.4378290570010299 -0.06069021748782166
v 0.7049461812511408 0.58746286970601 -0.3513927906578668
v 0.39558696448202646 0.58746286970601 -0.6607520074269815
v 0.10488439131198124 0.4378290570010299 -0.3700494342569363
v 0.39558696448202646 0.58746286970601 -0.6607520074269815
v 0.10488439131198124 0.4378290570010299 -0.3700494342569363
vt 0 1
vt 1 1
vt 1 0.5
vt 0 0.5
vt 0 1
vt 0.125 1
vt 0.125 0.875
vt 0 0.875
vt 0 1
vt 0.125 1
vt 0.125 0.875
vt 0 0.875
vt 0 1
vt 1 1
vt 1 0.5
vt 0 0.5
vt 0.25 1
vt 0.6875000000000001 1
vt 0.6875000000000001 0.5
vt 0.25 0.5
vt 0 1
vt 0 1
vt 0 0.9375
vt 0 0.9375
vn 0.6644630243886749 0.34202014332566877 -0.6644630243886747
vn 0.7071067811865475 0 0.7071067811865477
vn -0.6644630243886749 -0.34202014332566877 0.6644630243886747
vn -0.7071067811865475 0 -0.7071067811865477
vn -0.2418447626479753 0.9396926207859084 0.2418447626479753
vn 0.2418447626479753 -0.9396926207859084 -0.2418447626479753
g Frond
f 196/580/145 199/579/145 197/578/145 194/577/145
f 195/584/146 196/583/146 194/582/146 193/581/146
f 200/588/147 195/587/147 193/586/147 198/585/147
f 199/592/148 200/591/148 198/590/148 197/589/148
f 198/596/149 193/595/149 194/594/149 197/593/149
f 199/600/150 196/599/150 195/598/150 200/597/150
o cube
v 0.17677669529663687 0 0.17677669529663698
v 0.27880968767850467 0.27719088536819425 0.07474370291476917
v 0.17677669529663687 0 0.17677669529663698
v 0.27880968767850467 0.27719088536819425 0.07474370291476917
v -0.030549529090609817 0.27719088536819425 -0.23461551385434548
v -0.13258252147247762 0 -0.13258252147247768
v -0.030549529090609817 0.27719088536819425 -0.23461551385434548
v -0.13258252147247762 0 -0.13258252147247768
vt 0 0.25
vt 1 0.25
vt 1 0
vt 0 0
vt 0 1
vt 0.125 1
vt 0.125 0.875
vt 0 0.875
vt 0 1
vt 0.125 1
vt 0.125 0.875
vt 0 0.875
vt 0 0.25
vt 1 0.25
vt 1 0
vt 0 0
vt 0.25 0.25
vt 0.6875000000000001 0.25
vt 0.6875000000000001 0
vt 0.25 0
vt 0 1
vt 0 1
vt 0 0.9375
vt 0 0.9375
vn 0.326505575621977 0.8870108331782217 -0.3265055756219769
vn 0.7071067811865475 0 0.7071067811865477
vn -0.326505575621977 -0.8870108331782217 0.3265055756219769
vn -0.7071067811865475 0 -0.7071067811865477
vn -0.6272113751262501 0.461748613235034 0.6272113751262499
vn 0.6272113751262501 -0.461748613235034 -0.6272113751262499
g Frond
f 204/604/151 207/603/151 205/602/151 202/601/151
f 203/608/152 204/607/152 202/606/152 201/605/152
f 208/612/153 203/611/153 201/610/153 206/609/153
f 207/616/154 208/615/154 206/614/154 205/613/154
f 206/620/155 201/619/155 202/618/155 205/617/155
f 207/624/156 204/623/156 203/622/156 208/621/156
o cube
v 0.2788380951458592 0.27714300759049926 0.07471529544741462
v 0.41425690025078465 0.43783991001213407 -0.06070350965751081
v 0.2788380951458592 0.27714300759049926 0.07471529544741462
v 0.41425690025078465 0.43783991001213407 -0.06070350965751081
v 0.10489768348167017 0.43783991001213407 -0.3700627264266254
v -0.03052112162325532 0.27714300759049926 -0.23464392132169998
v 0.10489768348167017 0.43783991001213407 -0.3700627264266254
v -0.03052112162325532 0.27714300759049926 -0.23464392132169998
vt 0 0.5
vt 1 0.5
vt 1 0.25
vt 0 0.25
vt 0 1
vt 0.125 1
vt 0.125 0.875
vt 0 0.875
vt 0 1
vt 0.125 1
vt 0.125 0.875
vt 0 0.875
vt 0 0.5
vt 1 0.5
vt 1 0.25
vt 0 0.25
vt 0.25 0.5
vt 0.6875000000000001 0.5
vt 0.6875000000000001 0.25
vt 0.25 0.25
vt 0 1
vt 0 1
vt 0 0.9375
vt 0 0.9375
vn 0.5416752204197018 0.6427876096865395 -0.5416752204197017
vn 0.7071067811865474 0 0.7071067811865477
vn -0.5416752204197018 -0.6427876096865395 0.5416752204197017
vn -0.7071067811865474 0 -0.7071067811865477
vn -0.4545194776720438 0.7660444431189781 0.45451947767204365
vn 0.4545194776720438 -0.7660444431189781 -0.45451947767204365
g Frond
f 212/628/157 215/627/157 213/626/157 210/625/157
f 211/632/158 212/631/158 210/630/158 209/629/158
f 216/636/159 211/635/159 209/634/159 214/633/159
f 215/640/160 216/639/160 214/638/160 213/637/160
f 214/644/161 209/643/161 210/642/161 213/641/161
f 215/648/162 212/647/162 211/646/162 216/645/162
o cube
v 0.18429665925899152 0.5416984388747719 0.1989293723807144
v 0.5094141886800905 0.8284897146878105 0.14014496815093258
v 0.18429665925899152 0.5416984388747719 0.1989293723807144
v 0.5094141886800905 0.8284897146878105 0.14014496815093258
v 0.4515923424531305 0.8052772533434571 -0.29289552156941984
v 0.12647481303203145 0.5184859775304185 -0.23411111733963802
v 0.4515923424531305 0.8052772533434571 -0.29289552156941984
v 0.12647481303203145 0.5184859775304185 -0.23411111733963802
vt 0 1
vt 1 1
vt 1 0.5
vt 0 0.5
vt 0 1
vt 0.125 1
vt 0.125 0.875
vt 0 0.875
vt 0 1
vt 0.125 1
vt 0.125 0.875
vt 0 0.875
vt 0 1
vt 1 1
vt 1 0.5
vt 0 0.5
vt 0.25 1
vt 0.6875000000000001 1
vt 0.6875000000000001 0.5
vt 0.25 0.5
vt 0 1
vt 0 1
vt 0 0.9375
vt 0 0.9375
vn 0.7431257815339407 0.6555229161440883 -0.13436435252521564
vn 0.1321642199473372 0.05305705450137918 0.9898068336465199
vn -0.7431257815339407 -0.6555229161440883 0.13436435252521564
vn -0.1321642199473372 -0.05305705450137918 -0.9898068336465199
vn -0.6559700387862862 0.7533091366614294 0.04720860977756091
vn 0.6559700387862862 -0.7533091366614294 -0.04720860977756091
g Frond
f 220/652/163 223/651/163 221/650/163 218/649/163
f 219/656/164 220/655/164 218/654/164 217/653/164
f 224/660/165 219/659/165 217/658/165 222/657/165
f 223/664/166 224/663/166 222/662/166 221/661/166
f 222/668/167 217/667/167 218/666/167 221/665/167
f 223/672/168 220/671/168 219/670/168 224/669/168
o cube
v 0.033041054986834295 0.01326426362534483 0.24745170841163
v 0.06576694949652373 0.3233362842092786 0.22646104668939915
v 0.033041054986834295 0.01326426362534483 0.24745170841163
v 0.06576694949652373 0.3233362842092786 0.22646104668939915
v 0.007945103269563658 0.3001238228649252 -0.20657944303095332
v -0.02478079124012572 -0.009948197719008567 -0.18558878130872247
v 0.007945103269563658 0.3001238228649252 -0.20657944303095332
v -0.02478079124012572 -0.009948197719008567 -0.18558878130872247
vt 0 0.25
vt 1 0.25
vt 1 0
vt 0 0
vt 0 1
vt 0.125 1
vt 0.125 0.875
vt 0 0.875
vt 0 1
vt 0.125 1
vt 0.125 0.875
vt 0 0.875
vt 0 0.25
vt 1 0.25
vt 1 0
vt 0 0
vt 0.25 0.25
vt 0.6875000000000001 0.25
vt 0.6875000000000001 0
vt 0.25 0
vt 0 1
vt 0 1
vt 0 0.9375
vt 0 0.9375
vn 0.10472286243100615 0.9922304658685885 -0.0671701175111386
vn 0.1321642199473372 0.05305705450137916 0.98980683364652
vn -0.10472286243100615 -0.9922304658685885 0.0671701175111386
vn -0.1321642199473372 -0.05305705450137916 -0.98980683364652
vn -0.9856803442546517 0.11253289105786486 0.12558107890996267
vn 0.9856803442546517 -0.11253289105786486 -0.12558107890996267
g Frond
f 228/676/169 231/675/169 229/674/169 226/673/169
f 227/680/170 228/679/170 226/678/170 225/677/170
f 232/684/171 227/683/171 225/682/171 230/681/171
f 231/688/172 232/687/172 230/686/172 229/685/172
f 230/692/173 225/691/173 226/690/173 229/689/173
f 231/696/174 228/695/174 227/694/174 232/693/174
o cube
v 0.06582136038347453 0.32330605439708127 0.22645540188331448
v 0.18431007201851823 0.5417152908836156 0.1989266781127409
v 0.06582136038347453 0.32330605439708127 0.22645540188331448
v 0.18431007201851823 0.5417152908836156 0.1989266781127409
v 0.12648822579155827 0.5185028295392624 -0.23411381160761158
v 0.007999514156514564 0.30009359305272787 -0.20658508783703794
v 0.12648822579155827 0.5185028295392624 -0.23411381160761158
v 0.007999514156514564 0.30009359305272787 -0.20658508783703794
vt 0 0.5
vt 1 0.5
vt 1 0.25
vt 0 0.25
vt 0 1
vt 0.125 1
vt 0.125 0.875
vt 0 0.875
vt 0 1
vt 0.125 1
vt 0.125 0.875
vt 0 0.875
vt 0 0.5
vt 1 0.5
vt 1 0.25
vt 0 0.25
vt 0.25 0.5
vt 0.6875000000000001 0.5
vt 0.6875000000000001 0.25
vt 0.25 0.25
vt 0 1
vt 0 1
vt 0 0.9375
vt 0 0.9375
vn 0.473954846540175 0.8736369459461376 -0.11011489508229463
vn 0.1321642199473372 0.05305705450137915 0.98980683364652
vn -0.473954846540175 -0.8736369459461376 0.11011489508229463
vn -0.1321642199473372 -0.05305705450137915 -0.98980683364652
vn -0.8705741912133574 0.48367699515848717 0.0903168973540704
vn 0.8705741912133574 -0.48367699515848717 -0.0903168973540704
g Frond
f 236/700/175 239/699/175 237/698/175 234/697/175
f 235/704/176 236/703/176 234/702/176 233/701/176
f 240/708/177 235/707/177 233/706/177 238/705/177
f 239/712/178 240/711/178 238/710/178 237/709/178
f 238/716/179 233/715/179 234/714/179 237/713/179
f 239/720/180 236/719/180 235/718/180 240/717/180
o cube
