# Made in Blockbench 4.9.3

o cube
v 0.1875 0.25067164123119035 0.22047903808793912
v 0.1875 0.0027487223901793145 0.030241091522713925
v 0.1875 0.25067164123119035 0.22047903808793912
v 0.1875 0.0027487223901793145 0.030241091522713925
v -0.1875 0.0027487223901793145 0.030241091522713925
v -0.1875 0.25067164123119035 0.22047903808793912
v -0.1875 0.0027487223901793145 0.030241091522713925
v -0.1875 0.25067164123119035 0.22047903808793912
vt 0 1
vt 0.1875 1
vt 0.1875 1
vt 0 1
vt 0 1
vt 0.15625 1
vt 0.15625 1
vt 0 1
vt 0 1
vt 0.1875 1
vt 0.1875 1
vt 0 1
vt 0 1
vt 0.15625 1
vt 0.15625 1
vt 0 1
vt 0 1
vt 0 1
vt 0 1
vt 0 1
vt 0.0625 0.28125
vt 0.40625 0.28125
vt 0.40625 0
vt 0.0625 0
vn 0 -0.7933533402912352 -0.6087614290087207
vn 1 0 0
vn 0 0.7933533402912352 0.6087614290087207
vn -1 0 0
vn 0 0.6087614290087207 -0.7933533402912352
vn 0 -0.6087614290087207 0.7933533402912352
g Frond
f 4/4/1 7/3/1 5/2/1 2/1/1
f 3/8/2 4/7/2 2/6/2 1/5/2
f 8/12/3 3/11/3 1/10/3 6/9/3
f 7/16/4 8/15/4 6/14/4 5/13/4
f 6/20/5 1/19/5 2/18/5 5/17/5
f 7/24/6 4/23/6 3/22/6 8/21/6
o cube
v 0.1875 0.4515329390693851 0.45985851620400997
v 0.1875 0.25066181104234153 0.22046962772932932
v 0.1875 0.4515329390693851 0.45985851620400997
v 0.1875 0.25066181104234153 0.22046962772932932
v -0.1875 0.25066181104234153 0.22046962772932932
v -0.1875 0.4515329390693851 0.45985851620400997
v -0.1875 0.25066181104234153 0.22046962772932932
v -0.1875 0.4515329390693851 0.45985851620400997
vt 0 1
vt 0.1875 1
vt 0.1875 1
vt 0 1
vt 0 1
vt 0.15625 1
vt 0.15625 1
vt 0 1
vt 0 1
vt 0.1875 1
vt 0.1875 1
vt 0 1
vt 0 1
vt 0.15625 1
vt 0.15625 1
vt 0 1
vt 0 1
vt 0 1
vt 0 1
vt 0 1
vt 0.0625 0.5625
vt 0.40625 0.5625
vt 0.40625 0.28125
vt 0.0625 0.28125
vn 0 -0.6427876096865394 -0.766044443118978
vn 1 0 0
vn 0 0.6427876096865394 0.766044443118978
vn -1 0 0
vn 0 0.766044443118978 -0.6427876096865394
vn 0 -0.766044443118978 0.6427876096865394
g Frond
f 12/28/7 15/27/7 13/26/7 10/25/7
f 11/32/8 12/31/8 10/30/8 9/29/8
f 16/36/9 11/35/9 9/34/9 14/33/9
f 15/40/10 16/39/10 14/38/10 13/37/10
f 14/44/11 9/43/11 10/42/11 13/41/11
f 15/48/12 12/47/12 11/46/12 16/45/12
o cube
v 0.1875 0.5687978262944231 0.8975196582048177
v 0.1875 0.45152044648234346 0.4598345181675837
v 0.1875 0.5687978262944231 0.8975196582048177
v 0.1875 0.45152044648234346 0.4598345181675837
v -0.1875 0.45152044648234346 0.4598345181675837
v -0.1875 0.5687978262944231 0.8975196582048177
v -0.1875 0.45152044648234346 0.4598345181675837
v -0.1875 0.5687978262944231 0.8975196582048177
vt 0 1
vt 0.1875 1
vt 0.1875 1
vt 0 1
vt 0 1
vt 0.15625 1
vt 0.15625 1
vt 0 1
vt 0 1
vt 0.1875 1
vt 0.1875 1
vt 0 1
vt 0 1
vt 0.15625 1
vt 0.15625 1
vt 0 1
vt 0 1
vt 0.0625 1
vt 0.0625 0.90625
vt 0 0.90625
vt 0.0625 1
vt 0.40625 1
vt 0.40625 0.5625
vt 0.0625 0.5625
vn 0 -0.25881904510252074 -0.9659258262890683
vn 1 0 0
vn 0 0.25881904510252074 0.9659258262890683
vn -1 0 0
vn 0 0.9659258262890683 -0.25881904510252074
vn 0 -0.9659258262890683 0.25881904510252074
g Frond
f 20/52/13 23/51/13 21/50/13 18/49/13
f 19/56/14 20/55/14 18/54/14 17/53/14
f 24/60/15 19/59/15 17/58/15 22/57/15
f 23/64/16 24/63/16 22/62/16 21/61/16
f 22/68/17 17/67/17 18/66/17 21/65/17
f 23/72/18 20/71/18 19/70/18 24/69/18
o cube
v -0.2903442376470316 0.5699227437711698 -0.3392832675038678
v -0.22608934441872525 0.30636291695464446 -0.18415823282325272
v -0.2903442376470316 0.5699227437711698 -0.3392832675038678
v -0.22608934441872525 0.30636291695464446 -0.18415823282325272
v 0.12036548027300786 0.3063629169546441 -0.32766451996015966
v 0.05611058704470151 0.5699227437711696 -0.4827895546407747
v 0.12036548027300786 0.3063629169546441 -0.32766451996015966
v 0.05611058704470151 0.5699227437711696 -0.4827895546407747
vt 0 1
vt 0.1875 1
vt 0.1875 1
vt 0 1
vt 0 1
vt 0.15625 1
vt 0.15625 1
vt 0 1
vt 0 1
vt 0.1875 1
vt 0.1875 1
vt 0 1
vt 0 1
vt 0.15625 1
vt 0.15625 1
vt 0 1
vt 0 1
vt 0 1
vt 0 1
vt 0 1
vt 0.0625 0.5625
vt 0.40625 0.5625
vt 0.40625 0.28125
vt 0.0625 0.28125
vn 0.20561565833058054 -0.8433914458128815 0.4964001109779687
vn -0.9238795325112887 0 0.3826834323650853
vn -0.20561565833058054 0.8433914458128815 -0.4964001109779687
vn 0.9238795325112887 0 -0.3826834323650853
vn 0.32275193331102586 0.5372996083468303 0.7791920946816248
vn -0.32275193331102586 -0.5372996083468303 -0.7791920946816248
g Colorful_Frond
f 28/76/19 31/75/19 29/74/19 26/73/19
f 27/80/20 28/79/20 26/78/20 25/77/20
f 32/84/21 27/83/21 25/82/21 30/81/21
f 31/88/22 32/87/22 30/86/22 29/85/22
f 30/92/23 25/91/23 26/90/23 29/89/23
f 31/96/24 28/95/24 27/94/24 32/93/24
o cube
v -0.22609164772284585 0.30637512192178806 -0.18416379349129902
v -0.18518994697726232 0.01272117792619254 -0.08541835282718352
v -0.22609164772284585 0.30637512192178806 -0.18416379349129902
v -0.18518994697726232 0.01272117792619254 -0.08541835282718352
v 0.16126487771447073 0.012721177926192206 -0.22892463996409046
v 0.12036317696888721 0.3063751219217876 -0.32767008062820596
v 0.16126487771447073 0.012721177926192206 -0.22892463996409046
v 0.12036317696888721 0.3063751219217876 -0.32767008062820596
vt 0 1
vt 0.1875 1
vt 0.1875 1
vt 0 1
vt 0 1
vt 0.15625 1
vt 0.15625 1
vt 0 1
vt 0 1
vt 0.1875 1
vt 0.1875 1
vt 0 1
vt 0 1
vt 0.15625 1
vt 0.15625 1
vt 0 1
vt 0 1
vt 0 1
vt 0 1
vt 0 1
vt 0.0625 0.28125
vt 0.40625 0.28125
vt 0.40625 0
vt 0.0625 0
vn 0.13088544238586747 -0.9396926207859055 0.3159854101251701
vn -0.9238795325112885 0 0.3826834323650853
vn -0.13088544238586747 0.9396926207859055 -0.3159854101251701
vn 0.9238795325112885 0 -0.3826834323650853
vn 0.3596047974904933 0.3420201433256759 0.8681627791959902
vn -0.3596047974904933 -0.3420201433256759 -0.8681627791959902
g Colorful_Frond
f 36/100/25 39/99/25 37/98/25 34/97/25
f 35/104/26 36/103/26 34/102/26 33/101/26
f 40/108/27 35/107/27 33/106/27 38/105/27
f 39/112/28 40/111/28 38/110/28 37/109/28
f 38/116/29 33/115/29 34/114/29 37/113/29
f 39/120/30 36/119/30 35/118/30 40/117/30
o cube
v -0.4365838864110573 0.8133674980625709 -0.6923370109066614
v -0.2903369166294977 0.5699036130304196 -0.3392655930040469
v -0.4365838864110573 0.8133674980625709 -0.6923370109066614
v -0.2903369166294977 0.5699036130304196 -0.3392655930040469
v 0.05611790806223549 0.5699036130304191 -0.48277188014095385
v -0.09012906171932411 0.8133674980625705 -0.8358432980435685
v 0.05611790806223549 0.5699036130304191 -0.48277188014095385
v -0.09012906171932411 0.8133674980625705 -0.8358432980435685
vt 0 1
vt 0.1875 1
vt 0.1875 1
vt 0 1
vt 0 1
vt 0.15625 1
vt 0.15625 1
vt 0 1
vt 0 1
vt 0.1875 1
vt 0.1875 1
vt 0 1
vt 0 1
vt 0.15625 1
vt 0.15625 1
vt 0 1
vt 0 1
vt 0.0625 1
vt 0.0625 0.90625
vt 0 0.90625
vt 0.0625 1
vt 0.40625 1
vt 0.40625 0.5625
vt 0.0625 0.5625
vn 0.32275193331102814 -0.5372996083468172 0.7791920946816329
vn -0.9238795325112886 0 0.3826834323650854
vn -0.32275193331102814 0.5372996083468172 -0.7791920946816329
vn 0.9238795325112886 0 -0.3826834323650854
vn 0.20561565833057674 0.84339144581289 0.49640011097795567
vn -0.20561565833057674 -0.84339144581289 -0.49640011097795567
g Colorful_Frond
f 44/124/31 47/123/31 45/122/31 42/121/31
f 43/128/32 44/127/32 42/126/32 41/125/32
f 48/132/33 43/131/33 41/130/33 46/129/33
f 47/136/34 48/135/34 46/134/34 45/133/34
f 46/140/35 41/139/35 42/138/35 45/137/35
f 47/144/36 44/143/36 43/142/36 48/141/36
o cube
v 0.24057654387285654 0.5560313165904285 -0.15155534969084405
v 0.08940483764213525 0.30004630275011757 -0.0552483513757257
v 0.24057654387285654 0.5560313165904285 -0.15155534969084405
v 0.08940483764213525 0.30004630275011757 -0.0552483513757257
v 0.2908921907721933 0.30004630275011723 0.2610234408041069
v 0.4420638970029145 0.5560313165904285 0.16471644248898853
v 0.2908921907721933 0.30004630275011723 0.2610234408041069
v 0.4420638970029145 0.5560313165904285 0.16471644248898853
vt 0 1
vt 0.1875 1
vt 0.1875 1
vt 0 1
vt 0 1
vt 0.15625 1
vt 0.15625 1
vt 0 1
vt 0 1
vt 0.1875 1
vt 0.1875 1
vt 0 1
vt 0 1
vt 0.15625 1
vt 0.15625 1
vt 0 1
vt 0 1
vt 0 1
vt 0 1
vt 0 1
vt 0.0625 0.5625
vt 0.40625 0.5625
vt 0.40625 0.28125
vt 0.0625 0.28125
vn -0.48374945993830804 -0.8191520442889956 0.3081823946083792
vn -0.5372996083468216 0 -0.8433914458128872
vn 0.48374945993830804 0.8191520442889956 -0.3081823946083792
vn 0.5372996083468216 0 0.8433914458128872
vn -0.6908658269734781 0.5735764363510406 0.440130072572976
vn 0.6908658269734781 -0.5735764363510406 -0.440130072572976
g Frond
f 52/148/37 55/147/37 53/146/37 50/145/37
f 51/152/38 52/151/38 50/150/38 49/149/38
f 56/156/39 51/155/39 49/154/39 54/153/39
f 55/160/40 56/159/40 54/158/40 53/157/40
f 54/164/41 49/163/41 50/162/41 53/161/41
f 55/168/42 52/167/42 51/166/42 56/165/42
o cube
v 0.08941035803412922 0.3000582335634334 -0.055251868253293035
v -0.011449621125566467 0.011345879653655522 0.00900302497501193
v 0.08941035803412922 0.3000582335634334 -0.055251868253293035
v -0.011449621125566467 0.011345879653655522 0.00900302497501193
v 0.19003773200449148 0.011345879653655189 0.3252748171548445
v 0.2908977111641873 0.3000582335634332 0.2610199239265396
v 0.19003773200449148 0.011345879653655189 0.3252748171548445
v 0.2908977111641873 0.3000582335634332 0.2610199239265396
vt 0 1
vt 0.1875 1
vt 0.1875 1
vt 0 1
vt 0 1
vt 0.15625 1
vt 0.15625 1
vt 0 1
vt 0 1
vt 0.1875 1
vt 0.1875 1
vt 0 1
vt 0 1
vt 0.15625 1
vt 0.15625 1
vt 0 1
vt 0 1
vt 0 1
vt 0 1
vt 0 1
vt 0.0625 0.28125
vt 0.40625 0.28125
vt 0.40625 0
vt 0.0625 0
vn -0.3227519333110266 -0.9238795325112894 0.20561565833057618
vn -0.5372996083468216 0 -0.8433914458128872
vn 0.3227519333110266 0.9238795325112894 -0.20561565833057618
vn 0.5372996083468216 0 0.8433914458128872
vn -0.7791920946816305 0.38268343236508345 0.49640011097796055
vn 0.7791920946816305 -0.38268343236508345 -0.49640011097796055
g Frond
f 60/172/43 63/171/43 61/170/43 58/169/43
f 59/176/44 60/175/44 58/174/44 57/173/44
f 64/180/45 59/179/45 57/178/45 62/177/45
f 63/184/46 64/183/46 62/182/46 61/181/46
f 62/188/47 57/187/47 58/186/47 61/185/47
f 63/192/48 60/191/48 59/190/48 64/189/48
o cube
v 0.5715215036287546 0.7825755385290984 -0.36239054151545796
v 0.24055972074055343 0.556013038529096 -0.15154463217356012
v 0.5715215036287546 0.7825755385290984 -0.36239054151545796
v 0.24055972074055343 0.556013038529096 -0.15154463217356012
v 0.44204707387061126 0.5560130385290956 0.16472716000627252
v 0.7730088567588127 0.7825755385290982 -0.046118749335625375
v 0.44204707387061126 0.5560130385290956 0.16472716000627252
v 0.7730088567588127 0.7825755385290982 -0.046118749335625375
vt 0 1
vt 0.1875 1
vt 0.1875 1
vt 0 1
vt 0 1
vt 0.15625 1
vt 0.15625 1
vt 0 1
vt 0 1
vt 0.1875 1
vt 0.1875 1
vt 0 1
vt 0 1
vt 0.15625 1
vt 0.15625 1
vt 0 1
vt 0 1
vt 0.0625 1
vt 0.0625 0.90625
vt 0 0.90625
vt 0.0625 1
vt 0.40625 1
vt 0.40625 0.5625
vt 0.0625 0.5625
vn -0.7303984174084446 -0.5000000000000059 0.46531511027177475
vn -0.5372996083468216 0 -0.8433914458128873
vn 0.7303984174084446 0.5000000000000059 -0.46531511027177475
vn 0.5372996083468216 0 0.8433914458128873
vn -0.42169572290644813 0.8660254037844354 0.26864980417341444
vn 0.42169572290644813 -0.8660254037844354 -0.26864980417341444
g Frond
f 68/196/49 71/195/49 69/194/49 66/193/49
f 67/200/50 68/199/50 66/198/50 65/197/50
f 72/204/51 67/203/51 65/202/51 70/201/51
f 71/208/52 72/207/52 70/206/52 69/205/52
f 70/212/53 65/211/53 66/210/53 69/209/53
f 71/216/54 68/215/54 67/214/54 72/213/54
o cube
v -0.3680994511491493 0.5410821211612369 0.3799731110459418
v -0.23358090909387463 0.29315920232022585 0.24545456899066698
v -0.3680994511491493 0.5410821211612369 0.3799731110459418
v -0.23358090909387463 0.29315920232022585 0.24545456899066698
v -0.49874595203883 0.29315920232022596 -0.019710473954288266
v -0.6332644940941047 0.5410821211612371 0.11480806810098654
v -0.49874595203883 0.29315920232022596 -0.019710473954288266
v -0.6332644940941047 0.5410821211612371 0.11480806810098654
vt 0 1
vt 0.1875 1
vt 0.1875 1
vt 0 1
vt 0 1
vt 0.15625 1
vt 0.15625 1
vt 0 1
vt 0 1
vt 0.1875 1
vt 0.1875 1
vt 0 1
vt 0 1
vt 0.15625 1
vt 0.15625 1
vt 0 1
vt 0 1
vt 0 1
vt 0 1
vt 0 1
vt 0.0625 0.5625
vt 0.40625 0.5625
vt 0.40625 0.28125
vt 0.0625 0.28125
vn 0.43045933457687907 -0.7933533402912355 -0.4304593345768795
vn 0.7071067811865477 0 0.7071067811865475
vn -0.43045933457687907 0.7933533402912355 0.4304593345768795
vn -0.7071067811865477 0 -0.7071067811865475
vn 0.5609855267969313 0.6087614290087202 -0.5609855267969313
vn -0.5609855267969313 -0.6087614290087202 0.5609855267969313
g Frond
f 76/220/55 79/219/55 77/218/55 74/217/55
f 75/224/56 76/223/56 74/222/56 73/221/56
f 80/228/57 75/227/57 73/226/57 78/225/57
f 79/232/58 80/231/58 78/230/58 77/229/58
f 78/236/59 73/235/59 74/234/59 77/233/59
f 79/240/60 76/239/60 75/238/60 80/237/60
o cube
v -0.23358590102256543 0.29317083626873264 0.24545956091935772
v -0.14019957641940312 0.009949652819779553 0.1520732363161954
v -0.23358590102256543 0.29317083626873264 0.24545956091935772
v -0.14019957641940312 0.009949652819779553 0.1520732363161954
v -0.40536461936435847 0.009949652819779664 -0.1130918066287599
v -0.4987509439675208 0.29317083626873286 -0.019705482025597465
v -0.40536461936435847 0.009949652819779664 -0.1130918066287599
v -0.4987509439675208 0.29317083626873286 -0.019705482025597465
vt 0 1
vt 0.1875 1
vt 0.1875 1
vt 0 1
vt 0 1
vt 0.15625 1
vt 0.15625 1
vt 0 1
vt 0 1
vt 0.1875 1
vt 0.1875 1
vt 0 1
vt 0 1
vt 0.15625 1
vt 0.15625 1
vt 0 1
vt 0 1
vt 0 1
vt 0 1
vt 0 1
vt 0.0625 0.28125
vt 0.40625 0.28125
vt 0.40625 0
vt 0.0625 0
vn 0.2988362387301194 -0.9063077870366503 -0.29883623873011983
vn 0.7071067811865477 0 0.7071067811865475
vn -0.2988362387301194 0.9063077870366503 0.29883623873011983
vn -0.7071067811865477 0 -0.7071067811865475
vn 0.6408563820557887 0.4226182617406991 -0.6408563820557888
vn -0.6408563820557887 -0.4226182617406991 0.6408563820557888
g Frond
f 84/244/61 87/243/61 85/242/61 82/241/61
f 83/248/62 84/247/62 82/246/62 81/245/62
f 88/252/63 83/251/63 81/250/63 86/249/63
f 87/256/64 88/255/64 86/254/64 85/253/64
f 86/260/65 81/259/65 82/258/65 85/257/65
f 87/264/66 84/263/66 83/262/66 88/261/66
o cube
v -0.6522899505055868 0.7502945709447753 0.6641636104023794
v -0.36808479615150497 0.5410647305726504 0.37995845604829737
v -0.6522899505055868 0.7502945709447753 0.6641636104023794
v -0.36808479615150497 0.5410647305726504 0.37995845604829737
v -0.6332498390964603 0.5410647305726504 0.11479341310334212
v -0.9174549934505423 0.7502945709447753 0.3989985674574241
v -0.6332498390964603 0.5410647305726504 0.11479341310334212
v -0.9174549934505423 0.7502945709447753 0.3989985674574241
vt 0 1
vt 0.1875 1
vt 0.1875 1
vt 0 1
vt 0 1
vt 0.15625 1
vt 0.15625 1
vt 0 1
vt 0 1
vt 0.1875 1
vt 0.1875 1
vt 0 1
vt 0 1
vt 0.15625 1
vt 0.15625 1
vt 0 1
vt 0 1
vt 0.0625 1
vt 0.0625 0.90625
vt 0 0.90625
vt 0.0625 1
vt 0.40625 1
vt 0.40625 0.5625
vt 0.0625 0.5625
vn 0.6272113751262497 -0.46174861323503424 -0.6272113751262502
vn 0.7071067811865477 0 0.7071067811865474
vn -0.6272113751262497 0.46174861323503424 0.6272113751262502
vn -0.7071067811865477 0 -0.7071067811865474
vn 0.3265055756219773 0.8870108331782216 -0.32650557562197713
vn -0.3265055756219773 -0.8870108331782216 0.32650557562197713
g Frond
f 92/268/67 95/267/67 93/266/67 90/265/67
f 91/272/68 92/271/68 90/270/68 89/269/68
f 96/276/69 91/275/69 89/274/69 94/273/69
f 95/280/70 96/279/70 94/278/70 93/277/70
f 94/284/71 89/283/71 90/282/71 93/281/71
f 95/288/72 92/287/72 91/286/72 96/285/72
o cube
v 0.21253268153059746 0.3872198259303248 -0.5536867341305346
v 0.1116727023709001 0.21931369832194036 -0.3101892045425277
v 0.21253268153059746 0.3872198259303248 -0.5536867341305346
v 0.1116727023709001 0.21931369832194036 -0.3101892045425277
v 0.45812752706263216 0.21931369832194003 -0.1666829174056182
v 0.5589875062223295 0.38721982593032456 -0.41018044699362505
v 0.45812752706263216 0.21931369832194003 -0.1666829174056182
v 0.5589875062223295 0.38721982593032456 -0.41018044699362505
vt 0 1
vt 0.1875 1
vt 0.1875 1
vt 0 1
vt 0 1
vt 0.15625 1
vt 0.15625 1
vt 0 1
vt 0 1
vt 0.1875 1
vt 0.1875 1
vt 0 1
vt 0 1
vt 0.15625 1
vt 0.15625 1
vt 0 1
vt 0 1
vt 0 1
vt 0 1
vt 0 1
vt 0.0625 0.5625
vt 0.40625 0.5625
vt 0.40625 0.28125
vt 0.0625 0.28125
vn -0.3227519333110316 -0.5372996083468303 0.7791920946816224
vn -0.923879532511286 0 -0.38268343236509206
vn 0.3227519333110316 0.5372996083468303 -0.7791920946816224
vn 0.923879532511286 0 0.38268343236509206
vn -0.205615658330584 0.8433914458128816 0.496400110977967
vn 0.205615658330584 -0.8433914458128816 -0.496400110977967
g Frond
f 100/292/73 103/291/73 101/290/73 98/289/73
f 99/296/74 100/295/74 98/294/74 97/293/74
f 104/300/75 99/299/75 97/298/75 102/297/75
f 103/304/76 104/303/76 102/302/76 101/301/76
f 102/308/77 97/307/77 98/306/77 101/305/77
f 103/312/78 100/311/78 99/310/78 104/309/78
o cube
v 0.11167676377057689 0.21932221611388414 -0.3101990096287097
v 0.02711487312273364 -0.0016486530069136363 -0.10604854636677785
v 0.11167676377057689 0.21932221611388414 -0.3101990096287097
v 0.02711487312273364 -0.0016486530069136363 -0.10604854636677785
v 0.3735696978144657 -0.0016486530069139693 0.03745774077013164
v 0.45813158846230895 0.2193222161138838 -0.16669272249180023
v 0.3735696978144657 -0.0016486530069139693 0.03745774077013164
v 0.45813158846230895 0.2193222161138838 -0.16669272249180023
vt 0 1
vt 0.1875 1
vt 0.1875 1
vt 0 1
vt 0 1
vt 0.15625 1
vt 0.15625 1
vt 0 1
vt 0 1
vt 0.1875 1
vt 0.1875 1
vt 0 1
vt 0 1
vt 0.15625 1
vt 0.15625 1
vt 0 1
vt 0 1
vt 0 1
vt 0 1
vt 0 1
vt 0.0625 0.28125
vt 0.40625 0.28125
vt 0.40625 0
vt 0.0625 0
vn -0.2705980500730986 -0.707106781186553 0.6532814824381825
vn -0.9238795325112859 0 -0.382683432365092
vn 0.2705980500730986 0.707106781186553 -0.6532814824381825
vn 0.9238795325112859 0 0.382683432365092
vn -0.2705980500731016 0.707106781186542 0.653281482438193
vn 0.2705980500731016 -0.707106781186542 -0.653281482438193
g Frond
f 108/316/79 111/315/79 109/314/79 106/313/79
f 107/320/80 108/319/80 106/318/80 105/317/80
f 112/324/81 107/323/81 105/322/81 110/321/81
f 111/328/82 112/327/82 110/326/82 109/325/82
f 110/332/83 105/331/83 106/330/83 109/329/83
f 111/336/84 108/335/84 107/334/84 112/333/84
o cube
v 0.3844428923457337 0.44635525344112703 -0.9687146965908515
v 0.212522952439693 0.3872105725914128 -0.5536632460273235
v 0.3844428923457337 0.44635525344112703 -0.9687146965908515
v 0.212522952439693 0.3872105725914128 -0.5536632460273235
v 0.558977777131425 0.38721057259141234 -0.41015695889041404
v 0.7308977170374658 0.4463552534411267 -0.825208409453942
v 0.558977777131425 0.38721057259141234 -0.41015695889041404
v 0.7308977170374658 0.4463552534411267 -0.825208409453942
vt 0 1
vt 0.1875 1
vt 0.1875 1
vt 0 1
vt 0 1
vt 0.15625 1
vt 0.15625 1
vt 0 1
vt 0 1
vt 0.1875 1
vt 0.1875 1
vt 0 1
vt 0 1
vt 0.15625 1
vt 0.15625 1
vt 0 1
vt 0 1
vt 0.0625 1
vt 0.0625 0.90625
vt 0 0.90625
vt 0.0625 1
vt 0.40625 1
vt 0.40625 0.5625
vt 0.0625 0.5625
vn -0.3794095225512623 -0.13052619222005926 0.9159756150367516
vn -0.9238795325112859 0 -0.382683432365092
vn 0.3794095225512623 0.13052619222005926 -0.9159756150367516
vn 0.9238795325112859 0 0.382683432365092
vn -0.04995021125231718 0.9914448613738096 0.12059047744874686
vn 0.04995021125231718 -0.9914448613738096 -0.12059047744874686
g Frond
f 116/340/85 119/339/85 117/338/85 114/337/85
f 115/344/86 116/343/86 114/342/86 113/341/86
f 120/348/87 115/347/87 113/346/87 118/345/87
f 119/352/88 120/351/88 118/350/88 117/349/88
f 118/356/89 113/355/89 114/354/89 117/353/89
f 119/360/90 116/359/90 115/358/90 120/357/90
o cube
v 0.660609697690409 0.47130582910931595 -0.09045789715955438
v 0.4356719101692398 0.2601838892294219 -0.14032540407970961
v 0.660609697690409 0.47130582910931595 -0.09045789715955438
v 0.4356719101692398 0.2601838892294219 -0.14032540407970961
v 0.3545070549424508 0.2601838892294218 0.22578559859026526
v 0.57944484246362 0.47130582910931595 0.27565310551042055
v 0.3545070549424508 0.2601838892294218 0.22578559859026526
v 0.57944484246362 0.47130582910931595 0.27565310551042055
vt 0 1
vt 0.1875 1
vt 0.1875 1
vt 0 1
vt 0 1
vt 0.15625 1
vt 0.15625 1
vt 0 1
vt 0 1
vt 0.1875 1
vt 0.1875 1
vt 0 1
vt 0 1
vt 0.15625 1
vt 0.15625 1
vt 0 1
vt 0 1
vt 0 1
vt 0 1
vt 0 1
vt 0.0625 0.5625
vt 0.40625 0.5625
vt 0.40625 0.28125
vt 0.0625 0.28125
vn -0.7198009200677417 -0.6755902076156609 -0.1595760221444968
vn 0.21643961393810413 0 -0.9762960071199331
vn 0.7198009200677417 0.6755902076156609 0.1595760221444968
vn -0.21643961393810413 0 0.9762960071199331
vn -0.6595760221444965 0.7372773368101236 -0.14622448371669708
vn 0.6595760221444965 -0.7372773368101236 0.14622448371669708
g Colorful_Frond
f 124/364/91 127/363/91 125/362/91 122/361/91
f 123/368/92 124/367/92 122/366/92 121/365/92
f 128/372/93 123/371/93 121/370/93 126/369/93
f 127/376/94 128/375/94 126/374/94 125/373/94
f 126/380/95 121/379/95 122/378/95 125/377/95
f 127/384/96 124/383/96 123/382/96 128/381/96
o cube
v 0.43568067009765077 0.2601941205361866 -0.14032346205033575
v 0.2606867999140239 0.0042091066958764856 -0.17911866906527762
v 0.43568067009765077 0.2601941205361866 -0.14032346205033575
v 0.2606867999140239 0.0042091066958764856 -0.17911866906527762
v 0.17952194468723492 0.0042091066958763745 0.18699233360469725
v 0.3545158148708618 0.2601941205361864 0.22578754061963913
v 0.17952194468723492 0.0042091066958763745 0.18699233360469725
v 0.3545158148708618 0.2601941205361864 0.22578754061963913
vt 0 1
vt 0.1875 1
vt 0.1875 1
vt 0 1
vt 0 1
vt 0.15625 1
vt 0.15625 1
vt 0 1
vt 0 1
vt 0.1875 1
vt 0.1875 1
vt 0 1
vt 0 1
vt 0.15625 1
vt 0.15625 1
vt 0 1
vt 0 1
vt 0 1
vt 0 1
vt 0 1
vt 0.0625 0.28125
vt 0.40625 0.28125
vt 0.40625 0
vt 0.0625 0
vn -0.5599803845876061 -0.8191520442889922 -0.12414466244781397
vn 0.21643961393810413 0 -0.9762960071199331
vn 0.5599803845876061 0.8191520442889922 0.12414466244781397
vn -0.21643961393810413 0 0.9762960071199331
vn -0.7997348700634739 0.5735764363510455 -0.17729695222251812
vn 0.7997348700634739 -0.5735764363510455 0.17729695222251812
g Colorful_Frond
f 132/388/97 135/387/97 133/386/97 130/385/97
f 131/392/98 132/391/98 130/390/98 129/389/98
f 136/396/99 131/395/99 129/394/99 134/393/99
f 135/400/100 136/399/100 134/398/100 133/397/100
f 134/404/101 129/403/101 130/402/101 133/401/101
f 135/408/102 132/407/102 131/406/102 136/405/102
o cube
v 1.0824960646362223 0.6075496170331764 0.003072058634153829
v 0.6605868228048994 0.4712923016328022 -0.0904629683995804
v 1.0824960646362223 0.6075496170331764 0.003072058634153829
v 0.6605868228048994 0.4712923016328022 -0.0904629683995804
v 0.5794219675781105 0.4712923016328021 0.2756480342703944
v 1.0013312094094333 0.6075496170331762 0.3691830613041287
v 0.5794219675781105 0.4712923016328021 0.2756480342703944
v 1.0013312094094333 0.6075496170331762 0.3691830613041287
vt 0 1
vt 0.1875 1
vt 0.1875 1
vt 0 1
vt 0 1
vt 0.15625 1
vt 0.15625 1
vt 0 1
vt 0 1
vt 0.1875 1
vt 0.1875 1
vt 0 1
vt 0 1
vt 0.15625 1
vt 0.15625 1
vt 0 1
vt 0 1
vt 0.0625 1
vt 0.0625 0.90625
vt 0 0.90625
vt 0.0625 1
vt 0.40625 1
vt 0.40625 0.5625
vt 0.0625 0.5625
vn -0.9311100509380916 -0.30070579950427384 -0.20642212862617207
vn 0.21643961393810413 0 -0.9762960071199333
vn 0.9311100509380916 0.30070579950427384 0.20642212862617207
vn -0.21643961393810413 0 0.9762960071199333
vn -0.29357787137382996 0.9537169507482267 -0.06508464715365378
vn 0.29357787137382996 -0.9537169507482267 0.06508464715365378
g Colorful_Frond
f 140/412/103 143/411/103 141/410/103 138/409/103
f 139/416/104 140/415/104 138/414/104 137/413/104
f 144/420/105 139/419/105 137/418/105 142/417/105
f 143/424/106 144/423/106 142/422/106 141/421/106
f 142/428/107 137/427/107 138/426/107 141/425/107
f 143/432/108 140/431/108 139/430/108 144/429/108
o cube
v -0.003429828621105413 0.6297243146055354 0.2356789946438781
v 0.07112203090441405 0.33168776749671447 0.17847334082593092
v -0.003429828621105413 0.6297243146055354 0.2356789946438781
v 0.07112203090441405 0.33168776749671447 0.17847334082593092
v -0.15716350497385606 0.33168776749671447 -0.11903416178328241
v -0.23171536449937546 0.6297243146055354 -0.06182850796533523
v -0.15716350497385606 0.33168776749671447 -0.11903416178328241
v -0.23171536449937546 0.6297243146055354 -0.06182850796533523
vt 0 1
vt 0.1875 1
vt 0.1875 1
vt 0 1
vt 0 1
vt 0.15625 1
vt 0.15625 1
vt 0 1
vt 0 1
vt 0.1875 1
vt 0.1875 1
vt 0 1
vt 0 1
vt 0.15625 1
vt 0.15625 1
vt 0 1
vt 0 1
vt 0 1
vt 0 1
vt 0 1
vt 0.0625 0.5625
vt 0.40625 0.5625
vt 0.40625 0.28125
vt 0.0625 0.28125
vn 0.23856595048166226 -0.9537169507482267 -0.1830580922174312
vn 0.6087614290087201 0 0.7933533402912356
vn -0.23856595048166226 0.9537169507482267 0.1830580922174312
vn -0.6087614290087201 0 -0.7933533402912356
vn 0.7566345285684776 0.3007057995042737 -0.5805860938073296
vn -0.7566345285684776 -0.3007057995042737 0.5805860938073296
g Colorful_Frond
f 148/436/109 151/435/109 149/434/109 146/433/109
f 147/440/110 148/439/110 146/438/110 145/437/110
f 152/444/111 147/443/111 145/442/111 150/441/111
f 151/448/112 152/447/112 150/446/112 149/445/112
f 150/452/113 145/451/113 146/450/113 149/449/113
f 151/456/114 148/455/114 147/454/114 152/453/114
o cube
v 0.07111992466289252 0.33170111437589567 0.17847495700189353
v 0.09272783079864833 0.020390271222225365 0.161894627470212
v 0.07111992466289252 0.33170111437589567 0.17847495700189353
v 0.09272783079864833 0.020390271222225365 0.161894627470212
v -0.13555770507962167 0.020390271222225254 -0.13561287513900133
v -0.15716561121537753 0.33170111437589567 -0.1190325456073198
v -0.13555770507962167 0.020390271222225254 -0.13561287513900133
v -0.15716561121537753 0.33170111437589567 -0.1190325456073198
vt 0 1
vt 0.1875 1
vt 0.1875 1
vt 0 1
vt 0 1
vt 0.15625 1
vt 0.15625 1
vt 0 1
vt 0 1
vt 0.1875 1
vt 0.1875 1
vt 0 1
vt 0 1
vt 0.15625 1
vt 0.15625 1
vt 0 1
vt 0 1
vt 0 1
vt 0 1
vt 0 1
vt 0.0625 0.28125
vt 0.40625 0.28125
vt 0.40625 0
vt 0.0625 0
vn 0.06914529963441889 -0.9961946980917455 -0.053057054501381
vn 0.60876142900872 0 0.7933533402912357
vn -0.06914529963441889 0.9961946980917455 0.053057054501381
vn -0.60876142900872 0 -0.7933533402912357
vn 0.7903343913115052 0.08715574274765871 -0.6064449079812415
vn -0.7903343913115052 -0.08715574274765871 0.6064449079812415
g Colorful_Frond
f 156/460/115 159/459/115 157/458/115 154/457/115
f 155/464/116 156/463/116 154/462/116 153/461/116
f 160/468/117 155/467/117 153/466/117 158/465/117
f 159/472/118 160/471/118 158/470/118 157/469/118
f 158/476/119 153/475/119 154/474/119 157/473/119
f 159/480/120 156/479/120 155/478/120 160/477/120
o cube
v -0.24628582606052263 0.9637796775710026 0.42202895567169185
v -0.0034190965524276695 0.6297008843289156 0.23567075963794482
v -0.24628582606052263 0.9637796775710026 0.42202895567169185
v -0.0034190965524276695 0.6297008843289156 0.23567075963794482
v -0.23170463243069772 0.6297008843289154 -0.06183674297126851
v -0.4745713619387927 0.9637796775710026 0.12452145306247853
v -0.23170463243069772 0.6297008843289154 -0.06183674297126851
v -0.4745713619387927 0.9637796775710026 0.12452145306247853
vt 0 1
vt 0.1875 1
vt 0.1875 1
vt 0 1
vt 0 1
vt 0.15625 1
vt 0.15625 1
vt 0 1
vt 0 1
vt 0.1875 1
vt 0.1875 1
vt 0 1
vt 0 1
vt 0.15625 1
vt 0.15625 1
vt 0 1
vt 0 1
vt 0.0625 1
vt 0.0625 0.90625
vt 0 0.90625
vt 0.0625 1
vt 0.40625 1
vt 0.40625 0.5625
vt 0.0625 0.5625
vn 0.5359817478799338 -0.7372773368101235 -0.4112732602124074
vn 0.60876142900872 0 0.7933533402912357
vn -0.5359817478799338 0.7372773368101235 0.4112732602124074
vn -0.60876142900872 0 -0.7933533402912357
vn 0.5849214378793378 0.6755902076156607 -0.44882600513227444
vn -0.5849214378793378 -0.6755902076156607 0.44882600513227444
g Colorful_Frond
f 164/484/121 167/483/121 165/482/121 162/481/121
f 163/488/122 164/487/122 162/486/122 161/485/122
f 168/492/123 163/491/123 161/490/123 166/489/123
f 167/496/124 168/495/124 166/494/124 165/493/124
f 166/500/125 161/499/125 162/498/125 165/497/125
f 167/504/126 164/503/126 163/502/126 168/501/126
o cube
v -0.12109171502118982 0.6458968678052224 -0.1811497115653865
v -0.12464674853086616 0.33607034862590646 -0.14051549261172647
v -0.12109171502118982 0.6458968678052224 -0.1811497115653865
v -0.12464674853086616 0.33607034862590646 -0.14051549261172647
v 0.24892626325353817 0.33607034862590557 -0.10783208908135355
v 0.2524812967632145 0.6458968678052215 -0.1484663080350137
v 0.24892626325353817 0.33607034862590557 -0.10783208908135355
v 0.2524812967632145 0.6458968678052215 -0.1484663080350137
vt 0 1
vt 0.1875 1
vt 0.1875 1
vt 0 1
vt 0 1
vt 0.15625 1
vt 0.15625 1
vt 0 1
vt 0 1
vt 0.1875 1
vt 0.1875 1
vt 0 1
vt 0 1
vt 0.15625 1
vt 0.15625 1
vt 0 1
vt 0 1
vt 0 1
vt 0 1
vt 0 1
vt 0.0625 0.5625
vt 0.40625 0.5625
vt 0.40625 0.28125
vt 0.0625 0.28125
vn -0.011376107230964298 -0.9914448613738113 0.1300295006517126
vn -0.9961946980917454 0 -0.087155742747661
vn 0.011376107230964298 0.9914448613738113 -0.1300295006517126
vn 0.9961946980917454 0 0.087155742747661
vn -0.08641011328638604 0.13052619222004475 0.9876721143508964
vn 0.08641011328638604 -0.13052619222004475 -0.9876721143508964
g Frond
f 172/508/127 175/507/127 173/506/127 170/505/127
f 171/512/128 172/511/128 170/510/128 169/509/128
f 176/516/129 171/515/129 169/514/129 174/513/129
f 175/520/130 176/519/130 174/518/130 173/517/130
f 174/524/131 169/523/131 170/522/131 173/521/131
f 175/528/132 172/527/132 171/526/132 176/525/132
o cube
v -0.12464672265739324 0.33608395374748823 -0.14051578834687517
v -0.12227293406555118 0.024773110593817926 -0.16764831610733527
v -0.12464672265739324 0.33608395374748823 -0.14051578834687517
v -0.12227293406555118 0.024773110593817926 -0.16764831610733527
v 0.2513000777188531 0.024773110593817038 -0.13496491257696241
v 0.2489262891270111 0.33608395374748734 -0.10783238481650231
v 0.2513000777188531 0.024773110593817038 -0.13496491257696241
v 0.2489262891270111 0.33608395374748734 -0.10783238481650231
vt 0 1
vt 0.1875 1
vt 0.1875 1
vt 0 1
vt 0 1
vt 0.15625 1
vt 0.15625 1
vt 0 1
vt 0 1
vt 0.1875 1
vt 0.1875 1
vt 0 1
vt 0 1
vt 0.15625 1
vt 0.15625 1
vt 0 1
vt 0 1
vt 0 1
vt 0 1
vt 0 1
vt 0.0625 0.28125
vt 0.40625 0.28125
vt 0.40625 0
vt 0.0625 0
vn 0.007596123493894474 -0.9961946980917449 -0.08682408883347197
vn -0.9961946980917454 0 -0.08715574274766101
vn -0.007596123493894474 0.9961946980917449 0.08682408883347197
vn 0.9961946980917454 0 0.08715574274766101
vn -0.08682408883346816 -0.08715574274766512 0.9924038765061033
vn 0.08682408883346816 0.08715574274766512 -0.9924038765061033
g Frond
f 180/532/133 183/531/133 181/530/133 178/529/133
f 179/536/134 180/535/134 178/534/134 177/533/134
f 184/540/135 179/539/135 177/538/135 182/537/135
f 183/544/136 184/543/136 182/542/136 181/541/136
f 182/548/137 177/547/137 178/546/137 181/545/137
f 183/552/138 180/551/138 179/550/138 184/549/138
o cube
v -0.09987324577060636 1.0280331933494724 -0.42367792488407063
v -0.12109252150281558 0.6458714444655069 -0.1811404934382228
v -0.09987324577060636 1.0280331933494724 -0.42367792488407063
v -0.12109252150281558 0.6458714444655069 -0.1811404934382228
v 0.2524804902815887 0.645871444465506 -0.1484570899078499
v 0.273699766013798 1.0280331933494715 -0.3909945213536977
v 0.2524804902815887 0.645871444465506 -0.1484570899078499
v 0.273699766013798 1.0280331933494715 -0.3909945213536977
vt 0 1
vt 0.1875 1
vt 0.1875 1
vt 0 1
vt 0 1
vt 0.15625 1
vt 0.15625 1
vt 0 1
vt 0 1
vt 0.1875 1
vt 0.1875 1
vt 0 1
vt 0 1
vt 0.15625 1
vt 0.15625 1
vt 0 1
vt 0 1
vt 0.0625 1
vt 0.0625 0.90625
vt 0 0.90625
vt 0.0625 1
vt 0.40625 1
vt 0.40625 0.5625
vt 0.0625 0.5625
vn -0.04682874644349626 -0.8433914458128894 0.5352550211218713
vn -0.9961946980917453 0 -0.087155742747661
vn 0.04682874644349626 0.8433914458128894 -0.5352550211218713
vn 0.9961946980917453 0 0.087155742747661
vn -0.07350640788684482 0.537299608346818 0.840182086734732
vn 0.07350640788684482 -0.537299608346818 -0.840182086734732
g Frond
f 188/556/139 191/555/139 189/554/139 186/553/139
f 187/560/140 188/559/140 186/558/140 185/557/140
f 192/564/141 187/563/141 185/562/141 190/561/141
f 191/568/142 192/567/142 190/566/142 189/565/142
f 190/572/143 185/571/143 186/570/143 189/569/143
f 191/576/144 188/575/144 187/574/144 192/573/144
o cube
v 0.19541268989392746 0.6468813688392561 0.004811588453667137
v 0.1753320792999581 0.33557052568558576 -0.013588901026891309
v 0.19541268989392746 0.6468813688392561 0.004811588453667137
v 0.1753320792999581 0.33557052568558576 -0.013588901026891309
v -0.07801424855591432 0.3355705256855859 0.2628901002769055
v -0.05793363796194495 0.6468813688392565 0.2812905897574639
v -0.07801424855591432 0.3355705256855859 0.2628901002769055
v -0.05793363796194495 0.6468813688392565 0.2812905897574639
vt 0 1
vt 0.1875 1
vt 0.1875 1
vt 0 1
vt 0 1
vt 0.15625 1
vt 0.15625 1
vt 0 1
vt 0 1
vt 0.1875 1
vt 0.1875 1
vt 0 1
vt 0 1
vt 0.15625 1
vt 0.15625 1
vt 0 1
vt 0 1
vt 0 1
vt 0 1
vt 0 1
vt 0.0625 0.5625
vt 0.40625 0.5625
vt 0.40625 0.28125
vt 0.0625 0.28125
vn -0.06425795390070184 -0.9961946980917455 -0.05888156633778703
vn 0.6755902076156597 0 -0.7372773368101246
vn 0.06425795390070184 0.9961946980917455 0.05888156633778703
vn -0.6755902076156597 0 0.7372773368101246
vn -0.7344717739534483 0.08715574274765807 -0.6730193829094216
vn 0.7344717739534483 -0.08715574274765807 0.6730193829094216
g Frond
f 196/580/145 199/579/145 197/578/145 194/577/145
f 195/584/146 196/583/146 194/582/146 193/581/146
f 200/588/147 195/587/147 193/586/147 198/585/147
f 199/592/148 200/591/148 198/590/148 197/589/148
f 198/596/149 193/595/149 194/594/149 197/593/149
f 199/600/150 196/599/150 195/598/150 200/597/150
o cube
v 0.17533186042826232 0.3355841308071674 -0.01358910158584925
v 0.20540498648575167 0.025757611627851618 0.013967841320783991
v 0.17533186042826232 0.3355841308071674 -0.01358910158584925
v 0.20540498648575167 0.025757611627851618 0.013967841320783991
v -0.04794134137012074 0.02575761162785173 0.29044684262458076
v -0.07801446742761003 0.33558413080716765 0.2628898997179475
v -0.04794134137012074 0.02575761162785173 0.29044684262458076
v -0.07801446742761003 0.33558413080716765 0.2628898997179475
vt 0 1
vt 0.1875 1
vt 0.1875 1
vt 0 1
vt 0 1
vt 0.15625 1
vt 0.15625 1
vt 0 1
vt 0 1
vt 0.1875 1
vt 0.1875 1
vt 0 1
vt 0 1
vt 0.15625 1
vt 0.15625 1
vt 0 1
vt 0 1
vt 0 1
vt 0 1
vt 0 1
vt 0.0625 0.28125
vt 0.40625 0.28125
vt 0.40625 0
vt 0.0625 0
vn 0.09623400338396598 -0.9914448613738105 0.08818221730122654
vn 0.6755902076156596 0 -0.7372773368101246
vn -0.09623400338396598 0.9914448613738105 -0.08818221730122654
vn -0.6755902076156596 0 0.7372773368101246
vn -0.7309698269877662 -0.13052619222005174 -0.6698104397350114
vn 0.7309698269877662 0.13052619222005174 0.6698104397350114
g Frond
f 204/604/151 207/603/151 205/602/151 202/601/151
f 203/608/152 204/607/152 202/606/152 201/605/152
f 208/612/153 203/611/153 201/610/153 206/609/153
f 207/616/154 208/615/154 206/614/154 205/613/154
f 206/620/155 201/619/155 202/618/155 205/617/155
f 207/624/156 204/623/156 203/622/156 208/621/156
o cube
v 0.3624460883352716 1.0392733271617762 0.1578694985475435
v 0.19540669171422764 0.6468555660719524 0.0048060921346206875
v 0.3624460883352716 1.0392733271617762 0.1578694985475435
v 0.19540669171422764 0.6468555660719524 0.0048060921346206875
v -0.05793963614164477 0.6468555660719526 0.28128509343841746
v 0.10909976047939907 1.0392733271617765 0.4343484998513403
v -0.05793963614164477 0.6468555660719526 0.28128509343841746
v 0.10909976047939907 1.0392733271617765 0.4343484998513403
vt 0 1
vt 0.1875 1
vt 0.1875 1
vt 0 1
vt 0 1
vt 0.15625 1
vt 0.15625 1
vt 0 1
vt 0 1
vt 0.1875 1
vt 0.1875 1
vt 0 1
vt 0 1
vt 0.15625 1
vt 0.15625 1
vt 0 1
vt 0 1
vt 0.0625 1
vt 0.0625 0.90625
vt 0 0.90625
vt 0.0625 1
vt 0.40625 1
vt 0.40625 0.5625
vt 0.0625 0.5625
vn -0.3686386684050625 -0.8660254037844388 -0.3377951038078295
vn 0.6755902076156598 0 -0.7372773368101246
vn 0.3686386684050625 0.8660254037844388 0.3377951038078295
vn -0.6755902076156598 0 0.7372773368101246
vn -0.6385009033121037 0.5 -0.5850782823431645
vn 0.6385009033121037 -0.5 0.5850782823431645
g Frond
f 212/628/157 215/627/157 213/626/157 210/625/157
f 211/632/158 212/631/158 210/630/158 209/629/158
f 216/636/159 211/635/159 209/634/159 214/633/159
f 215/640/160 216/639/160 214/638/160 213/637/160
f 214/644/161 209/643/161 210/642/161 213/641/161
f 215/648/162 212/647/162 211/646/162 216/645/162
o cube
v -0.18219164513308017 0.31628728726287436 0.45402062756383677
v -0.04058105340860385 0.18421908046890567 0.20874388780715059
v -0.18219164513308017 0.31628728726287436 0.45402062756383677
v -0.04058105340860385 0.18421908046890567 0.20874388780715059
v -0.36534057982776846 0.18421908046890578 0.021243887807150807
v -0.5069511715522448 0.3162872872628746 0.266520627563837
v -0.36534057982776846 0.18421908046890578 0.021243887807150807
v -0.5069511715522448 0.3162872872628746 0.266520627563837
vt 0 1
vt 0.1875 1
vt 0.1875 1
vt 0 1
vt 0 1
vt 0.15625 1
vt 0.15625 1
vt 0 1
vt 0 1
vt 0.1875 1
vt 0.1875 1
vt 0 1
vt 0 1
vt 0.15625 1
vt 0.15625 1
vt 0 1
vt 0 1
vt 0 1
vt 0 1
vt 0 1
vt 0.0625 0.5625
vt 0.40625 0.5625
vt 0.40625 0.28125
vt 0.0625 0.28125
vn 0.45315389351832425 -0.42261826174069994 -0.7848855672213958
vn 0.866025403784439 0 0.4999999999999994
vn -0.45315389351832425 0.42261826174069994 0.7848855672213958
vn -0.866025403784439 0 -0.4999999999999994
vn 0.21130913087034994 0.9063077870366498 -0.36599815077066733
vn -0.21130913087034994 -0.9063077870366498 0.36599815077066733
g Colorful_Frond
f 220/652/163 223/651/163 221/650/163 218/649/163
f 219/656/164 220/655/164 218/654/164 217/653/164
f 224/660/165 219/659/165 217/658/165 222/657/165
f 223/664/166 224/663/166 222/662/166 221/661/166
f 222/668/167 217/667/167 218/666/167 221/665/167
f 223/672/168 220/671/168 219/670/168 224/669/168
o cube
v -0.04058687038285724 0.18422614012216265 0.2087539631021038
v 0.08337458903764794 -0.006011806443062706 -0.005953582794599288
v -0.04058687038285724 0.18422614012216265 0.2087539631021038
v 0.08337458903764794 -0.006011806443062706 -0.005953582794599288
v -0.24138493738151662 -0.0060118064430626506 -0.19345358279459907
v -0.36534639680202186 0.18422614012216265 0.021253963102104034
v -0.24138493738151662 -0.0060118064430626506 -0.19345358279459907
v -0.36534639680202186 0.18422614012216265 0.021253963102104034
vt 0 1
vt 0.1875 1
vt 0.1875 1
vt 0 1
vt 0 1
vt 0.15625 1
vt 0.15625 1
vt 0 1
vt 0 1
vt 0.1875 1
vt 0.1875 1
vt 0 1
vt 0 1
vt 0.15625 1
vt 0.15625 1
vt 0 1
vt 0 1
vt 0 1
vt 0 1
vt 0 1
vt 0.0625 0.28125
vt 0.40625 0.28125
vt 0.40625 0
vt 0.0625 0
vn 0.3966766701456169 -0.6087614290087212 -0.6870641468694502
vn 0.866025403784439 0 0.49999999999999944
vn -0.3966766701456169 0.6087614290087212 0.6870641468694502
vn -0.866025403784439 0 -0.49999999999999944
vn 0.3043807145043604 0.7933533402912349 -0.5272028623656697
vn -0.3043807145043604 -0.7933533402912349 0.5272028623656697
g Colorful_Frond
f 228/676/169 231/675/169 229/674/169 226/673/169
f 227/680/170 228/679/170 226/678/170 225/677/170
f 232/684/171 227/683/171 225/682/171 230/681/171
f 231/688/172 232/687/172 230/686/172 229/685/172
f 230/692/173 225/691/173 226/690/173 229/689/173
f 231/696/174 228/695/174 227/694/174 232/693/174
o cube
v -0.4087409383117732 0.31628143149928634 0.846415513768151
v -0.1821784383117735 0.316281431499286 0.4539977526783272
v -0.4087409383117732 0.31628143149928634 0.846415513768151
v -0.1821784383117735 0.316281431499286 0.4539977526783272
v -0.5069379647309381 0.3162814314992861 0.2664977526783274
v -0.7335004647309378 0.31628143149928634 0.6589155137681513
v -0.5069379647309381 0.3162814314992861 0.2664977526783274
v -0.7335004647309378 0.31628143149928634 0.6589155137681513
vt 0 1
vt 0.1875 1
vt 0.1875 1
vt 0 1
vt 0 1
vt 0.15625 1
vt 0.15625 1
vt 0 1
vt 0 1
vt 0.1875 1
vt 0.1875 1
vt 0 1
vt 0 1
vt 0.15625 1
vt 0.15625 1
vt 0 1
vt 0 1
vt 0.0625 1
vt 0.0625 0.90625
vt 0 0.90625
vt 0.0625 1
vt 0.40625 1
vt 0.40625 0.5625
vt 0.0625 0.5625
vn 0.49999999999999944 0 -0.8660254037844389
