# Made in Blockbench 4.1.3

o cube
v 0 0.08962131817985032 0.08111750692015537
v 0.48344969537055366 0.3934972274968024 -0.13165870788924394
v 0 0.08962131817985032 0.08111750692015537
v 0.48344969537055366 0.3934972274968024 -0.13165870788924394
v 0.48344968879137645 0.21425459113710177 -0.3876437217295547
v 0 -0.08962131817985032 -0.17486750692015537
v 0.48344968879137645 0.21425459113710177 -0.3876437217295547
v 0 -0.08962131817985032 -0.17486750692015537
vt 0 1
vt 0.3125 1
vt 0.3125 1
vt 0 1
vt 0 1
vt 0.5625 1
vt 0.5625 1
vt 0 1
vt 0 1
vt 0.3125 1
vt 0.3125 1
vt 0 1
vt 0 1
vt 0.5625 1
vt 0.5625 1
vt 0 1
vt 0.28125 0.59375
vt 0.59375 0.59375
vt 0.59375 0
vt 0.28125 0
vt 0 1
vt 0.03125 1
vt 0.03125 0.59375
vt 0 0.59375
vn 0.7933533408508145 0.49866815887910093 -0.34917122430260394
vn 0 0.5735764363510422 0.8191520442889945
vn -0.7933533408508145 -0.49866815887910093 0.34917122430260394
vn 0 -0.5735764363510422 -0.8191520442889945
vn -0.6087614282794626 0.649877018352678 -0.45504877151375994
vn 0.6087614282794626 -0.649877018352678 0.45504877151375994
g Leaf
f 4/4/1 7/3/1 5/2/1 2/1/1
f 3/8/2 4/7/2 2/6/2 1/5/2
f 8/12/3 3/11/3 1/10/3 6/9/3
f 7/16/4 8/15/4 6/14/4 5/13/4
f 6/20/5 1/19/5 2/18/5 5/17/5
f 7/24/6 4/23/6 3/22/6 8/21/6
o cube
v -0.17809705748435922 0.2579104668927229 -0.06678584334202292
v 0.011999213394622343 0.8353915464597935 -0.025350337251767954
v -0.17809705748435922 0.2579104668927229 -0.06678584334202292
v 0.011999213394622343 0.8353915464597935 -0.025350337251767954
v 0.3446282721909445 0.7360734956665794 -0.16719121299254114
v 0.15453200131196293 0.1585924160995088 -0.20862671908279612
v 0.3446282721909445 0.7360734956665794 -0.16719121299254114
v 0.15453200131196293 0.1585924160995088 -0.20862671908279612
vt 0 1
vt 0.3125 1
vt 0.3125 1
vt 0 1
vt 0 1
vt 0.5625 1
vt 0.5625 1
vt 0 1
vt 0 1
vt 0.3125 1
vt 0.3125 1
vt 0 1
vt 0 1
vt 0.5625 1
vt 0.5625 1
vt 0 1
vt 0.28125 0.59375
vt 0.59375 0.59375
vt 0.59375 0
vt 0.28125 0
vt 0 1
vt 0.03125 1
vt 0.03125 0.59375
vt 0 0.59375
vn 0.3119528547757646 0.9476612587767312 0.06799672794298257
vn -0.8870108234568589 0.2648481354485709 0.3782423353087285
vn -0.3119528547757646 -0.9476612587767312 -0.06799672794298257
vn 0.8870108234568589 -0.2648481354485709 -0.3782423353087285
vn -0.34043680098901735 0.1783076099416867 -0.9232059254409319
vn 0.34043680098901735 -0.1783076099416867 0.9232059254409319
g Leaf
f 12/28/7 15/27/7 13/26/7 10/25/7
f 11/32/8 12/31/8 10/30/8 9/29/8
f 16/36/9 11/35/9 9/34/9 14/33/9
f 15/40/10 16/39/10 14/38/10 13/37/10
f 14/44/11 9/43/11 10/42/11 13/41/11
f 15/48/12 12/47/12 11/46/12 16/45/12
o cube
v 0.0434356080199179 0.054519640403066366 -0.28077940198136586
v -0.10666794124217666 0.470302304946055 -0.7002214015348853
v 0.0434356080199179 0.054519640403066366 -0.28077940198136586
v -0.10666794124217666 0.470302304946055 -0.7002214015348853
v -0.2859105722125322 0.6171292792432999 -0.49053075114355016
v -0.13580702295043762 0.20134661470031126 -0.0710887515900307
v -0.2859105722125322 0.6171292792432999 -0.49053075114355016
v -0.13580702295043762 0.20134661470031126 -0.0710887515900307
vt 0 1
vt 0.3125 1
vt 0.3125 1
vt 0 1
vt 0 1
vt 0.5625 1
vt 0.5625 1
vt 0 1
vt 0 1
vt 0.3125 1
vt 0.3125 1
vt 0 1
vt 0 1
vt 0.5625 1
vt 0.5625 1
vt 0 1
vt 0.28125 0.59375
vt 0.59375 0.59375
vt 0.59375 0
vt 0.28125 0
vt 0 1
vt 0.03125 1
vt 0.03125 0.59375
vt 0 0.59375
vn -0.24632377314805254 0.6823100136090071 -0.6883150761903907
vn 0.5735764191051378 -0.4698463177511838 -0.6710100812522725
vn 0.24632377314805254 -0.6823100136090071 0.6883150761903907
vn -0.5735764191051378 0.4698463177511838 0.6710100812522725
vn 0.7812392016716994 0.5600870316518054 0.27562261653724157
vn -0.7812392016716994 -0.5600870316518054 -0.27562261653724157
g Leaf
f 20/52/13 23/51/13 21/50/13 18/49/13
f 19/56/14 20/55/14 18/54/14 17/53/14
f 24/60/15 19/59/15 17/58/15 22/57/15
f 23/64/16 24/63/16 22/62/16 21/61/16
f 22/68/17 17/67/17 18/66/17 21/65/17
f 23/72/18 20/71/18 19/70/18 24/69/18
o cube
v -0.01223683247749728 -0.053312757070393416 -0.12301350776362041
v -0.4119859551638209 0.27952010701937485 -0.29181868872177813
v -0.01223683247749728 -0.053312757070393416 -0.12301350776362041
v -0.4119859551638209 0.27952010701937485 -0.29181868872177813
v -0.37935440189049485 0.4216874592070906 -0.08878266801879037
v 0.020394720795828797 0.08885459511732237 0.08002251293936735
v -0.37935440189049485 0.4216874592070906 -0.08878266801879037
v 0.020394720795828797 0.08885459511732237 0.08002251293936735
vt 0 1
vt 0.3125 1
vt 0.3125 1
vt 0 1
vt 0 1
vt 0.5625 1
vt 0.5625 1
vt 0 1
vt 0 1
vt 0.3125 1
vt 0.3125 1
vt 0 1
vt 0 1
vt 0.5625 1
vt 0.5625 1
vt 0 1
vt 0.28125 0.59375
vt 0.59375 0.59375
vt 0.59375 0
vt 0.28125 0
vt 0 1
vt 0.03125 1
vt 0.03125 0.59375
vt 0 0.59375
vn -0.7309698243407062 0.6086086657641478 -0.3086723308949169
vn -0.13052621309330437 -0.5686694087508634 -0.8121440828119509
vn 0.7309698243407062 -0.6086086657641478 0.3086723308949169
vn 0.13052621309330437 0.5686694087508634 0.8121440828119509
vn 0.6698104385561923 0.5533629871139989 -0.49511956222051445
vn -0.6698104385561923 -0.5533629871139989 0.49511956222051445
g Leaf
f 28/76/19 31/75/19 29/74/19 26/73/19
f 27/80/20 28/79/20 26/78/20 25/77/20
f 32/84/21 27/83/21 25/82/21 30/81/21
f 31/88/22 32/87/22 30/86/22 29/85/22
f 30/92/23 25/91/23 26/90/23 29/89/23
f 31/96/24 28/95/24 27/94/24 32/93/24
o cube
v 0.15565542186354187 0.007811010555133544 -0.03571972059559198
v 0.19391615938291284 -0.07534166640118745 -0.5113675828891922
v 0.15565542186354187 0.007811010555133544 -0.03571972059559198
v 0.19391615938291284 -0.07534166640118745 -0.5113675828891922
v -0.11739468434417089 -0.09096368751145453 -0.5336781416980081
v -0.15565542186354187 -0.007811010555133544 -0.05803027940440802
v -0.11739468434417089 -0.09096368751145453 -0.5336781416980081
v -0.15565542186354187 -0.007811010555133544 -0.05803027940440802
vt 0 1
vt 0.3125 1
vt 0.3125 1
vt 0 1
vt 0 1
vt 0.5625 1
vt 0.5625 1
vt 0 1
vt 0 1
vt 0.3125 1
vt 0.3125 1
vt 0 1
vt 0 1
vt 0.5625 1
vt 0.5625 1
vt 0 1
vt 0.28125 0.59375
vt 0.59375 0.59375
vt 0.59375 0
vt 0.28125 0
vt 0 1
vt 0.03125 1
vt 0.03125 0.59375
vt 0 0.59375
vn 0.07898990971741102 -0.1716700427485337 -0.9819826834448517
vn 0.996194699926668 0.04999046755285479 0.07139378818821134
vn -0.07898990971741102 0.1716700427485337 0.9819826834448517
vn -0.996194699926668 -0.04999046755285479 -0.07139378818821134
vn -0.036833598803965036 0.9838853335508989 -0.17496552924100486
vn 0.036833598803965036 -0.9838853335508989 0.17496552924100486
g Leaf
f 36/100/25 39/99/25 37/98/25 34/97/25
f 35/104/26 36/103/26 34/102/26 33/101/26
f 40/108/27 35/107/27 33/106/27 38/105/27
f 39/112/28 40/111/28 38/110/28 37/109/28
f 38/116/29 33/115/29 34/114/29 37/113/29
f 39/120/30 36/119/30 35/118/30 40/117/30
o cube
v 0.0011857923147100648 0.23233189785876404 -0.10299442073766638
v 0.0011857923147100648 0.23233189785876404 -0.10299442073766638
v 0.0010643867127282714 0.019720606964911347 -0.004363467836817993
v 0.0010643867127282714 0.019720606964911347 -0.004363467836817993
v -0.0002333899689276303 0.20603775523888224 -0.15967646362190904
v -0.0002333899689276303 0.20603775523888224 -0.15967646362190904
v -0.0003547955709094238 -0.0065735356549704495 -0.06104551072106067
v -0.0003547955709094238 -0.0065735356549704495 -0.06104551072106067
vt 0 1
vt 0.0625 1
vt 0.0625 0.75
vt 0 0.75
vt 0 1
vt 0 1
vt 0 0.75
vt 0 0.75
vt 0.46875 0.25
vt 0.53125 0.25
vt 0.53125 0
vt 0.46875 0
vt 0 1
vt 0 1
vt 0 0.75
vt 0 0.75
vt 0 1
vt 0.0625 1
vt 0.0625 1
vt 0 1
vt 0 1
vt 0.0625 1
vt 0.0625 1
vt 0 1
vn 0.9997420305359737 -0.010025425477161454 -0.020380461815434868
vn 0.022706916538203153 0.4207062819181088 0.9069126861478826
vn -0.9997420305359737 0.010025425477161454 0.020380461815434868
vn -0.022706916538203153 -0.4207062819181088 -0.9069126861478826
vn 0.0005179972351223774 0.9071415078137716 -0.4208253990436197
vn -0.0005179972351223774 -0.9071415078137716 0.4208253990436197
g Stem
f 44/124/31 47/123/31 45/122/31 42/121/31
f 43/128/32 44/127/32 42/126/32 41/125/32
f 48/132/33 43/131/33 41/130/33 46/129/33
f 47/136/34 48/135/34 46/134/34 45/133/34
f 46/140/35 41/139/35 42/138/35 45/137/35
f 47/144/36 44/143/36 43/142/36 48/141/36
o cube
v -0.04558596467484931 0.15266730691697541 -0.1813058166804823
v -0.04558596467484931 0.15266730691697541 -0.1813058166804823
v 0.0004919813961338064 0.03831452918884625 -0.019874621625930733
v 0.0004919813961338064 0.03831452918884625 -0.019874621625930733
v -0.04624193986969439 0.10158126799851375 -0.2173063211792413
v -0.04624193986969439 0.10158126799851375 -0.2173063211792413
v -0.00016399379871126878 -0.012771509729615417 -0.055875126124689756
v -0.00016399379871126878 -0.012771509729615417 -0.055875126124689756
vt 0 1
vt 0.0625 1
vt 0.0625 0.75
vt 0 0.75
vt 0 1
vt 0 1
vt 0 0.75
vt 0 0.75
vt 0.46875 0.25
vt 0.53125 0.25
vt 0.53125 0
vt 0.46875 0
vt 0 1
vt 0 1
vt 0 0.75
vt 0 0.75
vt 0 1
vt 0.0625 1
vt 0.0625 1
vt 0 1
vt 0 1
vt 0.0625 1
vt 0.0625 1
vt 0 1
vn 0.973874254947068 0.12232345168281758 -0.19132670676017674
vn 0.01049560311752126 0.8173766226953867 0.5760080719801445
vn -0.973874254947068 -0.12232345168281758 0.19132670676017674
vn -0.01049560311752126 -0.8173766226953867 -0.5760080719801445
vn -0.22684527296483997 0.5629675211230974 -0.7947381910377923
vn 0.22684527296483997 -0.5629675211230974 0.7947381910377923
g Stem
f 52/148/37 55/147/37 53/146/37 50/145/37
f 51/152/38 52/151/38 50/150/38 49/149/38
f 56/156/39 51/155/39 49/154/39 54/153/39
f 55/160/40 56/159/40 54/158/40 53/157/40
f 54/164/41 49/163/41 50/162/41 53/161/41
f 55/168/42 52/167/42 51/166/42 56/165/42
o cube
v 0.06134238374606874 0.3961461243649687 -0.3745513133901577
v 0.06134238374606874 0.3961461243649687 -0.3745513133901577
v -0.0004916109607028905 0.03308583578749943 -0.013673322122128531
v -0.0004916109607028905 0.03308583578749943 -0.013673322122128531
v 0.061997865027005924 0.3520316766483028 -0.41882021722731966
v 0.061997865027005924 0.3520316766483028 -0.41882021722731966
v 0.0001638703202342968 -0.011028611929166475 -0.05794222595929049
v 0.0001638703202342968 -0.011028611929166475 -0.05794222595929049
vt 0 1
vt 0.0625 1
vt 0.0625 0.75
vt 0 0.75
vt 0 1
vt 0 1
vt 0 0.75
vt 0 0.75
vt 0.46875 0.5
vt 0.53125 0.5
vt 0.53125 0
vt 0.46875 0
vt 0 1
vt 0 1
vt 0 0.75
vt 0 0.75
vt 0 1
vt 0.0625 1
vt 0.0625 1
vt 0 1
vt 0 1
vt 0.0625 1
vt 0.0625 1
vt 0 1
vn 0.9927281037193196 -0.07759978736681107 0.09202817550331832
vn -0.010487700494994926 0.7058311634666544 0.708302461394591
vn -0.9927281037193196 0.07759978736681107 -0.09202817550331832
vn 0.010487700494994926 -0.7058311634666544 -0.708302461394591
vn 0.1199204745828299 0.7041169233017588 -0.6998845891258746
vn -0.1199204745828299 -0.7041169233017588 0.6998845891258746
g Stem
f 60/172/43 63/171/43 61/170/43 58/169/43
f 59/176/44 60/175/44 58/174/44 57/173/44
f 64/180/45 59/179/45 57/178/45 62/177/45
f 63/184/46 64/183/46 62/182/46 61/181/46
f 62/188/47 57/187/47 58/186/47 61/185/47
f 63/192/48 60/191/48 59/190/48 64/189/48
o cube
v 0.09990491399588494 0.5468476108565687 -0.6634596186618373
v 0.09990491399588494 0.5468476108565687 -0.6634596186618373
v 0.061342383746068735 0.39614612436496877 -0.37455131339015757
v 0.061342383746068735 0.39614612436496877 -0.37455131339015757
v 0.09827625871776528 0.4915416616484166 -0.6925259129590184
v 0.09827625871776528 0.4915416616484166 -0.6925259129590184
v 0.05971372846794909 0.3408401751568166 -0.4036176076873387
v 0.05971372846794909 0.3408401751568166 -0.4036176076873387
vt 0 1
vt 0.0625 1
vt 0.0625 0.75
vt 0 0.75
vt 0 1
vt 0 1
vt 0 0.75
vt 0 0.75
vt 0.46875 1
vt 0.53125 1
vt 0.53125 0.59375
vt 0.46875 0.59375
vt 0 1
vt 0 1
vt 0 0.75
vt 0 0.75
vt 0 1
vt 0.0625 1
vt 0.0625 1
vt 0 1
vt 0 1
vt 0.0625 1
vt 0.0625 1
vt 0 1
vn 0.9927281037193197 -0.07759978736681104 0.09202817550331835
vn 0.026058484449914467 0.8848951873304353 0.4650607087548973
vn -0.9927281037193197 0.07759978736681104 -0.09202817550331835
vn -0.026058484449914467 -0.8848951873304353 -0.4650607087548973
vn 0.11752390171372558 0.4592807207363048 -0.8804824541613098
vn -0.11752390171372558 -0.4592807207363048 0.8804824541613098
g Stem
f 68/196/49 71/195/49 69/194/49 66/193/49
f 67/200/50 68/199/50 66/198/50 65/197/50
f 72/204/51 67/203/51 65/202/51 70/201/51
f 71/208/52 72/207/52 70/206/52 69/205/52
f 70/212/53 65/211/53 66/210/53 69/209/53
f 71/216/54 68/215/54 67/214/54 72/213/54
o cube
v 0.11441265025366898 0.5141629534655616 -0.84751800651759
v 0.11441265025366898 0.5141629534655616 -0.84751800651759
v 0.09990491654921058 0.5468476093720681 -0.6634596219461888
v 0.09990491654921058 0.5468476093720681 -0.6634596219461888
v 0.10864905000171932 0.4528112696813224 -0.8370776133748752
v 0.10864905000171932 0.4528112696813224 -0.8370776133748752
v 0.0941413162972609 0.48549592558782895 -0.653019228803474
v 0.0941413162972609 0.48549592558782895 -0.653019228803474
vt 0 1
vt 0.0625 1
vt 0.0625 0.75
vt 0 0.75
vt 0 1
vt 0 1
vt 0 0.75
vt 0 0.75
vt 0.46875 0.75
vt 0.53125 0.75
vt 0.53125 0.46875
vt 0.46875 0.46875
vt 0 1
vt 0 1
vt 0 0.75
vt 0 0.75
vt 0 1
vt 0.0625 1
vt 0.0625 1
vt 0 1
vt 0 1
vt 0.0625 1
vt 0.0625 1
vt 0 1
vn 0.9927281037193195 -0.07759978736681096 0.09202817550331825
vn 0.09221760403119474 0.9816269405478273 -0.16704629028343693
vn -0.9927281037193195 0.07759978736681096 -0.09202817550331825
vn -0.09221760403119474 -0.9816269405478273 0.16704629028343693
vn 0.07737457975711153 -0.1743181648347017 -0.9816447177141393
vn -0.07737457975711153 0.1743181648347017 0.9816447177141393
g Stem
f 76/220/55 79/219/55 77/218/55 74/217/55
f 75/224/56 76/223/56 74/222/56 73/221/56
f 80/228/57 75/227/57 73/226/57 78/225/57
f 79/232/58 80/231/58 78/230/58 77/229/58
f 78/236/59 73/235/59 74/234/59 77/233/59
f 79/240/60 76/239/60 75/238/60 80/237/60
o cube
v -0.23510094746917146 0.7835291889029496 -0.8558119492171644
v 0.4523990525308285 0.7835291800832268 -0.8558119607112512
v -0.2351009557791348 0.09668353656542228 -0.8258236204034991
v 0.45239904422086513 0.09668352774569944 -0.8258236318975859
v 0.4523990525308285 0.7835291800832268 -0.8558119607112512
v -0.23510094746917146 0.7835291889029496 -0.8558119492171644
v 0.45239904422086513 0.09668352774569944 -0.8258236318975859
v -0.2351009557791348 0.09668353656542228 -0.8258236204034991
vt 0 1
vt 0 1
vt 0 0.4375
vt 0 0.4375
vt 0 1
vt 0.15625 1
vt 0.15625 0.84375
vt 0 0.84375
vt 0 1
vt 0 1
vt 0 0.4375
vt 0 0.4375
vt 0 1
vt 1 1
vt 1 0
vt 0 0
vt 0 1
vt 0 1
vt 0 0.625
vt 0 0.625
vt 0 1
vt 0 1
vt 0 0.625
vt 0 0.625
vn 0.9999999999999999 0 0
vn 0 0.04361938736533118 0.9990482215818579
vn -0.9999999999999999 0 0
vn 0 -0.04361938736533118 -0.9990482215818579
vn 0 0.9990482215818579 -0.04361938736533137
vn 0 -0.9990482215818579 0.04361938736533137
g Flower
f 84/244/61 87/243/61 85/242/61 82/241/61
f 83/248/62 84/247/62 82/246/62 81/245/62
f 88/252/63 83/251/63 81/250/63 86/249/63
f 87/256/64 88/255/64 86/254/64 85/253/64
f 86/260/65 81/259/65 82/258/65 85/257/65
f 87/264/66 84/263/66 83/262/66 88/261/66
