# Made in Blockbench 4.9.3

o cube
v 0.15093749999999995 0.17296343244952128 0.15213053628067807
v 0.15093749999999995 0.0018966184492237304 0.020866353150672645
v 0.15093749999999995 0.17296343244952128 0.15213053628067807
v 0.15093749999999995 0.0018966184492237304 0.020866353150672645
v -0.12937500000000002 0.0018966184492237304 0.020866353150672645
v -0.12937500000000002 0.17296343244952128 0.15213053628067807
v -0.12937500000000002 0.0018966184492237304 0.020866353150672645
v -0.12937500000000002 0.17296343244952128 0.15213053628067807
vt 0 1
vt 0.1875 1
vt 0.1875 1
vt 0 1
vt 0 1
vt 0.15625 1
vt 0.15625 1
vt 0 1
vt 0 1
vt 0.1875 1
vt 0.1875 1
vt 0 1
vt 0 1
vt 0.15625 1
vt 0.15625 1
vt 0 1
vt 0 1
vt 0 1
vt 0 1
vt 0 1
vt 0.28125 0.28125
vt 0.6875 0.28125
vt 0.6875 0
vt 0.28125 0
vn 0 -0.7933533402912352 -0.6087614290087207
vn 1 0 0
vn 0 0.7933533402912352 0.6087614290087207
vn -1 0 0
vn 0 0.6087614290087207 -0.7933533402912352
vn 0 -0.6087614290087207 0.7933533402912352
g Frond
f 4/4/1 7/3/1 5/2/1 2/1/1
f 3/8/2 4/7/2 2/6/2 1/5/2
f 8/12/3 3/11/3 1/10/3 6/9/3
f 7/16/4 8/15/4 6/14/4 5/13/4
f 6/20/5 1/19/5 2/18/5 5/17/5
f 7/24/6 4/23/6 3/22/6 8/21/6
o cube
v 0.15093749999999995 0.3115577279578756 0.31730237618076684
v 0.15093749999999995 0.17295664961921564 0.15212404313323724
v 0.15093749999999995 0.3115577279578756 0.31730237618076684
v 0.15093749999999995 0.17295664961921564 0.15212404313323724
v -0.12937500000000002 0.17295664961921564 0.15212404313323724
v -0.12937500000000002 0.3115577279578756 0.31730237618076684
v -0.12937500000000002 0.17295664961921564 0.15212404313323724
v -0.12937500000000002 0.3115577279578756 0.31730237618076684
vt 0 1
vt 0.1875 1
vt 0.1875 1
vt 0 1
vt 0 1
vt 0.15625 1
vt 0.15625 1
vt 0 1
vt 0 1
vt 0.1875 1
vt 0.1875 1
vt 0 1
vt 0 1
vt 0.15625 1
vt 0.15625 1
vt 0 1
vt 0 1
vt 0 1
vt 0 1
vt 0 1
vt 0.28125 0.5625
vt 0.6875 0.5625
vt 0.6875 0.28125
vt 0.28125 0.28125
vn 0 -0.6427876096865394 -0.766044443118978
vn 1 0 0
vn 0 0.6427876096865394 0.766044443118978
vn -1 0 0
vn 0 0.766044443118978 -0.6427876096865394
vn 0 -0.766044443118978 0.6427876096865394
g Frond
f 12/28/7 15/27/7 13/26/7 10/25/7
f 11/32/8 12/31/8 10/30/8 9/29/8
f 16/36/9 11/35/9 9/34/9 14/33/9
f 15/40/10 16/39/10 14/38/10 13/37/10
f 14/44/11 9/43/11 10/42/11 13/41/11
f 15/48/12 12/47/12 11/46/12 16/45/12
o cube
v 0.15093749999999995 0.392470500143152 0.6192885641613242
v 0.15093749999999995 0.311549108072817 0.3172858175356328
v 0.15093749999999995 0.392470500143152 0.6192885641613242
v 0.15093749999999995 0.311549108072817 0.3172858175356328
v -0.12937500000000002 0.311549108072817 0.3172858175356328
v -0.12937500000000002 0.392470500143152 0.6192885641613242
v -0.12937500000000002 0.311549108072817 0.3172858175356328
v -0.12937500000000002 0.392470500143152 0.6192885641613242
vt 0 1
vt 0.1875 1
vt 0.1875 1
vt 0 1
vt 0 1
vt 0.15625 1
vt 0.15625 1
vt 0 1
vt 0 1
vt 0.1875 1
vt 0.1875 1
vt 0 1
vt 0 1
vt 0.15625 1
vt 0.15625 1
vt 0 1
vt 0 1
vt 0.0625 1
vt 0.0625 0.90625
vt 0 0.90625
vt 0.28125 1
vt 0.6875 1
vt 0.6875 0.5625
vt 0.28125 0.5625
vn 0 -0.25881904510252074 -0.9659258262890683
vn 1 0 0
vn 0 0.25881904510252074 0.9659258262890683
vn -1 0 0
vn 0 0.9659258262890683 -0.25881904510252074
vn 0 -0.9659258262890683 0.25881904510252074
g Frond
f 20/52/13 23/51/13 21/50/13 18/49/13
f 19/56/14 20/55/14 18/54/14 17/53/14
f 24/60/15 19/59/15 17/58/15 22/57/15
f 23/64/16 24/63/16 22/62/16 21/61/16
f 22/68/17 17/67/17 18/66/17 21/65/17
f 23/72/18 20/71/18 19/70/18 24/69/18
o cube
v -0.5384735579741429 0.4451504443422335 0.2717078486658355
v -0.25163703838972296 0.33821570890556707 0.20811772322289224
v -0.5384735579741429 0.4451504443422335 0.2717078486658355
v -0.25163703838972296 0.33821570890556707 0.20811772322289224
v -0.3123077676717476 0.3382157089055672 -0.06555025127291403
v -0.5991442872561675 0.4451504443422336 -0.0019601258299706825
v -0.3123077676717476 0.3382157089055672 -0.06555025127291403
v -0.5991442872561675 0.4451504443422336 -0.0019601258299706825
vt 0 1
vt 0.1875 1
vt 0.1875 1
vt 0 1
vt 0 1
vt 0.15625 1
vt 0.15625 1
vt 0 1
vt 0 1
vt 0.1875 1
vt 0.1875 1
vt 0 1
vt 0 1
vt 0.15625 1
vt 0.15625 1
vt 0 1
vt 0 1
vt 0.0625 1
vt 0.0625 0.90625
vt 0 0.90625
vt 0.28125 1
vt 0.6875 1
vt 0.6875 0.5625
vt 0.28125 0.5625
vn 0.9174181535933473 -0.3420201433256699 -0.20338670806338696
vn 0.21643961393810374 0 0.9762960071199331
vn -0.9174181535933473 0.3420201433256699 0.20338670806338696
vn -0.21643961393810374 0 -0.9762960071199331
vn 0.33391290028343873 0.939692620785908 -0.07402670778046253
vn -0.33391290028343873 -0.939692620785908 0.07402670778046253
g Frond
f 28/76/19 31/75/19 29/74/19 26/73/19
f 27/80/20 28/79/20 26/78/20 25/77/20
f 32/84/21 27/83/21 25/82/21 30/81/21
f 31/88/22 32/87/22 30/86/22 29/85/22
f 30/92/23 25/91/23 26/90/23 29/89/23
f 31/96/24 28/95/24 27/94/24 32/93/24
o cube
v -0.2516524095474836 0.33822573917037624 0.2081211309265264
v -0.10279665527089016 0.18575583947702679 0.17512060469971646
v -0.2516524095474836 0.33822573917037624 0.2081211309265264
v -0.10279665527089016 0.18575583947702679 0.17512060469971646
v -0.16346738455291487 0.1857558394770269 -0.09854736979608975
v -0.31232313882950824 0.33822573917037635 -0.06554684356927987
v -0.16346738455291487 0.1857558394770269 -0.09854736979608975
v -0.31232313882950824 0.33822573917037635 -0.06554684356927987
vt 0 1
vt 0.1875 1
vt 0.1875 1
vt 0 1
vt 0 1
vt 0.15625 1
vt 0.15625 1
vt 0 1
vt 0 1
vt 0.1875 1
vt 0.1875 1
vt 0 1
vt 0 1
vt 0.15625 1
vt 0.15625 1
vt 0 1
vt 0 1
vt 0 1
vt 0 1
vt 0 1
vt 0.28125 0.5625
vt 0.6875 0.5625
vt 0.6875 0.28125
vt 0.28125 0.28125
vn 0.6903455270798537 -0.7071067811865485 -0.15304591873303167
vn 0.21643961393810374 0 0.9762960071199331
vn -0.6903455270798537 0.7071067811865485 0.15304591873303167
vn -0.21643961393810374 0 -0.9762960071199331
vn 0.6903455270798556 0.7071067811865467 -0.15304591873303147
vn -0.6903455270798556 -0.7071067811865467 0.15304591873303147
g Frond
f 36/100/25 39/99/25 37/98/25 34/97/25
f 35/104/26 36/103/26 34/102/26 33/101/26
f 40/108/27 35/107/27 33/106/27 38/105/27
f 39/112/28 40/111/28 38/110/28 37/109/28
f 38/116/29 33/115/29 34/114/29 37/113/29
f 39/120/30 36/119/30 35/118/30 40/117/30
o cube
v -0.10280239323241236 0.18576316241170332 0.17512187677516045
v 0.010306603316560636 0.003906881908299686 0.1500462159433542
v -0.10280239323241236 0.18576316241170332 0.17512187677516045
v 0.010306603316560636 0.003906881908299686 0.1500462159433542
v -0.05036412596546408 0.003906881908299797 -0.12362175855245205
v -0.16347312251443713 0.18576316241170343 -0.09854609772064582
v -0.05036412596546408 0.003906881908299797 -0.12362175855245205
v -0.16347312251443713 0.18576316241170343 -0.09854609772064582
vt 0 1
vt 0.1875 1
vt 0.1875 1
vt 0 1
vt 0 1
vt 0.15625 1
vt 0.15625 1
vt 0 1
vt 0 1
vt 0.1875 1
vt 0.1875 1
vt 0 1
vt 0 1
vt 0.15625 1
vt 0.15625 1
vt 0 1
vt 0 1
vt 0 1
vt 0 1
vt 0 1
vt 0.28125 0.28125
vt 0.6875 0.28125
vt 0.6875 0
vt 0.28125 0
vn 0.524563462256107 -0.8433914458128865 -0.11629291979968101
vn 0.21643961393810376 0 0.9762960071199331
vn -0.524563462256107 0.8433914458128865 0.11629291979968101
vn -0.21643961393810376 0 -0.9762960071199331
vn 0.8233997009862285 0.5372996083468228 -0.18254331893044007
vn -0.8233997009862285 -0.5372996083468228 0.18254331893044007
g Frond
f 44/124/31 47/123/31 45/122/31 42/121/31
f 43/128/32 44/127/32 42/126/32 41/125/32
f 48/132/33 43/131/33 41/130/33 46/129/33
f 47/136/34 48/135/34 46/134/34 45/133/34
f 46/140/35 41/139/35 42/138/35 45/137/35
f 47/144/36 44/143/36 43/142/36 48/141/36
o cube
v -0.06624163132357808 0.37334666360125346 0.27742843659103467
v 0.026576162694561423 0.2022798496009559 0.18461064257289517
v -0.06624163132357808 0.37334666360125346 0.27742843659103467
v 0.026576162694561423 0.2022798496009559 0.18461064257289517
v -0.17163470690679272 0.2022798496009559 -0.013600227028458922
v -0.2644525009249322 0.37334666360125357 0.07921756698968063
v -0.17163470690679272 0.2022798496009559 -0.013600227028458922
v -0.2644525009249322 0.37334666360125357 0.07921756698968063
vt 0 1
vt 0.1875 1
vt 0.1875 1
vt 0 1
vt 0 1
vt 0.15625 1
vt 0.15625 1
vt 0 1
vt 0 1
vt 0.1875 1
vt 0.1875 1
vt 0 1
vt 0 1
vt 0.15625 1
vt 0.15625 1
vt 0 1
vt 0 1
vt 0 1
vt 0 1
vt 0 1
vt 0.28125 0.5625
vt 0.6875 0.5625
vt 0.6875 0.28125
vt 0.28125 0.28125
vn 0.43045933457687907 -0.7933533402912355 -0.4304593345768795
vn 0.7071067811865477 0 0.7071067811865475
vn -0.43045933457687907 0.7933533402912355 0.4304593345768795
vn -0.7071067811865477 0 -0.7071067811865475
vn 0.5609855267969313 0.6087614290087202 -0.5609855267969313
vn -0.5609855267969313 -0.6087614290087202 0.5609855267969313
g Frond
f 52/148/37 55/147/37 53/146/37 50/145/37
f 51/152/38 52/151/38 50/150/38 49/149/38
f 56/156/39 51/155/39 49/154/39 54/153/39
f 55/160/40 56/159/40 54/158/40 53/157/40
f 54/164/41 49/163/41 50/162/41 53/161/41
f 55/168/42 52/167/42 51/166/42 56/165/42
o cube
v 0.02657271826376484 0.2022878770254255 0.18461408700369175
v 0.09100928223994675 0.006865260445647947 0.12017752302750973
v 0.02657271826376484 0.2022878770254255 0.18461408700369175
v 0.09100928223994675 0.006865260445647947 0.12017752302750973
v -0.10720158736140734 0.006865260445647947 -0.07803334657384431
v -0.1716381513375893 0.2022878770254256 -0.013596782597662227
v -0.10720158736140734 0.006865260445647947 -0.07803334657384431
v -0.1716381513375893 0.2022878770254256 -0.013596782597662227
vt 0 1
vt 0.1875 1
vt 0.1875 1
vt 0 1
vt 0 1
vt 0.15625 1
vt 0.15625 1
vt 0 1
vt 0 1
vt 0.1875 1
vt 0.1875 1
vt 0 1
vt 0 1
vt 0.15625 1
vt 0.15625 1
vt 0 1
vt 0 1
vt 0 1
vt 0 1
vt 0 1
vt 0.28125 0.28125
vt 0.6875 0.28125
vt 0.6875 0
vt 0.28125 0
vn 0.2988362387301194 -0.9063077870366503 -0.29883623873011983
vn 0.7071067811865477 0 0.7071067811865475
vn -0.2988362387301194 0.9063077870366503 0.29883623873011983
vn -0.7071067811865477 0 -0.7071067811865475
vn 0.6408563820557887 0.4226182617406991 -0.6408563820557888
vn -0.6408563820557887 -0.4226182617406991 0.6408563820557888
g Frond
f 60/172/43 63/171/43 61/170/43 58/169/43
f 59/176/44 60/175/44 58/174/44 57/173/44
f 64/180/45 59/179/45 57/178/45 62/177/45
f 63/184/46 64/183/46 62/182/46 61/181/46
f 62/188/47 57/187/47 58/186/47 61/185/47
f 63/192/48 60/191/48 59/190/48 64/189/48
o cube
v -0.26233307587951993 0.5177032539518949 0.47351988114697663
v -0.06623151937520344 0.3733346640951287 0.27741832464266014
v -0.26233307587951993 0.5177032539518949 0.47351988114697663
v -0.06623151937520344 0.3733346640951287 0.27741832464266014
v -0.2644423889765576 0.3733346640951287 0.07920745504130611
v -0.46054394548087413 0.5177032539518949 0.2753090115456226
v -0.2644423889765576 0.3733346640951287 0.07920745504130611
v -0.46054394548087413 0.5177032539518949 0.2753090115456226
vt 0 1
vt 0.1875 1
vt 0.1875 1
vt 0 1
vt 0 1
vt 0.15625 1
vt 0.15625 1
vt 0 1
vt 0 1
vt 0.1875 1
vt 0.1875 1
vt 0 1
vt 0 1
vt 0.15625 1
vt 0.15625 1
vt 0 1
vt 0 1
vt 0.0625 1
vt 0.0625 0.90625
vt 0 0.90625
vt 0.28125 1
vt 0.6875 1
vt 0.6875 0.5625
vt 0.28125 0.5625
vn 0.6272113751262497 -0.46174861323503424 -0.6272113751262502
vn 0.7071067811865477 0 0.7071067811865474
vn -0.6272113751262497 0.46174861323503424 0.6272113751262502
vn -0.7071067811865477 0 -0.7071067811865474
vn 0.3265055756219773 0.8870108331782216 -0.32650557562197713
vn -0.3265055756219773 -0.8870108331782216 0.32650557562197713
g Frond
f 68/196/49 71/195/49 69/194/49 66/193/49
f 67/200/50 68/199/50 66/198/50 65/197/50
f 72/204/51 67/203/51 65/202/51 70/201/51
f 71/208/52 72/207/52 70/206/52 69/205/52
f 70/212/53 65/211/53 66/210/53 69/209/53
f 71/216/54 68/215/54 67/214/54 72/213/54
o cube
v 0.33111267058192273 0.325201022085428 -0.08346733169361609
v 0.1759055971923158 0.17952688356830115 -0.11787591146852316
v 0.33111267058192273 0.325201022085428 -0.08346733169361609
v 0.1759055971923158 0.17952688356830115 -0.11787591146852316
v 0.11523486791029103 0.17952688356830104 0.1557920630272831
v 0.27044194129989796 0.325201022085428 0.19020064280219018
v 0.11523486791029103 0.17952688356830104 0.1557920630272831
v 0.27044194129989796 0.325201022085428 0.19020064280219018
vt 0 1
vt 0.1875 1
vt 0.1875 1
vt 0 1
vt 0 1
vt 0.15625 1
vt 0.15625 1
vt 0 1
vt 0 1
vt 0.1875 1
vt 0.1875 1
vt 0 1
vt 0 1
vt 0.15625 1
vt 0.15625 1
vt 0 1
vt 0 1
vt 0 1
vt 0 1
vt 0 1
vt 0.28125 0.5625
vt 0.6875 0.5625
vt 0.6875 0.28125
vt 0.28125 0.28125
vn -0.7198009200677417 -0.6755902076156609 -0.1595760221444968
vn 0.21643961393810413 0 -0.9762960071199331
vn 0.7198009200677417 0.6755902076156609 0.1595760221444968
vn -0.21643961393810413 0 0.9762960071199331
vn -0.6595760221444965 0.7372773368101236 -0.14622448371669708
vn 0.6595760221444965 -0.7372773368101236 0.14622448371669708
g Frond
f 76/220/55 79/219/55 77/218/55 74/217/55
f 75/224/56 76/223/56 74/222/56 73/221/56
f 80/228/57 75/227/57 73/226/57 78/225/57
f 79/232/58 80/231/58 78/230/58 77/229/58
f 78/236/59 73/235/59 74/234/59 77/233/59
f 79/240/60 76/239/60 75/238/60 80/237/60
o cube
v 0.17591164154291938 0.17953394316996873 -0.1178745714682552
v 0.05516587111621685 0.002904283620154713 -0.1446432643085651
v 0.17591164154291938 0.17953394316996873 -0.1178745714682552
v 0.05516587111621685 0.002904283620154713 -0.1446432643085651
v -0.005504858165807924 0.002904283620154713 0.12902471018724115
v 0.11524091226089461 0.17953394316996862 0.15579340302755096
v -0.005504858165807924 0.002904283620154713 0.12902471018724115
v 0.11524091226089461 0.17953394316996862 0.15579340302755096
vt 0 1
vt 0.1875 1
vt 0.1875 1
vt 0 1
vt 0 1
vt 0.15625 1
vt 0.15625 1
vt 0 1
vt 0 1
vt 0.1875 1
vt 0.1875 1
vt 0 1
vt 0 1
vt 0.15625 1
vt 0.15625 1
vt 0 1
vt 0 1
vt 0 1
vt 0 1
vt 0 1
vt 0.28125 0.28125
vt 0.6875 0.28125
vt 0.6875 0
vt 0.28125 0
vn -0.5599803845876061 -0.8191520442889922 -0.12414466244781397
vn 0.21643961393810413 0 -0.9762960071199331
vn 0.5599803845876061 0.8191520442889922 0.12414466244781397
vn -0.21643961393810413 0 0.9762960071199331
vn -0.7997348700634739 0.5735764363510455 -0.17729695222251812
vn 0.7997348700634739 -0.5735764363510455 0.17729695222251812
g Frond
f 84/244/61 87/243/61 85/242/61 82/241/61
f 83/248/62 84/247/62 82/246/62 81/245/62
f 88/252/63 83/251/63 81/250/63 86/249/63
f 87/256/64 88/255/64 86/254/64 85/253/64
f 86/260/65 81/259/65 82/258/65 85/257/65
f 87/264/66 84/263/66 83/262/66 88/261/66
o cube
v 0.6222142637745336 0.4192092357528916 -0.018931662195957488
v 0.331096886910921 0.32519168812663346 -0.08347083084923407
v 0.6222142637745336 0.4192092357528916 -0.018931662195957488
v 0.331096886910921 0.32519168812663346 -0.08347083084923407
v 0.2657591784533557 0.32519168812663346 0.21124852630009583
v 0.5568765553169683 0.4192092357528916 0.2757876949533724
v 0.2657591784533557 0.32519168812663346 0.21124852630009583
v 0.5568765553169683 0.4192092357528916 0.2757876949533724
vt 0 1
vt 0.1875 1
vt 0.1875 1
vt 0 1
vt 0 1
vt 0.15625 1
vt 0.15625 1
vt 0 1
vt 0 1
vt 0.1875 1
vt 0.1875 1
vt 0 1
vt 0 1
vt 0.15625 1
vt 0.15625 1
vt 0 1
vt 0 1
vt 0.0625 1
vt 0.0625 0.90625
vt 0 0.90625
vt 0.28125 1
vt 0.6875 1
vt 0.6875 0.5625
vt 0.28125 0.5625
vn -0.9311100509380916 -0.30070579950427384 -0.20642212862617207
vn 0.21643961393810413 0 -0.9762960071199333
vn 0.9311100509380916 0.30070579950427384 0.20642212862617207
vn -0.21643961393810413 0 0.9762960071199333
vn -0.29357787137382996 0.9537169507482267 -0.06508464715365378
vn 0.29357787137382996 -0.9537169507482267 0.06508464715365378
g Frond
f 92/268/67 95/267/67 93/266/67 90/265/67
f 91/272/68 92/271/68 90/270/68 89/269/68
f 96/276/69 91/275/69 89/274/69 94/273/69
f 95/280/70 96/279/70 94/278/70 93/277/70
f 94/284/71 89/283/71 90/282/71 93/281/71
f 95/288/72 92/287/72 91/286/72 96/285/72
o cube
v -0.30694055109435936 0.3115577279578772 -0.1774760898229103
v -0.21219815146255194 0.17295664961921653 -0.04216992063477876
v -0.30694055109435936 0.3115577279578772 -0.1774760898229103
v -0.21219815146255194 0.17295664961921653 -0.04216992063477876
v 0.017420405952206508 0.1729566496192162 -0.2029505654494308
v -0.07732199367960102 0.31155772795787695 -0.3382567346375624
v 0.017420405952206508 0.1729566496192162 -0.2029505654494308
v -0.07732199367960102 0.31155772795787695 -0.3382567346375624
vt 0 1
vt 0.1875 1
vt 0.1875 1
vt 0 1
vt 0 1
vt 0.15625 1
vt 0.15625 1
vt 0 1
vt 0 1
vt 0.1875 1
vt 0.1875 1
vt 0 1
vt 0 1
vt 0.15625 1
vt 0.15625 1
vt 0 1
vt 0 1
vt 0 1
vt 0 1
vt 0 1
vt 0.28125 0.5625
vt 0.6875 0.5625
vt 0.6875 0.28125
vt 0.28125 0.28125
vn 0.4393850417707014 -0.6427876096865428 0.6275068715971323
vn -0.8191520442889934 0 0.5735764363510442
vn -0.4393850417707014 0.6427876096865428 -0.6275068715971323
vn 0.8191520442889934 0 -0.5735764363510442
vn 0.3686878264946136 0.7660444431189752 0.5265407845183665
vn -0.3686878264946136 -0.7660444431189752 -0.5265407845183665
g Frond
f 100/292/73 103/291/73 101/290/73 98/289/73
f 99/296/74 100/295/74 98/294/74 97/293/74
f 104/300/75 99/299/75 97/298/75 102/297/75
f 103/304/76 104/303/76 102/302/76 101/301/76
f 102/308/77 97/307/77 98/306/77 101/305/77
f 103/312/78 100/311/78 99/310/78 104/309/78
o cube
v -0.2122018757789217 0.17296343244952217 -0.042175239509778695
v -0.1369118333986829 0.0018966184492239524 0.06535008444308943
v -0.2122018757789217 0.17296343244952217 -0.042175239509778695
v -0.1369118333986829 0.0018966184492239524 0.06535008444308943
v 0.09270672401607549 0.0018966184492237304 -0.09543056037156261
v 0.01741668163583676 0.17296343244952195 -0.20295588432443074
v 0.09270672401607549 0.0018966184492237304 -0.09543056037156261
v 0.01741668163583676 0.17296343244952195 -0.20295588432443074
vt 0 1
vt 0.1875 1
vt 0.1875 1
vt 0 1
vt 0 1
vt 0.15625 1
vt 0.15625 1
vt 0 1
vt 0 1
vt 0.1875 1
vt 0.1875 1
vt 0 1
vt 0 1
vt 0.15625 1
vt 0.15625 1
vt 0 1
vt 0 1
vt 0 1
vt 0 1
vt 0 1
vt 0.28125 0.28125
vt 0.6875 0.28125
vt 0.6875 0
vt 0.28125 0
vn 0.3491712110387885 -0.7933533402912379 0.4986681690567799
vn -0.8191520442889931 0 0.5735764363510442
vn -0.3491712110387885 0.7933533402912379 -0.4986681690567799
vn 0.8191520442889931 0 -0.5735764363510442
vn 0.4550487816914459 0.6087614290087172 0.6498770105430685
vn -0.4550487816914459 -0.6087614290087172 -0.6498770105430685
g Frond
f 108/316/79 111/315/79 109/314/79 106/313/79
f 107/320/80 108/319/80 106/318/80 105/317/80
f 112/324/81 107/323/81 105/322/81 110/321/81
f 111/328/82 112/327/82 110/326/82 109/325/82
f 110/332/83 105/331/83 106/330/83 109/329/83
f 111/336/84 108/335/84 107/334/84 112/333/84
o cube
v -0.4801527126234837 0.3924705001431549 -0.4248486930542238
v -0.3069310534456926 0.31154910807281855 -0.17746252577489802
v -0.4801527126234837 0.3924705001431549 -0.4248486930542238
v -0.3069310534456926 0.31154910807281855 -0.17746252577489802
v -0.07731249603093421 0.3115491080728183 -0.33824317058955006
v -0.25053415520872535 0.39247050014315454 -0.5856293378688758
v -0.07731249603093421 0.3115491080728183 -0.33824317058955006
v -0.25053415520872535 0.39247050014315454 -0.5856293378688758
vt 0 1
vt 0.1875 1
vt 0.1875 1
vt 0 1
vt 0 1
vt 0.15625 1
vt 0.15625 1
vt 0 1
vt 0 1
vt 0.1875 1
vt 0.1875 1
vt 0 1
vt 0 1
vt 0.15625 1
vt 0.15625 1
vt 0 1
vt 0 1
vt 0.0625 1
vt 0.0625 0.90625
vt 0 0.90625
vt 0.28125 1
vt 0.6875 1
vt 0.6875 0.5625
vt 0.28125 0.5625
vn 0.5540322932223206 -0.25881904510252507 0.7912401152362244
vn -0.8191520442889931 0 0.5735764363510442
vn -0.5540322932223206 0.25881904510252507 -0.7912401152362244
vn 0.8191520442889931 0 -0.5735764363510442
vn 0.1484525055496872 0.9659258262890672 0.212012149896658
vn -0.1484525055496872 -0.9659258262890672 -0.212012149896658
g Frond
f 116/340/85 119/339/85 117/338/85 114/337/85
f 115/344/86 116/343/86 114/342/86 113/341/86
f 120/348/87 115/347/87 113/346/87 118/345/87
f 119/352/88 120/351/88 118/350/88 117/349/88
f 118/356/89 113/355/89 114/354/89 117/353/89
f 119/360/90 116/359/90 115/358/90 120/357/90
o cube
v -0.0026486021636623613 0.2671816798919241 -0.39029545806044114
v -0.07224198778385349 0.1513264518421389 -0.2222821626447164
v -0.0026486021636623613 0.2671816798919241 -0.39029545806044114
v -0.07224198778385349 0.1513264518421389 -0.2222821626447164
v 0.18673299367321627 0.15132645184213867 -0.1150112130098766
v 0.2563263792934074 0.2671816798919239 -0.28302450842560134
v 0.18673299367321627 0.15132645184213867 -0.1150112130098766
v 0.2563263792934074 0.2671816798919239 -0.28302450842560134
vt 0 1
vt 0.1875 1
vt 0.1875 1
vt 0 1
vt 0 1
vt 0.15625 1
vt 0.15625 1
vt 0 1
vt 0 1
vt 0.1875 1
vt 0.1875 1
vt 0 1
vt 0 1
vt 0.15625 1
vt 0.15625 1
vt 0 1
vt 0 1
vt 0 1
vt 0 1
vt 0 1
vt 0.28125 0.5625
vt 0.6875 0.5625
vt 0.6875 0.28125
vt 0.28125 0.28125
vn -0.3227519333110316 -0.5372996083468303 0.7791920946816224
vn -0.923879532511286 0 -0.38268343236509206
vn 0.3227519333110316 0.5372996083468303 -0.7791920946816224
vn 0.923879532511286 0 0.38268343236509206
vn -0.205615658330584 0.8433914458128816 0.496400110977967
vn 0.205615658330584 -0.8433914458128816 -0.496400110977967
g Frond
f 124/364/91 127/363/91 125/362/91 122/361/91
f 123/368/92 124/367/92 122/366/92 121/365/92
f 128/372/93 123/371/93 121/370/93 126/369/93
f 127/376/94 128/375/94 126/374/94 125/373/94
f 126/380/95 121/379/95 122/378/95 125/377/95
f 127/384/96 124/383/96 123/382/96 128/381/96
o cube
v -0.0722391854180765 0.15133232911857997 -0.22228892815418194
v -0.13058688996508838 -0.0011375705747703746 -0.08142510850344897
v -0.0722391854180765 0.15133232911857997 -0.22228892815418194
v -0.13058688996508838 -0.0011375705747703746 -0.08142510850344897
v 0.12838809149198127 -0.0011375705747706522 0.02584584113139088
v 0.18673579603899326 0.15133232911857974 -0.11501797851934215
v 0.12838809149198127 -0.0011375705747706522 0.02584584113139088
v 0.18673579603899326 0.15133232911857974 -0.11501797851934215
vt 0 1
vt 0.1875 1
vt 0.1875 1
vt 0 1
vt 0 1
vt 0.15625 1
vt 0.15625 1
vt 0 1
vt 0 1
vt 0.1875 1
vt 0.1875 1
vt 0 1
vt 0 1
vt 0.15625 1
vt 0.15625 1
vt 0 1
vt 0 1
vt 0 1
vt 0 1
vt 0 1
vt 0.28125 0.28125
vt 0.6875 0.28125
vt 0.6875 0
vt 0.28125 0
vn -0.2705980500730986 -0.707106781186553 0.6532814824381825
vn -0.9238795325112859 0 -0.382683432365092
vn 0.2705980500730986 0.707106781186553 -0.6532814824381825
vn 0.9238795325112859 0 0.382683432365092
vn -0.2705980500731016 0.707106781186542 0.653281482438193
vn 0.2705980500731016 -0.707106781186542 -0.653281482438193
g Frond
f 132/388/97 135/387/97 133/386/97 130/385/97
f 131/392/98 132/391/98 130/390/98 129/389/98
f 136/396/99 131/395/99 129/394/99 134/393/99
f 135/400/100 136/399/100 134/398/100 133/397/100
f 134/404/101 129/403/101 130/402/101 133/401/101
f 135/408/102 132/407/102 131/406/102 136/405/102
o cube
v 0.11596944329878167 0.3079851248743777 -0.6766647521580598
v -0.0026553152363864574 0.2671752950880748 -0.39027925126922547
v 0.11596944329878167 0.3079851248743777 -0.6766647521580598
v -0.0026553152363864574 0.2671752950880748 -0.39027925126922547
v 0.25631966622068325 0.2671752950880746 -0.2830083016343856
v 0.3749444247558513 0.30798512487437735 -0.5693938025232199
v 0.25631966622068325 0.2671752950880746 -0.2830083016343856
v 0.3749444247558513 0.30798512487437735 -0.5693938025232199
vt 0 1
vt 0.1875 1
vt 0.1875 1
vt 0 1
vt 0 1
vt 0.15625 1
vt 0.15625 1
vt 0 1
vt 0 1
vt 0.1875 1
vt 0.1875 1
vt 0 1
vt 0 1
vt 0.15625 1
vt 0.15625 1
vt 0 1
vt 0 1
vt 0.0625 1
vt 0.0625 0.90625
vt 0 0.90625
vt 0.28125 1
vt 0.6875 1
vt 0.6875 0.5625
vt 0.28125 0.5625
vn -0.3794095225512623 -0.13052619222005926 0.9159756150367516
vn -0.9238795325112859 0 -0.382683432365092
vn 0.3794095225512623 0.13052619222005926 -0.9159756150367516
vn 0.9238795325112859 0 0.382683432365092
vn -0.04995021125231718 0.9914448613738096 0.12059047744874686
vn 0.04995021125231718 -0.9914448613738096 -0.12059047744874686
g Frond
f 140/412/103 143/411/103 141/410/103 138/409/103
f 139/416/104 140/415/104 138/414/104 137/413/104
f 144/420/105 139/419/105 137/418/105 142/417/105
f 143/424/106 144/423/106 142/422/106 141/421/106
f 142/428/107 137/427/107 138/426/107 141/425/107
f 143/432/108 140/431/108 139/430/108 144/429/108
o cube
v 0.11128729246729263 0.38366160844739583 -0.2521338193370227
v 0.006978815168095065 0.20703194889758114 -0.1856819904995911
v 0.11128729246729263 0.38366160844739583 -0.2521338193370227
v 0.006978815168095065 0.20703194889758114 -0.1856819904995911
v 0.1575906116328134 0.20703194889758092 0.05073117415483375
v 0.26189908893201097 0.3836616084473956 -0.015720654682597923
v 0.1575906116328134 0.20703194889758092 0.05073117415483375
v 0.26189908893201097 0.3836616084473956 -0.015720654682597923
vt 0 1
vt 0.1875 1
vt 0.1875 1
vt 0 1
vt 0 1
vt 0.15625 1
vt 0.15625 1
vt 0 1
vt 0 1
vt 0.1875 1
vt 0.1875 1
vt 0 1
vt 0 1
vt 0.15625 1
vt 0.15625 1
vt 0 1
vt 0 1
vt 0 1
vt 0 1
vt 0 1
vt 0.28125 0.5625
vt 0.6875 0.5625
vt 0.6875 0.28125
vt 0.28125 0.28125
vn -0.48374945993830804 -0.8191520442889956 0.3081823946083792
vn -0.5372996083468216 0 -0.8433914458128872
vn 0.48374945993830804 0.8191520442889956 -0.3081823946083792
vn 0.5372996083468216 0 0.8433914458128872
vn -0.6908658269734781 0.5735764363510406 0.440130072572976
vn 0.6908658269734781 -0.5735764363510406 -0.440130072572976
g Frond
f 148/436/109 151/435/109 149/434/109 146/433/109
f 147/440/110 148/439/110 146/438/110 145/437/110
f 152/444/111 147/443/111 145/442/111 150/441/111
f 151/448/112 152/447/112 150/446/112 149/445/112
f 150/452/113 145/451/113 146/450/113 149/449/113
f 151/456/114 148/455/114 147/454/114 152/453/114
o cube
v 0.006982624238570878 0.207040181158769 -0.18568441714511252
v -0.0626107613816192 0.007828656961022307 -0.14134854081758214
v 0.006982624238570878 0.207040181158769 -0.18568441714511252
v -0.0626107613816192 0.007828656961022307 -0.14134854081758214
v 0.0880010350830992 0.007828656961022085 0.09506462383684267
v 0.15759442070328922 0.20704018115876877 0.05072874750931233
v 0.0880010350830992 0.007828656961022085 0.09506462383684267
v 0.15759442070328922 0.20704018115876877 0.05072874750931233
vt 0 1
vt 0.1875 1
vt 0.1875 1
vt 0 1
vt 0 1
vt 0.15625 1
vt 0.15625 1
vt 0 1
vt 0 1
vt 0.1875 1
vt 0.1875 1
vt 0 1
vt 0 1
vt 0.15625 1
vt 0.15625 1
vt 0 1
vt 0 1
vt 0 1
vt 0 1
vt 0 1
vt 0.28125 0.28125
vt 0.6875 0.28125
vt 0.6875 0
vt 0.28125 0
vn -0.3227519333110266 -0.9238795325112894 0.20561565833057618
vn -0.5372996083468216 0 -0.8433914458128872
vn 0.3227519333110266 0.9238795325112894 -0.20561565833057618
vn 0.5372996083468216 0 0.8433914458128872
vn -0.7791920946816305 0.38268343236508345 0.49640011097796055
vn 0.7791920946816305 -0.38268343236508345 -0.49640011097796055
g Frond
f 156/460/115 159/459/115 157/458/115 154/457/115
f 155/464/116 156/463/116 154/462/116 153/461/116
f 160/468/117 155/467/117 153/466/117 158/465/117
f 159/472/118 160/471/118 158/470/118 157/469/118
f 158/476/119 153/475/119 154/474/119 157/473/119
f 159/480/120 156/479/120 155/478/120 160/477/120
o cube
v 0.3396393146988623 0.5399771215850779 -0.3976101016960063
v 0.11127568450600345 0.3836489965850761 -0.2521264242500969
v 0.3396393146988623 0.5399771215850779 -0.3976101016960063
v 0.11127568450600345 0.3836489965850761 -0.2521264242500969
v 0.2618874809707217 0.3836489965850759 -0.01571325959567199
v 0.4902511111635808 0.5399771215850777 -0.16119693704158145
v 0.2618874809707217 0.3836489965850759 -0.01571325959567199
v 0.4902511111635808 0.5399771215850777 -0.16119693704158145
vt 0 1
vt 0.1875 1
vt 0.1875 1
vt 0 1
vt 0 1
vt 0.15625 1
vt 0.15625 1
vt 0 1
vt 0 1
vt 0.1875 1
vt 0.1875 1
vt 0 1
vt 0 1
vt 0.15625 1
vt 0.15625 1
vt 0 1
vt 0 1
vt 0.0625 1
vt 0.0625 0.90625
vt 0 0.90625
vt 0.28125 1
vt 0.6875 1
vt 0.6875 0.5625
vt 0.28125 0.5625
vn -0.7303984174084446 -0.5000000000000059 0.46531511027177475
vn -0.5372996083468216 0 -0.8433914458128873
vn 0.7303984174084446 0.5000000000000059 -0.46531511027177475
vn 0.5372996083468216 0 0.8433914458128873
vn -0.42169572290644813 0.8660254037844354 0.26864980417341444
vn 0.42169572290644813 -0.8660254037844354 -0.26864980417341444
g Frond
f 164/484/121 167/483/121 165/482/121 162/481/121
f 163/488/122 164/487/122 162/486/122 161/485/122
f 168/492/123 163/491/123 161/490/123 166/489/123
f 167/496/124 168/495/124 166/494/124 165/493/124
f 166/500/125 161/499/125 162/498/125 165/497/125
f 167/504/126 164/503/126 163/502/126 168/501/126
o cube
v 0.3193701593620819 0.2671816798919209 0.21812099254419526
v 0.22165885107219307 0.15132645184213722 0.06474496120027617
v 0.3193701593620819 0.2671816798919209 0.21812099254419526
v 0.22165885107219307 0.15132645184213722 0.06474496120027617
v -0.014754313582231504 0.15132645184213744 0.21535675766499518
v 0.08295699470765738 0.2671816798919212 0.36873278900891426
v -0.014754313582231504 0.15132645184213744 0.21535675766499518
v 0.08295699470765738 0.2671816798919212 0.36873278900891426
vt 0 1
vt 0.1875 1
vt 0.1875 1
vt 0 1
vt 0 1
vt 0.15625 1
vt 0.15625 1
vt 0 1
vt 0 1
vt 0.1875 1
vt 0.1875 1
vt 0 1
vt 0 1
vt 0.15625 1
vt 0.15625 1
vt 0 1
vt 0 1
vt 0 1
vt 0 1
vt 0 1
vt 0.28125 0.5625
vt 0.6875 0.5625
vt 0.6875 0.28125
vt 0.28125 0.28125
vn -0.4531538935183255 -0.5372996083468234 -0.7113091308703497
vn 0.8433914458128858 0 -0.5372996083468239
vn 0.4531538935183255 0.5372996083468234 0.7113091308703497
vn -0.8433914458128858 0 0.5372996083468239
vn -0.2886908691296495 0.8433914458128862 -0.4531538935183251
vn 0.2886908691296495 -0.8433914458128862 0.4531538935183251
g Frond
f 172/508/127 175/507/127 173/506/127 170/505/127
f 171/512/128 172/511/128 170/510/128 169/509/128
f 176/516/129 171/515/129 169/514/129 174/513/129
f 175/520/130 176/519/130 174/518/130 173/517/130
f 174/524/131 169/523/131 170/522/131 173/521/131
f 175/528/132 172/527/132 171/526/132 176/525/132
o cube
v 0.22166278568212672 0.1513323291185784 0.06475113730074056
v 0.1397407682922105 -0.0011375705747708187 -0.06384067184457898
v 0.22166278568212672 0.1513323291185784 0.06475113730074056
v 0.1397407682922105 -0.0011375705747708187 -0.06384067184457898
v -0.09667239636221409 -0.0011375705747705966 0.08677112462014014
v -0.014750378972297862 0.15133232911857863 0.21536293376545967
v -0.09667239636221409 -0.0011375705747705966 0.08677112462014014
v -0.014750378972297862 0.15133232911857863 0.21536293376545967
vt 0 1
vt 0.1875 1
vt 0.1875 1
vt 0 1
vt 0 1
vt 0.15625 1
vt 0.15625 1
vt 0 1
vt 0 1
vt 0.1875 1
vt 0.1875 1
vt 0 1
vt 0 1
vt 0.15625 1
vt 0.15625 1
vt 0 1
vt 0 1
vt 0 1
vt 0 1
vt 0 1
vt 0.28125 0.28125
vt 0.6875 0.28125
vt 0.6875 0
vt 0.28125 0
vn -0.379928196590916 -0.7071067811865471 -0.5963678105290181
vn 0.8433914458128857 0 -0.5372996083468238
vn 0.379928196590916 0.7071067811865471 0.5963678105290181
vn -0.8433914458128857 0 0.5372996083468238
vn -0.3799281965909146 0.7071067811865479 -0.5963678105290181
vn 0.3799281965909146 -0.7071067811865479 0.5963678105290181
g Frond
f 180/532/133 183/531/133 181/530/133 178/529/133
f 179/536/134 180/535/134 178/534/134 177/533/134
f 184/540/135 179/539/135 177/538/135 182/537/135
f 183/544/136 184/543/136 182/542/136 181/541/136
f 182/548/137 177/547/137 178/546/137 181/545/137
f 183/552/138 180/551/138 179/550/138 184/549/138
o cube
v 0.4859136362404676 0.3079851248743719 0.4795418861631974
v 0.3193607339962563 0.2671752950880717 0.21810619768339967
v 0.4859136362404676 0.3079851248743719 0.4795418861631974
v 0.3193607339962563 0.2671752950880717 0.21810619768339967
v 0.08294756934183178 0.2671752950880719 0.3687179941481187
v 0.24950047158604305 0.30798512487437213 0.6301536826279164
v 0.08294756934183178 0.2671752950880719 0.3687179941481187
v 0.24950047158604305 0.30798512487437213 0.6301536826279164
vt 0 1
vt 0.1875 1
vt 0.1875 1
vt 0 1
vt 0 1
vt 0.15625 1
vt 0.15625 1
vt 0 1
vt 0 1
vt 0.1875 1
vt 0.1875 1
vt 0 1
vt 0 1
vt 0.15625 1
vt 0.15625 1
vt 0 1
vt 0 1
vt 0.0625 1
vt 0.0625 0.90625
vt 0 0.90625
vt 0.28125 1
vt 0.6875 1
vt 0.6875 0.5625
vt 0.28125 0.5625
vn -0.5327029357136196 -0.13052619222005107 -0.836176115077814
vn 0.8433914458128858 0 -0.5372996083468239
vn 0.5327029357136196 0.13052619222005107 0.836176115077814
vn -0.8433914458128858 0 0.5372996083468239
vn -0.070131671958835 0.9914448613738105 -0.11008467397291996
vn 0.070131671958835 -0.9914448613738105 0.11008467397291996
g Frond
f 188/556/139 191/555/139 189/554/139 186/553/139
f 187/560/140 188/559/140 186/558/140 185/557/140
f 192/564/141 187/563/141 185/562/141 190/561/141
f 191/568/142 192/567/142 190/566/142 189/565/142
f 190/572/143 185/571/143 186/570/143 189/569/143
f 191/576/144 188/575/144 187/574/144 192/573/144
o cube
v -0.22025867639622643 0.39324669320210726 -0.13960384306729662
v -0.17592280006869504 0.21139041269870473 -0.03256756913767228
v -0.22025867639622643 0.39324669320210726 -0.13960384306729662
v -0.17592280006869504 0.21139041269870473 -0.03256756913767228
v 0.08305218138837545 0.2113904126987045 -0.1398385187725102
v 0.038716305060844 0.39324669320210703 -0.24687479270213458
v 0.08305218138837545 0.2113904126987045 -0.1398385187725102
v 0.038716305060844 0.39324669320210703 -0.24687479270213458
vt 0 1
vt 0.1875 1
vt 0.1875 1
vt 0 1
vt 0 1
vt 0.15625 1
vt 0.15625 1
vt 0 1
vt 0 1
vt 0.1875 1
vt 0.1875 1
vt 0 1
vt 0 1
vt 0.15625 1
vt 0.15625 1
vt 0 1
vt 0 1
vt 0 1
vt 0 1
vt 0 1
vt 0.28125 0.5625
vt 0.6875 0.5625
vt 0.6875 0.28125
vt 0.28125 0.28125
vn 0.20561565833058054 -0.8433914458128815 0.4964001109779687
vn -0.9238795325112887 0 0.3826834323650853
vn -0.20561565833058054 0.8433914458128815 -0.4964001109779687
vn 0.9238795325112887 0 -0.3826834323650853
vn 0.32275193331102586 0.5372996083468303 0.7791920946816248
vn -0.32275193331102586 -0.5372996083468303 -0.7791920946816248
g Frond
f 196/580/145 199/579/145 197/578/145 194/577/145
f 195/584/146 196/583/146 194/582/146 193/581/146
f 200/588/147 195/587/147 193/586/147 198/585/147
f 199/592/148 200/591/148 198/590/148 197/589/148
f 198/596/149 193/595/149 194/594/149 197/593/149
f 199/600/150 196/599/150 195/598/150 200/597/150
o cube
v -0.17592438934853827 0.21139883412603377 -0.03257140599862418
v -0.1477022158340856 0.008777612769072851 0.03556294805961546
v -0.17592438934853827 0.21139883412603377 -0.03257140599862418
v -0.1477022158340856 0.008777612769072851 0.03556294805961546
v 0.11127276562298483 0.008777612769072629 -0.07170800157522239
v 0.08305059210853216 0.21139883412603344 -0.1398423556334621
v 0.11127276562298483 0.008777612769072629 -0.07170800157522239
v 0.08305059210853216 0.21139883412603344 -0.1398423556334621
vt 0 1
vt 0.1875 1
vt 0.1875 1
vt 0 1
vt 0 1
vt 0.15625 1
vt 0.15625 1
vt 0 1
vt 0 1
vt 0.1875 1
vt 0.1875 1
vt 0 1
vt 0 1
vt 0.15625 1
vt 0.15625 1
vt 0 1
vt 0 1
vt 0 1
vt 0 1
vt 0 1
vt 0.28125 0.28125
vt 0.6875 0.28125
vt 0.6875 0
vt 0.28125 0
vn 0.13088544238586747 -0.9396926207859055 0.3159854101251701
vn -0.9238795325112885 0 0.3826834323650853
vn -0.13088544238586747 0.9396926207859055 -0.3159854101251701
vn 0.9238795325112885 0 -0.3826834323650853
vn 0.3596047974904933 0.3420201433256759 0.8681627791959902
vn -0.3596047974904933 -0.3420201433256759 -0.8681627791959902
g Frond
f 204/604/151 207/603/151 205/602/151 202/601/151
f 203/608/152 204/607/152 202/606/152 201/605/152
f 208/612/153 203/611/153 201/610/153 206/609/153
f 207/616/154 208/615/154 206/614/154 205/613/154
f 206/620/155 201/619/155 202/618/155 205/617/155
f 207/624/156 204/623/156 203/622/156 208/621/156
o cube
v -0.3211640340434041 0.5612235736631739 -0.38321092601522433
v -0.22025362489412798 0.3932334929909894 -0.13959164766242016
v -0.3211640340434041 0.5612235736631739 -0.38321092601522433
v -0.22025362489412798 0.3932334929909894 -0.13959164766242016
v 0.03872135656294251 0.3932334929909892 -0.24686259729725812
v -0.062189052586333615 0.5612235736631737 -0.4904818756500622
v 0.03872135656294251 0.3932334929909892 -0.24686259729725812
v -0.062189052586333615 0.5612235736631737 -0.4904818756500622
vt 0 1
vt 0.1875 1
vt 0.1875 1
vt 0 1
vt 0 1
vt 0.15625 1
vt 0.15625 1
vt 0 1
vt 0 1
vt 0.1875 1
vt 0.1875 1
vt 0 1
vt 0 1
vt 0.15625 1
vt 0.15625 1
vt 0 1
vt 0 1
vt 0.0625 1
vt 0.0625 0.90625
vt 0 0.90625
vt 0.28125 1
vt 0.6875 1
vt 0.6875 0.5625
vt 0.28125 0.5625
vn 0.32275193331102814 -0.5372996083468172 0.7791920946816329
vn -0.9238795325112886 0 0.3826834323650854
vn -0.32275193331102814 0.5372996083468172 -0.7791920946816329
vn 0.9238795325112886 0 -0.3826834323650854
vn 0.20561565833057674 0.84339144581289 0.49640011097795567
vn -0.20561565833057674 -0.84339144581289 -0.49640011097795567
g Frond
f 212/628/157 215/627/157 213/626/157 210/625/157
f 211/632/158 212/631/158 210/630/158 209/629/158
f 216/636/159 211/635/159 209/634/159 214/633/159
f 215/640/160 216/639/160 214/638/160 213/637/160
f 214/644/161 209/643/161 210/642/161 213/641/161
f 215/648/162 212/647/162 211/646/162 216/645/162
