# Made in Blockbench 4.9.3

o cube
v 0.15044375 0.14808749999999993 -0.022374999999999978
v 0.15044375 0.14808749999999993 -0.21913750000000004
v 0.15044375 0.12044999999999995 -0.022374999999999978
v 0.15044375 0.12044999999999995 -0.21913750000000004
v -0.15356875000000003 0.14808749999999993 -0.21913750000000004
v -0.15356875000000003 0.14808749999999993 -0.022374999999999978
v -0.15356875000000003 0.12044999999999995 -0.21913750000000004
v -0.15356875000000003 0.12044999999999995 -0.022374999999999978
vt 0.375 0.8125
vt 0.65625 0.8125
vt 0.65625 0.78125
vt 0.375 0.78125
vt 0.46875 0.59375
vt 0.6875 0.59375
vt 0.6875 0.5625
vt 0.46875 0.5625
vt 0.34375 0.59375
vt 0.6875 0.59375
vt 0.6875 0.5625
vt 0.34375 0.5625
vt 0.34375 0.59375
vt 0.6875 0.59375
vt 0.6875 0.5625
vt 0.34375 0.5625
vt 0.34375 0.78125
vt 0.6875 0.78125
vt 0.6875 0.5625
vt 0.34375 0.5625
vt 0.3125 0.28125
vt 0.65625 0.28125
vt 0.65625 0.0625
vt 0.3125 0.0625
vn 0 0 -1
vn 1 0 0
vn 0 0 1
vn -1 0 0
vn 0 1 0
vn 0 -1 0
g Sporocarp
f 4/4/1 7/3/1 5/2/1 2/1/1
f 3/8/2 4/7/2 2/6/2 1/5/2
f 8/12/3 3/11/3 1/10/3 6/9/3
f 7/16/4 8/15/4 6/14/4 5/13/4
f 6/20/5 1/19/5 2/18/5 5/17/5
f 7/24/6 4/23/6 3/22/6 8/21/6
o cube
v 0.09351874960660933 0.14808749999999993 -0.2715250110149384
v 0.09351874960660933 0.14808749999999993 -0.2991625110149384
v 0.09351874960660933 0.12044999999999995 -0.2715250110149384
v 0.09351874960660933 0.12044999999999995 -0.2991625110149384
v -0.09994375039339065 0.14808749999999993 -0.2991625110149384
v -0.09994375039339065 0.14808749999999993 -0.2715250110149384
v -0.09994375039339065 0.12044999999999995 -0.2991625110149384
v -0.09994375039339065 0.12044999999999995 -0.2715250110149384
vt 0.40625 0.875
vt 0.625 0.875
vt 0.625 0.84375
vt 0.40625 0.84375
vt 0.40625 0.875
vt 0.4375 0.875
vt 0.4375 0.84375
vt 0.40625 0.84375
vt 0.3125 0.03125
vt 0.65625 0.03125
vt 0.65625 0
vt 0.3125 0
vt 0.59375 0.875
vt 0.625 0.875
vt 0.625 0.84375
vt 0.59375 0.84375
vt 0.40625 0.875
vt 0.625 0.875
vt 0.625 0.84375
vt 0.40625 0.84375
vt 0.375 0.375
vt 0.59375 0.375
vt 0.59375 0.34375
vt 0.375 0.34375
vn 0 0 -1
vn 1 0 0
vn 0 0 1
vn -1 0 0
vn 0 1 0
vn 0 -1 0
g Sporocarp
f 12/28/7 15/27/7 13/26/7 10/25/7
f 11/32/8 12/31/8 10/30/8 9/29/8
f 16/36/9 11/35/9 9/34/9 14/33/9
f 15/40/10 16/39/10 14/38/10 13/37/10
f 14/44/11 9/43/11 10/42/11 13/41/11
f 15/48/12 12/47/12 11/46/12 16/45/12
o cube
v -0.15356875000000003 0.14808749999999993 -0.02402500000000002
v -0.15356875000000003 0.14808749999999993 -0.18985000000000002
v -0.15356875000000003 0.12044999999999995 -0.02402500000000002
v -0.15356875000000003 0.12044999999999995 -0.18985000000000002
v -0.20760625 0.14808749999999993 -0.18985000000000002
v -0.20760625 0.14808749999999993 -0.02402500000000002
v -0.20760625 0.12044999999999995 -0.18985000000000002
v -0.20760625 0.12044999999999995 -0.02402500000000002
vt 0.3125 0.34375
vt 0.40625 0.34375
vt 0.40625 0.3125
vt 0.3125 0.3125
vt 0.3125 0.34375
vt 0.65625 0.34375
vt 0.65625 0.3125
vt 0.3125 0.3125
vt 0.28125 0.59375
vt 0.34375 0.59375
vt 0.34375 0.5625
vt 0.28125 0.5625
vt 0.40625 0.875
vt 0.59375 0.875
vt 0.59375 0.84375
vt 0.40625 0.84375
vt 0.28125 0.75
vt 0.34375 0.75
vt 0.34375 0.5625
vt 0.28125 0.5625
vt 0.65625 0.25
vt 0.71875 0.25
vt 0.71875 0.0625
vt 0.65625 0.0625
vn 0 0 -1
vn 1 0 0
vn 0 0 1
vn -1 0 0
vn 0 1 0
vn 0 -1 0
g Sporocarp
f 20/52/13 23/51/13 21/50/13 18/49/13
f 19/56/14 20/55/14 18/54/14 17/53/14
f 24/60/15 19/59/15 17/58/15 22/57/15
f 23/64/16 24/63/16 22/62/16 21/61/16
f 22/68/17 17/67/17 18/66/17 21/65/17
f 23/72/18 20/71/18 19/70/18 24/69/18
o cube
v -0.15356875000000003 0.14808749999999993 -0.18985000000000002
v -0.15356875000000003 0.14808749999999993 -0.2174875
v -0.15356875000000003 0.12044999999999995 -0.18985000000000002
v -0.15356875000000003 0.12044999999999995 -0.2174875
v -0.20884375 0.14808749999999993 -0.2174875
v -0.20884375 0.14808749999999993 -0.18985000000000002
v -0.20884375 0.12044999999999995 -0.2174875
v -0.20884375 0.12044999999999995 -0.18985000000000002
vt 0.28125 0.78125
vt 0.3125 0.78125
vt 0.3125 0.75
vt 0.28125 0.75
vt 0.3125 0.34375
vt 0.65625 0.34375
vt 0.65625 0.3125
vt 0.3125 0.3125
vt 0.3125 0.03125
vt 0.65625 0.03125
vt 0.65625 0
vt 0.3125 0
vt 0.28125 0.78125
vt 0.3125 0.78125
vt 0.3125 0.75
vt 0.28125 0.75
vt 0.28125 0.78125
vt 0.34375 0.78125
vt 0.34375 0.75
vt 0.28125 0.75
vt 0.65625 0.28125
vt 0.71875 0.28125
vt 0.71875 0.25
vt 0.65625 0.25
vn 0 0 -1
vn 1 0 0
vn 0 0 1
vn -1 0 0
vn 0 1 0
vn 0 -1 0
g Sporocarp
f 28/76/19 31/75/19 29/74/19 26/73/19
f 27/80/20 28/79/20 26/78/20 25/77/20
f 32/84/21 27/83/21 25/82/21 30/81/21
f 31/88/22 32/87/22 30/86/22 29/85/22
f 30/92/23 25/91/23 26/90/23 29/89/23
f 31/96/24 28/95/24 27/94/24 32/93/24
o cube
v -0.15356875000000003 0.14808749999999993 -0.21748750000000006
v -0.15356875000000003 0.14808749999999993 -0.24512500000000004
v -0.15356875000000003 0.12044999999999995 -0.21748750000000006
v -0.15356875000000003 0.12044999999999995 -0.24512500000000004
v -0.18120625 0.14808749999999993 -0.24512500000000004
v -0.18120625 0.14808749999999993 -0.21748750000000006
v -0.18120625 0.12044999999999995 -0.24512500000000004
v -0.18120625 0.12044999999999995 -0.21748750000000006
vt 0.28125 0.78125
vt 0.3125 0.78125
vt 0.3125 0.75
vt 0.28125 0.75
vt 0.3125 0.8125
vt 0.34375 0.8125
vt 0.34375 0.78125
vt 0.3125 0.78125
vt 0.3125 0.03125
vt 0.65625 0.03125
vt 0.65625 0
vt 0.3125 0
vt 0.25 0.75
vt 0.28125 0.75
vt 0.28125 0.71875
vt 0.25 0.71875
vt 0.3125 0.8125
vt 0.34375 0.8125
vt 0.34375 0.78125
vt 0.3125 0.78125
vt 0.65625 0.3125
vt 0.6875 0.3125
vt 0.6875 0.28125
vt 0.65625 0.28125
vn 0 0 -1
vn 1 0 0
vn 0 0 1
vn -1 0 0
vn 0 1 0
vn 0 -1 0
g Sporocarp
f 36/100/25 39/99/25 37/98/25 34/97/25
f 35/104/26 36/103/26 34/102/26 33/101/26
f 40/108/27 35/107/27 33/106/27 38/105/27
f 39/112/28 40/111/28 38/110/28 37/109/28
f 38/116/29 33/115/29 34/114/29 37/113/29
f 39/120/30 36/119/30 35/118/30 40/117/30
o cube
v -0.20719375000000007 0.14808749999999993 -0.05125000000000002
v -0.20719375000000007 0.14808749999999993 -0.0788875
v -0.20719375000000007 0.12044999999999995 -0.05125000000000002
v -0.20719375000000007 0.12044999999999995 -0.0788875
v -0.23483125000000005 0.14808749999999993 -0.0788875
v -0.23483125000000005 0.14808749999999993 -0.05125000000000002
v -0.23483125000000005 0.12044999999999995 -0.0788875
v -0.23483125000000005 0.12044999999999995 -0.05125000000000002
vt 0.25 0.625
vt 0.28125 0.625
vt 0.28125 0.59375
vt 0.25 0.59375
vt 0.3125 0.34375
vt 0.65625 0.34375
vt 0.65625 0.3125
vt 0.3125 0.3125
vt 0.25 0.625
vt 0.28125 0.625
vt 0.28125 0.59375
vt 0.25 0.59375
vt 0.25 0.59375
vt 0.28125 0.59375
vt 0.28125 0.625
vt 0.25 0.625
vt 0.25 0.625
vt 0.28125 0.625
vt 0.28125 0.59375
vt 0.25 0.59375
vt 0.71875 0.125
vt 0.75 0.125
vt 0.75 0.09375
vt 0.71875 0.09375
vn 0 0 -1
vn 1 0 0
vn 0 0 1
vn -1 0 0
vn 0 1 0
vn 0 -1 0
g Sporocarp
f 44/124/31 47/123/31 45/122/31 42/121/31
f 43/128/32 44/127/32 42/126/32 41/125/32
f 48/132/33 43/131/33 41/130/33 46/129/33
f 47/136/34 48/135/34 46/134/34 45/133/34
f 46/140/35 41/139/35 42/138/35 45/137/35
f 47/144/36 44/143/36 43/142/36 48/141/36
o cube
v 0.17684374999999997 0.14808749999999993 -0.022787500000000016
v 0.17684374999999997 0.14808749999999993 -0.16386249999999997
v 0.17684374999999997 0.12044999999999995 -0.022787500000000016
v 0.17684374999999997 0.12044999999999995 -0.16386249999999997
v 0.15044375 0.14808749999999993 -0.16386249999999997
v 0.15044375 0.14808749999999993 -0.022787500000000016
v 0.15044375 0.12044999999999995 -0.16386249999999997
v 0.15044375 0.12044999999999995 -0.022787500000000016
vt 0.6875 0.71875
vt 0.71875 0.71875
vt 0.71875 0.6875
vt 0.6875 0.6875
vt 0.59375 0.6875
vt 0.75 0.6875
vt 0.75 0.65625
vt 0.59375 0.65625
vt 0.6875 0.59375
vt 0.71875 0.59375
vt 0.71875 0.5625
vt 0.6875 0.5625
vt 0.3125 0.03125
vt 0.65625 0.03125
vt 0.65625 0
vt 0.3125 0
vt 0.6875 0.71875
vt 0.71875 0.71875
vt 0.71875 0.5625
vt 0.6875 0.5625
vt 0.28125 0.21875
vt 0.3125 0.21875
vt 0.3125 0.0625
vt 0.28125 0.0625
vn 0 0 -1
vn 1 0 0
vn 0 0 1
vn -1 0 0
vn 0 1 0
vn 0 -1 0
g Sporocarp
f 52/148/37 55/147/37 53/146/37 50/145/37
f 51/152/38 52/151/38 50/150/38 49/149/38
f 56/156/39 51/155/39 49/154/39 54/153/39
f 55/160/40 56/159/40 54/158/40 53/157/40
f 54/164/41 49/163/41 50/162/41 53/161/41
f 55/168/42 52/167/42 51/166/42 56/165/42
o cube
v 0.2044812444925308 0.14808749999999993 -0.07971250118017192
v 0.2044812444925308 0.14808749999999993 -0.134987501180172
v 0.2044812444925308 0.12044999999999995 -0.07971250118017192
v 0.2044812444925308 0.12044999999999995 -0.134987501180172
v 0.17684374449253082 0.14808749999999993 -0.134987501180172
v 0.17684374449253082 0.14808749999999993 -0.07971250118017192
v 0.17684374449253082 0.12044999999999995 -0.134987501180172
v 0.17684374449253082 0.12044999999999995 -0.07971250118017192
vt 0.71875 0.6875
vt 0.75 0.6875
vt 0.75 0.65625
vt 0.71875 0.65625
vt 0.71875 0.6875
vt 0.75 0.6875
vt 0.75 0.625
vt 0.71875 0.625
vt 0.71875 0.65625
vt 0.75 0.65625
vt 0.75 0.625
vt 0.71875 0.625
vt 0.3125 0.03125
vt 0.375 0.03125
vt 0.375 0
vt 0.3125 0
vt 0.71875 0.6875
vt 0.75 0.6875
vt 0.75 0.625
vt 0.71875 0.625
vt 0.25 0.1875
vt 0.28125 0.1875
vt 0.28125 0.125
vt 0.25 0.125
vn 0 0 -1
vn 1 0 0
vn 0 0 1
vn -1 0 0
vn 0 1 0
vn 0 -1 0
g Sporocarp
f 60/172/43 63/171/43 61/170/43 58/169/43
f 59/176/44 60/175/44 58/174/44 57/173/44
f 64/180/45 59/179/45 57/178/45 62/177/45
f 63/184/46 64/183/46 62/182/46 61/181/46
f 62/188/47 57/187/47 58/186/47 61/185/47
f 63/192/48 60/191/48 59/190/48 64/189/48
o cube
v 0.10898750000000001 0.09462712565038944 -0.11757142962288375
v 0.10898750000000001 0.14750919246034033 -0.24524003252178722
v 0.10898750000000001 0.0690934050706088 -0.12814784298487392
v 0.10898750000000001 0.12197547188055968 -0.2558164458837774
v -0.1121125 0.14750919246034033 -0.24524003252178722
v -0.1121125 0.09462712565038944 -0.11757142962288375
v -0.1121125 0.12197547188055968 -0.2558164458837774
v -0.1121125 0.0690934050706088 -0.12814784298487392
vt 0.3125 0.34375
vt 0.65625 0.34375
vt 0.65625 0.3125
vt 0.3125 0.3125
vt 0.40625 0.21875
vt 0.5625 0.21875
vt 0.5625 0.1875
vt 0.40625 0.1875
vt 0.3125 0.09375
vt 0.65625 0.09375
vt 0.65625 0.0625
vt 0.3125 0.0625
vt 0.40625 0.03125
vt 0.5625 0.03125
vt 0.5625 0
vt 0.40625 0
vt 0.34375 0.84375
vt 0.6875 0.84375
vt 0.6875 0.5
vt 0.34375 0.5
vt 0.34375 0.3125
vt 0.53125 0.3125
vt 0.53125 0.15625
vt 0.34375 0.15625
vn 0 0.3826834323650897 -0.9238795325112867
vn 1 0 0
vn 0 -0.3826834323650897 0.9238795325112867
vn -1 0 0
vn 0 0.9238795325112867 0.3826834323650897
vn 0 -0.9238795325112867 -0.3826834323650897
g Sporocarp
f 68/196/49 71/195/49 69/194/49 66/193/49
f 67/200/50 68/199/50 66/198/50 65/197/50
f 72/204/51 67/203/51 65/202/51 70/201/51
f 71/208/52 72/207/52 70/206/52 69/205/52
f 70/212/53 65/211/53 66/210/53 69/209/53
f 71/216/54 68/215/54 67/214/54 72/213/54
o cube
v 0.09516875000000002 0.028940223580899205 0.07260821026467934
v 0.09516875000000002 0.14783186427828943 -0.09718664941559824
v 0.09516875000000002 -0.038977720291211826 0.02505155398572323
v 0.09516875000000002 0.0799139204061784 -0.1447433056945544
v -0.09829375000000001 0.14783186427828943 -0.09718664941559824
v -0.09829375000000001 0.028940223580899205 0.07260821026467934
v -0.09829375000000001 0.0799139204061784 -0.1447433056945544
v -0.09829375000000001 -0.038977720291211826 0.02505155398572323
vt 0.3125 0.34375
vt 0.65625 0.34375
vt 0.65625 0.3125
vt 0.3125 0.3125
vt 0.375 0.15625
vt 0.59375 0.15625
vt 0.59375 0.0625
vt 0.375 0.0625
vt 0.375 0.125
vt 0.53125 0.125
vt 0.53125 0.0625
vt 0.375 0.0625
vt 0.375 0.125
vt 0.59375 0.125
vt 0.59375 0.03125
vt 0.375 0.03125
vt 0.375 0.8125
vt 0.65625 0.8125
vt 0.65625 0.5625
vt 0.375 0.5625
vt 0.40625 0.25
vt 0.59375 0.25
vt 0.59375 0.03125
vt 0.40625 0.03125
vn 0 0.573576436351046 -0.8191520442889918
vn 1 0 0
vn 0 -0.573576436351046 0.8191520442889918
vn -1 0 0
vn 0 0.8191520442889918 0.573576436351046
vn 0 -0.8191520442889918 -0.573576436351046
g Sporocarp
f 76/220/55 79/219/55 77/218/55 74/217/55
f 75/224/56 76/223/56 74/222/56 73/221/56
f 80/228/57 75/227/57 73/226/57 78/225/57
f 79/232/58 80/231/58 78/230/58 77/229/58
f 78/236/59 73/235/59 74/234/59 77/233/59
f 79/240/60 76/239/60 75/238/60 80/237/60
o cube
v 0.12280625 0.1201608462301702 -0.10699501626089358
v 0.12280625 0.1466018796351456 -0.17082931771034532
v 0.12280625 0.09462712565038944 -0.1175714296228838
v 0.12280625 0.12106815905536483 -0.18140573107233549
v -0.12593125 0.1466018796351456 -0.17082931771034532
v -0.12593125 0.1201608462301702 -0.10699501626089358
v -0.12593125 0.12106815905536483 -0.18140573107233549
v -0.12593125 0.09462712565038944 -0.1175714296228838
vt 0.3125 0.34375
vt 0.65625 0.34375
vt 0.65625 0.3125
vt 0.3125 0.3125
vt 0.375 0.34375
vt 0.4375 0.34375
vt 0.4375 0.3125
vt 0.375 0.3125
vt 0.3125 0.09375
vt 0.65625 0.09375
vt 0.65625 0.0625
vt 0.3125 0.0625
vt 0.4375 0.03125
vt 0.5 0.03125
vt 0.5 0
vt 0.4375 0
vt 0.34375 0.84375
vt 0.6875 0.84375
vt 0.6875 0.5
vt 0.34375 0.5
vt 0.34375 0.28125
vt 0.5625 0.28125
vt 0.5625 0.1875
vt 0.34375 0.1875
vn 0 0.3826834323650897 -0.9238795325112867
vn 1 0 0
vn 0 -0.3826834323650897 0.9238795325112867
vn -1 0 0
vn 0 0.9238795325112867 0.3826834323650897
vn 0 -0.9238795325112867 -0.3826834323650897
g Sporocarp
f 84/244/61 87/243/61 85/242/61 82/241/61
f 83/248/62 84/247/62 82/246/62 81/245/62
f 88/252/63 83/251/63 81/250/63 86/249/63
f 87/256/64 88/255/64 86/254/64 85/253/64
f 86/260/65 81/259/65 82/258/65 85/257/65
f 87/264/66 84/263/66 83/262/66 88/261/66
o cube
v 0.08135000000000003 0.12044999999999995 0.03125
v 0.08135000000000003 0.12044999999999995 -0.0516625
v 0.08135000000000003 0.02371875000000001 0.03125
v 0.08135000000000003 0.02371875000000001 -0.0516625
v -0.08447500000000002 0.12044999999999995 -0.0516625
v -0.08447500000000002 0.12044999999999995 0.03125
v -0.08447500000000002 0.02371875000000001 -0.0516625
v -0.08447500000000002 0.02371875000000001 0.03125
vt 0.3125 0.34375
vt 0.65625 0.34375
vt 0.65625 0.3125
vt 0.3125 0.3125
vt 0.375 0.6875
vt 0.46875 0.6875
vt 0.46875 0.5625
vt 0.375 0.5625
vt 0.40625 0.6875
vt 0.59375 0.6875
vt 0.59375 0.5625
vt 0.40625 0.5625
vt 0.53125 0.6875
vt 0.625 0.6875
vt 0.625 0.5625
vt 0.53125 0.5625
vt 0.4375 0.53125
vt 0.59375 0.53125
vt 0.59375 0.5
vt 0.4375 0.5
vt 0.3125 0.34375
vt 0.65625 0.34375
vt 0.65625 0
vt 0.3125 0
vn 0 0 -1
vn 1 0 0
vn 0 0 1
vn -1 0 0
vn 0 1 0
vn 0 -1 0
g Sporocarp
f 92/268/67 95/267/67 93/266/67 90/265/67
f 91/272/68 92/271/68 90/270/68 89/269/68
f 96/276/69 91/275/69 89/274/69 94/273/69
f 95/280/70 96/279/70 94/278/70 93/277/70
f 94/284/71 89/283/71 90/282/71 93/281/71
f 95/288/72 92/287/72 91/286/72 96/285/72
o cube
v -0.20719375000000007 0.14808749999999993 -0.10899999999999999
v -0.20719375000000007 0.14808749999999993 -0.1902625
v -0.20719375000000007 0.12044999999999995 -0.10899999999999999
v -0.20719375000000007 0.12044999999999995 -0.1902625
v -0.23483125000000005 0.14808749999999993 -0.1902625
v -0.23483125000000005 0.14808749999999993 -0.10899999999999999
v -0.23483125000000005 0.12044999999999995 -0.1902625
v -0.23483125000000005 0.12044999999999995 -0.10899999999999999
vt 0.25 0.75
vt 0.28125 0.75
vt 0.28125 0.71875
vt 0.25 0.71875
vt 0.3125 0.34375
vt 0.65625 0.34375
vt 0.65625 0.3125
vt 0.3125 0.3125
vt 0.25 0.625
vt 0.28125 0.625
vt 0.28125 0.59375
vt 0.25 0.59375
vt 0.25 0.65625
vt 0.34375 0.65625
vt 0.34375 0.6875
vt 0.25 0.6875
vt 0.25 0.75
vt 0.28125 0.75
vt 0.28125 0.65625
vt 0.25 0.65625
vt 0.71875 0.25
vt 0.75 0.25
vt 0.75 0.15625
vt 0.71875 0.15625
vn 0 0 -1
vn 1 0 0
vn 0 0 1
vn -1 0 0
vn 0 1 0
vn 0 -1 0
g Sporocarp
f 100/292/73 103/291/73 101/290/73 98/289/73
f 99/296/74 100/295/74 98/294/74 97/293/74
f 104/300/75 99/299/75 97/298/75 102/297/75
f 103/304/76 104/303/76 102/302/76 101/301/76
f 102/308/77 97/307/77 98/306/77 101/305/77
f 103/312/78 100/311/78 99/310/78 104/309/78
o cube
v 0.12156875 0.14808749999999993 -0.21913751101493834
v 0.12156875 0.14808749999999993 -0.2715250110149384
v 0.12156875 0.12044999999999995 -0.21913751101493834
v 0.12156875 0.12044999999999995 -0.2715250110149384
v -0.12881874999999998 0.14808749999999993 -0.2715250110149384
v -0.12881874999999998 0.14808749999999993 -0.21913751101493834
v -0.12881874999999998 0.12044999999999995 -0.2715250110149384
v -0.12881874999999998 0.12044999999999995 -0.21913751101493834
vt 0.375 0.84375
vt 0.65625 0.84375
vt 0.65625 0.8125
vt 0.375 0.8125
vt 0.59375 0.84375
vt 0.65625 0.84375
vt 0.65625 0.8125
vt 0.59375 0.8125
vt 0.3125 0.03125
vt 0.65625 0.03125
vt 0.65625 0
vt 0.3125 0
vt 0.375 0.84375
vt 0.4375 0.84375
vt 0.4375 0.8125
vt 0.375 0.8125
vt 0.375 0.84375
vt 0.65625 0.84375
vt 0.65625 0.78125
vt 0.375 0.78125
vt 0.34374999999999994 0.34375
vt 0.625 0.34375
vt 0.625 0.2812500000000002
vt 0.34374999999999994 0.2812500000000002
vn 0 0 -1
vn 1 0 0
vn 0 0 1
vn -1 0 0
vn 0 1 0
vn 0 -1 0
g Sporocarp
f 108/316/79 111/315/79 109/314/79 106/313/79
f 107/320/80 108/319/80 106/318/80 105/317/80
f 112/324/81 107/323/81 105/322/81 110/321/81
f 111/328/82 112/327/82 110/326/82 109/325/82
f 110/332/83 105/331/83 106/330/83 109/329/83
f 111/336/84 108/335/84 107/334/84 112/333/84
o cube
v 0.09475625393390663 0.14808750019669525 0.006912501573562602
v 0.09475625393390663 0.14808750019669525 -0.02237499842643742
v 0.09475625393390663 0.12148125019669531 0.006912501573562602
v 0.09475625393390663 0.12148125019669531 -0.02237499842643742
v -0.1535687460660935 0.14808750019669525 -0.02237499842643742
v -0.1535687460660935 0.14808750019669525 0.006912501573562602
v -0.1535687460660935 0.12148125019669531 -0.02237499842643742
v -0.1535687460660935 0.12148125019669531 0.006912501573562602
vt 0.3125 0.34375
vt 0.65625 0.34375
vt 0.65625 0.3125
vt 0.3125 0.3125
vt 0.59375 0.5625
vt 0.625 0.5625
vt 0.625 0.53125
vt 0.59375 0.53125
vt 0.34375 0.5625
vt 0.625 0.5625
vt 0.625 0.53125
vt 0.34375 0.53125
vt 0.34375 0.5625
vt 0.375 0.5625
vt 0.375 0.53125
vt 0.34375 0.53125
vt 0.34375 0.5625
vt 0.625 0.5625
vt 0.625 0.53125
vt 0.34375 0.53125
vt 0.375 0.0625
vt 0.65625 0.0625
vt 0.65625 0.03125
vt 0.375 0.03125
vn 0 0 -1
vn 1 0 0
vn 0 0 1
vn -1 0 0
vn 0 1 0
vn 0 -1 0
g Sporocarp
f 116/340/85 119/339/85 117/338/85 114/337/85
f 115/344/86 116/343/86 114/342/86 113/341/86
f 120/348/87 115/347/87 113/346/87 118/345/87
f 119/352/88 120/351/88 118/350/88 117/349/88
f 118/356/89 113/355/89 114/354/89 117/353/89
f 119/360/90 116/359/90 115/358/90 120/357/90
o cube
v -0.16678937664937998 0.30559920252335715 -0.2873656682924999
v -0.17158401038322796 0.3068047333416667 -0.31455738741899775
v -0.16699871487910067 0.27798800729938855 -0.2885528843888662
v -0.1717933486129487 0.2791935381176981 -0.3157446035153641
v -0.3621073803003522 0.3068047333416667 -0.28096297684710925
v -0.35731274656650425 0.30559920252335715 -0.2537712577206114
v -0.36231671853007297 0.2791935381176981 -0.2821501929434756
v -0.357522084796225 0.27798800729938855 -0.2549584738169777
vt 0.40625 0.875
vt 0.625 0.875
vt 0.625 0.84375
vt 0.40625 0.84375
vt 0.40625 0.875
vt 0.4375 0.875
vt 0.4375 0.84375
vt 0.40625 0.84375
vt 0.3125 0.03125
vt 0.65625 0.03125
vt 0.65625 0
vt 0.3125 0
vt 0.59375 0.875
vt 0.625 0.875
vt 0.625 0.84375
vt 0.59375 0.84375
vt 0.40625 0.875
vt 0.625 0.875
vt 0.625 0.84375
vt 0.40625 0.84375
vt 0.375 0.375
vt 0.59375 0.375
vt 0.59375 0.34375
vt 0.375 0.34375
vn -0.1734829030790772 0.043619387365336 -0.9838704342468719
vn 0.9848077530122081 0 -0.17364817766693036
vn 0.1734829030790772 -0.043619387365336 0.9838704342468719
vn -0.9848077530122081 0 0.17364817766693036
vn 0.007574427126938522 0.9990482215818578 0.042956710859025644
vn -0.007574427126938522 -0.9990482215818578 -0.042956710859025644
g Sporocarp
f 124/364/91 127/363/91 125/362/91 122/361/91
f 123/368/92 124/367/92 122/366/92 121/365/92
f 128/372/93 123/371/93 121/370/93 126/369/93
f 127/376/94 128/375/94 126/374/94 125/373/94
f 126/380/95 121/379/95 122/378/95 125/377/95
f 127/384/96 124/383/96 123/382/96 128/381/96
o cube
v -0.06750592770869024 0.29473143168081883 -0.052119261344620915
v -0.10164085742578721 0.3033140913872908 -0.24570806766312114
v -0.06771526593841098 0.26712023645685035 -0.053306477440987265
v -0.1018501956555079 0.2757028961633222 -0.24689528375948744
v -0.40103472443841115 0.3033140913872908 -0.19291685105015344
v -0.3668997947213142 0.29473143168081883 0.0006719552683467356
v -0.4012440626681319 0.2757028961633222 -0.19410406714651973
v -0.367109132951035 0.26712023645685035 -0.0005152608280195592
vt 0.375 0.8125
vt 0.65625 0.8125
vt 0.65625 0.78125
vt 0.375 0.78125
vt 0.46875 0.59375
vt 0.6875 0.59375
vt 0.6875 0.5625
vt 0.46875 0.5625
vt 0.34375 0.59375
vt 0.6875 0.59375
vt 0.6875 0.5625
vt 0.34375 0.5625
vt 0.34375 0.59375
vt 0.6875 0.59375
vt 0.6875 0.5625
vt 0.34375 0.5625
vt 0.34375 0.78125
vt 0.6875 0.78125
vt 0.6875 0.5625
vt 0.34375 0.5625
vt 0.3125 0.28125
vt 0.65625 0.28125
vt 0.65625 0.0625
vt 0.3125 0.0625
vn -0.1734829030790772 0.043619387365336 -0.9838704342468719
vn 0.9848077530122081 0 -0.17364817766693036
vn 0.1734829030790772 -0.043619387365336 0.9838704342468719
vn -0.9848077530122081 0 0.17364817766693036
vn 0.007574427126938522 0.9990482215818578 0.042956710859025644
vn -0.007574427126938522 -0.9990482215818578 -0.042956710859025644
g Sporocarp
f 132/388/97 135/387/97 133/386/97 130/385/97
f 131/392/98 132/391/98 130/390/98 129/389/98
f 136/396/99 131/395/99 129/394/99 134/393/99
f 135/400/100 136/399/100 134/398/100 133/397/100
f 134/404/101 129/403/101 130/402/101 133/401/101
f 135/408/102 132/407/102 131/406/102 136/405/102
o cube
v -0.13007718320491818 0.3033140918677557 -0.2406939873702606
v -0.13916551878997335 0.30559920252335715 -0.2922364997443688
v -0.13028652143463892 0.2757028966437871 -0.24188120346662695
v -0.1393748570196941 0.27798800729938855 -0.2934237158407351
v -0.3857490700473175 0.30559920252335715 -0.24875716665879027
v -0.37666073446226234 0.3033140918677557 -0.1972146542846821
v -0.38595840827703826 0.27798800729938855 -0.24994438275515662
v -0.3768700726919831 0.2757028966437871 -0.1984018703810484
vt 0.375 0.84375
vt 0.65625 0.84375
vt 0.65625 0.8125
vt 0.375 0.8125
vt 0.59375 0.84375
vt 0.65625 0.84375
vt 0.65625 0.8125
vt 0.59375 0.8125
vt 0.3125 0.03125
vt 0.65625 0.03125
vt 0.65625 0
vt 0.3125 0
vt 0.375 0.84375
vt 0.4375 0.84375
vt 0.4375 0.8125
vt 0.375 0.8125
vt 0.375 0.84375
vt 0.65625 0.84375
vt 0.65625 0.78125
vt 0.375 0.78125
vt 0.34374999999999994 0.34375
vt 0.625 0.34375
vt 0.625 0.2812500000000002
vt 0.34374999999999994 0.2812500000000002
vn -0.1734829030790772 0.043619387365336 -0.9838704342468719
vn 0.9848077530122081 0 -0.17364817766693036
vn 0.1734829030790772 -0.043619387365336 0.9838704342468719
vn -0.9848077530122081 0 0.17364817766693036
vn 0.007574427126938522 0.9990482215818578 0.042956710859025644
vn -0.007574427126938522 -0.9990482215818578 -0.042956710859025644
g Sporocarp
f 140/412/103 143/411/103 141/410/103 138/409/103
f 139/416/104 140/415/104 138/414/104 137/413/104
f 144/420/105 139/419/105 137/418/105 142/417/105
f 143/424/106 144/423/106 142/422/106 141/421/106
f 142/428/107 137/427/107 138/426/107 141/425/107
f 143/432/108 140/431/108 139/430/108 144/429/108
o cube
v -0.12645630594548263 0.26478114680938414 0.011451578371175719
v -0.14084020714702666 0.26839773926431254 -0.07012357900831806
v -0.12718898974950532 0.16814196352549393 0.007296322033893632
v -0.1415728909510493 0.17175855598042244 -0.0742788353456002
v -0.30414595279027606 0.26839773926431254 -0.04132836994669936
v -0.2897620515887321 0.26478114680938414 0.04024678743279442
v -0.30487863659429876 0.17175855598042244 -0.045483626283981504
v -0.2904947353927547 0.16814196352549393 0.03609153109551233
vt 0.3125 0.34375
vt 0.65625 0.34375
vt 0.65625 0.3125
vt 0.3125 0.3125
vt 0.375 0.6875
vt 0.46875 0.6875
vt 0.46875 0.5625
vt 0.375 0.5625
vt 0.40625 0.6875
vt 0.59375 0.6875
vt 0.59375 0.5625
vt 0.40625 0.5625
vt 0.53125 0.6875
vt 0.625 0.6875
vt 0.625 0.5625
vt 0.53125 0.5625
vt 0.4375 0.53125
vt 0.59375 0.53125
vt 0.59375 0.5
vt 0.4375 0.5
vt 0.3125 0.34375
vt 0.65625 0.34375
vt 0.65625 0
vt 0.3125 0
vn -0.1734829030790772 0.043619387365336 -0.9838704342468719
vn 0.9848077530122081 0 -0.17364817766693036
vn 0.1734829030790772 -0.043619387365336 0.9838704342468719
vn -0.9848077530122081 0 0.17364817766693036
vn 0.007574427126938522 0.9990482215818578 0.042956710859025644
vn -0.007574427126938522 -0.9990482215818578 -0.042956710859025644
g Sporocarp
f 148/436/109 151/435/109 149/434/109 146/433/109
f 147/440/110 148/439/110 146/438/110 145/437/110
f 152/444/111 147/443/111 145/442/111 150/441/111
f 151/448/112 152/447/112 150/446/112 149/445/112
f 150/452/113 145/451/113 146/450/113 149/449/113
f 151/456/114 148/455/114 147/454/114 152/453/114
o cube
v -0.11726652478201133 0.2934539290012269 -0.013634122234273072
v -0.1223474053059398 0.2947314318086891 -0.04244922757727837
v -0.11746805188375742 0.2668730022557646 -0.014777039222566013
v -0.12254893240768594 0.2681505050632269 -0.04359214456557131
v -0.3668997905726965 0.2947314318086891 0.0006719561418621067
v -0.36181891004876804 0.2934539290012269 0.02948706148486746
v -0.3671013176744426 0.2681505050632269 -0.00047096084643077907
v -0.36202043715051413 0.2668730022557646 0.028344144496574408
vt 0.3125 0.34375
vt 0.65625 0.34375
vt 0.65625 0.3125
vt 0.3125 0.3125
vt 0.59375 0.5625
vt 0.625 0.5625
vt 0.625 0.53125
vt 0.59375 0.53125
vt 0.34375 0.5625
vt 0.625 0.5625
vt 0.625 0.53125
vt 0.34375 0.53125
vt 0.34375 0.5625
vt 0.375 0.5625
vt 0.375 0.53125
vt 0.34375 0.53125
vt 0.34375 0.5625
vt 0.625 0.5625
vt 0.625 0.53125
vt 0.34375 0.53125
vt 0.375 0.0625
vt 0.65625 0.0625
vt 0.65625 0.03125
vt 0.375 0.03125
vn -0.1734829030790772 0.043619387365336 -0.9838704342468719
vn 0.9848077530122081 0 -0.17364817766693036
vn 0.1734829030790772 -0.043619387365336 0.9838704342468719
vn -0.9848077530122081 0 0.17364817766693036
vn 0.007574427126938522 0.9990482215818578 0.042956710859025644
vn -0.007574427126938522 -0.9990482215818578 -0.042956710859025644
g Sporocarp
f 156/460/115 159/459/115 157/458/115 154/457/115
f 155/464/116 156/463/116 154/462/116 153/461/116
f 160/468/117 155/467/117 153/466/117 158/465/117
f 159/472/118 160/471/118 158/470/118 157/469/118
f 158/476/119 153/475/119 154/474/119 157/473/119
f 159/480/120 156/479/120 155/478/120 160/477/120
o cube
v -0.1252522488029335 0.24547434970125748 -0.14087789347438617
v -0.14700001730451134 0.3038749107455505 -0.264215617594639
v -0.1272804790029471 0.22042626823703215 -0.15238055853372268
v -0.14902824750452492 0.2788268292813251 -0.27571828265397547
v -0.3647410114955104 0.3038749107455505 -0.22582200551248077
v -0.34299324299393263 0.24547434970125748 -0.10248428139222787
v -0.366769241695524 0.2788268292813251 -0.23732467057181722
v -0.34502147319394616 0.22042626823703215 -0.11398694645156437
vt 0.3125 0.34375
vt 0.65625 0.34375
vt 0.65625 0.3125
vt 0.3125 0.3125
vt 0.40625 0.21875
vt 0.5625 0.21875
vt 0.5625 0.1875
vt 0.40625 0.1875
vt 0.3125 0.09375
vt 0.65625 0.09375
vt 0.65625 0.0625
vt 0.3125 0.0625
vt 0.40625 0.03125
vt 0.5625 0.03125
vt 0.5625 0
vt 0.40625 0
vt 0.34375 0.84375
vt 0.6875 0.84375
vt 0.6875 0.5
vt 0.34375 0.5
vt 0.34375 0.3125
vt 0.53125 0.3125
vt 0.53125 0.15625
vt 0.34375 0.15625
vn -0.15737869562426265 0.4226182617406994 -0.89253893528903
vn 0.9848077530122081 0 -0.1736481776669304
vn 0.15737869562426265 -0.4226182617406994 0.89253893528903
vn -0.9848077530122081 0 0.1736481776669304
vn 0.07338689100003824 0.9063077870366499 0.4161977407267834
vn -0.07338689100003824 -0.9063077870366499 -0.4161977407267834
g Sporocarp
f 164/484/121 167/483/121 165/482/121 162/481/121
f 163/488/122 164/487/122 162/486/122 161/485/122
f 168/492/123 163/491/123 161/490/123 166/489/123
f 167/496/124 168/495/124 166/494/124 165/493/124
f 166/500/125 161/499/125 162/498/125 165/497/125
f 167/504/126 164/503/126 163/502/126 168/501/126
o cube
v -0.10636568555856274 0.17155444762625593 0.04581213890241498
v -0.13492165467533734 0.2977392775829699 -0.1161368095911135
v -0.11513039186704066 0.10577553879935886 -0.0038949806391446185
v -0.14368636098381526 0.23196036875607284 -0.1658439291326731
v -0.3254450245924616 0.2977392775829699 -0.082542399019225
v -0.296889055475687 0.17155444762625593 0.07940654947430348
v -0.33420973090093953 0.23196036875607284 -0.1322495185607846
v -0.3056537617841649 0.10577553879935886 0.02969942993274388
vt 0.3125 0.34375
vt 0.65625 0.34375
vt 0.65625 0.3125
vt 0.3125 0.3125
vt 0.375 0.15625
vt 0.59375 0.15625
vt 0.59375 0.0625
vt 0.375 0.0625
vt 0.375 0.125
vt 0.53125 0.125
vt 0.53125 0.0625
vt 0.375 0.0625
vt 0.375 0.125
vt 0.59375 0.125
vt 0.59375 0.03125
vt 0.375 0.03125
vt 0.375 0.8125
vt 0.65625 0.8125
vt 0.65625 0.5625
vt 0.375 0.5625
vt 0.40625 0.25
vt 0.59375 0.25
vt 0.59375 0.03125
vt 0.40625 0.03125
vn -0.13776436178754503 0.6087614290087205 -0.781300520396941
vn 0.984807753012208 0 -0.17364817766693036
vn 0.13776436178754503 -0.6087614290087205 0.781300520396941
vn -0.984807753012208 0 0.17364817766693036
vn 0.10571031278128072 0.7933533402912352 0.5995129750225789
vn -0.10571031278128072 -0.7933533402912352 -0.5995129750225789
g Sporocarp
f 172/508/127 175/507/127 173/506/127 170/505/127
f 171/512/128 172/511/128 170/510/128 169/509/128
f 176/516/129 171/515/129 169/514/129 174/513/129
f 175/520/130 176/519/130 174/518/130 173/517/130
f 174/524/131 169/523/131 170/522/131 173/521/131
f 175/528/132 172/527/132 171/526/132 176/525/132
o cube
v -0.1096152064659825 0.270522431165483 -0.13177482917018463
v -0.12048909071677139 0.29972271168762943 -0.19344369123031102
v -0.11164343666599608 0.2454743497012576 -0.14327749422952107
v -0.12251732091678497 0.274674630223404 -0.20494635628964752
v -0.3654477091816455 0.29972271168762943 -0.15025087763788292
v -0.35457382493085665 0.270522431165483 -0.08858201557775652
v -0.36747593938165907 0.274674630223404 -0.16175354269721942
v -0.3566020551308702 0.2454743497012576 -0.10008468063709297
vt 0.3125 0.34375
vt 0.65625 0.34375
vt 0.65625 0.3125
vt 0.3125 0.3125
vt 0.375 0.34375
vt 0.4375 0.34375
vt 0.4375 0.3125
vt 0.375 0.3125
vt 0.3125 0.09375
vt 0.65625 0.09375
vt 0.65625 0.0625
vt 0.3125 0.0625
vt 0.4375 0.03125
vt 0.5 0.03125
vt 0.5 0
vt 0.4375 0
vt 0.34375 0.84375
vt 0.6875 0.84375
vt 0.6875 0.5
vt 0.34375 0.5
vt 0.34375 0.28125
vt 0.5625 0.28125
vt 0.5625 0.1875
vt 0.34375 0.1875
vn -0.15737869562426265 0.4226182617406994 -0.89253893528903
vn 0.9848077530122081 0 -0.1736481776669304
vn 0.15737869562426265 -0.4226182617406994 0.89253893528903
vn -0.9848077530122081 0 0.1736481776669304
vn 0.07338689100003824 0.9063077870366499 0.4161977407267834
vn -0.07338689100003824 -0.9063077870366499 -0.4161977407267834
g Sporocarp
f 180/532/133 183/531/133 181/530/133 178/529/133
f 179/536/134 180/535/134 178/534/134 177/533/134
f 184/540/135 179/539/135 177/538/135 182/537/135
f 183/544/136 184/543/136 182/542/136 181/541/136
f 182/548/137 177/547/137 178/546/137 181/545/137
f 183/552/138 180/551/138 179/550/138 184/549/138
o cube
v -0.36718604151139467 0.2948034036699716 -0.0009514309481606364
v -0.39595384391448263 0.3020365885798285 -0.16410174570714814
v -0.36739537974111547 0.2671922084460031 -0.0021386470445269312
v -0.39616318214420343 0.2744253933558599 -0.1652889618035145
v -0.44917039286787996 0.3020365885798285 -0.15471823230647141
v -0.42040259046479195 0.2948034036699716 0.008432082452516143
v -0.44937973109760065 0.2744253933558599 -0.1559054484028377
v -0.4206119286945127 0.2671922084460031 0.007244866356149848
vt 0.3125 0.34375
vt 0.40625 0.34375
vt 0.40625 0.3125
vt 0.3125 0.3125
vt 0.3125 0.34375
vt 0.65625 0.34375
vt 0.65625 0.3125
vt 0.3125 0.3125
vt 0.28125 0.59375
vt 0.34375 0.59375
vt 0.34375 0.5625
vt 0.28125 0.5625
vt 0.40625 0.875
vt 0.59375 0.875
vt 0.59375 0.84375
vt 0.40625 0.84375
vt 0.28125 0.75
vt 0.34375 0.75
vt 0.34375 0.5625
vt 0.28125 0.5625
vt 0.65625 0.25
vt 0.71875 0.25
vt 0.71875 0.0625
vt 0.65625 0.0625
vn -0.1734829030790772 0.043619387365336 -0.9838704342468719
vn 0.9848077530122081 0 -0.17364817766693036
vn 0.1734829030790772 -0.043619387365336 0.9838704342468719
vn -0.9848077530122081 0 0.17364817766693036
vn 0.007574427126938522 0.9990482215818578 0.042956710859025644
vn -0.007574427126938522 -0.9990482215818578 -0.042956710859025644
g Sporocarp
f 188/556/139 191/555/139 189/554/139 186/553/139
f 187/560/140 188/559/140 186/558/140 185/557/140
f 192/564/141 187/563/141 185/562/141 190/561/141
f 191/568/142 192/567/142 190/566/142 189/565/142
f 190/572/143 185/571/143 186/570/143 189/569/143
f 191/576/144 188/575/144 187/574/144 192/573/144
o cube
v -0.04157856472668808 0.29474942467810705 -0.057109419789154736
v -0.0660526652785689 0.30090302975067185 -0.19590894130053216
v -0.04178790295640883 0.26713822945413845 -0.05829663588552103
v -0.06626200350828965 0.27329183452670325 -0.19709615739689845
v -0.09205158995809115 0.30090302975067185 -0.19132462941012518
v -0.06757748940621033 0.29474942467810705 -0.05252510789874776
v -0.09226092818781195 0.27329183452670325 -0.19251184550649147
v -0.06778682763593114 0.26713822945413845 -0.05371232399511411
vt 0.6875 0.71875
vt 0.71875 0.71875
vt 0.71875 0.6875
vt 0.6875 0.6875
vt 0.59375 0.6875
vt 0.75 0.6875
vt 0.75 0.65625
vt 0.59375 0.65625
vt 0.6875 0.59375
vt 0.71875 0.59375
vt 0.71875 0.5625
vt 0.6875 0.5625
vt 0.3125 0.03125
vt 0.65625 0.03125
vt 0.65625 0
vt 0.3125 0
vt 0.6875 0.71875
vt 0.71875 0.71875
vt 0.71875 0.5625
vt 0.6875 0.5625
vt 0.28125 0.21875
vt 0.3125 0.21875
vt 0.3125 0.0625
vt 0.28125 0.0625
vn -0.1734829030790772 0.043619387365336 -0.9838704342468719
vn 0.9848077530122081 0 -0.17364817766693036
vn 0.1734829030790772 -0.043619387365336 0.9838704342468719
vn -0.9848077530122081 0 0.17364817766693036
vn 0.007574427126938522 0.9990482215818578 0.042956710859025644
vn -0.007574427126938522 -0.9990482215818578 -0.042956710859025644
g Sporocarp
f 196/580/145 199/579/145 197/578/145 194/577/145
f 195/584/146 196/583/146 194/582/146 193/581/146
f 200/588/147 195/587/147 193/586/147 198/585/147
f 199/592/148 200/591/148 198/590/148 197/589/148
f 198/596/149 193/595/149 194/594/149 197/593/149
f 199/600/150 196/599/150 195/598/150 200/597/150
o cube
v -0.39595384391448274 0.3020365885798285 -0.1641017457071482
v -0.4007484776483307 0.30324211939813805 -0.19129346483364607
v -0.3961631821442035 0.2744253933558599 -0.1652889618035145
v -0.40095781587805146 0.27563092417416946 -0.19248068093001236
v -0.4551837261960805 0.30324211939813805 -0.18169506181310652
v -0.45038909246223247 0.3020365885798285 -0.1545033426866086
v -0.45539306442580124 0.27563092417416946 -0.18288227790947287
v -0.45059843069195327 0.2744253933558599 -0.15569055878297489
vt 0.28125 0.78125
vt 0.3125 0.78125
vt 0.3125 0.75
vt 0.28125 0.75
vt 0.3125 0.34375
vt 0.65625 0.34375
vt 0.65625 0.3125
vt 0.3125 0.3125
vt 0.3125 0.03125
vt 0.65625 0.03125
vt 0.65625 0
vt 0.3125 0
vt 0.28125 0.78125
vt 0.3125 0.78125
vt 0.3125 0.75
vt 0.28125 0.75
vt 0.28125 0.78125
vt 0.34375 0.78125
vt 0.34375 0.75
vt 0.28125 0.75
vt 0.65625 0.28125
vt 0.71875 0.28125
vt 0.71875 0.25
vt 0.65625 0.25
vn -0.1734829030790772 0.043619387365336 -0.9838704342468719
vn 0.9848077530122081 0 -0.17364817766693036
vn 0.1734829030790772 -0.043619387365336 0.9838704342468719
vn -0.9848077530122081 0 0.17364817766693036
vn 0.007574427126938522 0.9990482215818578 0.042956710859025644
vn -0.007574427126938522 -0.9990482215818578 -0.042956710859025644
g Sporocarp
f 204/604/151 207/603/151 205/602/151 202/601/151
f 203/608/152 204/607/152 202/606/152 201/605/152
f 208/612/153 203/611/153 201/610/153 206/609/153
f 207/616/154 208/615/154 206/614/154 205/613/154
f 206/620/155 201/619/155 202/618/155 205/617/155
f 207/624/156 204/623/156 203/622/156 208/621/156
o cube
v -0.4007484776483307 0.30324211939813805 -0.19129346483364607
v -0.4055431113821787 0.3044476502164475 -0.21848518396014394
v -0.40095781587805146 0.27563092417416946 -0.19248068093001236
v -0.4057524496118995 0.2768364549924789 -0.21967240005651034
v -0.43276073565605355 0.3044476502164475 -0.2136859824498742
v -0.4279661019222056 0.30324211939813805 -0.18649426332337626
v -0.43297007388577435 0.2768364549924789 -0.21487319854624054
v -0.4281754401519263 0.27563092417416946 -0.18768147941974261
vt 0.28125 0.78125
vt 0.3125 0.78125
vt 0.3125 0.75
vt 0.28125 0.75
vt 0.3125 0.8125
vt 0.34375 0.8125
vt 0.34375 0.78125
vt 0.3125 0.78125
vt 0.3125 0.03125
vt 0.65625 0.03125
vt 0.65625 0
vt 0.3125 0
vt 0.25 0.75
vt 0.28125 0.75
vt 0.28125 0.71875
vt 0.25 0.71875
vt 0.3125 0.8125
vt 0.34375 0.8125
vt 0.34375 0.78125
vt 0.3125 0.78125
vt 0.65625 0.3125
vt 0.6875 0.3125
vt 0.6875 0.28125
vt 0.65625 0.28125
vn -0.1734829030790772 0.043619387365336 -0.9838704342468719
vn 0.9848077530122081 0 -0.17364817766693036
vn 0.1734829030790772 -0.043619387365336 0.9838704342468719
vn -0.9848077530122081 0 0.17364817766693036
vn 0.007574427126938522 0.9990482215818578 0.042956710859025644
vn -0.007574427126938522 -0.9990482215818578 -0.042956710859025644
g Sporocarp
f 212/628/157 215/627/157 213/626/157 210/625/157
f 211/632/158 212/631/158 210/630/158 209/629/158
f 216/636/159 211/635/159 209/634/159 214/633/159
f 215/640/160 216/639/160 214/638/160 213/637/160
f 214/644/161 209/643/161 210/642/161 213/641/161
f 215/648/162 212/647/162 211/646/162 216/645/162
o cube
v -0.02423646033912763 0.29723245835535717 -0.11791544597370196
v -0.033825727806823636 0.29964351999197614 -0.1722988842266978
v -0.02444579856884843 0.26962126313138857 -0.11910266207006825
v -0.03403506603654444 0.27203232476800754 -0.1734861003230641
v -0.061043352080698554 0.29964351999197614 -0.167499682716428
v -0.05145408461300255 0.29723245835535717 -0.11311624446343216
v -0.061252690310419244 0.27203232476800754 -0.16868689881279436
v -0.051663422842723294 0.26962126313138857 -0.11430346055979851
vt 0.71875 0.6875
vt 0.75 0.6875
vt 0.75 0.65625
vt 0.71875 0.65625
vt 0.71875 0.6875
vt 0.75 0.6875
vt 0.75 0.625
vt 0.71875 0.625
vt 0.71875 0.65625
vt 0.75 0.65625
vt 0.75 0.625
vt 0.71875 0.625
vt 0.3125 0.03125
vt 0.375 0.03125
vt 0.375 0
vt 0.3125 0
vt 0.71875 0.6875
vt 0.75 0.6875
vt 0.75 0.625
vt 0.71875 0.625
vt 0.25 0.1875
vt 0.28125 0.1875
vt 0.28125 0.125
vt 0.25 0.125
vn -0.1734829030790772 0.043619387365336 -0.9838704342468719
vn 0.9848077530122081 0 -0.17364817766693036
vn 0.1734829030790772 -0.043619387365336 0.9838704342468719
vn -0.9848077530122081 0 0.17364817766693036
vn 0.007574427126938522 0.9990482215818578 0.042956710859025644
vn -0.007574427126938522 -0.9990482215818578 -0.042956710859025644
g Sporocarp
f 220/652/163 223/651/163 221/650/163 218/649/163
f 219/656/164 220/655/164 218/654/164 217/653/164
f 224/660/165 219/659/165 217/658/165 222/657/165
f 223/664/166 224/663/166 222/662/166 221/661/166
f 222/668/167 217/667/167 218/666/167 221/665/167
f 223/672/168 220/671/168 219/670/168 224/669/168
o cube
v -0.4247194293030023 0.2959909414909929 -0.018425419993142567
v -0.4295140630368503 0.29719647230930235 -0.04561713911964044
v -0.4249287675327231 0.2683797462670243 -0.01961263608950886
v -0.42972340126657105 0.26958527708533386 -0.04680435521600679
v -0.45673168731072517 0.29719647230930235 -0.04081793760937069
v -0.4519370535768772 0.2959909414909929 -0.013626218482872765
v -0.4569410255404459 0.26958527708533386 -0.042005153705736986
v -0.45214639180659794 0.2683797462670243 -0.01481343457923906
vt 0.25 0.625
vt 0.28125 0.625
vt 0.28125 0.59375
vt 0.25 0.59375
vt 0.3125 0.34375
vt 0.65625 0.34375
vt 0.65625 0.3125
vt 0.3125 0.3125
vt 0.25 0.625
vt 0.28125 0.625
vt 0.28125 0.59375
vt 0.25 0.59375
vt 0.25 0.59375
vt 0.28125 0.59375
vt 0.28125 0.625
vt 0.25 0.625
vt 0.25 0.625
vt 0.28125 0.625
vt 0.28125 0.59375
vt 0.25 0.59375
vt 0.71875 0.125
vt 0.75 0.125
vt 0.75 0.09375
vt 0.71875 0.09375
vn -0.1734829030790772 0.043619387365336 -0.9838704342468719
