# Made in Blockbench 4.2.5

o cube
v 0.3204077602251543 0.9375 0.3204077602251544
v 0.3204077602251543 0.9375 0.3204077602251544
v 0.3204077602251543 0 0.3204077602251544
v 0.3204077602251543 0 0.3204077602251544
v -0.34250484713723395 0.9375 -0.342504847137234
v -0.34250484713723395 0.9375 -0.342504847137234
v -0.34250484713723395 0 -0.342504847137234
v -0.34250484713723395 0 -0.342504847137234
vt 0 1
vt 1 1
vt 1 0
vt 0 0
vt 0 1
vt 0 1
vt 0 0.3125
vt 0 0.3125
vt 0 1
vt 0.0625 1
vt 0.0625 0.8125
vt 0 0.8125
vt 0 1
vt 0 1
vt 0 0.3125
vt 0 0.3125
vt 0 1
vt 0.625 1
vt 0.625 1
vt 0 1
vt 0 1
vt 0.625 1
vt 0.625 1
vt 0 1
vn 0.7071067811865476 0 -0.7071067811865475
vn 0.7071067811865475 0 0.7071067811865476
vn -0.7071067811865476 0 0.7071067811865475
vn -0.7071067811865475 0 -0.7071067811865476
vn 0 1 0
vn 0 -1 0
g Scape
f 4/4/1 7/3/1 5/2/1 2/1/1
f 3/8/2 4/7/2 2/6/2 1/5/2
f 8/12/3 3/11/3 1/10/3 6/9/3
f 7/16/4 8/15/4 6/14/4 5/13/4
f 6/20/5 1/19/5 2/18/5 5/17/5
f 7/24/6 4/23/6 3/22/6 8/21/6
o cube
v -0.3314563036811941 0.9375 0.33145630368119416
v -0.3314563036811941 0.9375 0.33145630368119416
v -0.3314563036811941 0 0.33145630368119416
v -0.3314563036811941 0 0.33145630368119416
v 0.3314563036811941 0.9375 -0.33145630368119416
v 0.3314563036811941 0.9375 -0.33145630368119416
v 0.3314563036811941 0 -0.33145630368119416
v 0.3314563036811941 0 -0.33145630368119416
vt 0 1
vt 1 1
vt 1 0
vt 0 0
vt 0 1
vt 0 1
vt 0 0.3125
vt 0 0.3125
vt 0 1
vt 0.0625 1
vt 0.0625 0.8125
vt 0 0.8125
vt 0 1
vt 0 1
vt 0 0.3125
vt 0 0.3125
vt 0 1
vt 0.625 1
vt 0.625 1
vt 0 1
vt 0 1
vt 0.625 1
vt 0.625 1
vt 0 1
vn 0.7071067811865476 0 0.7071067811865475
vn -0.7071067811865475 0 0.7071067811865476
vn -0.7071067811865476 0 -0.7071067811865475
vn 0.7071067811865475 0 -0.7071067811865476
vn 0 1 0
vn 0 -1 0
g Scape
f 12/28/7 15/27/7 13/26/7 10/25/7
f 11/32/8 12/31/8 10/30/8 9/29/8
f 16/36/9 11/35/9 9/34/9 14/33/9
f 15/40/10 16/39/10 14/38/10 13/37/10
f 14/44/11 9/43/11 10/42/11 13/41/11
f 15/48/12 12/47/12 11/46/12 16/45/12
o cube
v 0 0.01352747587113143 -0.061018500444995835
v 0 0.12174728284018287 -0.5491665040049625
v 0 0.01352747587113143 -0.061018500444995835
v 0 0.12174728284018287 -0.5491665040049625
v -0.0625 0.12174728284018287 -0.5491665040049625
v -0.0625 0.01352747587113143 -0.061018500444995835
v -0.0625 0.12174728284018287 -0.5491665040049625
v -0.0625 0.01352747587113143 -0.061018500444995835
vt 0 1
vt 0.0625 1
vt 0.0625 1
vt 0 1
vt 0 1
vt 0.375 1
vt 0.375 1
vt 0 1
vt 0 1
vt 0.0625 1
vt 0.0625 1
vt 0 1
vt 0 1
vt 0.375 1
vt 0.375 1
vt 0 1
vt 0.4375 1
vt 0.5625 1
vt 0.5625 0
vt 0.4375 0
vt 0 1
vt 0.0625 1
vt 0.0625 0.625
vt 0 0.625
vn 0 0.21643961393810288 -0.9762960071199334
vn 1 0 0
vn 0 -0.21643961393810288 0.9762960071199334
vn -1 0 0
vn 0 0.9762960071199334 0.21643961393810288
vn 0 -0.9762960071199334 -0.21643961393810288
g Stem
f 20/52/13 23/51/13 21/50/13 18/49/13
f 19/56/14 20/55/14 18/54/14 17/53/14
f 24/60/15 19/59/15 17/58/15 22/57/15
f 23/64/16 24/63/16 22/62/16 21/61/16
f 22/68/17 17/67/17 18/66/17 21/65/17
f 23/72/18 20/71/18 19/70/18 24/69/18
o cube
v 0.15625 0.13131585991400113 -0.5150017942299292
v 0.15625 0.09061706827331434 -0.7458161113421655
v 0.15625 0.13131585991400113 -0.5150017942299292
v 0.15625 0.09061706827331434 -0.7458161113421655
v -0.21875 0.09061706827331434 -0.7458161113421655
v -0.21875 0.13131585991400113 -0.5150017942299292
v -0.21875 0.09061706827331434 -0.7458161113421655
v -0.21875 0.13131585991400113 -0.5150017942299292
vt 0 1
vt 0.0625 1
vt 0.0625 1
vt 0 1
vt 0 1
vt 0.8125 1
vt 0.8125 1
vt 0 1
vt 0 1
vt 0.0625 1
vt 0.0625 1
vt 0 1
vt 0 1
vt 0.8125 1
vt 0.8125 1
vt 0 1
vt 0.21875 0.4375
vt 0.8125 0.4375
vt 0.8125 0.0625
vt 0.21875 0.0625
vt 0 1
vt 0.0625 1
vt 0.0625 0.1875
vt 0 0.1875
vn 0 -0.1736481776669303 -0.984807753012208
vn 1 0 0
vn 0 0.1736481776669303 0.984807753012208
vn -1 0 0
vn 0 0.984807753012208 -0.1736481776669303
vn 0 -0.984807753012208 0.1736481776669303
g Leaf
f 28/76/19 31/75/19 29/74/19 26/73/19
f 27/80/20 28/79/20 26/78/20 25/77/20
f 32/84/21 27/83/21 25/82/21 30/81/21
f 31/88/22 32/87/22 30/86/22 29/85/22
f 30/92/23 25/91/23 26/90/23 29/89/23
f 31/96/24 28/95/24 27/94/24 32/93/24
o cube
v 0.15625 0.03681256332835603 -0.8757116768970536
v 0.15625 -0.016960227579554565 -0.9525071810491467
v 0.15625 0.03681256332835603 -0.8757116768970536
v 0.15625 -0.016960227579554565 -0.9525071810491467
v -0.21875 -0.016960227579554565 -0.9525071810491467
v -0.21875 0.03681256332835603 -0.8757116768970536
v -0.21875 -0.016960227579554565 -0.9525071810491467
v -0.21875 0.03681256332835603 -0.8757116768970536
vt 0 1
vt 0.0625 1
vt 0.0625 1
vt 0 1
vt 0 1
vt 0.8125 1
vt 0.8125 1
vt 0 1
vt 0 1
vt 0.0625 1
vt 0.0625 1
vt 0 1
vt 0 1
vt 0.8125 1
vt 0.8125 1
vt 0 1
vt 0.21875 0.84375
vt 0.8125 0.84375
vt 0.8125 0.6875
vt 0.21875 0.6875
vt 0 1
vt 0.0625 1
vt 0.0625 0.1875
vt 0 0.1875
vn 0 -0.5735764363510462 -0.8191520442889919
vn 1 0 0
vn 0 0.5735764363510462 0.8191520442889919
vn -1 0 0
vn 0 0.8191520442889919 -0.5735764363510462
vn 0 -0.8191520442889919 0.5735764363510462
g Leaf
f 36/100/25 39/99/25 37/98/25 34/97/25
f 35/104/26 36/103/26 34/102/26 33/101/26
f 40/108/27 35/107/27 33/106/27 38/105/27
f 39/112/28 40/111/28 38/110/28 37/109/28
f 38/116/29 33/115/29 34/114/29 37/113/29
f 39/120/30 36/119/30 35/118/30 40/117/30
o cube
v 0.15625 0.09062087601109362 -0.7458030475856667
v 0.15625 0.03680601833475286 -0.8757236068450664
v 0.15625 0.09062087601109362 -0.7458030475856667
v 0.15625 0.03680601833475286 -0.8757236068450664
v -0.21875 0.03680601833475286 -0.8757236068450664
v -0.21875 0.09062087601109362 -0.7458030475856667
v -0.21875 0.03680601833475286 -0.8757236068450664
v -0.21875 0.09062087601109362 -0.7458030475856667
vt 0 1
vt 0.0625 1
vt 0.0625 1
vt 0 1
vt 0 1
vt 0.8125 1
vt 0.8125 1
vt 0 1
vt 0 1
vt 0.0625 1
vt 0.0625 1
vt 0 1
vt 0 1
vt 0.8125 1
vt 0.8125 1
vt 0 1
vt 0.21875 0.6875
vt 0.8125 0.6875
vt 0.8125 0.4375
vt 0.21875 0.4375
vt 0 1
vt 0.0625 1
vt 0.0625 0.1875
vt 0 0.1875
vn 0 -0.3826834323650898 -0.9238795325112867
vn 1 0 0
vn 0 0.3826834323650898 0.9238795325112867
vn -1 0 0
vn 0 0.9238795325112867 -0.3826834323650898
vn 0 -0.9238795325112867 0.3826834323650898
g Leaf
f 44/124/31 47/123/31 45/122/31 42/121/31
f 43/128/32 44/127/32 42/126/32 41/125/32
f 48/132/33 43/131/33 41/130/33 46/129/33
f 47/136/34 48/135/34 46/134/34 45/133/34
f 46/140/35 41/139/35 42/138/35 45/137/35
f 47/144/36 44/143/36 43/142/36 48/141/36
o cube
v -0.058313293868263734 0.016176190318907546 -0.015624999999999875
v -0.5248196448143736 0.14558571287016792 -0.1406249999999989
v -0.058313293868263734 0.016176190318907546 -0.015624999999999875
v -0.5248196448143736 0.14558571287016792 -0.1406249999999989
v -0.540995835133281 0.14558571287016792 -0.0802546358569321
v -0.07448948418717115 0.016176190318907536 0.04474536414306692
v -0.540995835133281 0.14558571287016792 -0.0802546358569321
v -0.07448948418717115 0.016176190318907536 0.04474536414306692
vt 0 1
vt 0.0625 1
vt 0.0625 1
vt 0 1
vt 0 1
vt 0.375 1
vt 0.375 1
vt 0 1
vt 0 1
vt 0.0625 1
vt 0.0625 1
vt 0 1
vt 0 1
vt 0.375 1
vt 0.375 1
vt 0 1
vt 0.4375 1
vt 0.5625 1
vt 0.5625 0
vt 0.4375 0
vt 0 1
vt 0.0625 1
vt 0.0625 0.625
vt 0 0.625
vn -0.9330127018922199 0.2588190451025207 -0.24999999999999792
vn 0.25881904510251874 0 -0.965925826289069
vn 0.9330127018922199 -0.2588190451025207 0.24999999999999792
vn -0.25881904510251874 0 0.965925826289069
vn 0.2500000000000001 0.9659258262890683 0.06698729810778027
vn -0.2500000000000001 -0.9659258262890683 -0.06698729810778027
g Stem
f 52/148/37 55/147/37 53/146/37 50/145/37
f 51/152/38 52/151/38 50/150/38 49/149/38
f 56/156/39 51/155/39 49/154/39 54/153/39
f 55/160/40 56/159/40 54/158/40 53/157/40
f 54/164/41 49/163/41 50/162/41 53/161/41
f 55/168/42 52/167/42 51/166/42 56/165/42
o cube
v -0.45100684898764215 0.15365493906893357 -0.28260882415621835
v -0.6754589263960521 0.12306286276735899 -0.3427505770372892
v -0.45100684898764215 0.15365493906893357 -0.28260882415621835
v -0.6754589263960521 0.12306286276735899 -0.3427505770372892
v -0.7725160683094965 0.12306286276735894 0.019471607821111653
v -0.5480639909010866 0.15365493906893352 0.07961336070218242
v -0.7725160683094965 0.12306286276735894 0.019471607821111653
v -0.5480639909010866 0.15365493906893352 0.07961336070218242
vt 0 1
vt 0.0625 1
vt 0.0625 1
vt 0 1
vt 0 1
vt 0.8125 1
vt 0.8125 1
vt 0 1
vt 0 1
vt 0.0625 1
vt 0.0625 1
vt 0 1
vt 0 1
vt 0.8125 1
vt 0.8125 1
vt 0 1
vt 0.21875 0.4375
vt 0.8125 0.4375
vt 0.8125 0.0625
vt 0.21875 0.0625
vt 0 1
vt 0.0625 1
vt 0.0625 0.1875
vt 0 0.1875
vn -0.9576621969425492 -0.13052619222005152 -0.2566048122925686
vn 0.25881904510251874 0 -0.965925826289069
vn 0.9576621969425492 0.13052619222005152 0.2566048122925686
vn -0.25881904510251874 0 0.965925826289069
vn -0.12607862007251922 0.9914448613738106 -0.03378266443126141
vn 0.12607862007251922 -0.9914448613738106 0.03378266443126141
g Leaf
f 60/172/43 63/171/43 61/170/43 58/169/43
f 59/176/44 60/175/44 58/174/44 57/173/44
f 64/180/45 59/179/45 57/178/45 62/177/45
f 63/184/46 64/183/46 62/182/46 61/181/46
f 62/188/47 57/187/47 58/186/47 61/185/47
f 63/192/48 60/191/48 59/190/48 64/189/48
o cube
v -0.8030759389403196 0.07497553277998414 -0.3769454524889978
v -0.8794497119886269 0.024603694497469464 -0.3974097433002095
v -0.8030759389403196 0.07497553277998414 -0.3769454524889978
v -0.8794497119886269 0.024603694497469464 -0.3974097433002095
v -0.9765068539020714 0.024603694497469464 -0.03518755844180865
v -0.9001330808537641 0.07497553277998414 -0.014723267630597031
v -0.9765068539020714 0.024603694497469464 -0.03518755844180865
v -0.9001330808537641 0.07497553277998414 -0.014723267630597031
vt 0 1
vt 0.0625 1
vt 0.0625 1
vt 0 1
vt 0 1
vt 0.8125 1
vt 0.8125 1
vt 0 1
vt 0 1
vt 0.0625 1
vt 0.0625 1
vt 0 1
vt 0 1
vt 0.8125 1
vt 0.8125 1
vt 0 1
vt 0.21875 0.84375
vt 0.8125 0.84375
vt 0.8125 0.6875
vt 0.21875 0.6875
vt 0 1
vt 0.0625 1
vt 0.0625 0.1875
vt 0 0.1875
vn -0.8146535791819441 -0.5372996083468238 -0.2182857686529238
vn 0.25881904510251874 0 -0.9659258262890689
vn 0.8146535791819441 0.5372996083468238 0.2182857686529238
vn -0.25881904510251874 0 0.9659258262890689
vn -0.518991568157199 0.8433914458128857 -0.13906337156628212
vn 0.518991568157199 -0.8433914458128857 0.13906337156628212
g Leaf
f 68/196/49 71/195/49 69/194/49 66/193/49
f 67/200/50 68/199/50 66/198/50 65/197/50
f 72/204/51 67/203/51 65/202/51 70/201/51
f 71/208/52 72/207/52 70/206/52 69/205/52
f 70/212/53 65/211/53 66/210/53 69/209/53
f 71/216/54 68/215/54 67/214/54 72/213/54
o cube
v -0.6754461593546225 0.12306609704796043 -0.3427471561188484
v -0.803087727178268 0.07496951439278829 -0.37694861113783634
v -0.6754461593546225 0.12306609704796043 -0.3427471561188484
v -0.803087727178268 0.07496951439278829 -0.37694861113783634
v -0.9001448690917124 0.07496951439278823 -0.01472642627943553
v -0.7725033012680669 0.12306609704796037 0.01947502873955241
v -0.9001448690917124 0.07496951439278823 -0.01472642627943553
v -0.7725033012680669 0.12306609704796037 0.01947502873955241
vt 0 1
vt 0.0625 1
vt 0.0625 1
vt 0 1
vt 0 1
vt 0.8125 1
vt 0.8125 1
vt 0 1
vt 0 1
vt 0.0625 1
vt 0.0625 1
vt 0 1
vt 0 1
vt 0.8125 1
vt 0.8125 1
vt 0 1
vt 0.21875 0.6875
vt 0.8125 0.6875
vt 0.8125 0.4375
vt 0.21875 0.4375
vt 0 1
vt 0.0625 1
vt 0.0625 0.1875
vt 0 0.1875
vn -0.9076733711903693 -0.34202014332566877 -0.24321034680169204
vn 0.2588190451025188 0 -0.965925826289069
vn 0.9076733711903693 0.34202014332566877 0.24321034680169204
vn -0.2588190451025188 0 0.965925826289069
vn -0.3303660895493525 0.9396926207859083 -0.08852132690137604
vn 0.3303660895493525 -0.9396926207859083 0.08852132690137604
g Leaf
f 76/220/55 79/219/55 77/218/55 74/217/55
f 75/224/56 76/223/56 74/222/56 73/221/56
f 80/228/57 75/227/57 73/226/57 78/225/57
f 79/232/58 80/231/58 78/230/58 77/229/58
f 78/236/59 73/235/59 74/234/59 77/233/59
f 79/240/60 76/239/60 75/238/60 80/237/60
o cube
v 0.03462701832639513 0.016176190318907584 -0.04945250720226404
v 0.31164316493755617 0.14558571287016825 -0.4450725648203763
v 0.03462701832639513 0.016176190318907584 -0.04945250720226404
v 0.31164316493755617 0.14558571287016825 -0.4450725648203763
v 0.2604461621694941 0.14558571287016825 -0.4809210920923166
v -0.016569984441666914 0.01617619031890758 -0.08530103447420434
v 0.2604461621694941 0.14558571287016825 -0.4809210920923166
v -0.016569984441666914 0.01617619031890758 -0.08530103447420434
vt 0 1
vt 0.0625 1
vt 0.0625 1
vt 0 1
vt 0 1
vt 0.375 1
vt 0.375 1
vt 0 1
vt 0 1
vt 0.0625 1
vt 0.0625 1
vt 0 1
vt 0 1
vt 0.375 1
vt 0.375 1
vt 0 1
vt 0.4375 1
vt 0.5625 1
vt 0.5625 0
vt 0.4375 0
vt 0 1
vt 0.0625 1
vt 0.0625 0.625
vt 0 0.625
vn 0.5540322932223221 0.2588190451025214 -0.7912401152362247
vn 0.8191520442889927 0 0.5735764363510448
vn -0.5540322932223221 -0.2588190451025214 0.7912401152362247
vn -0.8191520442889927 0 -0.5735764363510448
vn -0.14845250554968453 0.9659258262890682 0.21201214989665534
vn 0.14845250554968453 -0.9659258262890682 -0.21201214989665534
g Stem
f 84/244/61 87/243/61 85/242/61 82/241/61
f 83/248/62 84/247/62 82/246/62 81/245/62
f 88/252/63 83/251/63 81/250/63 86/249/63
f 87/256/64 88/255/64 86/254/64 85/253/64
f 86/260/65 81/259/65 82/258/65 85/257/65
f 87/264/66 84/263/66 83/262/66 88/261/66
o cube
v 0.41981885376019257 0.15365493906893385 -0.3271498973745831
v 0.5531007468286331 0.12306286276735942 -0.5174961672950926
v 0.41981885376019257 0.15365493906893385 -0.3271498973745831
v 0.5531007468286331 0.12306286276735942 -0.5174961672950926
v 0.24591873022026078 0.12306286276735942 -0.7325873309267343
v 0.11263683715182032 0.15365493906893385 -0.5422410610062249
v 0.24591873022026078 0.12306286276735942 -0.7325873309267343
v 0.11263683715182032 0.15365493906893385 -0.5422410610062249
vt 0 1
vt 0.0625 1
vt 0.0625 1
vt 0 1
vt 0 1
vt 0.8125 1
vt 0.8125 1
vt 0 1
vt 0 1
vt 0.0625 1
vt 0.0625 1
vt 0 1
vt 0 1
vt 0.8125 1
vt 0.8125 1
vt 0 1
vt 0.21875 0.4375
vt 0.8125 0.4375
vt 0.8125 0.0625
vt 0.21875 0.0625
vt 0 1
vt 0.0625 1
vt 0.0625 0.1875
vt 0 0.1875
vn 0.5686694104253458 -0.13052619222005096 -0.8121440849941738
vn 0.8191520442889928 0 0.5735764363510449
vn -0.5686694104253458 0.13052619222005096 0.8121440849941738
vn -0.8191520442889928 0 -0.5735764363510449
vn 0.07486674818404825 0.9914448613738105 -0.10692079719031275
vn -0.07486674818404825 -0.9914448613738105 0.10692079719031275
g Leaf
f 92/268/67 95/267/67 93/266/67 90/265/67
f 91/272/68 92/271/68 90/270/68 89/269/68
f 96/276/69 91/275/69 89/274/69 94/273/69
f 95/280/70 96/279/70 94/278/70 93/277/70
f 94/284/71 89/283/71 90/282/71 93/281/71
f 95/288/72 92/287/72 91/286/72 96/285/72
o cube
v 0.628881007880481 0.07497553277998475 -0.6257215960666868
v 0.6742325197496976 0.02460369449747002 -0.6904902673454499
v 0.628881007880481 0.07497553277998475 -0.6257215960666868
v 0.6742325197496976 0.02460369449747002 -0.6904902673454499
v 0.3670505031413253 0.02460369449747002 -0.9055814309770918
v 0.3216989912721087 0.07497553277998475 -0.8408127596983286
v 0.3670505031413253 0.02460369449747002 -0.9055814309770918
v 0.3216989912721087 0.07497553277998475 -0.8408127596983286
vt 0 1
vt 0.0625 1
vt 0.0625 1
vt 0 1
vt 0 1
vt 0.8125 1
vt 0.8125 1
vt 0 1
vt 0 1
vt 0.0625 1
vt 0.0625 1
vt 0 1
vt 0 1
vt 0.8125 1
vt 0.8125 1
vt 0 1
vt 0.21875 0.84375
vt 0.8125 0.84375
vt 0.8125 0.6875
vt 0.21875 0.6875
vt 0 1
vt 0.0625 1
vt 0.0625 0.1875
vt 0 0.1875
vn 0.4837494599383105 -0.5372996083468233 -0.6908658269734749
vn 0.8191520442889928 0 0.5735764363510448
vn -0.4837494599383105 0.5372996083468233 0.6908658269734749
vn -0.8191520442889928 0 -0.5735764363510448
vn 0.308182394608383 0.8433914458128862 -0.4401300725729755
vn -0.308182394608383 -0.8433914458128862 0.4401300725729755
g Leaf
f 100/292/73 103/291/73 101/290/73 98/289/73
f 99/296/74 100/295/74 98/294/74 97/293/74
f 104/300/75 99/299/75 97/298/75 102/297/75
f 103/304/76 104/303/76 102/302/76 101/301/76
f 102/308/77 97/307/77 98/306/77 101/305/77
f 103/312/78 100/311/78 99/310/78 104/309/78
o cube
v 0.5530931656314783 0.1230660970479609 -0.5174853402234875
v 0.6288880078543189 0.07496951439278882 -0.6257315930653706
v 0.5530931656314783 0.1230660970479609 -0.5174853402234875
v 0.6288880078543189 0.07496951439278882 -0.6257315930653706
v 0.3217059912459466 0.07496951439278882 -0.8408227566970123
v 0.245911149023106 0.1230660970479609 -0.7325765038551292
v 0.3217059912459466 0.07496951439278882 -0.8408227566970123
v 0.245911149023106 0.1230660970479609 -0.7325765038551292
vt 0 1
vt 0.0625 1
vt 0.0625 1
vt 0 1
vt 0 1
vt 0.8125 1
vt 0.8125 1
vt 0 1
vt 0 1
vt 0.0625 1
vt 0.0625 1
vt 0 1
vt 0 1
vt 0.8125 1
vt 0.8125 1
vt 0 1
vt 0.21875 0.6875
vt 0.8125 0.6875
vt 0.8125 0.4375
vt 0.21875 0.4375
vt 0 1
vt 0.0625 1
vt 0.0625 0.1875
vt 0 0.1875
vn 0.5389855446957552 -0.34202014332566816 -0.7697511313200585
vn 0.8191520442889928 0 0.5735764363510449
vn -0.5389855446957552 0.34202014332566816 0.7697511313200585
vn -0.8191520442889928 0 -0.5735764363510449
vn 0.19617469496901027 0.9396926207859086 -0.28016649959323536
vn -0.19617469496901027 -0.9396926207859086 0.28016649959323536
g Leaf
f 108/316/79 111/315/79 109/314/79 106/313/79
f 107/320/80 108/319/80 106/318/80 105/317/80
f 112/324/81 107/323/81 105/322/81 110/321/81
f 111/328/82 112/327/82 110/326/82 109/325/82
f 110/332/83 105/331/83 106/330/83 109/329/83
f 111/336/84 108/335/84 107/334/84 112/333/84
o cube
v 0.05471413112909958 0.016176190318907647 0.02551361835479586
v 0.4924271801618962 0.14558571287016883 0.22962256519316276
v 0.05471413112909958 0.016176190318907647 0.02551361835479586
v 0.4924271801618962 0.14558571287016883 0.22962256519316276
v 0.5188408215206899 0.14558571287016886 0.1729783285033721
v 0.08112777248789323 0.016176190318907675 -0.031130618334994795
v 0.5188408215206899 0.14558571287016886 0.1729783285033721
v 0.08112777248789323 0.016176190318907675 -0.031130618334994795
vt 0 1
vt 0.0625 1
vt 0.0625 1
vt 0 1
vt 0 1
vt 0.375 1
vt 0.375 1
vt 0 1
vt 0 1
vt 0.0625 1
vt 0.0625 1
vt 0 1
vt 0 1
vt 0.375 1
vt 0.375 1
vt 0 1
vt 0.4375 1
vt 0.5625 1
vt 0.5625 0
vt 0.4375 0
vt 0 1
vt 0.0625 1
vt 0.0625 0.625
vt 0 0.625
vn 0.8754260980655931 0.25881904510252235 0.4082178936767338
vn -0.4226182617406984 0 0.9063077870366506
vn -0.8754260980655931 -0.25881904510252235 -0.4082178936767338
vn 0.4226182617406984 0 -0.9063077870366506
vn -0.23456971600980625 0.965925826289068 -0.10938165494661502
vn 0.23456971600980625 -0.965925826289068 0.10938165494661502
g Stem
f 116/340/85 119/339/85 117/338/85 114/337/85
f 115/344/86 116/343/86 114/342/86 113/341/86
f 120/348/87 115/347/87 113/346/87 118/345/87
f 119/352/88 120/351/88 118/350/88 117/349/88
f 118/356/89 113/355/89 114/354/89 117/353/89
f 119/360/90 116/359/90 115/358/90 120/357/90
o cube
v 0.3950805342373144 0.1536549390689343 0.35663187854071654
v 0.60567917445932 0.1230628627673601 0.45483563727326676
v 0.3950805342373144 0.1536549390689343 0.35663187854071654
v 0.60567917445932 0.1230628627673601 0.45483563727326676
v 0.7641610226120819 0.12306286276736027 0.11497021713452282
v 0.5535623823900763 0.15365493906893446 0.016766458401972606
v 0.7641610226120819 0.12306286276736027 0.11497021713452282
v 0.5535623823900763 0.15365493906893446 0.016766458401972606
vt 0 1
vt 0.0625 1
vt 0.0625 1
vt 0 1
vt 0 1
vt 0.8125 1
vt 0.8125 1
vt 0 1
vt 0 1
vt 0.0625 1
vt 0.0625 1
vt 0 1
vt 0 1
vt 0.8125 1
vt 0.8125 1
vt 0 1
vt 0.21875 0.4375
vt 0.8125 0.4375
vt 0.8125 0.0625
vt 0.21875 0.0625
vt 0 1
vt 0.0625 1
vt 0.0625 0.1875
vt 0 0.1875
vn 0.898554198280557 -0.13052619222005002 0.41900270392554745
vn -0.42261826174069833 0 0.9063077870366506
vn -0.898554198280557 0.13052619222005002 -0.41900270392554745
vn 0.42261826174069833 0 -0.9063077870366506
vn 0.11829690442127372 0.9914448613738108 0.05516275246767016
vn -0.11829690442127372 -0.9914448613738108 -0.05516275246767016
g Leaf
f 124/364/91 127/363/91 125/362/91 122/361/91
f 123/368/92 124/367/92 122/366/92 121/365/92
f 128/372/93 123/371/93 121/370/93 126/369/93
f 127/376/94 128/375/94 126/374/94 125/373/94
f 126/380/95 121/379/95 122/378/95 125/377/95
f 127/384/96 124/383/96 123/382/96 128/381/96
o cube
v 0.7254195200214341 0.07497553277998559 0.5106714773990063
v 0.7970794170395888 0.024603694497470963 0.5440870361611703
v 0.7254195200214341 0.07497553277998559 0.5106714773990063
v 0.7970794170395888 0.024603694497470963 0.5440870361611703
v 0.9555612651923507 0.02460369449747113 0.20422161602242633
v 0.883901368174196 0.07497553277998575 0.17080605726026232
v 0.9555612651923507 0.02460369449747113 0.20422161602242633
v 0.883901368174196 0.07497553277998575 0.17080605726026232
vt 0 1
vt 0.0625 1
vt 0.0625 1
vt 0 1
vt 0 1
vt 0.8125 1
vt 0.8125 1
vt 0 1
vt 0 1
vt 0.0625 1
vt 0.0625 1
vt 0 1
vt 0 1
vt 0.8125 1
vt 0.8125 1
vt 0 1
vt 0.21875 0.84375
vt 0.8125 0.84375
vt 0.8125 0.6875
vt 0.21875 0.6875
vt 0 1
vt 0.0625 1
vt 0.0625 0.1875
vt 0 0.1875
vn 0.7643722348603186 -0.5372996083468226 0.35643262679641635
vn -0.42261826174069833 0 0.9063077870366505
vn -0.7643722348603186 0.5372996083468226 -0.35643262679641635
vn 0.42261826174069833 0 -0.9063077870366505
vn 0.4869588190164674 0.8433914458128866 0.22707262651349241
vn -0.4869588190164674 -0.8433914458128866 -0.22707262651349241
g Leaf
f 132/388/97 135/387/97 133/386/97 130/385/97
f 131/392/98 132/391/98 130/390/98 129/389/98
f 136/396/99 131/395/99 129/394/99 134/393/99
f 135/400/100 136/399/100 134/398/100 133/397/100
f 134/404/101 129/403/101 130/402/101 133/401/101
f 135/408/102 132/407/102 131/406/102 136/405/102
o cube
v 0.6056671954141901 0.12306609704796165 0.4548300513527854
v 0.7254305806759453 0.07496951439278968 0.5106766350669091
v 0.6056671954141901 0.12306609704796165 0.4548300513527854
v 0.7254305806759453 0.07496951439278968 0.5106766350669091
v 0.8839124288287072 0.07496951439278984 0.1708112149281652
v 0.764149043566952 0.12306609704796181 0.11496463121404149
v 0.8839124288287072 0.07496951439278984 0.1708112149281652
v 0.764149043566952 0.12306609704796181 0.11496463121404149
vt 0 1
vt 0.0625 1
vt 0.0625 1
vt 0 1
vt 0 1
vt 0.8125 1
vt 0.8125 1
vt 0 1
vt 0 1
vt 0.0625 1
vt 0.0625 1
vt 0 1
vt 0 1
vt 0.8125 1
vt 0.8125 1
vt 0 1
vt 0.21875 0.6875
vt 0.8125 0.6875
vt 0.8125 0.4375
vt 0.21875 0.4375
vt 0 1
vt 0.0625 1
vt 0.0625 0.1875
vt 0 0.1875
vn 0.8516507396391476 -0.3420201433256672 0.39713126196710197
vn -0.4226182617406984 0 0.9063077870366505
vn -0.8516507396391476 0.3420201433256672 -0.39713126196710197
vn 0.4226182617406984 0 -0.9063077870366505
vn 0.3099755192194432 0.9396926207859091 0.14454395845259835
vn -0.3099755192194432 -0.9396926207859091 -0.14454395845259835
g Leaf
f 140/412/103 143/411/103 141/410/103 138/409/103
f 139/416/104 140/415/104 138/414/104 137/413/104
f 144/420/105 139/419/105 137/418/105 142/417/105
f 143/424/106 144/423/106 142/422/106 141/421/106
f 142/428/107 137/427/107 138/426/107 141/425/107
f 143/432/108 140/431/108 139/430/108 144/429/108
o cube
v 0.015200646675105765 0.02137625895785429 0.05672958569939808
v 0.13680582007595188 0.1923863306206886 0.5105662712945828
v 0.015200646675105765 0.02137625895785429 0.05672958569939808
v 0.13680582007595188 0.1923863306206886 0.5105662712945828
v 0.19717618421901867 0.19238633062068855 0.49439008097567533
v 0.07557101081817257 0.02137625895785423 0.04055339538049067
v 0.19717618421901867 0.19238633062068855 0.49439008097567533
v 0.07557101081817257 0.02137625895785423 0.04055339538049067
vt 0 1
vt 0.0625 1
vt 0.0625 1
vt 0 1
vt 0 1
vt 0.375 1
vt 0.375 1
vt 0 1
vt 0 1
vt 0.0625 1
vt 0.0625 1
vt 0 1
vt 0 1
vt 0.375 1
vt 0.375 1
vt 0 1
vt 0.4375 1
vt 0.5625 1
vt 0.5625 0
vt 0.4375 0
vt 0 1
vt 0.0625 1
vt 0.0625 0.625
vt 0 0.625
vn 0.24321034680169226 0.3420201433256687 0.9076733711903692
vn -0.9659258262890691 0 0.2588190451025186
vn -0.24321034680169226 -0.3420201433256687 -0.9076733711903692
vn 0.9659258262890691 0 -0.2588190451025186
vn -0.08852132690137522 0.9396926207859085 -0.3303660895493525
vn 0.08852132690137522 -0.9396926207859085 0.3303660895493525
g Stem
f 148/436/109 151/435/109 149/434/109 146/433/109
f 147/440/110 148/439/110 146/438/110 145/437/110
f 152/444/111 147/443/111 145/442/111 150/441/111
f 151/448/112 152/447/112 150/446/112 149/445/112
f 150/452/113 145/451/113 146/450/113 149/449/113
f 151/456/114 148/455/114 147/454/114 152/453/114
o cube
v -0.023210171248937067 0.1974136577159469 0.5170821030772638
v 0.037392806888840835 0.18719036380219628 0.743255496577439
v -0.023210171248937067 0.1974136577159469 0.5170821030772638
v 0.037392806888840835 0.18719036380219628 0.743255496577439
v 0.3996149917472417 0.1871903638021959 0.6461983546639946
v 0.33901201360946376 0.19741365771594652 0.42002496116381927
v 0.3996149917472417 0.1871903638021959 0.6461983546639946
v 0.33901201360946376 0.19741365771594652 0.42002496116381927
vt 0 1
vt 0.0625 1
vt 0.0625 1
vt 0 1
vt 0 1
vt 0.8125 1
vt 0.8125 1
vt 0 1
vt 0 1
vt 0.0625 1
vt 0.0625 1
vt 0 1
vt 0 1
vt 0.8125 1
vt 0.8125 1
vt 0 1
vt 0.21875 0.4375
vt 0.8125 0.4375
vt 0.8125 0.0625
vt 0.21875 0.0625
vt 0 1
vt 0.0625 1
vt 0.0625 0.1875
vt 0 0.1875
vn 0.25857270672118576 -0.043619387365336076 0.9650064789340808
vn -0.9659258262890691 0 0.2588190451025186
vn -0.25857270672118576 0.043619387365336076 -0.9650064789340808
vn 0.9659258262890691 0 -0.2588190451025186
vn 0.01128952818585409 0.9990482215818579 0.042133092783084934
vn -0.01128952818585409 -0.9990482215818579 -0.042133092783084934
g Leaf
f 156/460/115 159/459/115 157/458/115 154/457/115
f 155/464/116 156/463/116 154/462/116 153/461/116
f 160/468/117 155/467/117 153/466/117 158/465/117
f 159/472/118 160/471/118 158/470/118 157/469/118
f 158/476/119 153/475/119 154/474/119 157/473/119
f 159/480/120 156/479/120 155/478/120 160/477/120
o cube
v 0.0725422936411356 0.1508009374139052 0.8744351669969735
v 0.09406497771977088 0.1075120049231208 0.9547589174936951
v 0.0725422936411356 0.1508009374139052 0.8744351669969735
v 0.09406497771977088 0.1075120049231208 0.9547589174936951
v 0.4562871625781717 0.10751200492312041 0.8577017755802506
v 0.4347644784995364 0.15080093741390482 0.7773780250835292
v 0.4562871625781717 0.10751200492312041 0.8577017755802506
v 0.4347644784995364 0.15080093741390482 0.7773780250835292
vt 0 1
vt 0.0625 1
vt 0.0625 1
vt 0 1
vt 0 1
vt 0.8125 1
vt 0.8125 1
vt 0 1
vt 0 1
vt 0.0625 1
vt 0.0625 1
vt 0 1
vt 0 1
vt 0.8125 1
vt 0.8125 1
vt 0 1
vt 0.21875 0.84375
vt 0.8125 0.84375
vt 0.8125 0.6875
vt 0.21875 0.6875
vt 0 1
vt 0.0625 1
vt 0.0625 0.1875
vt 0 0.1875
vn 0.22957529683877634 -0.46174861323503413 0.8567866719650294
vn -0.965925826289069 0 0.2588190451025185
vn -0.22957529683877634 0.46174861323503413 -0.8567866719650294
vn 0.965925826289069 0 -0.2588190451025185
vn 0.11950933515490451 0.8870108331782218 0.44601491077688166
vn -0.11950933515490451 -0.8870108331782218 -0.44601491077688166
g Leaf
f 164/484/121 167/483/121 165/482/121 162/481/121
f 163/488/122 164/487/122 162/486/122 161/485/122
f 168/492/123 163/491/123 161/490/123 166/489/123
f 167/496/124 168/495/124 166/494/124 165/493/124
f 166/500/125 161/499/125 162/498/125 165/497/125
f 167/504/126 164/503/126 163/502/126 168/501/126
o cube
v 0.03738932603052898 0.18719243380185918 0.7432425058373652
v 0.07254557603052865 0.1507960055843172 0.8744474170409586
v 0.03738932603052898 0.18719243380185918 0.7432425058373652
v 0.07254557603052865 0.1507960055843172 0.8744474170409586
v 0.43476776088892943 0.1507960055843168 0.7773902751275142
v 0.39961151088892977 0.1871924338018588 0.6461853639239207
v 0.43476776088892943 0.1507960055843168 0.7773902751275142
v 0.39961151088892977 0.1871924338018588 0.6461853639239207
vt 0 1
vt 0.0625 1
vt 0.0625 1
vt 0 1
vt 0 1
vt 0.8125 1
vt 0.8125 1
vt 0 1
vt 0 1
vt 0.0625 1
vt 0.0625 1
vt 0 1
vt 0 1
vt 0.8125 1
vt 0.8125 1
vt 0 1
vt 0.21875 0.6875
vt 0.8125 0.6875
vt 0.8125 0.4375
vt 0.21875 0.4375
vt 0 1
vt 0.0625 1
vt 0.0625 0.1875
vt 0 0.1875
vn 0.24999999999999764 -0.25881904510252085 0.93301270189222
vn -0.965925826289069 0 0.2588190451025186
vn -0.24999999999999764 0.25881904510252085 -0.93301270189222
vn 0.965925826289069 0 -0.2588190451025186
vn 0.06698729810778102 0.9659258262890684 0.24999999999999986
vn -0.06698729810778102 -0.9659258262890684 -0.24999999999999986
g Leaf
f 172/508/127 175/507/127 173/506/127 170/505/127
f 171/512/128 172/511/128 170/510/128 169/509/128
f 176/516/129 171/515/129 169/514/129 174/513/129
f 175/520/130 176/519/130 174/518/130 173/517/130
f 174/524/131 169/523/131 170/522/131 173/521/131
f 175/528/132 172/527/132 171/526/132 176/525/132
o cube
v -0.05412407091900131 0.01352747587113148 0.028175207962158347
v -0.48711663827101176 0.12174728284018332 0.2535768716594251
v -0.05412407091900131 0.01352747587113148 0.028175207962158347
v -0.48711663827101176 0.12174728284018332 0.2535768716594251
v -0.4582573499438219 0.12174728284018332 0.30901504873306385
v -0.025264782591811454 0.013527475871131477 0.08361338503579707
v -0.4582573499438219 0.12174728284018332 0.30901504873306385
v -0.025264782591811454 0.013527475871131477 0.08361338503579707
vt 0 1
vt 0.0625 1
vt 0.0625 1
vt 0 1
vt 0 1
vt 0.375 1
vt 0.375 1
vt 0 1
vt 0 1
vt 0.0625 1
vt 0.0625 1
vt 0 1
vt 0 1
vt 0.375 1
vt 0.375 1
vt 0 1
vt 0.4375 1
vt 0.5625 1
vt 0.5625 0
vt 0.4375 0
vt 0 1
vt 0.0625 1
vt 0.0625 0.625
vt 0 0.625
vn -0.8659851347040212 0.21643961393810374 0.4508033273945338
vn -0.4617486132350377 0 -0.8870108331782197
vn 0.8659851347040212 -0.21643961393810374 -0.4508033273945338
vn 0.4617486132350377 0 0.8870108331782197
vn 0.19198428229200962 0.9762960071199333 -0.0999406915850463
vn -0.19198428229200962 -0.9762960071199333 0.0999406915850463
g Stem
f 180/532/133 183/531/133 181/530/133 178/529/133
f 179/536/134 180/535/134 178/534/134 177/533/134
f 184/540/135 179/539/135 177/538/135 182/537/135
f 183/544/136 184/543/136 182/542/136 181/541/136
f 182/548/137 177/547/137 178/546/137 181/545/137
f 183/552/138 180/551/138 179/550/138 184/549/138
o cube
v -0.5289603914061421 0.13131585991400158 0.09920592161512919
v -0.7336951911373286 0.09061706827331499 0.20578411245649647
v -0.5289603914061421 0.13131585991400158 0.09920592161512919
v -0.7336951911373286 0.09061706827331499 0.20578411245649647
v -0.5605394611741895 0.09061706827331496 0.5384131748983287
v -0.355804661443003 0.13131585991400155 0.43183498405696147
v -0.5605394611741895 0.09061706827331496 0.5384131748983287
v -0.355804661443003 0.13131585991400155 0.43183498405696147
vt 0 1
vt 0.0625 1
vt 0.0625 1
vt 0 1
vt 0 1
vt 0.8125 1
vt 0.8125 1
vt 0 1
vt 0 1
vt 0.0625 1
vt 0.0625 1
vt 0 1
vt 0 1
vt 0.8125 1
vt 0.8125 1
vt 0 1
vt 0.21875 0.4375
vt 0.8125 0.4375
vt 0.8125 0.0625
vt 0.21875 0.0625
vt 0 1
vt 0.0625 1
vt 0.0625 0.1875
vt 0 0.1875
vn -0.8735351455197292 -0.17364817766692947 0.4547336142565008
vn -0.46174861323503774 0 -0.8870108331782198
vn 0.8735351455197292 0.17364817766692947 -0.4547336142565008
vn 0.46174861323503774 0 0.8870108331782198
vn -0.15402781475222263 0.9848077530122082 0.0801818052284962
vn 0.15402781475222263 -0.9848077530122082 -0.0801818052284962
g Leaf
f 188/556/139 191/555/139 189/554/139 186/553/139
f 187/560/140 188/559/140 186/558/140 185/557/140
f 192/564/141 187/563/141 185/562/141 190/561/141
f 191/568/142 192/567/142 190/566/142 189/565/142
f 190/572/143 185/571/143 186/570/143 189/569/143
f 191/576/144 188/575/144 187/574/144 192/573/144
o cube
v -0.848913964966326 0.03681256332835686 0.2657632097168471
v -0.9170324090886155 -0.01696022757955362 0.3012234272617616
v -0.848913964966326 0.03681256332835686 0.2657632097168471
v -0.9170324090886155 -0.01696022757955362 0.3012234272617616
v -0.7438766791254763 -0.01696022757955362 0.633852489703594
v -0.6757582350031868 0.03681256332835681 0.5983922721586794
v -0.7438766791254763 -0.01696022757955362 0.633852489703594
v -0.6757582350031868 0.03681256332835681 0.5983922721586794
vt 0 1
vt 0.0625 1
vt 0.0625 1
vt 0 1
vt 0 1
vt 0.8125 1
vt 0.8125 1
vt 0 1
vt 0 1
vt 0.0625 1
vt 0.0625 1
vt 0 1
vt 0 1
vt 0.8125 1
vt 0.8125 1
vt 0 1
vt 0.21875 0.84375
vt 0.8125 0.84375
vt 0.8125 0.6875
vt 0.21875 0.6875
vt 0 1
vt 0.0625 1
vt 0.0625 0.1875
vt 0 0.1875
vn -0.7265967373044211 -0.5735764363510453 0.37824232047908846
vn -0.4617486132350378 0 -0.8870108331782197
vn 0.7265967373044211 0.5735764363510453 -0.37824232047908846
vn 0.4617486132350378 0 0.8870108331782197
vn -0.5087685126991349 0.8191520442889924 0.2648481240693902
vn 0.5087685126991349 -0.8191520442889924 -0.2648481240693902
g Leaf
f 196/580/145 199/579/145 197/578/145 194/577/145
f 195/584/146 196/583/146 194/582/146 193/581/146
f 200/588/147 195/587/147 193/586/147 198/585/147
f 199/592/148 200/591/148 198/590/148 197/589/148
f 198/596/149 193/595/149 194/594/149 197/593/149
f 199/600/150 196/599/150 195/598/150 200/597/150
o cube
v -0.7336836034437922 0.09062087601109431 0.2057780802850496
v -0.8489245469594526 0.03680601833475372 0.26576871835379795
v -0.7336836034437922 0.09062087601109431 0.2057780802850496
v -0.8489245469594526 0.03680601833475372 0.26576871835379795
v -0.6757688169963135 0.03680601833475369 0.5983977807956302
v -0.5605278734806531 0.09062087601109428 0.5384071427268818
v -0.6757688169963135 0.03680601833475369 0.5983977807956302
v -0.5605278734806531 0.09062087601109428 0.5384071427268818
vt 0 1
vt 0.0625 1
vt 0.0625 1
vt 0 1
vt 0 1
vt 0.8125 1
vt 0.8125 1
vt 0 1
vt 0 1
vt 0.0625 1
vt 0.0625 1
vt 0 1
vt 0 1
vt 0.8125 1
vt 0.8125 1
vt 0 1
vt 0.21875 0.6875
vt 0.8125 0.6875
vt 0.8125 0.4375
vt 0.21875 0.4375
vt 0 1
vt 0.0625 1
vt 0.0625 0.1875
vt 0 0.1875
vn -0.819491153889141 -0.3826834323650889 0.4266000929333219
vn -0.4617486132350377 0 -0.8870108331782197
vn 0.819491153889141 0.3826834323650889 -0.4266000929333219
vn 0.4617486132350377 0 0.8870108331782197
vn -0.33944435018565844 0.9238795325112871 0.17670354420260428
vn 0.33944435018565844 -0.9238795325112871 -0.17670354420260428
g Leaf
f 204/604/151 207/603/151 205/602/151 202/601/151
f 203/608/152 204/607/152 202/606/152 201/605/152
f 208/612/153 203/611/153 201/610/153 206/609/153
f 207/616/154 208/615/154 206/614/154 205/613/154
f 206/620/155 201/619/155 202/618/155 205/617/155
f 207/624/156 204/623/156 203/622/156 208/621/156
o cube
v -0.042688293868263796 0.016176190318907584 -0.042688293868263616
v -0.38419464481437415 0.14558571287016825 -0.38419464481437254
v -0.042688293868263796 0.016176190318907584 -0.042688293868263616
v -0.38419464481437415 0.14558571287016825 -0.38419464481437254
v -0.4283888186385333 0.14558571287016825 -0.34000047099021324
v -0.08688246769242293 0.01617619031890758 0.0015058799558956976
v -0.4283888186385333 0.14558571287016825 -0.34000047099021324
v -0.08688246769242293 0.01617619031890758 0.0015058799558956976
vt 0 1
vt 0.0625 1
vt 0.0625 1
vt 0 1
vt 0 1
vt 0.375 1
vt 0.375 1
vt 0 1
vt 0 1
vt 0.0625 1
vt 0.0625 1
vt 0 1
vt 0 1
vt 0.375 1
vt 0.375 1
vt 0 1
vt 0.4375 1
vt 0.5625 1
vt 0.5625 0
vt 0.4375 0
vt 0 1
vt 0.0625 1
vt 0.0625 0.625
vt 0 0.625
vn -0.6830127018922206 0.25881904510252135 -0.6830127018922179
vn 0.707106781186546 0 -0.707106781186549
vn 0.6830127018922206 -0.25881904510252135 0.6830127018922179
vn -0.707106781186546 0 0.707106781186549
vn 0.18301270189222008 0.9659258262890681 0.18301270189221938
vn -0.18301270189222008 -0.9659258262890681 -0.18301270189221938
g Stem
f 212/628/157 215/627/157 213/626/157 210/625/157
f 211/632/158 212/631/158 210/630/158 209/629/158
f 216/636/159 211/635/159 209/634/159 214/633/159
f 215/640/160 216/639/160 214/638/160 213/637/160
f 214/644/161 209/643/161 210/642/161 213/641/161
f 215/648/162 212/647/162 211/646/162 216/645/162
o cube
v -0.24927897642596103 0.15365493906893385 -0.4702498455467555
v -0.41358930095329993 0.12306286276735942 -0.6345601700740937
v -0.24927897642596103 0.15365493906893385 -0.4702498455467555
v -0.41358930095329993 0.12306286276735942 -0.6345601700740937
v -0.6787543438982547 0.12306286276735942 -0.3693951271291378
v -0.5144440193709159 0.15365493906893385 -0.2050848026017996
v -0.6787543438982547 0.12306286276735942 -0.3693951271291378
v -0.5144440193709159 0.15365493906893385 -0.2050848026017996
vt 0 1
vt 0.0625 1
vt 0.0625 1
vt 0 1
vt 0 1
vt 0.8125 1
vt 0.8125 1
vt 0 1
vt 0 1
vt 0.0625 1
vt 0.0625 1
vt 0 1
vt 0 1
vt 0.8125 1
vt 0.8125 1
vt 0 1
vt 0.21875 0.4375
vt 0.8125 0.4375
vt 0.8125 0.0625
vt 0.21875 0.0625
vt 0 1
vt 0.0625 1
vt 0.0625 0.1875
vt 0 0.1875
vn -0.7010573846499795 -0.13052619222005102 -0.7010573846499766
vn 0.707106781186546 0 -0.7071067811865491
vn 0.7010573846499795 0.13052619222005102 0.7010573846499766
vn -0.707106781186546 0 0.7071067811865491
vn -0.09229595564125702 0.9914448613738106 -0.09229595564125659
vn 0.09229595564125702 -0.9914448613738106 0.09229595564125659
g Leaf
f 220/652/163 223/651/163 221/650/163 218/649/163
f 219/656/164 220/655/164 218/654/164 217/653/164
f 224/660/165 219/659/165 217/658/165 222/657/165
f 223/664/166 224/663/166 222/662/166 221/661/166
f 222/668/167 217/667/167 218/666/167 221/665/167
f 223/672/168 220/671/168 219/670/168 224/669/168
o cube
v -0.5070114380458587 0.07497553277998475 -0.7279823071666521
v -0.5629209202829542 0.02460369449747002 -0.7838917894037475
v -0.5070114380458587 0.07497553277998475 -0.7279823071666521
v -0.5629209202829542 0.02460369449747002 -0.7838917894037475
v -0.828085963227909 0.02460369449747002 -0.5187267464587917
v -0.7721764809908134 0.07497553277998475 -0.46281726422169633
v -0.828085963227909 0.02460369449747002 -0.5187267464587917
v -0.7721764809908134 0.07497553277998475 -0.46281726422169633
vt 0 1
vt 0.0625 1
vt 0.0625 1
vt 0 1
vt 0 1
vt 0.8125 1
vt 0.8125 1
vt 0 1
vt 0 1
vt 0.0625 1
vt 0.0625 1
vt 0 1
vt 0 1
vt 0.8125 1
vt 0.8125 1
vt 0 1
vt 0.21875 0.84375
vt 0.8125 0.84375
vt 0.8125 0.6875
vt 0.21875 0.6875
vt 0 1
vt 0.0625 1
vt 0.0625 0.1875
vt 0 0.1875
vn -0.5963678105290197 -0.5372996083468234 -0.5963678105290172
vn 0.707106781186546 0 -0.707106781186549
vn 0.5963678105290197 0.5372996083468234 0.5963678105290172
vn -0.707106781186546 0 0.707106781186549
vn -0.3799281965909156 0.843391445812886 -0.37992819659091404
vn 0.3799281965909156 -0.843391445812886 0.37992819659091404
g Leaf
f 228/676/169 231/675/169 229/674/169 226/673/169
f 227/680/170 228/679/170 226/678/170 225/677/170
f 232/684/171 227/683/171 225/682/171 230/681/171
f 231/688/172 232/687/172 230/686/172 229/685/172
f 230/692/173 225/691/173 226/690/173 229/689/173
f 231/696/174 228/695/174 227/694/174 232/693/174
o cube
v -0.41357995483031107 0.1230660970479609 -0.6345508239511051
v -0.5070200676349688 0.07496951439278882 -0.7279909367557622
v -0.41357995483031107 0.1230660970479609 -0.6345508239511051
v -0.5070200676349688 0.07496951439278882 -0.7279909367557622
v -0.7721851105799236 0.07496951439278882 -0.46282589381080624
v -0.678744997775266 0.1230660970479609 -0.36938578100614905
v -0.7721851105799236 0.07496951439278882 -0.46282589381080624
v -0.678744997775266 0.1230660970479609 -0.36938578100614905
vt 0 1
vt 0.0625 1
vt 0.0625 1
vt 0 1
vt 0 1
vt 0.8125 1
vt 0.8125 1
vt 0 1
vt 0 1
vt 0.0625 1
vt 0.0625 1
vt 0 1
vt 0 1
vt 0.8125 1
vt 0.8125 1
vt 0 1
vt 0.21875 0.6875
vt 0.8125 0.6875
vt 0.8125 0.4375
vt 0.21875 0.4375
vt 0 1
vt 0.0625 1
vt 0.0625 0.1875
vt 0 0.1875
vn -0.6644630243886763 -0.3420201433256682 -0.6644630243886736
vn 0.707106781186546 0 -0.707106781186549
vn 0.6644630243886763 0.3420201433256682 0.6644630243886736
vn -0.707106781186546 0 0.707106781186549
vn -0.2418447626479754 0.9396926207859088 -0.24184476264797436
vn 0.2418447626479754 -0.9396926207859088 0.24184476264797436
g Leaf
f 236/700/175 239/699/175 237/698/175 234/697/175
f 235/704/176 236/703/176 234/702/176 233/701/176
f 240/708/177 235/707/177 233/706/177 238/705/177
f 239/712/178 240/711/178 238/710/178 237/709/178
f 238/716/179 233/715/179 234/714/179 237/713/179
f 239/720/180 236/719/180 235/718/180 240/717/180
o cube
v 0.05783853614989522 0.02137625895785434 -0.01019849444790838
