# Made in Blockbench 4.2.5

o cube
v -0.054126587736527454 0 -0.03125
v -0.09741552022731188 0.16631453122091663 0.0437286304794578
v -0.054126587736527454 0 -0.03125
v -0.09741552022731188 0.16631453122091663 0.0437286304794578
v -0.04328893249078443 0.16631453122091663 0.0749786304794578
v 0 0 0
v -0.04328893249078443 0.16631453122091663 0.0749786304794578
v 0 0 0
vt 0 1
vt 0.25 1
vt 0.25 1
vt 0 1
vt 0 1
vt 0.0625 1
vt 0.0625 1
vt 0 1
vt 0 1
vt 0.25 1
vt 0.25 1
vt 0 1
vt 0 1
vt 0.0625 1
vt 0.0625 1
vt 0 1
vt 0.4375 0.5
vt 0.5625 0.5
vt 0.5625 0
vt 0.4375 0
vt 0 1
vt 0.25 1
vt 0.25 0.9375
vt 0 0.9375
vn -0.2308743066175168 0.8870108331782219 0.3998860292237745
vn -0.8660254037844387 0 -0.4999999999999999
vn 0.2308743066175168 -0.8870108331782219 -0.3998860292237745
vn 0.8660254037844387 0 0.4999999999999999
vn 0.4435054165891107 0.46174861323503397 -0.7681739149643411
vn -0.4435054165891107 -0.46174861323503397 0.7681739149643411
g Autumn_Stem
f 4/4/1 7/3/1 5/2/1 2/1/1
f 3/8/2 4/7/2 2/6/2 1/5/2
f 8/12/3 3/11/3 1/10/3 6/9/3
f 7/16/4 8/15/4 6/14/4 5/13/4
f 6/20/5 1/19/5 2/18/5 5/17/5
f 7/24/6 4/23/6 3/22/6 8/21/6
o cube
v -0.09740682493343153 0.16629380592547555 0.04371356978867033
v -0.12219911681753262 0.20434139523852057 0.08665507896801097
v -0.09740682493343153 0.16629380592547555 0.04371356978867033
v -0.12219911681753262 0.20434139523852057 0.08665507896801097
v -0.0680725290810052 0.20434139523852057 0.11790507896801097
v -0.04328023719690411 0.16629380592547555 0.07496356978867033
v -0.0680725290810052 0.20434139523852057 0.11790507896801097
v -0.04328023719690411 0.16629380592547555 0.07496356978867033
vt 0 1
vt 0.25 1
vt 0.25 1
vt 0 1
vt 0 1
vt 0.0625 1
vt 0.0625 1
vt 0 1
vt 0 1
vt 0.25 1
vt 0.25 1
vt 0 1
vt 0 1
vt 0.0625 1
vt 0.0625 1
vt 0 1
vt 0.4375 1
vt 0.5625 1
vt 0.5625 0.5
vt 0.4375 0.5
vt 0 1
vt 0.25 1
vt 0.25 0.9375
vt 0 0.9375
vn -0.39667667014561764 0.6087614290087205 0.6870641468694503
vn -0.8660254037844386 0 -0.4999999999999999
vn 0.39667667014561764 -0.6087614290087205 -0.6870641468694503
vn 0.8660254037844386 0 0.4999999999999999
vn 0.3043807145043603 0.7933533402912353 -0.527202862365669
vn -0.3043807145043603 -0.7933533402912353 0.527202862365669
g Autumn_Stem
f 12/28/7 15/27/7 13/26/7 10/25/7
f 11/32/8 12/31/8 10/30/8 9/29/8
f 16/36/9 11/35/9 9/34/9 14/33/9
f 15/40/10 16/39/10 14/38/10 13/37/10
f 14/44/11 9/43/11 10/42/11 13/41/11
f 15/48/12 12/47/12 11/46/12 16/45/12
o cube
v -0.1641308842806477 0.19093490938181054 0.0655330306652898
v -0.3197863058574829 0.21817107899045374 0.3351361293099214
v -0.1641308842806477 0.19093490938181054 0.0655330306652898
v -0.3197863058574829 0.21817107899045374 0.3351361293099214
v -0.15740654264790066 0.21817107899045374 0.4288861293099214
v -0.0017511210710654188 0.1909349093818105 0.15928303066528982
v -0.15740654264790066 0.21817107899045374 0.4288861293099214
v -0.0017511210710654188 0.1909349093818105 0.15928303066528982
vt 0 1
vt 0.1875 1
vt 0.1875 1
vt 0 1
vt 0 1
vt 0.375 1
vt 0.375 1
vt 0 1
vt 0 1
vt 0.1875 1
vt 0.1875 1
vt 0 1
vt 0 1
vt 0.375 1
vt 0.375 1
vt 0 1
vt 0.1875 1
vt 0.8125 1
vt 0.8125 0
vt 0.1875 0
vt 0 1
vt 0.1875 1
vt 0.1875 0.625
vt 0 0.625
vn -0.49809734904587266 0.08715574274765824 0.862729915662821
vn -0.8660254037844388 0 -0.4999999999999999
vn 0.49809734904587266 -0.08715574274765824 -0.862729915662821
vn 0.8660254037844388 0 0.4999999999999999
vn 0.0435778713738292 0.9961946980917455 -0.07547908730517335
vn -0.0435778713738292 -0.9961946980917455 0.07547908730517335
g Autumn_Leaf
f 20/52/13 23/51/13 21/50/13 18/49/13
f 19/56/14 20/55/14 18/54/14 17/53/14
f 24/60/15 19/59/15 17/58/15 22/57/15
f 23/64/16 24/63/16 22/62/16 21/61/16
f 22/68/17 17/67/17 18/66/17 21/65/17
f 23/72/18 20/71/18 19/70/18 24/69/18
o cube
v 0.2320194125768359 0.625 0.23201941257683592
v 0.2320194125768359 0.625 0.23201941257683592
v 0.2320194125768359 0 0.23201941257683592
v 0.2320194125768359 0 0.23201941257683592
v -0.2541164994889155 0.625 -0.2541164994889155
v -0.2541164994889155 0.625 -0.2541164994889155
v -0.2541164994889155 0 -0.2541164994889155
v -0.2541164994889155 0 -0.2541164994889155
vt 0 1
vt 1 1
vt 1 0
vt 0 0
vt 0 1
vt 0 1
vt 0 0.3125
vt 0 0.3125
vt 0 1
vt 0.0625 1
vt 0.0625 0.8125
vt 0 0.8125
vt 0 1
vt 0 1
vt 0 0.3125
vt 0 0.3125
vt 0 1
vt 0.625 1
vt 0.625 1
vt 0 1
vt 0 1
vt 0.625 1
vt 0.625 1
vt 0 1
vn 0.7071067811865476 0 -0.7071067811865475
vn 0.7071067811865475 0 0.7071067811865476
vn -0.7071067811865476 0 0.7071067811865475
vn -0.7071067811865475 0 -0.7071067811865476
vn 0 1 0
vn 0 -1 0
g Scape
f 28/76/19 31/75/19 29/74/19 26/73/19
f 27/80/20 28/79/20 26/78/20 25/77/20
f 32/84/21 27/83/21 25/82/21 30/81/21
f 31/88/22 32/87/22 30/86/22 29/85/22
f 30/92/23 25/91/23 26/90/23 29/89/23
f 31/96/24 28/95/24 27/94/24 32/93/24
o cube
v -0.24306795603287568 0.625 0.24306795603287573
v -0.24306795603287568 0.625 0.24306795603287573
v -0.24306795603287568 0 0.24306795603287573
v -0.24306795603287568 0 0.24306795603287573
v 0.24306795603287568 0.625 -0.24306795603287573
v 0.24306795603287568 0.625 -0.24306795603287573
v 0.24306795603287568 0 -0.24306795603287573
v 0.24306795603287568 0 -0.24306795603287573
vt 0 1
vt 1 1
vt 1 0
vt 0 0
vt 0 1
vt 0 1
vt 0 0.3125
vt 0 0.3125
vt 0 1
vt 0.0625 1
vt 0.0625 0.8125
vt 0 0.8125
vt 0 1
vt 0 1
vt 0 0.3125
vt 0 0.3125
vt 0 1
vt 0.625 1
vt 0.625 1
vt 0 1
vt 0 1
vt 0.625 1
vt 0.625 1
vt 0 1
vn 0.7071067811865476 0 0.7071067811865475
vn -0.7071067811865475 0 0.7071067811865476
vn -0.7071067811865476 0 -0.7071067811865475
vn 0.7071067811865475 0 -0.7071067811865476
vn 0 1 0
vn 0 -1 0
g Scape
f 36/100/25 39/99/25 37/98/25 34/97/25
f 35/104/26 36/103/26 34/102/26 33/101/26
f 40/108/27 35/107/27 33/106/27 38/105/27
f 39/112/28 40/111/28 38/110/28 37/109/28
f 38/116/29 33/115/29 34/114/29 37/113/29
f 39/120/30 36/119/30 35/118/30 40/117/30
o cube
v 0.03125 0 0
v 0.03125 0.09397056234508533 -0.29803654710882094
v 0.03125 0 0
v 0.03125 0.09397056234508533 -0.29803654710882094
v -0.03125 0.09397056234508533 -0.29803654710882094
v -0.03125 0 0
v -0.03125 0.09397056234508533 -0.29803654710882094
v -0.03125 0 0
vt 0 1
vt 0.4375 1
vt 0.4375 1
vt 0 1
vt 0 1
vt 0.125 1
vt 0.125 1
vt 0 1
vt 0 1
vt 0.4375 1
vt 0.4375 1
vt 0 1
vt 0 1
vt 0.125 1
vt 0.125 1
vt 0 1
vt 0.4375 1
vt 0.5625 1
vt 0.5625 0
vt 0.4375 0
vt 0 1
vt 0.4375 1
vt 0.4375 0.875
vt 0 0.875
vn 0 0.30070579950427306 -0.9537169507482269
vn 1 0 0
vn 0 -0.30070579950427306 0.9537169507482269
vn -1 0 0
vn 0 0.9537169507482269 0.30070579950427306
vn 0 -0.9537169507482269 -0.30070579950427306
g Stem
f 44/124/31 47/123/31 45/122/31 42/121/31
f 43/128/32 44/127/32 42/126/32 41/125/32
f 48/132/33 43/131/33 41/130/33 46/129/33
f 47/136/34 48/135/34 46/134/34 45/133/34
f 46/140/35 41/139/35 42/138/35 45/137/35
f 47/144/36 44/143/36 43/142/36 48/141/36
o cube
v 0.109375 0.09396772914065823 -0.29802047920806224
v 0.109375 0.09669394085099174 -0.36046099305692836
v 0.109375 0.09396772914065823 -0.29802047920806224
v 0.109375 0.09669394085099174 -0.36046099305692836
v -0.140625 0.09669394085099174 -0.36046099305692836
v -0.140625 0.09396772914065823 -0.29802047920806224
v -0.140625 0.09669394085099174 -0.36046099305692836
v -0.140625 0.09396772914065823 -0.29802047920806224
vt 0 1
vt 0.1875 1
vt 0.1875 1
vt 0 1
vt 0 1
vt 0.3125 1
vt 0.3125 1
vt 0 1
vt 0 1
vt 0.1875 1
vt 0.1875 1
vt 0 1
vt 0 1
vt 0.3125 1
vt 0.3125 1
vt 0 1
vt 0.125 0.25
vt 0.875 0.25
vt 0.875 0
vt 0.125 0
vt 0 1
vt 0.1875 1
vt 0.1875 0.6875
vt 0 0.6875
vn 0 0.04361938736533599 -0.9990482215818578
vn 1 0 0
vn 0 -0.04361938736533599 0.9990482215818578
vn -1 0 0
vn 0 0.9990482215818578 0.04361938736533599
vn 0 -0.9990482215818578 -0.04361938736533599
g Leaf
f 52/148/37 55/147/37 53/146/37 50/145/37
f 51/152/38 52/151/38 50/150/38 49/149/38
f 56/156/39 51/155/39 49/154/39 54/153/39
f 55/160/40 56/159/40 54/158/40 53/157/40
f 54/164/41 49/163/41 50/162/41 53/161/41
f 55/168/42 52/167/42 51/166/42 56/165/42
o cube
v 0.109375 0.0966944160610047 -0.3604501089582043
v 0.109375 0.08445758554037487 -0.45339806471199906
v 0.109375 0.0966944160610047 -0.3604501089582043
v 0.109375 0.08445758554037487 -0.45339806471199906
v -0.140625 0.08445758554037487 -0.45339806471199906
v -0.140625 0.0966944160610047 -0.3604501089582043
v -0.140625 0.08445758554037487 -0.45339806471199906
v -0.140625 0.0966944160610047 -0.3604501089582043
vt 0 1
vt 0.1875 1
vt 0.1875 1
vt 0 1
vt 0 1
vt 0.3125 1
vt 0.3125 1
vt 0 1
vt 0 1
vt 0.1875 1
vt 0.1875 1
vt 0 1
vt 0 1
vt 0.3125 1
vt 0.3125 1
vt 0 1
vt 0.125 0.5
vt 0.875 0.5
vt 0.875 0.25
vt 0.125 0.25
vt 0 1
vt 0.1875 1
vt 0.1875 0.6875
vt 0 0.6875
vn 0 -0.13052619222005157 -0.9914448613738105
vn 1 0 0
vn 0 0.13052619222005157 0.9914448613738105
vn -1 0 0
vn 0 0.9914448613738105 -0.13052619222005157
vn 0 -0.9914448613738105 0.13052619222005157
g Leaf
f 60/172/43 63/171/43 61/170/43 58/169/43
f 59/176/44 60/175/44 58/174/44 57/173/44
f 64/180/45 59/179/45 57/178/45 62/177/45
f 63/184/46 64/183/46 62/182/46 61/181/46
f 62/188/47 57/187/47 58/186/47 61/185/47
f 63/192/48 60/191/48 59/190/48 64/189/48
o cube
v 0.109375 0.08446290660752093 -0.453379808957654
v 0.109375 0.02503221355023505 -0.5808293415096828
v 0.109375 0.08446290660752093 -0.453379808957654
v 0.109375 0.02503221355023505 -0.5808293415096828
v -0.140625 0.02503221355023505 -0.5808293415096828
v -0.140625 0.08446290660752093 -0.453379808957654
v -0.140625 0.02503221355023505 -0.5808293415096828
v -0.140625 0.08446290660752093 -0.453379808957654
vt 0 1
vt 0.1875 1
vt 0.1875 1
vt 0 1
vt 0 1
vt 0.3125 1
vt 0.3125 1
vt 0 1
vt 0 1
vt 0.1875 1
vt 0.1875 1
vt 0 1
vt 0 1
vt 0.3125 1
vt 0.3125 1
vt 0 1
vt 0.125 1
vt 0.875 1
vt 0.875 0.5
vt 0.125 0.5
vt 0 1
vt 0.1875 1
vt 0.1875 0.6875
vt 0 0.6875
vn 0 -0.4226182617406995 -0.9063077870366498
vn 1 0 0
vn 0 0.4226182617406995 0.9063077870366498
vn -1 0 0
vn 0 0.9063077870366498 -0.4226182617406995
vn 0 -0.9063077870366498 0.4226182617406995
g Leaf
f 68/196/49 71/195/49 69/194/49 66/193/49
f 67/200/50 68/199/50 66/198/50 65/197/50
f 72/204/51 67/203/51 65/202/51 70/201/51
f 71/208/52 72/207/52 70/206/52 69/205/52
f 70/212/53 65/211/53 66/210/53 69/209/53
f 71/216/54 68/215/54 67/214/54 72/213/54
o cube
v 0.015625000000000007 0 -0.027063293868263706
v -0.2424822210524365 0.09397056234508536 -0.1760815674226742
v 0.015625000000000007 0 -0.027063293868263706
v -0.2424822210524365 0.09397056234508536 -0.1760815674226742
v -0.2737322210524365 0.09397056234508536 -0.1219549796861468
v -0.015625000000000007 0 0.027063293868263706
v -0.2737322210524365 0.09397056234508536 -0.1219549796861468
v -0.015625000000000007 0 0.027063293868263706
vt 0 1
vt 0.4375 1
vt 0.4375 1
vt 0 1
vt 0 1
vt 0.125 1
vt 0.125 1
vt 0 1
vt 0 1
vt 0.4375 1
vt 0.4375 1
vt 0 1
vt 0 1
vt 0.125 1
vt 0.125 1
vt 0 1
vt 0.4375 1
vt 0.5625 1
vt 0.5625 0
vt 0.4375 0
vt 0 1
vt 0.4375 1
vt 0.4375 0.875
vt 0 0.875
vn -0.8259431073677967 0.3007057995042731 -0.4768584753741137
vn 0.5000000000000002 0 -0.8660254037844386
vn 0.8259431073677967 -0.3007057995042731 0.4768584753741137
vn -0.5000000000000002 0 0.8660254037844386
vn 0.26041886143601056 0.953716950748227 0.15035289975213664
vn -0.26041886143601056 -0.953716950748227 -0.15035289975213664
g Stem
f 76/220/55 79/219/55 77/218/55 74/217/55
f 75/224/56 76/223/56 74/222/56 73/221/56
f 80/228/57 75/227/57 73/226/57 78/225/57
f 79/232/58 80/231/58 78/230/58 77/229/58
f 78/236/59 73/235/59 74/234/59 77/233/59
f 79/240/60 76/239/60 75/238/60 80/237/60
o cube
v -0.20340580584219398 0.09396772914065826 -0.2437317681429541
v -0.2574808770606661 0.09669394085099176 -0.2749520250673872
v -0.20340580584219398 0.09396772914065826 -0.2437317681429541
v -0.2574808770606661 0.09669394085099176 -0.2749520250673872
v -0.3824808770606661 0.09669394085099176 -0.05844567412127755
v -0.328405805842194 0.09396772914065825 -0.0272254171968445
v -0.3824808770606661 0.09669394085099176 -0.05844567412127755
v -0.328405805842194 0.09396772914065825 -0.0272254171968445
vt 0 1
vt 0.1875 1
vt 0.1875 1
vt 0 1
vt 0 1
vt 0.3125 1
vt 0.3125 1
vt 0 1
vt 0 1
vt 0.1875 1
vt 0.1875 1
vt 0 1
vt 0 1
vt 0.3125 1
vt 0.3125 1
vt 0 1
vt 0.125 0.25
vt 0.875 0.25
vt 0.875 0
vt 0.125 0
vt 0 1
vt 0.1875 1
vt 0.1875 0.6875
vt 0 0.6875
vn -0.8652011394955537 0.043619387365336056 -0.4995241107909291
vn 0.5000000000000002 0 -0.8660254037844387
vn 0.8652011394955537 -0.043619387365336056 0.4995241107909291
vn -0.5000000000000002 0 0.8660254037844387
vn 0.037775497555894974 0.9990482215818579 0.02180969368266806
vn -0.037775497555894974 -0.9990482215818579 -0.02180969368266806
g Leaf
f 84/244/61 87/243/61 85/242/61 82/241/61
f 83/248/62 84/247/62 82/246/62 81/245/62
f 88/252/63 83/251/63 81/250/63 86/249/63
f 87/256/64 88/255/64 86/254/64 85/253/64
f 86/260/65 81/259/65 82/258/65 85/257/65
f 87/264/66 84/263/66 83/262/66 88/261/66
o cube
v -0.25747145115467374 0.09669441606100473 -0.27494658301802516
v -0.33796674206729194 0.0844575855403749 -0.32142056089492255
v -0.25747145115467374 0.09669441606100473 -0.27494658301802516
v -0.33796674206729194 0.0844575855403749 -0.32142056089492255
v -0.46296674206729194 0.0844575855403749 -0.1049142099488129
v -0.38247145115467374 0.09669441606100473 -0.05844023207191551
v -0.46296674206729194 0.0844575855403749 -0.1049142099488129
v -0.38247145115467374 0.09669441606100473 -0.05844023207191551
vt 0 1
vt 0.1875 1
vt 0.1875 1
vt 0 1
vt 0 1
vt 0.3125 1
vt 0.3125 1
vt 0 1
vt 0 1
vt 0.1875 1
vt 0.1875 1
vt 0 1
vt 0 1
vt 0.3125 1
vt 0.3125 1
vt 0 1
vt 0.125 0.5
vt 0.875 0.5
vt 0.875 0.25
vt 0.125 0.25
vt 0 1
vt 0.1875 1
vt 0.1875 0.6875
vt 0 0.6875
vn -0.858616436401261 -0.13052619222005155 -0.49572243068690547
vn 0.5000000000000002 0 -0.8660254037844387
vn 0.858616436401261 0.13052619222005155 0.49572243068690547
vn -0.5000000000000002 0 0.8660254037844387
vn -0.11303899832181538 0.9914448613738105 -0.06526309611002576
vn 0.11303899832181538 -0.9914448613738105 0.06526309611002576
g Leaf
f 92/268/67 95/267/67 93/266/67 90/265/67
f 91/272/68 92/271/68 90/270/68 89/269/68
f 96/276/69 91/275/69 89/274/69 94/273/69
f 95/280/70 96/279/70 94/278/70 93/277/70
f 94/284/71 89/283/71 90/282/71 93/281/71
f 95/288/72 92/287/72 91/286/72 96/285/72
o cube
v -0.3379509321202639 0.08446290660752093 -0.32141143301775
v -0.4483254650107727 0.02503221355023505 -0.38513619929376447
v -0.3379509321202639 0.08446290660752093 -0.32141143301775
v -0.4483254650107727 0.02503221355023505 -0.38513619929376447
v -0.5733254650107726 0.02503221355023505 -0.16862984834765485
v -0.4629509321202639 0.08446290660752093 -0.10490508207164037
v -0.5733254650107726 0.02503221355023505 -0.16862984834765485
v -0.4629509321202639 0.08446290660752093 -0.10490508207164037
vt 0 1
vt 0.1875 1
vt 0.1875 1
vt 0 1
vt 0 1
vt 0.3125 1
vt 0.3125 1
vt 0 1
vt 0 1
vt 0.1875 1
vt 0.1875 1
vt 0 1
vt 0 1
vt 0.3125 1
vt 0.3125 1
vt 0 1
vt 0.125 1
vt 0.875 1
vt 0.875 0.5
vt 0.125 0.5
vt 0 1
vt 0.1875 1
vt 0.1875 0.6875
vt 0 0.6875
vn -0.7848855672213957 -0.42261826174069944 -0.45315389351832513
vn 0.5000000000000002 0 -0.8660254037844387
vn 0.7848855672213957 0.42261826174069944 0.45315389351832513
vn -0.5000000000000002 0 0.8660254037844387
vn -0.36599815077066683 0.9063077870366499 -0.2113091308703498
vn 0.36599815077066683 -0.9063077870366499 0.2113091308703498
g Leaf
f 100/292/73 103/291/73 101/290/73 98/289/73
f 99/296/74 100/295/74 98/294/74 97/293/74
f 104/300/75 99/299/75 97/298/75 102/297/75
f 103/304/76 104/303/76 102/302/76 101/301/76
f 102/308/77 97/307/77 98/306/77 101/305/77
f 103/312/78 100/311/78 99/310/78 104/309/78
o cube
v 0.02635598268165268 0 -0.016790612760838243
v -0.13582888236747187 0.08088095159453773 -0.2713698562551956
v 0.02635598268165268 0 -0.016790612760838243
v -0.13582888236747187 0.08088095159453773 -0.2713698562551956
v -0.18854084773077723 0.08088095159453773 -0.2377886307335191
v -0.02635598268165268 0 0.016790612760838243
v -0.18854084773077723 0.08088095159453773 -0.2377886307335191
v -0.02635598268165268 0 0.016790612760838243
vt 0 1
vt 0.4375 1
vt 0.4375 1
vt 0 1
vt 0 1
vt 0.125 1
vt 0.125 1
vt 0 1
vt 0 1
vt 0.4375 1
vt 0.4375 1
vt 0 1
vt 0 1
vt 0.125 1
vt 0.125 1
vt 0 1
vt 0.4375 1
vt 0.5625 1
vt 0.5625 0
vt 0.4375 0
vt 0 1
vt 0.4375 1
vt 0.4375 0.875
vt 0 0.875
vn -0.5189915681571986 0.2588190451025208 -0.8146535791819438
vn 0.8433914458128857 0 -0.5372996083468239
vn 0.5189915681571986 -0.2588190451025208 0.8146535791819438
vn -0.8433914458128857 0 0.5372996083468239
vn 0.13906337156628334 0.9659258262890684 0.2182857686529255
vn -0.13906337156628334 -0.9659258262890684 -0.2182857686529255
g Stem
f 108/316/79 111/315/79 109/314/79 106/313/79
f 107/320/80 108/319/80 106/318/80 105/317/80
f 112/324/81 107/323/81 105/322/81 110/321/81
f 111/328/82 112/327/82 110/326/82 109/325/82
f 110/332/83 105/331/83 106/330/83 109/329/83
f 111/336/84 108/335/84 107/334/84 112/333/84
o cube
v -0.06993023420261729 0.0808788219586808 -0.3133327452967504
v -0.10351145972429382 0.0808788219586808 -0.3660447106600558
v -0.06993023420261729 0.0808788219586808 -0.3133327452967504
v -0.10351145972429382 0.0808788219586808 -0.3660447106600558
v -0.31435932117751525 0.0808788219586808 -0.23171980857334984
v -0.2807780956558387 0.0808788219586808 -0.17900784321004448
v -0.31435932117751525 0.0808788219586808 -0.23171980857334984
v -0.2807780956558387 0.0808788219586808 -0.17900784321004448
vt 0 1
vt 0.1875 1
vt 0.1875 1
vt 0 1
vt 0 1
vt 0.3125 1
vt 0.3125 1
vt 0 1
vt 0 1
vt 0.1875 1
vt 0.1875 1
vt 0 1
vt 0 1
vt 0.3125 1
vt 0.3125 1
vt 0 1
vt 0.125 0.25
vt 0.875 0.25
vt 0.875 0
vt 0.125 0
vt 0 1
vt 0.1875 1
vt 0.1875 0.6875
vt 0 0.6875
vn -0.5372996083468238 0 -0.8433914458128857
vn 0.8433914458128857 0 -0.5372996083468239
vn 0.5372996083468238 0 0.8433914458128857
vn -0.8433914458128857 0 0.5372996083468239
vn 0 1 0
vn 0 -1 0
g Leaf
f 116/340/85 119/339/85 117/338/85 114/337/85
f 115/344/86 116/343/86 114/342/86 113/341/86
f 120/348/87 115/347/87 113/346/87 118/345/87
f 119/352/88 120/351/88 118/350/88 117/349/88
f 118/356/89 113/355/89 114/354/89 117/353/89
f 119/360/90 116/359/90 115/358/90 120/357/90
o cube
v -0.1035056284056782 0.08087977147411753 -0.36603555732332926
v -0.15311220527977584 0.06460025481784282 -0.44390228557277034
v -0.1035056284056782 0.08087977147411753 -0.36603555732332926
v -0.15311220527977584 0.06460025481784282 -0.44390228557277034
v -0.3639600667329973 0.06460025481784282 -0.30957738348606445
v -0.31435348985889966 0.08087977147411753 -0.23171065523662332
v -0.3639600667329973 0.06460025481784282 -0.30957738348606445
v -0.31435348985889966 0.08087977147411753 -0.23171065523662332
vt 0 1
vt 0.1875 1
vt 0.1875 1
vt 0 1
vt 0 1
vt 0.3125 1
vt 0.3125 1
vt 0 1
vt 0 1
vt 0.1875 1
vt 0.1875 1
vt 0 1
vt 0 1
vt 0.3125 1
vt 0.3125 1
vt 0 1
vt 0.125 0.5
vt 0.875 0.5
vt 0.875 0.25
vt 0.125 0.25
vt 0 1
vt 0.1875 1
vt 0.1875 0.6875
vt 0 0.6875
vn -0.529136819990375 -0.17364817766693033 -0.8305784346607055
vn 0.8433914458128858 0 -0.537299608346824
vn 0.529136819990375 0.17364817766693033 0.8305784346607055
vn -0.8433914458128858 0 0.537299608346824
vn -0.09330109785058133 0.9848077530122081 -0.14645338762528518
vn 0.09330109785058133 -0.9848077530122081 0.14645338762528518
g Leaf
f 124/364/91 127/363/91 125/362/91 122/361/91
f 123/368/92 124/367/92 122/366/92 121/365/92
f 128/372/93 123/371/93 121/370/93 126/369/93
f 127/376/94 128/375/94 126/374/94 125/373/94
f 126/380/95 121/379/95 122/378/95 125/377/95
f 127/384/96 124/383/96 123/382/96 128/381/96
o cube
v -0.15310253051407613 0.06460636712533241 -0.4438870992325895
v -0.22012307987961416 -0.0003270316108442417 -0.5490882889421654
v -0.15310253051407613 0.06460636712533241 -0.4438870992325895
v -0.22012307987961416 -0.0003270316108442417 -0.5490882889421654
v -0.43097094133283553 -0.0003270316108442417 -0.4147633868554595
v -0.3639503919672975 0.06460636712533241 -0.3095621971458836
v -0.43097094133283553 -0.0003270316108442417 -0.4147633868554595
v -0.3639503919672975 0.06460636712533241 -0.3095621971458836
vt 0 1
vt 0.1875 1
vt 0.1875 1
vt 0 1
vt 0 1
vt 0.3125 1
vt 0.3125 1
vt 0 1
vt 0 1
vt 0.1875 1
vt 0.1875 1
vt 0 1
vt 0 1
vt 0.3125 1
vt 0.3125 1
vt 0 1
vt 0.125 1
vt 0.875 1
vt 0.875 0.5
vt 0.125 0.5
vt 0 1
vt 0.1875 1
vt 0.1875 0.6875
vt 0 0.6875
vn -0.4765905732660484 -0.4617486132350341 -0.7480973490458728
vn 0.8433914458128857 0 -0.5372996083468239
vn 0.4765905732660484 0.4617486132350341 0.7480973490458728
vn -0.8433914458128857 0 0.5372996083468239
vn -0.24809734904587277 0.8870108331782216 -0.3894348305183903
vn 0.24809734904587277 -0.8870108331782216 0.3894348305183903
g Leaf
f 132/388/97 135/387/97 133/386/97 130/385/97
f 131/392/98 132/391/98 130/390/98 129/389/98
f 136/396/99 131/395/99 129/394/99 134/393/99
f 135/400/100 136/399/100 134/398/100 133/397/100
f 134/404/101 129/403/101 130/402/101 133/401/101
f 135/408/102 132/407/102 131/406/102 136/405/102
o cube
v 0.02832211834489531 0 0.013206820679396856
v 0.15033723149731096 0.11958857261409053 -0.24845543388271532
v 0.02832211834489531 0 0.013206820679396856
v 0.15033723149731096 0.11958857261409053 -0.24845543388271532
v 0.09369299480752033 0.11958857261409053 -0.27486907524150905
v -0.02832211834489531 0 -0.013206820679396856
v 0.09369299480752033 0.11958857261409053 -0.27486907524150905
v -0.02832211834489531 0 -0.013206820679396856
vt 0 1
vt 0.4375 1
vt 0.4375 1
vt 0 1
vt 0 1
vt 0.125 1
vt 0.125 1
vt 0 1
vt 0 1
vt 0.4375 1
vt 0.4375 1
vt 0 1
vt 0 1
vt 0.125 1
vt 0.125 1
vt 0 1
vt 0.4375 1
vt 0.5625 1
vt 0.5625 0
vt 0.4375 0
vt 0 1
vt 0.4375 1
vt 0.4375 0.875
vt 0 0.875
vn 0.3904483620877301 0.3826834323650897 -0.8373192145987591
vn 0.90630778703665 0 0.42261826174069955
vn -0.3904483620877301 -0.3826834323650897 0.8373192145987591
vn -0.90630778703665 0 -0.42261826174069955
vn -0.16172900698309872 0.9238795325112867 0.346828974722394
vn 0.16172900698309872 -0.9238795325112867 -0.346828974722394
g Stem
f 140/412/103 143/411/103 141/410/103 138/409/103
f 139/416/104 140/415/104 138/414/104 137/413/104
f 144/420/105 139/419/105 137/418/105 142/417/105
f 143/424/106 144/423/106 142/422/106 141/421/106
f 142/428/107 137/427/107 138/426/107 141/425/107
f 143/432/108 140/431/108 139/430/108 144/429/108
o cube
v 0.22113586696864201 0.11958434978103663 -0.21542409892982933
v 0.24732353596398876 0.12774223679478985 -0.2715837363223641
v 0.22113586696864201 0.11958434978103663 -0.21542409892982933
v 0.24732353596398876 0.12774223679478985 -0.2715837363223641
v 0.02074658920482632 0.12774223679478985 -0.377238301757539
v -0.005441079790520456 0.11958434978103663 -0.32107866436500415
v 0.02074658920482632 0.12774223679478985 -0.377238301757539
v -0.005441079790520456 0.11958434978103663 -0.32107866436500415
vt 0 1
vt 0.1875 1
vt 0.1875 1
vt 0 1
vt 0 1
vt 0.3125 1
vt 0.3125 1
vt 0 1
vt 0 1
vt 0.1875 1
vt 0.1875 1
vt 0 1
vt 0 1
vt 0.3125 1
vt 0.3125 1
vt 0 1
vt 0.125 0.25
vt 0.875 0.25
vt 0.875 0
vt 0.125 0
vt 0 1
vt 0.1875 1
vt 0.1875 0.6875
vt 0 0.6875
vn 0.41900270392554845 0.13052619222005155 -0.8985541982805564
vn 0.9063077870366499 0 0.4226182617406995
vn -0.41900270392554845 -0.13052619222005155 0.8985541982805564
vn -0.9063077870366499 0 -0.4226182617406995
vn -0.0551627524676706 0.9914448613738104 0.11829690442127533
vn 0.0551627524676706 -0.9914448613738104 -0.11829690442127533
g Leaf
f 148/436/109 151/435/109 149/434/109 146/433/109
f 147/440/110 148/439/110 146/438/110 145/437/110
f 152/444/111 147/443/111 145/442/111 150/441/111
f 151/448/112 152/447/112 150/446/112 149/445/112
f 150/452/113 145/451/113 146/450/113 149/449/113
f 151/456/114 148/455/114 147/454/114 152/453/114
o cube
v 0.24731893614510542 0.12774176158477682 -0.2715738719789357
v 0.2869016882826112 0.12365244401927657 -0.35645935787063143
v 0.24731893614510542 0.12774176158477682 -0.2715738719789357
v 0.2869016882826112 0.12365244401927657 -0.35645935787063143
v 0.060324741523448744 0.12365244401927657 -0.4621139233058063
v 0.02074198938594296 0.12774176158477682 -0.37722843741411055
v 0.060324741523448744 0.12365244401927657 -0.4621139233058063
v 0.02074198938594296 0.12774176158477682 -0.37722843741411055
vt 0 1
vt 0.1875 1
vt 0.1875 1
vt 0 1
vt 0 1
vt 0.3125 1
vt 0.3125 1
vt 0 1
vt 0 1
vt 0.1875 1
vt 0.1875 1
vt 0 1
vt 0 1
vt 0.3125 1
vt 0.3125 1
vt 0 1
vt 0.125 0.5
vt 0.875 0.5
vt 0.875 0.25
vt 0.125 0.25
vt 0 1
vt 0.1875 1
vt 0.1875 0.6875
vt 0 0.6875
vn 0.4222160228000619 -0.04361938736533603 -0.9054451828447544
vn 0.9063077870366499 0 0.42261826174069944
vn -0.4222160228000619 0.04361938736533603 0.9054451828447544
vn -0.9063077870366499 0 -0.42261826174069944
vn 0.018434349666532523 0.9990482215818578 -0.03953259043497207
vn -0.018434349666532523 -0.9990482215818578 0.03953259043497207
g Leaf
f 156/460/115 159/459/115 157/458/115 154/457/115
f 155/464/116 156/463/116 154/462/116 153/461/116
f 160/468/117 155/467/117 153/466/117 158/465/117
f 159/472/118 160/471/118 158/470/118 157/469/118
f 158/476/119 153/475/119 154/474/119 157/473/119
f 159/480/120 156/479/120 155/478/120 160/477/120
o cube
v 0.2868938064320621 0.12365615374432623 -0.35644245518758244
v 0.3427403901461859 0.07555957108915407 -0.4762058404493374
v 0.2868938064320621 0.12365615374432623 -0.35644245518758244
v 0.3427403901461859 0.07555957108915407 -0.4762058404493374
v 0.11616344338702343 0.07555957108915407 -0.5818604058845123
v 0.06031685967289961 0.12365615374432623 -0.4620970206227573
v 0.11616344338702343 0.07555957108915407 -0.5818604058845123
v 0.06031685967289961 0.12365615374432623 -0.4620970206227573
vt 0 1
vt 0.1875 1
vt 0.1875 1
vt 0 1
vt 0 1
vt 0.3125 1
vt 0.3125 1
vt 0 1
vt 0 1
vt 0.1875 1
vt 0.1875 1
vt 0 1
vt 0 1
vt 0.3125 1
vt 0.3125 1
vt 0 1
vt 0.125 1
vt 0.875 1
vt 0.875 0.5
vt 0.125 0.5
vt 0 1
vt 0.1875 1
vt 0.1875 0.6875
vt 0 0.6875
vn 0.3971312619671028 -0.34202014332566877 -0.8516507396391464
vn 0.90630778703665 0 0.4226182617406995
vn -0.3971312619671028 0.34202014332566877 0.8516507396391464
vn -0.90630778703665 0 -0.4226182617406995
vn 0.14454395845259901 0.9396926207859083 -0.3099755192194448
vn -0.14454395845259901 -0.9396926207859083 0.3099755192194448
g Leaf
f 164/484/121 167/483/121 165/482/121 162/481/121
f 163/488/122 164/487/122 162/486/122 161/485/122
f 168/492/123 163/491/123 161/490/123 166/489/123
f 167/496/124 168/495/124 166/494/124 165/493/124
f 166/500/125 161/499/125 162/498/125 165/497/125
f 167/504/126 164/503/126 163/502/126 168/501/126
o cube
v -0.002723616960864317 0 0.031131084315367045
v 0.2941788111065138 0.09397056234508536 0.057106680944583724
v -0.002723616960864317 0 0.031131084315367045
v 0.2941788111065138 0.09397056234508536 0.057106680944583724
v 0.2996260450282424 0.09397056234508536 -0.0051554876861503625
v 0.002723616960864317 0 -0.031131084315367045
v 0.2996260450282424 0.09397056234508536 -0.0051554876861503625
v 0.002723616960864317 0 -0.031131084315367045
vt 0 1
vt 0.4375 1
vt 0.4375 1
vt 0 1
vt 0 1
vt 0.125 1
vt 0.125 1
vt 0 1
vt 0 1
vt 0.4375 1
vt 0.4375 1
vt 0 1
vt 0 1
vt 0.125 1
vt 0.125 1
vt 0 1
vt 0.4375 1
vt 0.5625 1
vt 0.5625 0
vt 0.4375 0
vt 0 1
vt 0.4375 1
vt 0.4375 0.875
vt 0 0.875
vn 0.9500877698156102 0.3007057995042731 0.08312190921349343
vn -0.08715574274765814 0 0.9961946980917457
vn -0.9500877698156102 -0.3007057995042731 -0.08312190921349343
vn 0.08715574274765814 0 -0.9961946980917457
vn -0.29956152315159634 0.9537169507482269 -0.0262082373043233
vn 0.29956152315159634 -0.9537169507482269 0.0262082373043233
g Stem
f 172/508/127 175/507/127 173/506/127 170/505/127
f 171/512/128 172/511/128 170/510/128 169/509/128
f 176/516/129 171/515/129 169/514/129 174/513/129
f 175/520/130 176/519/130 174/518/130 173/517/130
f 174/524/131 169/523/131 170/522/131 173/521/131
f 175/528/132 172/527/132 171/526/132 176/525/132
o cube
v 0.28735376194680773 0.09396772914065825 0.13493299132317632
v 0.34955667078917235 0.09669394085099176 0.14037504068521967
v 0.28735376194680773 0.09396772914065825 0.13493299132317632
v 0.34955667078917235 0.09669394085099176 0.14037504068521967
v 0.37134560647608683 0.09669394085099176 -0.10867363383771667
v 0.30914269763372226 0.09396772914065825 -0.11411568319976004
v 0.37134560647608683 0.09669394085099176 -0.10867363383771667
v 0.30914269763372226 0.09396772914065825 -0.11411568319976004
vt 0 1
vt 0.1875 1
vt 0.1875 1
vt 0 1
vt 0 1
vt 0.3125 1
vt 0.3125 1
vt 0 1
vt 0 1
vt 0.1875 1
vt 0.1875 1
vt 0 1
vt 0 1
vt 0.3125 1
vt 0.3125 1
vt 0 1
vt 0.125 0.25
vt 0.875 0.25
vt 0.875 0
vt 0.125 0
vt 0 1
vt 0.1875 1
vt 0.1875 0.6875
vt 0 0.6875
vn 0.9952465414778342 0.043619387365336035 0.08707278979269378
vn -0.08715574274765815 0 0.9961946980917457
vn -0.9952465414778342 -0.043619387365336035 -0.08707278979269378
vn 0.08715574274765815 0 -0.9961946980917457
vn -0.043453402427357846 0.9990482215818578 -0.0038016801040236794
vn 0.043453402427357846 -0.9990482215818578 0.0038016801040236794
g Leaf
f 180/532/133 183/531/133 181/530/133 178/529/133
f 179/536/134 180/535/134 178/534/134 177/533/134
f 184/540/135 179/539/135 177/538/135 182/537/135
f 183/544/136 184/543/136 182/542/136 181/541/136
f 182/548/137 177/547/137 178/546/137 181/545/137
f 183/552/138 180/551/138 179/550/138 184/549/138
o cube
v 0.34954582810773 0.09669441606100473 0.14037409207351123
v 0.4421400888281265 0.0844575855403749 0.1484750401941097
v 0.34954582810773 0.09669441606100473 0.14037409207351123
v 0.4421400888281265 0.0844575855403749 0.1484750401941097
v 0.46392902451504103 0.0844575855403749 -0.10057363432882667
v 0.3713347637946446 0.09669441606100473 -0.10867458244942511
v 0.46392902451504103 0.0844575855403749 -0.10057363432882667
v 0.3713347637946446 0.09669441606100473 -0.10867458244942511
vt 0 1
vt 0.1875 1
vt 0.1875 1
vt 0 1
vt 0 1
vt 0.3125 1
vt 0.3125 1
vt 0 1
vt 0 1
vt 0.1875 1
vt 0.1875 1
vt 0 1
vt 0 1
vt 0.3125 1
vt 0.3125 1
vt 0 1
vt 0.125 0.5
vt 0.875 0.5
vt 0.875 0.25
vt 0.125 0.25
vt 0 1
vt 0.1875 1
vt 0.1875 0.6875
vt 0 0.6875
vn 0.9876721143508957 -0.13052619222005152 0.08641011328638343
vn -0.08715574274765812 0 0.9961946980917455
vn -0.9876721143508957 0.13052619222005152 -0.08641011328638343
vn 0.08715574274765812 0 -0.9961946980917455
vn 0.1300295006517194 0.9914448613738105 0.011376107230962188
vn -0.1300295006517194 -0.9914448613738105 -0.011376107230962188
g Leaf
f 188/556/139 191/555/139 189/554/139 186/553/139
f 187/560/140 188/559/140 186/558/140 185/557/140
f 192/564/141 187/563/141 185/562/141 190/561/141
f 191/568/142 192/567/142 190/566/142 189/565/142
f 190/572/143 185/571/143 186/570/143 189/569/143
f 191/576/144 188/575/144 187/574/144 192/573/144
o cube
v 0.44212190254243827 0.08446290660752093 0.14847344910028035
v 0.5690864511450409 0.02503221355023505 0.15958140777269425
v 0.44212190254243827 0.08446290660752093 0.14847344910028035
v 0.5690864511450409 0.02503221355023505 0.15958140777269425
v 0.5908753868319553 0.02503221355023505 -0.08946726675024211
v 0.4639108382293527 0.08446290660752093 -0.10057522542265601
v 0.5908753868319553 0.02503221355023505 -0.08946726675024211
v 0.4639108382293527 0.08446290660752093 -0.10057522542265601
vt 0 1
vt 0.1875 1
vt 0.1875 1
vt 0 1
vt 0 1
vt 0.3125 1
vt 0.3125 1
vt 0 1
vt 0 1
vt 0.1875 1
vt 0.1875 1
vt 0 1
vt 0 1
vt 0.3125 1
vt 0.3125 1
vt 0 1
vt 0.125 1
vt 0.875 1
vt 0.875 0.5
vt 0.125 0.5
vt 0 1
vt 0.1875 1
vt 0.1875 0.6875
vt 0 0.6875
vn 0.9028590122851735 -0.42261826174069933 0.07898992833716562
vn -0.08715574274765814 0 0.9961946980917455
vn -0.9028590122851735 0.42261826174069933 -0.07898992833716562
vn 0.08715574274765814 0 -0.9961946980917455
vn 0.42101007166283444 0.90630778703665 0.03683360850073487
vn -0.42101007166283444 -0.90630778703665 -0.03683360850073487
g Leaf
f 196/580/145 199/579/145 197/578/145 194/577/145
f 195/584/146 196/583/146 194/582/146 193/581/146
f 200/588/147 195/587/147 193/586/147 198/585/147
f 199/592/148 200/591/148 198/590/148 197/589/148
f 198/596/149 193/595/149 194/594/149 197/593/149
f 199/600/150 196/599/150 195/598/150 200/597/150
o cube
v -0.02980365471088208 0 -0.00939705623450854
v -0.11942497289073309 0.09397056234508533 0.2748454506856463
v -0.02980365471088208 0 -0.00939705623450854
v -0.11942497289073309 0.09397056234508533 0.2748454506856463
v -0.05981766346896892 0.09397056234508533 0.2936395631546634
v 0.02980365471088208 0 0.00939705623450854
v -0.05981766346896892 0.09397056234508533 0.2936395631546634
v 0.02980365471088208 0 0.00939705623450854
vt 0 1
vt 0.4375 1
vt 0.4375 1
vt 0 1
vt 0 1
vt 0.125 1
vt 0.125 1
vt 0 1
vt 0 1
vt 0.4375 1
vt 0.4375 1
vt 0 1
vt 0 1
vt 0.125 1
vt 0.125 1
vt 0 1
vt 0.4375 1
vt 0.5625 1
vt 0.5625 0
vt 0.4375 0
vt 0 1
vt 0.4375 1
vt 0.4375 0.875
vt 0 0.875
vn -0.2867882181755233 0.3007057995042731 0.909576022144496
vn -0.9537169507482269 0 -0.30070579950427345
vn 0.2867882181755233 -0.3007057995042731 -0.909576022144496
vn 0.9537169507482269 0 0.30070579950427345
vn 0.0904239778555042 0.953716950748227 -0.2867882181755231
vn -0.0904239778555042 -0.953716950748227 0.2867882181755231
g Stem
f 204/604/151 207/603/151 205/602/151 202/601/151
f 203/608/152 204/607/152 202/606/152 201/605/152
f 208/612/153 203/611/153 201/610/153 206/609/153
f 207/616/154 208/615/154 206/614/154 205/613/154
f 206/620/155 201/619/155 202/618/155 205/617/155
f 207/624/156 204/623/156 203/622/156 208/621/156
o cube
v -0.1939292779569943 0.09396772914065823 0.25133748587005844
v -0.2127055025953752 0.09669394085099174 0.3108880623411514
v -0.1939292779569943 0.09396772914065823 0.25133748587005844
v -0.2127055025953752 0.09669394085099174 0.3108880623411514
v 0.02572373509168141 0.09669394085099174 0.3860645122172197
v 0.04449995973006235 0.09396772914065823 0.32651393574612675
v 0.02572373509168141 0.09669394085099174 0.3860645122172197
v 0.04449995973006235 0.09396772914065823 0.32651393574612675
vt 0 1
vt 0.1875 1
vt 0.1875 1
vt 0 1
vt 0 1
vt 0.3125 1
vt 0.3125 1
vt 0 1
vt 0 1
vt 0.1875 1
vt 0.1875 1
vt 0 1
vt 0 1
vt 0.3125 1
vt 0.3125 1
vt 0 1
vt 0.125 0.25
vt 0.875 0.25
vt 0.875 0
vt 0.125 0
vt 0 1
vt 0.1875 1
vt 0.1875 0.6875
vt 0 0.6875
vn -0.30041959421409503 0.043619387365336056 0.9528092235374883
vn -0.9537169507482269 0 -0.30070579950427345
vn 0.30041959421409503 -0.043619387365336056 -0.9528092235374883
vn 0.9537169507482269 0 0.30070579950427345
vn 0.013116602751579972 0.9990482215818578 -0.041600549111573994
vn -0.013116602751579972 -0.9990482215818578 0.041600549111573994
g Leaf
f 212/628/157 215/627/157 213/626/157 210/625/157
f 211/632/158 212/631/158 210/630/158 209/629/158
f 216/636/159 211/635/159 209/634/159 214/633/159
f 215/640/160 216/639/160 214/638/160 213/637/160
f 214/644/161 209/643/161 210/642/161 213/641/161
f 215/648/162 212/647/162 211/646/162 216/645/162
o cube
v -0.21270222968376654 0.0966944160610047 0.3108776819917047
v -0.24065221903099918 0.08445758554037487 0.3995237229314949
v -0.21270222968376654 0.0966944160610047 0.3108776819917047
v -0.24065221903099918 0.08445758554037487 0.3995237229314949
v -0.002222981343942554 0.08445758554037487 0.4747001728075632
v 0.025727008003290114 0.0966944160610047 0.386054131867773
v -0.002222981343942554 0.08445758554037487 0.4747001728075632
v 0.025727008003290114 0.0966944160610047 0.386054131867773
vt 0 1
vt 0.1875 1
vt 0.1875 1
vt 0 1
vt 0 1
vt 0.3125 1
vt 0.3125 1
vt 0 1
vt 0 1
vt 0.1875 1
vt 0.1875 1
vt 0 1
vt 0 1
vt 0.3125 1
vt 0.3125 1
vt 0 1
vt 0.125 0.5
vt 0.875 0.5
vt 0.875 0.25
vt 0.125 0.25
vt 0 1
vt 0.1875 1
vt 0.1875 0.6875
vt 0 0.6875
vn -0.2981332197038151 -0.13052619222005143 0.945557770024429
vn -0.9537169507482269 0 -0.30070579950427334
vn 0.2981332197038151 0.13052619222005143 -0.945557770024429
vn 0.9537169507482269 0 0.30070579950427334
vn -0.03924998298777908 0.9914448613738105 0.12448504203688457
vn 0.03924998298777908 -0.9914448613738105 -0.12448504203688457
g Leaf
f 220/652/163 223/651/163 221/650/163 218/649/163
f 219/656/164 220/655/164 218/654/164 217/653/164
f 224/660/165 219/659/165 217/658/165 222/657/165
f 223/664/166 224/663/166 222/662/166 221/661/166
f 222/668/167 217/667/167 218/666/167 221/665/167
f 223/672/168 220/671/168 219/670/168 224/669/168
o cube
v -0.24064672941979331 0.08446290660752093 0.3995063121091273
v -0.27897154300229704 0.02503221355023505 0.5210570916689352
v -0.24064672941979331 0.08446290660752093 0.3995063121091273
v -0.27897154300229704 0.02503221355023505 0.5210570916689352
v -0.04054230531524042 0.02503221355023505 0.5962335415450035
v -0.0022174917327366685 0.08446290660752093 0.4746827619851956
v -0.04054230531524042 0.02503221355023505 0.5962335415450035
v -0.0022174917327366685 0.08446290660752093 0.4746827619851956
vt 0 1
vt 0.1875 1
vt 0.1875 1
vt 0 1
vt 0 1
vt 0.3125 1
vt 0.3125 1
vt 0 1
vt 0 1
vt 0.1875 1
vt 0.1875 1
vt 0 1
vt 0 1
vt 0.3125 1
vt 0.3125 1
vt 0 1
vt 0.125 1
vt 0.875 1
vt 0.875 0.5
vt 0.125 0.5
vt 0 1
vt 0.1875 1
vt 0.1875 0.6875
vt 0 0.6875
vn -0.27253200769780456 -0.4226182617406994 0.8643610990919672
vn -0.9537169507482268 0 -0.3007057995042734
vn 0.27253200769780456 0.4226182617406994 -0.8643610990919672
vn 0.9537169507482268 0 0.3007057995042734
vn -0.12708376228184334 0.9063077870366499 0.4030581999178561
vn 0.12708376228184334 -0.9063077870366499 -0.4030581999178561
g Leaf
f 228/676/169 231/675/169 229/674/169 226/673/169
f 227/680/170 228/679/170 226/678/170 225/677/170
f 232/684/171 227/683/171 225/682/171 230/681/171
f 231/688/172 232/687/172 230/686/172 229/685/172
f 230/692/173 225/691/173 226/690/173 229/689/173
f 231/696/174 228/695/174 227/694/174 232/693/174
o cube
v 0.009397056234508535 0 0.029803654710882095
v 0.2972782542649372 0.08088095159453773 -0.060964938369142886
v 0.009397056234508535 0 0.029803654710882095
v 0.2972782542649372 0.08088095159453773 -0.060964938369142886
v 0.2784841417959201 0.08088095159453773 -0.12057224779090708
v -0.009397056234508535 0 -0.029803654710882095
v 0.2784841417959201 0.08088095159453773 -0.12057224779090708
v -0.009397056234508535 0 -0.029803654710882095
vt 0 1
vt 0.4375 1
vt 0.4375 1
vt 0 1
vt 0 1
vt 0.125 1
vt 0.125 1
vt 0 1
vt 0 1
vt 0.4375 1
vt 0.4375 1
vt 0 1
vt 0 1
vt 0.125 1
vt 0.125 1
vt 0 1
vt 0.4375 1
vt 0.5625 1
vt 0.5625 0
vt 0.4375 0
vt 0 1
vt 0.4375 1
vt 0.4375 0.875
vt 0 0.875
vn 0.9212198336973719 0.2588190451025208 -0.29045949785607994
vn 0.3007057995042732 0 0.953716950748227
vn -0.9212198336973719 -0.2588190451025208 0.29045949785607994
vn -0.3007057995042732 0 -0.953716950748227
vn -0.24684011049074392 0.9659258262890684 0.07782838788448602
vn 0.24684011049074392 -0.9659258262890684 -0.07782838788448602
g Stem
f 236/700/175 239/699/175 237/698/175 234/697/175
f 235/704/176 236/703/176 234/702/176 233/701/176
f 240/708/177 235/707/177 233/706/177 238/705/177
f 239/712/178 240/711/178 238/710/178 237/709/178
f 238/716/179 233/715/179 234/714/179 237/713/179
f 239/720/180 236/719/180 235/718/180 240/717/180
o cube
v 0.32075546734430294 0.0808788219586808 0.013549062682305137
v 0.3803627767660671 0.0808788219586808 -0.00524504978671194
v 0.32075546734430294 0.0808788219586808 0.013549062682305137
v 0.3803627767660671 0.0808788219586808 -0.00524504978671194
v 0.3051863268899988 0.0808788219586808 -0.24367428747376868
v 0.24557901746823466 0.0808788219586808 -0.2248801750047516
v 0.3051863268899988 0.0808788219586808 -0.24367428747376868
v 0.24557901746823466 0.0808788219586808 -0.2248801750047516
vt 0 1
vt 0.1875 1
vt 0.1875 1
vt 0 1
vt 0 1
vt 0.3125 1
vt 0.3125 1
vt 0 1
vt 0 1
vt 0.1875 1
vt 0.1875 1
vt 0 1
vt 0 1
vt 0.3125 1
vt 0.3125 1
vt 0 1
vt 0.125 0.25
vt 0.875 0.25
vt 0.875 0
vt 0.125 0
vt 0 1
vt 0.1875 1
vt 0.1875 0.6875
vt 0 0.6875
vn 0.953716950748227 0 -0.3007057995042731
vn 0.3007057995042732 0 0.953716950748227
vn -0.953716950748227 0 0.3007057995042731
vn -0.3007057995042732 0 -0.953716950748227
vn 0 1 0
vn 0 -1 0
g Leaf
f 244/724/181 247/723/181 245/722/181 242/721/181
f 243/728/182 244/727/182 242/726/182 241/725/182
f 248/732/183 243/731/183 241/730/183 246/729/183
f 247/736/184 248/735/184 246/734/184 245/733/184
