# Made in Blockbench 4.7.4

o cube
v 0.25 0 0
v 0.25 0.2887123539097771 -0.11958857261409056
v 0.25 0 0
v 0.25 0.2887123539097771 -0.11958857261409056
v -0.1875 0.2887123539097771 -0.11958857261409056
v -0.1875 0 0
v -0.1875 0.2887123539097771 -0.11958857261409056
v -0.1875 0 0
vt 0 0.25
vt 1 0.25
vt 1 0
vt 0 0
vt 0 1
vt 0.125 1
vt 0.125 0.875
vt 0 0.875
vt 0 1
vt 0.125 1
vt 0.125 0.875
vt 0 0.875
vt 0 0.25
vt 1 0.25
vt 1 0
vt 0 0
vt 0 0.25
vt 0.4375 0.25
vt 0.4375 0
vt 0 0
vt 0 1
vt 0 1
vt 0 0.9375
vt 0 0.9375
vn 0 0.9238795325112866 -0.38268343236508984
vn 1 0 0
vn 0 -0.9238795325112866 0.38268343236508984
vn -1 0 0
vn 0 0.38268343236508984 0.9238795325112866
vn 0 -0.38268343236508984 -0.9238795325112866
g Frond
f 4/4/1 7/3/1 5/2/1 2/1/1
f 3/8/2 4/7/2 2/6/2 1/5/2
f 8/12/3 3/11/3 1/10/3 6/9/3
f 7/16/4 8/15/4 6/14/4 5/13/4
f 6/20/5 1/19/5 2/18/5 5/17/5
f 7/24/6 4/23/6 3/22/6 8/21/6
o cube
v 0.25 0.46543240496972416 -0.29639168155208623
v 0.25 0.65032789448128 -0.6929013383806206
v 0.25 0.46543240496972416 -0.29639168155208623
v 0.25 0.65032789448128 -0.6929013383806206
v -0.1875 0.65032789448128 -0.6929013383806206
v -0.1875 0.46543240496972416 -0.29639168155208623
v -0.1875 0.65032789448128 -0.6929013383806206
v -0.1875 0.46543240496972416 -0.29639168155208623
vt 0 1
vt 1 1
vt 1 0.5
vt 0 0.5
vt 0 1
vt 0.125 1
vt 0.125 0.875
vt 0 0.875
vt 0 1
vt 0.125 1
vt 0.125 0.875
vt 0 0.875
vt 0 1
vt 1 1
vt 1 0.5
vt 0 0.5
vt 0 1
vt 0.4375 1
vt 0.4375 0.5
vt 0 0.5
vt 0 1
vt 0 1
vt 0 0.9375
vt 0 0.9375
vn 0 0.42261826174069944 -0.9063077870366499
vn 1 0 0
vn 0 -0.42261826174069944 0.9063077870366499
vn -1 0 0
vn 0 0.9063077870366499 0.42261826174069944
vn 0 -0.9063077870366499 -0.42261826174069944
g Frond
f 12/28/7 15/27/7 13/26/7 10/25/7
f 11/32/8 12/31/8 10/30/8 9/29/8
f 16/36/9 11/35/9 9/34/9 14/33/9
f 15/40/10 16/39/10 14/38/10 13/37/10
f 14/44/11 9/43/11 10/42/11 13/41/11
f 15/48/12 12/47/12 11/46/12 16/45/12
o cube
v 0.25 0.28866815973595283 -0.11963276678791473
v 0.25 0.4654448550325898 -0.2964094620845516
v 0.25 0.28866815973595283 -0.11963276678791473
v 0.25 0.4654448550325898 -0.2964094620845516
v -0.1875 0.4654448550325898 -0.2964094620845516
v -0.1875 0.28866815973595283 -0.11963276678791473
v -0.1875 0.4654448550325898 -0.2964094620845516
v -0.1875 0.28866815973595283 -0.11963276678791473
vt 0 0.5
vt 1 0.5
vt 1 0.25
vt 0 0.25
vt 0 1
vt 0.125 1
vt 0.125 0.875
vt 0 0.875
vt 0 1
vt 0.125 1
vt 0.125 0.875
vt 0 0.875
vt 0 0.5
vt 1 0.5
vt 1 0.25
vt 0 0.25
vt 0 0.5
vt 0.4375 0.5
vt 0.4375 0.25
vt 0 0.25
vt 0 1
vt 0 1
vt 0 0.9375
vt 0 0.9375
vn 0 0.7071067811865476 -0.7071067811865475
vn 1 0 0
vn 0 -0.7071067811865476 0.7071067811865475
vn -1 0 0
vn 0 0.7071067811865475 0.7071067811865476
vn 0 -0.7071067811865475 -0.7071067811865476
g Frond
f 20/52/13 23/51/13 21/50/13 18/49/13
f 19/56/14 20/55/14 18/54/14 17/53/14
f 24/60/15 19/59/15 17/58/15 22/57/15
f 23/64/16 24/63/16 22/62/16 21/61/16
f 22/68/17 17/67/17 18/66/17 21/65/17
f 23/72/18 20/71/18 19/70/18 24/69/18
o cube
v 0.21853615356704958 0.5470855502152023 0.17217201115391467
v 0.462079453228608 0.8822299940797551 0.031562221534984
v 0.21853615356704958 0.5470855502152023 0.17217201115391467
v 0.462079453228608 0.8822299940797551 0.031562221534984
v 0.24332945322860777 0.8822299940797551 -0.34732389262070773
v -0.00021384643295063732 0.5470855502152023 -0.20671410300177717
v 0.24332945322860777 0.8822299940797551 -0.34732389262070773
v -0.00021384643295063732 0.5470855502152023 -0.20671410300177717
vt 0 1
vt 1 1
vt 1 0.5
vt 0 0.5
vt 0 1
vt 0.125 1
vt 0.125 0.875
vt 0 0.875
vt 0 1
vt 0.125 1
vt 0.125 0.875
vt 0 0.875
vt 0 1
vt 1 1
vt 1 0.5
vt 0 0.5
vt 0 1
vt 0.4375 1
vt 0.4375 0.5
vt 0 0.5
vt 0 1
vt 0 1
vt 0 0.9375
vt 0 0.9375
vn 0.5566703992264194 0.766044443118978 -0.32139380484326996
vn 0.5000000000000004 0 0.8660254037844384
vn -0.5566703992264194 -0.766044443118978 0.32139380484326996
vn -0.5000000000000004 0 -0.8660254037844384
vn -0.6634139481689382 0.6427876096865395 0.38302222155948945
vn 0.6634139481689382 -0.6427876096865395 -0.38302222155948945
g Fertile_Frond
f 28/76/19 31/75/19 29/74/19 26/73/19
f 27/80/20 28/79/20 26/78/20 25/77/20
f 32/84/21 27/83/21 25/82/21 30/81/21
f 31/88/22 32/87/22 30/86/22 29/85/22
f 30/92/23 25/91/23 26/90/23 29/89/23
f 31/96/24 28/95/24 27/94/24 32/93/24
o cube
v 0.1562500000000001 0 0.20813293868263694
v 0.14444515701378302 0.31220256924433054 0.21494846795847078
v 0.1562500000000001 0 0.20813293868263694
v 0.14444515701378302 0.31220256924433054 0.21494846795847078
v -0.0743048429862172 0.31220256924433054 -0.16393764619722107
v -0.06250000000000006 0 -0.1707531754730548
v -0.0743048429862172 0.31220256924433054 -0.16393764619722107
v -0.06250000000000006 0 -0.1707531754730548
vt 0 0.25
vt 1 0.25
vt 1 0
vt 0 0
vt 0 1
vt 0.125 1
vt 0.125 0.875
vt 0 0.875
vt 0 1
vt 0.125 1
vt 0.125 0.875
vt 0 0.875
vt 0 0.25
vt 1 0.25
vt 1 0
vt 0 0
vt 0 0.25
vt 0.4375 0.25
vt 0.4375 0
vt 0 0
vt 0 1
vt 0 1
vt 0 0.9375
vt 0 0.9375
vn -0.03777549755589472 0.9990482215818579 0.02180969368266796
vn 0.5000000000000004 0 0.8660254037844386
vn 0.03777549755589472 -0.9990482215818579 -0.02180969368266796
vn -0.5000000000000004 0 -0.8660254037844386
vn -0.8652011394955536 -0.043619387365335834 0.4995241107909294
vn 0.8652011394955536 0.043619387365335834 -0.4995241107909294
g Fertile_Frond
f 36/100/25 39/99/25 37/98/25 34/97/25
f 35/104/26 36/103/26 34/102/26 33/101/26
f 40/108/27 35/107/27 33/106/27 38/105/27
f 39/112/28 40/111/28 38/110/28 37/109/28
f 38/116/29 33/115/29 34/114/29 37/113/29
f 39/120/30 36/119/30 35/118/30 40/117/30
o cube
v 0.14449601936886736 0.3121811929853726 0.2149191025640712
v 0.21854555255037333 0.5471043481818496 0.17216658464836254
v 0.14449601936886736 0.3121811929853726 0.2149191025640712
v 0.21854555255037333 0.5471043481818496 0.17216658464836254
v -0.00020444744962688777 0.5471043481818498 -0.2067195295073292
v -0.07425398063113281 0.3121811929853726 -0.16396701159162064
v -0.00020444744962688777 0.5471043481818498 -0.2067195295073292
v -0.07425398063113281 0.3121811929853726 -0.16396701159162064
vt 0 0.5
vt 1 0.5
vt 1 0.25
vt 0 0.25
vt 0 1
vt 0.125 1
vt 0.125 0.875
vt 0 0.875
vt 0 1
vt 0.125 1
vt 0.125 0.875
vt 0 0.875
vt 0 0.5
vt 1 0.5
vt 1 0.25
vt 0 0.25
vt 0 0.5
vt 0.4375 0.5
vt 0.4375 0.25
vt 0 0.25
vt 0 1
vt 0 1
vt 0 0.9375
vt 0 0.9375
vn 0.2961981327260238 0.9396926207859084 -0.17101007166283447
vn 0.5000000000000004 0 0.8660254037844385
vn -0.2961981327260238 -0.9396926207859084 0.17101007166283447
vn -0.5000000000000004 0 -0.8660254037844385
vn -0.8137976813493735 0.3420201433256687 0.46984631039295466
vn 0.8137976813493735 -0.3420201433256687 -0.46984631039295466
g Fertile_Frond
f 44/124/31 47/123/31 45/122/31 42/121/31
f 43/128/32 44/127/32 42/126/32 41/125/32
f 48/132/33 43/131/33 41/130/33 46/129/33
f 47/136/34 48/135/34 46/134/34 45/133/34
f 46/140/35 41/139/35 42/138/35 45/137/35
f 47/144/36 44/143/36 43/142/36 48/141/36
o cube
v -0.06530046452799698 0.5185506996857683 -0.3062945864311067
v -0.37987272523064614 0.7848838248770833 -0.45298204063988246
v -0.06530046452799698 0.5185506996857683 -0.3062945864311067
v -0.37987272523064614 0.7848838248770833 -0.45298204063988246
v -0.5647682147422018 0.7848838248770833 -0.05647238381134795
v -0.25019595403955275 0.5185506996857683 0.09021507039742782
v -0.5647682147422018 0.7848838248770833 -0.05647238381134795
v -0.25019595403955275 0.5185506996857683 0.09021507039742782
vt 0 1
vt 1 1
vt 1 0.5
vt 0 0.5
vt 0 1
vt 0.125 1
vt 0.125 0.875
vt 0 0.875
vt 0 1
vt 0.125 1
vt 0.125 0.875
vt 0 0.875
vt 0 1
vt 1 1
vt 1 0.5
vt 0 0.5
vt 0 1
vt 0.4375 1
vt 0.4375 0.5
vt 0 0.5
vt 0 1
vt 0 1
vt 0 0.9375
vt 0 0.9375
vn -0.719022310177484 0.6087614290087208 -0.335285609620059
vn 0.42261826174069883 0 -0.9063077870366502
vn 0.719022310177484 -0.6087614290087208 0.335285609620059
vn -0.42261826174069883 0 0.9063077870366502
vn 0.5517252235581624 0.7933533402912352 0.25727369694244934
vn -0.5517252235581624 -0.7933533402912352 -0.25727369694244934
g Fertile_Frond
f 52/148/37 55/147/37 53/146/37 50/145/37
f 51/152/38 52/151/38 50/150/38 49/149/38
f 56/156/39 51/155/39 49/154/39 54/153/39
f 55/160/40 56/159/40 54/158/40 53/157/40
f 54/164/41 49/163/41 50/162/41 53/161/41
f 55/168/42 52/167/42 51/166/42 56/165/42
o cube
v 0.10565456543517471 0 -0.22657694675916257
v 0.05647372305259257 0.307752422816315 -0.2495103501966745
v 0.10565456543517471 0 -0.22657694675916257
v 0.05647372305259257 0.307752422816315 -0.2495103501966745
v -0.12842176645896314 0.307752422816315 0.14699930663186
v -0.07924092407638106 0 0.16993271006937194
v -0.12842176645896314 0.307752422816315 0.14699930663186
v -0.07924092407638106 0 0.16993271006937194
vt 0 0.25
vt 1 0.25
vt 1 0
vt 0 0
vt 0 1
vt 0.125 1
vt 0.125 0.875
vt 0 0.875
vt 0 1
vt 0.125 1
vt 0.125 0.875
vt 0 0.875
vt 0 0.25
vt 1 0.25
vt 1 0
vt 0 0
vt 0 0.25
vt 0.4375 0.25
vt 0.4375 0
vt 0 0
vt 0 1
vt 0 1
vt 0 0.9375
vt 0 0.9375
vn -0.15737869562426285 0.9848077530122081 -0.07338689100003822
vn 0.42261826174069894 0 -0.9063077870366504
vn 0.15737869562426285 -0.9848077530122081 0.07338689100003822
vn -0.42261826174069894 0 0.9063077870366504
vn 0.8925389352890304 0.17364817766693047 0.4161977407267829
vn -0.8925389352890304 -0.17364817766693047 -0.4161977407267829
g Fertile_Frond
f 60/172/43 63/171/43 61/170/43 58/169/43
f 59/176/44 60/175/44 58/174/44 57/173/44
f 64/180/45 59/179/45 57/178/45 62/177/45
f 63/184/46 64/183/46 62/182/46 61/181/46
f 62/188/47 57/187/47 58/186/47 61/185/47
f 63/192/48 60/191/48 59/190/48 64/189/48
o cube
v 0.05642594978791382 0.3077188415907932 -0.2495326272358493
v -0.0653137549662034 0.5185667030440146 -0.30630078386422255
v 0.05642594978791382 0.3077188415907932 -0.2495326272358493
v -0.0653137549662034 0.5185667030440146 -0.30630078386422255
v -0.2502092444777591 0.5185667030440146 0.09020887296431201
v -0.12846953972364195 0.3077188415907932 0.14697702959268522
v -0.2502092444777591 0.5185667030440146 0.09020887296431201
v -0.12846953972364195 0.3077188415907932 0.14697702959268522
vt 0 0.5
vt 1 0.5
vt 1 0.25
vt 0 0.25
vt 0 1
vt 0.125 1
vt 0.125 0.875
vt 0 0.875
vt 0 1
vt 0.125 1
vt 0.125 0.875
vt 0 0.875
vt 0 0.5
vt 1 0.5
vt 1 0.25
vt 0 0.25
vt 0 0.5
vt 0.4375 0.5
vt 0.4375 0.25
vt 0 0.25
vt 0 1
vt 0 1
vt 0 0.9375
vt 0 0.9375
vn -0.48695881901646887 0.8433914458128858 -0.227072626513493
vn 0.42261826174069894 0 -0.9063077870366503
vn 0.48695881901646887 -0.8433914458128858 0.227072626513493
vn -0.42261826174069894 0 0.9063077870366503
vn 0.7643722348603174 0.5372996083468237 0.3564326267964166
vn -0.7643722348603174 -0.5372996083468237 -0.3564326267964166
g Fertile_Frond
f 68/196/49 71/195/49 69/194/49 66/193/49
f 67/200/50 68/199/50 66/198/50 65/197/50
f 72/204/51 67/203/51 65/202/51 70/201/51
f 71/208/52 72/207/52 70/206/52 69/205/52
f 70/212/53 65/211/53 66/210/53 69/209/53
f 71/216/54 68/215/54 67/214/54 72/213/54
o cube
v -0.3861839609414046 0.46543240496972427 -0.03478472660350829
v -0.7109856569128251 0.6503278944812805 0.1926438693389787
v -0.3861839609414046 0.46543240496972427 -0.03478472660350829
v -0.7109856569128251 0.6503278944812805 0.1926438693389787
v -0.46004596600924247 0.6503278944812805 0.5510228887154125
v -0.13524427003782197 0.46543240496972427 0.3235942927729256
v -0.46004596600924247 0.6503278944812805 0.5510228887154125
v -0.13524427003782197 0.46543240496972427 0.3235942927729256
vt 0 1
vt 1 1
vt 1 0.5
vt 0 0.5
vt 0 1
vt 0.125 1
vt 0.125 0.875
vt 0 0.875
vt 0 1
vt 0.125 1
vt 0.125 0.875
vt 0 0.875
vt 0 1
vt 1 1
vt 1 0.5
vt 0 0.5
vt 0 1
vt 0.4375 1
vt 0.4375 0.5
vt 0 0.5
vt 0 1
vt 0 1
vt 0 0.9375
vt 0 0.9375
vn -0.7424038765061041 0.4226182617406997 0.5198367907256845
vn -0.573576436351046 0 -0.8191520442889918
vn 0.7424038765061041 -0.4226182617406997 -0.5198367907256845
vn 0.573576436351046 0 0.8191520442889918
vn 0.34618861305875437 0.9063077870366498 -0.2424038765061041
vn -0.34618861305875437 -0.9063077870366498 0.2424038765061041
g Frond
f 76/220/55 79/219/55 77/218/55 74/217/55
f 75/224/56 76/223/56 74/222/56 73/221/56
f 80/228/57 75/227/57 73/226/57 78/225/57
f 79/232/58 80/231/58 78/230/58 77/229/58
f 78/236/59 73/235/59 74/234/59 77/233/59
f 79/240/60 76/239/60 75/238/60 80/237/60
o cube
v -0.1433941090877615 0 -0.20478801107224792
v -0.24135533281819627 0.2887123539097771 -0.13619482376394954
v -0.1433941090877615 0 -0.20478801107224792
v -0.24135533281819627 0.2887123539097771 -0.13619482376394954
v 0.00958435808538638 0.2887123539097771 0.22218419561248437
v 0.10754558181582108 0 0.15359100830418593
v 0.00958435808538638 0.2887123539097771 0.22218419561248437
v 0.10754558181582108 0 0.15359100830418593
vt 0 0.25
vt 1 0.25
vt 1 0
vt 0 0
vt 0 1
vt 0.125 1
vt 0.125 0.875
vt 0 0.875
vt 0 1
vt 0.125 1
vt 0.125 0.875
vt 0 0.875
vt 0 0.25
vt 1 0.25
vt 1 0
vt 0 0
vt 0 0.25
vt 0.4375 0.25
vt 0.4375 0
vt 0 0
vt 0 1
vt 0 1
vt 0 0.9375
vt 0 0.9375
vn -0.31347591593739127 0.9238795325112868 0.21949819938655477
vn -0.573576436351046 0 -0.8191520442889919
vn 0.31347591593739127 -0.9238795325112868 -0.21949819938655477
vn 0.573576436351046 0 0.8191520442889919
vn 0.7567978077333786 0.3826834323650896 -0.5299155298754943
vn -0.7567978077333786 -0.3826834323650896 0.5299155298754943
g Frond
f 84/244/61 87/243/61 85/242/61 82/241/61
f 83/248/62 84/247/62 82/246/62 81/245/62
f 88/252/63 83/251/63 81/250/63 86/249/63
f 87/256/64 88/255/64 86/254/64 85/253/64
f 86/260/65 81/259/65 82/258/65 85/257/65
f 87/264/66 84/263/66 83/262/66 88/261/66
o cube
v -0.24139153456603002 0.28866815973595283 -0.13616947502722004
v -0.38619852590092224 0.4654448550325898 -0.03477452810906034
v -0.24139153456603002 0.28866815973595283 -0.13616947502722004
v -0.38619852590092224 0.4654448550325898 -0.03477452810906034
v -0.1352588349973396 0.4654448550325898 0.32360449126737356
v 0.009548156337552682 0.28866815973595283 0.2222095443492138
v -0.1352588349973396 0.4654448550325898 0.32360449126737356
v 0.009548156337552682 0.28866815973595283 0.2222095443492138
vt 0 0.5
vt 1 0.5
vt 1 0.25
vt 0 0.25
vt 0 1
vt 0.125 1
vt 0.125 0.875
vt 0 0.875
vt 0 1
vt 0.125 1
vt 0.125 0.875
vt 0 0.875
vt 0 0.5
vt 1 0.5
vt 1 0.25
vt 0 0.25
vt 0 0.5
vt 0.4375 0.5
vt 0.4375 0.25
vt 0 0.25
vt 0 1
vt 0 1
vt 0 0.9375
vt 0 0.9375
vn -0.5792279653395691 0.7071067811865477 0.4055797876726388
vn -0.5735764363510462 0 -0.8191520442889919
vn 0.5792279653395691 -0.7071067811865477 -0.4055797876726388
vn 0.5735764363510462 0 0.8191520442889919
vn 0.5792279653395694 0.7071067811865474 -0.40557978767263897
vn -0.5792279653395694 -0.7071067811865474 0.40557978767263897
g Frond
f 92/268/67 95/267/67 93/266/67 90/265/67
f 91/272/68 92/271/68 90/270/68 89/269/68
f 96/276/69 91/275/69 89/274/69 94/273/69
f 95/280/70 96/279/70 94/278/70 93/277/70
f 94/284/71 89/283/71 90/282/71 93/281/71
f 95/288/72 92/287/72 91/286/72 96/285/72
o cube
v -0.18612522083423133 0.5434276587398459 0.19240357162774568
v -0.06121163868792001 0.8659864935942752 0.46028161300614934
v -0.18612522083423133 0.5434276587398459 0.19240357162774568
v -0.06121163868792001 0.8659864935942752 0.46028161300614934
v 0.33529801814061444 0.8659864935942752 0.2753861234945931
v 0.210384435994303 0.5434276587398457 0.007508082116189474
v 0.33529801814061444 0.8659864935942752 0.2753861234945931
v 0.210384435994303 0.5434276587398457 0.007508082116189474
vt 0 1
vt 1 1
vt 1 0.5
vt 0 0.5
vt 0 1
vt 0.125 1
vt 0.125 0.875
vt 0 0.875
vt 0 1
vt 0.125 1
vt 0.125 0.875
vt 0 0.875
vt 0 1
vt 1 1
vt 1 0.5
vt 0 0.5
vt 0 1
vt 0.4375 1
vt 0.4375 0.5
vt 0 0.5
vt 0 1
vt 0 1
vt 0 0.9375
vt 0 0.9375
vn 0.2855167591915687 0.7372773368101242 0.6122926660077798
vn -0.9063077870366499 0 0.42261826174069966
vn -0.2855167591915687 -0.7372773368101242 -0.6122926660077798
vn 0.9063077870366499 0 -0.42261826174069966
vn -0.311586866503507 0.6755902076156601 -0.6682001915566584
vn 0.311586866503507 -0.6755902076156601 0.6682001915566584
g Fertile_Frond
f 100/292/73 103/291/73 101/290/73 98/289/73
f 99/296/74 100/295/74 98/294/74 97/293/74
f 104/300/75 99/299/75 97/298/75 102/297/75
f 103/304/76 104/303/76 102/302/76 101/301/76
f 102/308/77 97/307/77 98/306/77 101/305/77
f 103/312/78 100/311/78 99/310/78 104/309/78
o cube
v -0.2265769467591625 0 0.10565456543517493
v -0.2265769467591625 0.3125 0.10565456543517493
v -0.2265769467591625 0 0.10565456543517493
v -0.2265769467591625 0.3125 0.10565456543517493
v 0.16993271006937194 0.3125 -0.07924092407638123
v 0.16993271006937194 0 -0.07924092407638117
v 0.16993271006937194 0.3125 -0.07924092407638123
v 0.16993271006937194 0 -0.07924092407638117
vt 0 0.25
vt 1 0.25
vt 1 0
vt 0 0
vt 0 1
vt 0.125 1
vt 0.125 0.875
vt 0 0.875
vt 0 1
vt 0.125 1
vt 0.125 0.875
vt 0 0.875
vt 0 0.25
vt 1 0.25
vt 1 0
vt 0 0
vt 0 0.25
vt 0.4375 0.25
vt 0.4375 0
vt 0 0
vt 0 1
vt 0 1
vt 0 0.9375
vt 0 0.9375
vn 0 1 0
vn -0.9063077870366499 0 0.4226182617406997
vn 0 -1 0
vn 0.9063077870366499 0 -0.4226182617406997
vn -0.42261826174069966 0 -0.9063077870366499
vn 0.42261826174069966 0 0.9063077870366499
g Fertile_Frond
f 108/316/79 111/315/79 109/314/79 106/313/79
f 107/320/80 108/319/80 106/318/80 105/317/80
f 112/324/81 107/323/81 105/322/81 110/321/81
f 111/328/82 112/327/82 110/326/82 109/325/82
f 110/332/83 105/331/83 106/330/83 109/329/83
f 111/336/84 108/335/84 107/334/84 112/333/84
o cube
v -0.226552543736532 0.3124760822854772 0.10570689788608734
v -0.1861202919907573 0.5434459654132988 0.1924141415666858
v -0.226552543736532 0.3124760822854772 0.10570689788608734
v -0.1861202919907573 0.5434459654132988 0.1924141415666858
v 0.21038936483777704 0.5434459654132988 0.007518652055129693
v 0.16995711309200234 0.3124760822854772 -0.07918859162546876
v 0.21038936483777704 0.5434459654132988 0.007518652055129693
v 0.16995711309200234 0.3124760822854772 -0.07918859162546876
vt 0 0.5
vt 1 0.5
vt 1 0.25
vt 0 0.25
vt 0 1
vt 0.125 1
vt 0.125 0.875
vt 0 0.875
vt 0 1
vt 0.125 1
vt 0.125 0.875
vt 0 0.875
vt 0 0.5
vt 1 0.5
vt 1 0.25
vt 0 0.25
vt 0 0.5
vt 0.4375 0.5
vt 0.4375 0.25
vt 0 0.25
vt 0 1
vt 0 1
vt 0 0.9375
vt 0 0.9375
vn 0.16172900698309883 0.9238795325112868 0.34682897472239377
vn -0.9063077870366499 0 0.4226182617406997
vn -0.16172900698309883 -0.9238795325112868 -0.34682897472239377
vn 0.9063077870366499 0 -0.4226182617406997
vn -0.39044836208773026 0.3826834323650897 -0.8373192145987591
vn 0.39044836208773026 -0.3826834323650897 0.8373192145987591
g Fertile_Frond
f 116/340/85 119/339/85 117/338/85 114/337/85
f 115/344/86 116/343/86 114/342/86 113/341/86
f 120/348/87 115/347/87 113/346/87 118/345/87
f 119/352/88 120/351/88 118/350/88 117/349/88
f 118/356/89 113/355/89 114/354/89 117/353/89
f 119/360/90 116/359/90 115/358/90 120/357/90
o cube
v 0.1658363835579597 0.4378290570010299 0.38442081528343486
v 0.5218728691483108 0.58746286970601 0.5899785760803522
v 0.1658363835579597 0.4378290570010299 0.38442081528343486
v 0.5218728691483108 0.58746286970601 0.5899785760803522
v 0.7406228691483105 0.58746286970601 0.21109246192466036
v 0.3845863835579595 0.4378290570010299 0.005534701127742903
v 0.7406228691483105 0.58746286970601 0.21109246192466036
v 0.3845863835579595 0.4378290570010299 0.005534701127742903
vt 0 1
vt 1 1
vt 1 0.5
vt 0 0.5
vt 0 1
vt 0.125 1
vt 0.125 0.875
vt 0 0.875
vt 0 1
vt 0.125 1
vt 0.125 0.875
vt 0 0.875
vt 0 1
vt 1 1
vt 1 0.5
vt 0 0.5
vt 0 1
vt 0.4375 1
vt 0.4375 0.5
vt 0 0.5
vt 0 1
vt 0 1
vt 0 0.9375
vt 0 0.9375
vn 0.8137976813493739 0.3420201433256687 0.469846310392954
vn -0.4999999999999999 0 0.8660254037844388
vn -0.8137976813493739 -0.3420201433256687 -0.469846310392954
vn 0.4999999999999999 0 -0.8660254037844388
vn -0.2961981327260239 0.9396926207859084 -0.1710100716628343
vn 0.2961981327260239 -0.9396926207859084 0.1710100716628343
g Frond
f 124/364/91 127/363/91 125/362/91 122/361/91
f 123/368/92 124/367/92 122/366/92 121/365/92
f 128/372/93 123/371/93 121/370/93 126/369/93
f 127/376/94 128/375/94 126/374/94 125/373/94
f 126/380/95 121/379/95 122/378/95 125/377/95
f 127/384/96 124/383/96 123/382/96 128/381/96
o cube
v -0.12499999999999994 0 0.2165063509461097
v -0.000035615867570282234 0.27719088536819425 0.2886545717640837
v -0.12499999999999994 0 0.2165063509461097
v -0.000035615867570282234 0.27719088536819425 0.2886545717640837
v 0.2187143841324296 0.27719088536819425 -0.09023154239160824
v 0.09375 0 -0.16237976320958225
v 0.2187143841324296 0.27719088536819425 -0.09023154239160824
v 0.09375 0 -0.16237976320958225
vt 0 0.25
vt 1 0.25
vt 1 0
vt 0 0
vt 0 1
vt 0.125 1
vt 0.125 0.875
vt 0 0.875
vt 0 1
vt 0.125 1
vt 0.125 0.875
vt 0 0.875
vt 0 0.25
vt 1 0.25
vt 1 0
vt 0 0
vt 0 0.25
vt 0.4375 0.25
vt 0.4375 0
vt 0 0
vt 0 1
vt 0 1
vt 0 0.9375
vt 0 0.9375
vn 0.3998860292237751 0.8870108331782218 0.23087430661751693
vn -0.4999999999999999 0 0.8660254037844388
vn -0.3998860292237751 -0.8870108331782218 -0.23087430661751693
vn 0.4999999999999999 0 -0.8660254037844388
vn -0.7681739149643408 0.461748613235034 -0.4435054165891106
vn 0.7681739149643408 -0.461748613235034 0.4435054165891106
g Frond
f 132/388/97 135/387/97 133/386/97 130/385/97
f 131/392/98 132/391/98 130/390/98 129/389/98
f 136/396/99 131/395/99 129/394/99 134/393/99
f 135/400/100 136/399/100 134/398/100 133/397/100
f 134/404/101 129/403/101 130/402/101 133/401/101
f 135/408/102 132/407/102 131/406/102 136/405/102
o cube
v 0 0.27714300759049926 0.2886746588768865
v 0.165852663074616 0.43783991001213407 0.3844302142667587
v 0 0.27714300759049926 0.2886746588768865
v 0.165852663074616 0.43783991001213407 0.3844302142667587
v 0.3846026630746159 0.43783991001213407 0.005544100111066652
v 0.2187491760323813 0.27714300759049926 -0.09021145527880553
v 0.3846026630746159 0.43783991001213407 0.005544100111066652
v 0.2187491760323813 0.27714300759049926 -0.09021145527880553
vt 0 0.5
vt 1 0.5
vt 1 0.25
vt 0 0.25
vt 0 1
vt 0.125 1
vt 0.125 0.875
vt 0 0.875
vt 0 1
vt 0.125 1
vt 0.125 0.875
vt 0 0.875
vt 0 0.5
vt 1 0.5
vt 1 0.25
vt 0 0.25
vt 0 0.5
vt 0.4375 0.5
vt 0.4375 0.25
vt 0 0.25
vt 0 1
vt 0 1
vt 0 0.9375
vt 0 0.9375
vn 0.6634139481689385 0.6427876096865395 0.3830222215594889
vn -0.5 0 0.8660254037844388
vn -0.6634139481689385 -0.6427876096865395 -0.3830222215594889
vn 0.5 0 -0.8660254037844388
vn -0.5566703992264195 0.766044443118978 -0.3213938048432695
vn 0.5566703992264195 -0.766044443118978 0.3213938048432695
g Frond
f 140/412/103 143/411/103 141/410/103 138/409/103
f 139/416/104 140/415/104 138/414/104 137/413/104
f 144/420/105 139/419/105 137/418/105 142/417/105
f 143/424/106 144/423/106 142/422/106 141/421/106
f 142/428/107 137/427/107 138/426/107 141/425/107
f 143/432/108 140/431/108 139/430/108 144/429/108
o cube
v -0.2891611982237944 0.45206099288208623 0.2810729667638219
v -0.34191953210761794 0.6194849945418128 0.6818122983424013
v -0.2891611982237944 0.45206099288208623 0.2810729667638219
v -0.34191953210761794 0.6194849945418128 0.6818122983424013
v 0.09183759474342412 0.6194849945418128 0.738917507438674
v 0.14459592862724768 0.45206099288208623 0.33817817586009435
v 0.09183759474342412 0.6194849945418128 0.738917507438674
v 0.14459592862724768 0.45206099288208623 0.33817817586009435
vt 0 1
vt 1 1
vt 1 0.5
vt 0 0.5
vt 0 1
vt 0.125 1
vt 0.125 0.875
vt 0 0.875
vt 0 1
vt 0.125 1
vt 0.125 0.875
vt 0 0.875
vt 0 1
vt 1 1
vt 1 0.5
vt 0 0.5
vt 0 1
vt 0.4375 1
vt 0.4375 0.5
vt 0 0.5
vt 0 1
vt 0 1
vt 0 0.9375
vt 0 0.9375
vn -0.12059047744873963 0.3826834323650897 0.9159756150367536
vn -0.9914448613738104 0 -0.13052619222005157
vn 0.12059047744873963 -0.3826834323650897 -0.9159756150367536
vn 0.9914448613738104 0 0.13052619222005157
vn 0.04995021125231494 0.9238795325112868 -0.37940952255126037
vn -0.04995021125231494 -0.9238795325112868 0.37940952255126037
g Frond
f 148/436/109 151/435/109 149/434/109 146/433/109
f 147/440/110 148/439/110 146/438/110 145/437/110
f 152/444/111 147/443/111 145/442/111 150/441/111
f 151/448/112 152/447/112 150/446/112 149/445/112
f 150/452/113 145/451/113 146/450/113 149/449/113
f 151/456/114 148/455/114 147/454/114 152/453/114
o cube
v -0.24786121534345257 0 -0.03263154805501289
v -0.2650995754895996 0.2832211834489531 0.09830679692172106
v -0.24786121534345257 0 -0.03263154805501289
v -0.2650995754895996 0.2832211834489531 0.09830679692172106
v 0.16865755136144234 0.2832211834489531 0.15541200601799365
v 0.18589591150758944 0 0.024473661041259698
v 0.16865755136144234 0.2832211834489531 0.15541200601799365
v 0.18589591150758944 0 0.024473661041259698
vt 0 0.25
vt 1 0.25
vt 1 0
vt 0 0
vt 0 1
vt 0.125 1
vt 0.125 0.875
vt 0 0.875
vt 0 1
vt 0.125 1
vt 0.125 0.875
vt 0 0.875
vt 0 0.25
vt 1 0.25
vt 1 0
vt 0 0
vt 0 0.25
vt 0.4375 0.25
vt 0.4375 0
vt 0 0
vt 0 1
vt 0 1
vt 0 0.9375
vt 0 0.9375
vn -0.05516275246767054 0.9063077870366498 0.4190027039255487
vn -0.9914448613738105 0 -0.1305261922200516
vn 0.05516275246767054 -0.9063077870366498 -0.4190027039255487
vn 0.9914448613738105 0 0.1305261922200516
vn 0.11829690442127541 0.4226182617406995 -0.8985541982805562
vn -0.11829690442127541 -0.4226182617406995 0.8985541982805562
g Frond
f 156/460/115 159/459/115 157/458/115 154/457/115
f 155/464/116 156/463/116 154/462/116 153/461/116
f 160/468/117 155/467/117 153/466/117 158/465/117
f 159/472/118 160/471/118 158/470/118 157/469/118
f 158/476/119 153/475/119 154/474/119 157/473/119
f 159/480/120 156/479/120 155/478/120 160/477/120
o cube
v -0.2651050868781809 0.28317510361540243 0.09834866007420451
v -0.2891635877241724 0.4520726555193175 0.28109111682114585
v -0.2651050868781809 0.28317510361540243 0.09834866007420451
v -0.2891635877241724 0.4520726555193175 0.28109111682114585
v 0.14459353912686956 0.4520726555193175 0.33819632591741844
v 0.16865203997286105 0.28317510361540243 0.1554538691704771
v 0.14459353912686956 0.4520726555193175 0.33819632591741844
v 0.16865203997286105 0.28317510361540243 0.1554538691704771
vt 0 0.5
vt 1 0.5
vt 1 0.25
vt 0 0.25
vt 0 1
vt 0.125 1
vt 0.125 0.875
vt 0 0.875
vt 0 1
vt 0.125 1
vt 0.125 0.875
vt 0 0.875
vt 0 0.5
vt 1 0.5
vt 1 0.25
vt 0 0.25
vt 0 0.5
vt 0.4375 0.5
vt 0.4375 0.25
vt 0 0.25
vt 0 1
vt 0 1
vt 0 0.9375
vt 0 0.9375
vn -0.09623400338396594 0.6755902076156604 0.7309698269877656
vn -0.9914448613738105 0 -0.1305261922200516
vn 0.09623400338396594 -0.6755902076156604 -0.7309698269877656
vn 0.9914448613738105 0 0.1305261922200516
vn 0.08818221730122634 0.737277336810124 -0.6698104397350122
vn -0.08818221730122634 -0.737277336810124 0.6698104397350122
g Frond
f 164/484/121 167/483/121 165/482/121 162/481/121
f 163/488/122 164/487/122 162/486/122 161/485/122
f 168/492/123 163/491/123 161/490/123 166/489/123
f 167/496/124 168/495/124 166/494/124 165/493/124
f 166/500/125 161/499/125 162/498/125 165/497/125
f 167/504/126 164/503/126 163/502/126 168/501/126
o cube
v -0.05524976982574403 0.4227636886253955 -0.4303413517235203
v -0.33714057165936784 0.5543224759085148 -0.7379711801377875
v -0.05524976982574403 0.4227636886253955 -0.4303413517235203
v -0.33714057165936784 0.5543224759085148 -0.7379711801377875
v -0.6596994065137971 0.5543224759085148 -0.4424004643059363
v -0.3778086046801733 0.4227636886253955 -0.13477063589166904
v -0.6596994065137971 0.5543224759085148 -0.4424004643059363
v -0.3778086046801733 0.4227636886253955 -0.13477063589166904
vt 0 1
vt 1 1
vt 1 0.5
vt 0 0.5
vt 0 1
vt 0.125 1
vt 0.125 0.875
vt 0 0.875
vt 0 1
vt 0.125 1
vt 0.125 0.875
vt 0 0.875
vt 0 1
vt 1 1
vt 1 0.5
vt 0 0.5
vt 0 1
vt 0.4375 1
vt 0.4375 0.5
vt 0 0.5
vt 0 1
vt 0 1
vt 0 0.9375
vt 0 0.9375
vn -0.6443218327625688 0.3007057995042731 -0.7031538935183251
vn 0.7372773368101244 0 -0.67559020761566
vn 0.6443218327625688 -0.3007057995042731 0.7031538935183251
vn -0.7372773368101244 0 0.67559020761566
vn 0.2031538935183249 0.953716950748227 0.22170357102186966
vn -0.2031538935183249 -0.953716950748227 -0.22170357102186966
g Frond
f 172/508/127 175/507/127 173/506/127 170/505/127
f 171/512/128 172/511/128 170/510/128 169/509/128
f 176/516/129 171/515/129 169/514/129 174/513/129
f 175/520/130 176/519/130 174/518/130 173/517/130
f 174/524/131 169/523/131 170/522/131 173/521/131
f 175/528/132 172/527/132 171/526/132 176/525/132
o cube
v 0.1843193342025311 0 -0.16889755190391498
v 0.0787583642625842 0.27063293868263705 -0.28409713578049695
v 0.1843193342025311 0 -0.16889755190391498
v 0.0787583642625842 0.27063293868263705 -0.28409713578049695
v -0.24380047059184518 0.27063293868263705 0.011473580051354348
v -0.13823950065189827 0 0.12667316392793626
v -0.24380047059184518 0.27063293868263705 0.011473580051354348
v -0.13823950065189827 0 0.12667316392793626
vt 0 0.25
vt 1 0.25
vt 1 0
vt 0 0
vt 0 1
vt 0.125 1
vt 0.125 0.875
vt 0 0.875
vt 0 1
vt 0.125 1
vt 0.125 0.875
vt 0 0.875
vt 0 0.25
vt 1 0.25
vt 1 0
vt 0 0
vt 0 0.25
vt 0.4375 0.25
vt 0.4375 0
vt 0 0
vt 0 1
vt 0 1
vt 0 0.9375
vt 0 0.9375
vn -0.33779510380783007 0.8660254037844386 -0.36863866840506215
vn 0.7372773368101243 0 -0.6755902076156601
vn 0.33779510380783007 -0.8660254037844386 0.36863866840506215
vn -0.7372773368101243 0 0.6755902076156601
vn 0.5850782823431647 0.5000000000000002 0.6385009033121034
vn -0.5850782823431647 -0.5000000000000002 -0.6385009033121034
g Frond
f 180/532/133 183/531/133 181/530/133 178/529/133
f 179/536/134 180/535/134 178/534/134 177/533/134
f 184/540/135 179/539/135 177/538/135 182/537/135
f 183/544/136 184/543/136 182/542/136 181/541/136
f 182/548/137 177/547/137 178/546/137 181/545/137
f 183/552/138 180/551/138 179/550/138 184/549/138
o cube
v 0.07873265968382093 0.2705833540988688 -0.2841251874058177
v -0.05526277728616236 0.422773711351049 -0.43035554687565225
v 0.07873265968382093 0.2705833540988688 -0.2841251874058177
v -0.05526277728616236 0.422773711351049 -0.43035554687565225
v -0.37782161214059173 0.422773711351049 -0.134784831043801
v -0.24382617517060845 0.2705833540988688 0.011445528426033524
v -0.37782161214059173 0.422773711351049 -0.134784831043801
v -0.24382617517060845 0.2705833540988688 0.011445528426033524
vt 0 0.5
vt 1 0.5
vt 1 0.25
vt 0 0.25
vt 0 1
vt 0.125 1
vt 0.125 0.875
vt 0 0.875
vt 0 1
vt 0.125 1
vt 0.125 0.875
vt 0 0.875
vt 0 0.5
vt 1 0.5
vt 1 0.25
vt 0 0.25
vt 0 0.5
vt 0.4375 0.5
vt 0.4375 0.25
vt 0 0.25
vt 0 1
vt 0 1
vt 0 0.9375
vt 0 0.9375
vn -0.5359817478799329 0.6087614290087208 -0.584921437879338
vn 0.7372773368101243 0 -0.67559020761566
vn 0.5359817478799329 -0.6087614290087208 0.584921437879338
vn -0.7372773368101243 0 0.67559020761566
vn 0.41127326021240745 0.7933533402912352 0.44882600513227505
vn -0.41127326021240745 -0.7933533402912352 -0.44882600513227505
g Frond
f 188/556/139 191/555/139 189/554/139 186/553/139
f 187/560/140 188/559/140 186/558/140 185/557/140
f 192/564/141 187/563/141 185/562/141 190/561/141
f 191/568/142 192/567/142 190/566/142 189/565/142
f 190/572/143 185/571/143 186/570/143 189/569/143
f 191/576/144 188/575/144 187/574/144 192/573/144
o cube
v 0.40051338339632814 0.4520609928820861 -0.046959992803054296
v 0.6863240319630355 0.6194849945418128 -0.33277064136976164
v 0.40051338339632814 0.4520609928820861 -0.046959992803054296
v 0.6863240319630355 0.6194849945418128 -0.33277064136976164
v 0.376964815193921 0.6194849945418128 -0.6421298581388761
v 0.09115416662721354 0.45206099288208623 -0.35631920957216884
v 0.376964815193921 0.6194849945418128 -0.6421298581388761
v 0.09115416662721354 0.45206099288208623 -0.35631920957216884
vt 0 1
vt 1 1
vt 1 0.5
vt 0 0.5
vt 0 1
vt 0.125 1
vt 0.125 0.875
vt 0 0.875
vt 0 1
vt 0.125 1
vt 0.125 0.875
vt 0 0.875
vt 0 1
vt 1 1
vt 1 0.5
vt 0 0.5
vt 0 1
vt 0.4375 1
vt 0.4375 0.5
vt 0 0.5
vt 0 1
vt 0 1
vt 0 0.9375
vt 0 0.9375
vn 0.6532814824381884 0.3826834323650897 -0.6532814824381883
vn 0.7071067811865475 0 0.7071067811865477
vn -0.6532814824381884 -0.3826834323650897 0.6532814824381883
vn -0.7071067811865475 0 -0.7071067811865477
vn -0.2705980500730985 0.9238795325112867 0.27059805007309845
vn 0.2705980500730985 -0.9238795325112867 -0.27059805007309845
g Frond
f 196/580/145 199/579/145 197/578/145 194/577/145
f 195/584/146 196/583/146 194/582/146 193/581/146
f 200/588/147 195/587/147 193/586/147 198/585/147
f 199/592/148 200/591/148 198/590/148 197/589/148
f 198/596/149 193/595/149 194/594/149 197/593/149
f 199/600/150 196/599/150 195/598/150 200/597/150
o cube
v 0.17677669529663687 0 0.17677669529663687
v 0.2701630198997994 0.2832211834489531 0.08339037069347444
v 0.17677669529663687 0 0.17677669529663687
v 0.2701630198997994 0.2832211834489531 0.08339037069347444
v -0.039196196869315136 0.2832211834489531 -0.22596884607564016
v -0.13258252147247762 0 -0.13258252147247768
v -0.039196196869315136 0.2832211834489531 -0.22596884607564016
v -0.13258252147247762 0 -0.13258252147247768
vt 0 0.25
vt 1 0.25
vt 1 0
vt 0 0
vt 0 1
vt 0.125 1
vt 0.125 0.875
vt 0 0.875
vt 0 1
vt 0.125 1
vt 0.125 0.875
vt 0 0.875
vt 0 0.25
vt 1 0.25
vt 1 0
vt 0 0
vt 0 0.25
vt 0.4375 0.25
vt 0.4375 0
vt 0 0
vt 0 1
vt 0 1
vt 0 0.9375
vt 0 0.9375
vn 0.29883623873011994 0.9063077870366498 -0.29883623873011994
vn 0.7071067811865475 0 0.7071067811865476
vn -0.29883623873011994 -0.9063077870366498 0.29883623873011994
vn -0.7071067811865475 0 -0.7071067811865476
vn -0.6408563820557885 0.4226182617406996 0.6408563820557884
vn 0.6408563820557885 -0.4226182617406996 -0.6408563820557884
g Frond
f 204/604/151 207/603/151 205/602/151 202/601/151
f 203/608/152 204/607/152 202/606/152 201/605/152
f 208/612/153 203/611/153 201/610/153 206/609/153
f 207/616/154 208/615/154 206/614/154 205/613/154
f 206/620/155 201/619/155 202/618/155 205/617/155
f 207/624/156 204/623/156 203/622/156 208/621/156
o cube
v 0.2701928770508686 0.28317510361540243 0.08336051354240515
v 0.4005263281692679 0.4520726555193175 -0.04697293757599408
v 0.2701928770508686 0.28317510361540243 0.08336051354240515
v 0.4005263281692679 0.4520726555193175 -0.04697293757599408
v 0.09116711140015332 0.4520726555193175 -0.3563321543451086
v -0.0391663397182459 0.28317510361540243 -0.2259987032267094
v 0.09116711140015332 0.4520726555193175 -0.3563321543451086
v -0.0391663397182459 0.28317510361540243 -0.2259987032267094
vt 0 0.5
vt 1 0.5
vt 1 0.25
vt 0 0.25
vt 0 1
vt 0.125 1
vt 0.125 0.875
vt 0 0.875
vt 0 1
vt 0.125 1
vt 0.125 0.875
vt 0 0.875
vt 0 0.5
vt 1 0.5
vt 1 0.25
vt 0 0.25
vt 0 0.5
vt 0.4375 0.5
vt 0.4375 0.25
vt 0 0.25
vt 0 1
vt 0 1
vt 0 0.9375
vt 0 0.9375
vn 0.521333804473597 0.6755902076156604 -0.5213338044735969
vn 0.7071067811865475 0 0.7071067811865477
vn -0.521333804473597 -0.6755902076156604 0.5213338044735969
vn -0.7071067811865475 0 -0.7071067811865477
vn -0.4777144171082609 0.7372773368101241 0.47771441710826085
vn 0.4777144171082609 -0.7372773368101241 -0.47771441710826085
g Frond
f 212/628/157 215/627/157 213/626/157 210/625/157
f 211/632/158 212/631/158 210/630/158 209/629/158
f 216/636/159 211/635/159 209/634/159 214/633/159
f 215/640/160 216/639/160 214/638/160 213/637/160
f 214/644/161 209/643/161 210/642/161 213/641/161
f 215/648/162 212/647/162 211/646/162 216/645/162
