# Made in Blockbench 4.1.3

o cube
v 0.1875 0 0
v 0.1875 0.17322741234586625 -0.07175314356845434
v 0.1875 0 0
v 0.1875 0.17322741234586625 -0.07175314356845434
v -0.125 0.17322741234586625 -0.07175314356845434
v -0.125 0 0
v -0.125 0.17322741234586625 -0.07175314356845434
v -0.125 0 0
vt 0.0 0.25
vt 0.4996875 0.25
vt 0.4996875 0
vt 0.0 0
vt 0.0 1
vt 0.24984375 1
vt 0.24984375 1
vt 0.0 1
vt 0.0 1
vt 0.124921875 1
vt 0.124921875 1
vt 0.0 1
vt 0.0 0.25
vt 0.4996875 0.25
vt 0.4996875 0
vt 0.0 0
vt 0.0 0.25
vt 0.4996875 0.25
vt 0.4996875 0
vt 0.0 0
vt 0.0 1
vt 0.124921875 1
vt 0.124921875 0.75
vt 0.0 0.75
vn 0 0.9238795325112866 -0.38268343236508984
vn 1 0 0
vn 0 -0.9238795325112866 0.38268343236508984
vn -1 0 0
vn 0 0.38268343236508984 0.9238795325112866
vn 0 -0.38268343236508984 -0.9238795325112866
g Frond
f 4/4/1 7/3/1 5/2/1 2/1/1
f 3/8/2 4/7/2 2/6/2 1/5/2
f 8/12/3 3/11/3 1/10/3 6/9/3
f 7/16/4 8/15/4 6/14/4 5/13/4
f 6/20/5 1/19/5 2/18/5 5/17/5
f 7/24/6 4/23/6 3/22/6 8/21/6
o cube
v 0.1875 0.30570909540783 -0.20440627285611496
v 0.1875 0.43777730220179856 -0.4876274563050681
v 0.1875 0.30570909540783 -0.20440627285611496
v 0.1875 0.43777730220179856 -0.4876274563050681
v -0.125 0.43777730220179856 -0.4876274563050681
v -0.125 0.30570909540783 -0.20440627285611496
v -0.125 0.43777730220179856 -0.4876274563050681
v -0.125 0.30570909540783 -0.20440627285611496
vt 0.0 1
vt 0.4996875 1
vt 0.4996875 0.5
vt 0.0 0.5
vt 0.0 1
vt 0.24984375 1
vt 0.24984375 1
vt 0.0 1
vt 0.0 1
vt 0.124921875 1
vt 0.124921875 1
vt 0.0 1
vt 0.0 1
vt 0.4996875 1
vt 0.4996875 0.5
vt 0.0 0.5
vt 0.0 1
vt 0.4996875 1
vt 0.4996875 0.5
vt 0.0 0.5
vt 0.0 1
vt 0.124921875 1
vt 0.124921875 0.75
vt 0.0 0.75
vn 0 0.42261826174069944 -0.9063077870366499
vn 1 0 0
vn 0 -0.42261826174069944 0.9063077870366499
vn -1 0 0
vn 0 0.9063077870366499 0.42261826174069944
vn 0 -0.9063077870366499 -0.42261826174069944
g Frond
f 12/28/7 15/27/7 13/26/7 10/25/7
f 11/32/8 12/31/8 10/30/8 9/29/8
f 16/36/9 11/35/9 9/34/9 14/33/9
f 15/40/10 16/39/10 14/38/10 13/37/10
f 14/44/11 9/43/11 10/42/11 13/41/11
f 15/48/12 12/47/12 11/46/12 16/45/12
o cube
v 0.1875 0.17318321817204207 -0.07179733774227848
v 0.1875 0.30576573964451975 -0.20437985921475615
v 0.1875 0.17318321817204207 -0.07179733774227848
v 0.1875 0.30576573964451975 -0.20437985921475615
v -0.125 0.30576573964451975 -0.20437985921475615
v -0.125 0.17318321817204207 -0.07179733774227848
v -0.125 0.30576573964451975 -0.20437985921475615
v -0.125 0.17318321817204207 -0.07179733774227848
vt 0.0 0.5
vt 0.4996875 0.5
vt 0.4996875 0.25
vt 0.0 0.25
vt 0.0 1
vt 0.24984375 1
vt 0.24984375 1
vt 0.0 1
vt 0.0 1
vt 0.124921875 1
vt 0.124921875 1
vt 0.0 1
vt 0.0 0.5
vt 0.4996875 0.5
vt 0.4996875 0.25
vt 0.0 0.25
vt 0.0 0.5
vt 0.4996875 0.5
vt 0.4996875 0.25
vt 0.0 0.25
vt 0.0 1
vt 0.124921875 1
vt 0.124921875 0.75
vt 0.0 0.75
vn 0 0.7071067811865476 -0.7071067811865475
vn 1 0 0
vn 0 -0.7071067811865476 0.7071067811865475
vn -1 0 0
vn 0 0.7071067811865475 0.7071067811865476
vn 0 -0.7071067811865475 -0.7071067811865476
g Frond
f 20/52/13 23/51/13 21/50/13 18/49/13
f 19/56/14 20/55/14 18/54/14 17/53/14
f 24/60/15 19/59/15 17/58/15 22/57/15
f 23/64/16 24/63/16 22/62/16 21/61/16
f 22/68/17 17/67/17 18/66/17 21/65/17
f 23/72/18 20/71/18 19/70/18 24/69/18
o cube
v 0.09283207424770767 0.34819654693947677 0.20133950453970775
v 0.33017295759591797 0.5490676749665203 0.23258602461209818
v 0.09283207424770767 0.34819654693947677 0.20133950453970775
v 0.33017295759591797 0.5490676749665203 0.23258602461209818
v 0.3709623926646839 0.5490676749665203 -0.0772404945672175
v 0.1336215093164736 0.34819654693947677 -0.10848701463960797
v 0.3709623926646839 0.5490676749665203 -0.0772404945672175
v 0.1336215093164736 0.34819654693947677 -0.10848701463960797
vt 0.0 1
vt 0.4996875 1
vt 0.4996875 0.5
vt 0.0 0.5
vt 0.0 1
vt 0.24984375 1
vt 0.24984375 1
vt 0.0 1
vt 0.0 1
vt 0.124921875 1
vt 0.124921875 1
vt 0.0 1
vt 0.0 1
vt 0.4996875 1
vt 0.4996875 0.5
vt 0.0 0.5
vt 0.0 1
vt 0.4996875 1
vt 0.4996875 0.5
vt 0.0 0.5
vt 0.0 1
vt 0.124921875 1
vt 0.124921875 0.75
vt 0.0 0.75
vn 0.7594908267142731 0.6427876096865393 0.0999888642316496
vn -0.1305261922200509 0 0.9914448613738106
vn -0.7594908267142731 -0.6427876096865393 -0.0999888642316496
vn 0.1305261922200509 0 -0.9914448613738106
vn -0.6372884725784741 0.766044443118978 -0.08390061909861235
vn 0.6372884725784741 -0.766044443118978 0.08390061909861235
g Frond
f 28/76/19 31/75/19 29/74/19 26/73/19
f 27/80/20 28/79/20 26/78/20 25/77/20
f 32/84/21 27/83/21 25/82/21 30/81/21
f 31/88/22 32/87/22 30/86/22 29/85/22
f 30/92/23 25/91/23 26/90/23 29/89/23
f 31/96/24 28/95/24 27/94/24 32/93/24
o cube
v -0.024473661041259545 0 0.18589591150758944
v -0.00020937556289819456 0.18589591150758944 0.18909036529298925
v -0.024473661041259545 0 0.18589591150758944
v -0.00020937556289819456 0.18589591150758944 0.18909036529298925
v 0.04058005950586771 0.18589591150758944 -0.12073615388632647
v 0.016315774027506363 0 -0.12393060767172628
v 0.04058005950586771 0.18589591150758944 -0.12073615388632647
v 0.016315774027506363 0 -0.12393060767172628
vt 0.0 0.25
vt 0.4996875 0.25
vt 0.4996875 0
vt 0.0 0
vt 0.0 1
vt 0.24984375 1
vt 0.24984375 1
vt 0.0 1
vt 0.0 1
vt 0.124921875 1
vt 0.124921875 1
vt 0.0 1
vt 0.0 0.25
vt 0.4996875 0.25
vt 0.4996875 0
vt 0.0 0
vt 0.0 0.25
vt 0.4996875 0.25
vt 0.4996875 0
vt 0.0 0
vt 0.0 1
vt 0.124921875 1
vt 0.124921875 0.75
vt 0.0 0.75
vn 0.1294095225512606 0.9914448613738105 0.01703708685546577
vn -0.13052619222005088 0 0.9914448613738105
vn -0.1294095225512606 -0.9914448613738105 -0.01703708685546577
vn 0.13052619222005088 0 -0.9914448613738105
vn -0.9829629131445343 0.13052619222005174 -0.12940952255125973
vn 0.9829629131445343 -0.13052619222005174 0.12940952255125973
g Frond
f 36/100/25 39/99/25 37/98/25 34/97/25
f 35/104/26 36/103/26 34/102/26 33/101/26
f 40/108/27 35/107/27 33/106/27 38/105/27
f 39/112/28 40/111/28 38/110/28 37/109/28
f 38/116/29 33/115/29 34/114/29 37/113/29
f 39/120/30 36/119/30 35/118/30 40/117/30
o cube
v -0.00015571203562313868 0.1858646615075894 0.18909743023038436
v 0.09279224371817159 0.34824442471717165 0.2013342607510141
v -0.00015571203562313868 0.1858646615075894 0.18909743023038436
v 0.09279224371817159 0.34824442471717165 0.2013342607510141
v 0.1335816787869375 0.34824442471717165 -0.10849225842830161
v 0.04063372303314277 0.18586466150758937 -0.12072908894893136
v 0.1335816787869375 0.34824442471717165 -0.10849225842830161
v 0.04063372303314277 0.18586466150758937 -0.12072908894893136
vt 0.0 0.5
vt 0.4996875 0.5
vt 0.4996875 0.25
vt 0.0 0.25
vt 0.0 1
vt 0.24984375 1
vt 0.24984375 1
vt 0.0 1
vt 0.0 1
vt 0.124921875 1
vt 0.124921875 1
vt 0.0 1
vt 0.0 0.5
vt 0.4996875 0.5
vt 0.4996875 0.25
vt 0.0 0.25
vt 0.0 0.5
vt 0.4996875 0.5
vt 0.4996875 0.25
vt 0.0 0.25
vt 0.0 1
vt 0.124921875 1
vt 0.124921875 0.75
vt 0.0 0.75
vn 0.49572243068690536 0.8660254037844387 0.06526309611002545
vn -0.13052619222005088 0 0.9914448613738105
vn -0.49572243068690536 -0.8660254037844387 -0.06526309611002545
vn 0.13052619222005088 0 -0.9914448613738105
vn -0.8586164364012612 0.5 -0.11303899832181491
vn 0.8586164364012612 -0.5 0.11303899832181491
g Frond
f 44/124/31 47/123/31 45/122/31 42/121/31
f 43/128/32 44/127/32 42/126/32 41/125/32
f 48/132/33 43/131/33 41/130/33 46/129/33
f 47/136/34 48/135/34 46/134/34 45/133/34
f 46/140/35 41/139/35 42/138/35 45/137/35
f 47/144/36 44/143/36 43/142/36 48/141/36
o cube
v -0.05431251377474916 0.2764133392555274 0.3017317386803693
v 0.08330544854610678 0.37038390160061274 0.5660933846489248
v -0.05431251377474916 0.2764133392555274 0.3017317386803693
v 0.08330544854610678 0.37038390160061274 0.5660933846489248
v 0.360496333914301 0.37038390160061274 0.42179694301297666
v 0.2228783715934451 0.2764133392555274 0.15743529704442116
v 0.360496333914301 0.37038390160061274 0.42179694301297666
v 0.2228783715934451 0.2764133392555274 0.15743529704442116
vt 0.0 1
vt 0.4996875 1
vt 0.4996875 0.5
vt 0.0 0.5
vt 0.0 1
vt 0.24984375 1
vt 0.24984375 1
vt 0.0 1
vt 0.0 1
vt 0.124921875 1
vt 0.124921875 1
vt 0.0 1
vt 0.0 1
vt 0.4996875 1
vt 0.4996875 0.5
vt 0.0 0.5
vt 0.0 1
vt 0.4996875 1
vt 0.4996875 0.5
vt 0.0 0.5
vt 0.0 1
vt 0.124921875 1
vt 0.124921875 0.75
vt 0.0 0.75
vn 0.44037747942673905 0.3007057995042731 0.8459572670993777
vn -0.8870108331782216 0 0.46174861323503397
vn -0.44037747942673905 -0.3007057995042731 -0.8459572670993777
vn 0.8870108331782216 0 -0.46174861323503397
vn -0.1388504859128303 0.9537169507482268 -0.26672930175980863
vn 0.1388504859128303 -0.9537169507482268 0.26672930175980863
g Frond
f 52/148/37 55/147/37 53/146/37 50/145/37
f 51/152/38 52/151/38 50/150/38 49/149/38
f 56/156/39 51/155/39 49/154/39 54/153/39
f 55/160/40 56/159/40 54/158/40 53/157/40
f 54/164/41 49/163/41 50/162/41 53/161/41
f 55/168/42 52/167/42 51/166/42 56/165/42
o cube
v -0.16631453122091655 0 0.08657786498156887
v -0.12302559873013211 0.16237976320958222 0.16973513059202716
v -0.16631453122091655 0 0.08657786498156887
v -0.12302559873013211 0.16237976320958222 0.16973513059202716
v 0.15416528663806214 0.16237976320958222 0.02543868895607903
v 0.1108763541472777 0 -0.057718576654379246
v 0.15416528663806214 0.16237976320958222 0.02543868895607903
v 0.1108763541472777 0 -0.057718576654379246
vt 0.0 0.25
vt 0.4996875 0.25
vt 0.4996875 0
vt 0.0 0
vt 0.0 1
vt 0.24984375 1
vt 0.24984375 1
vt 0.0 1
vt 0.0 1
vt 0.124921875 1
vt 0.124921875 1
vt 0.0 1
vt 0.0 0.25
vt 0.4996875 0.25
vt 0.4996875 0
vt 0.0 0
vt 0.0 0.25
vt 0.4996875 0.25
vt 0.4996875 0
vt 0.0 0
vt 0.0 1
vt 0.124921875 1
vt 0.124921875 0.75
vt 0.0 0.75
vn 0.2308743066175171 0.8660254037844387 0.443505416589111
vn -0.8870108331782218 0 0.461748613235034
vn -0.2308743066175171 -0.8660254037844387 -0.443505416589111
vn 0.8870108331782218 0 -0.461748613235034
vn -0.39988602922377486 0.5 -0.7681739149643407
vn 0.39988602922377486 -0.5 0.7681739149643407
g Frond
f 60/172/43 63/171/43 61/170/43 58/169/43
f 59/176/44 60/175/44 58/174/44 57/173/44
f 64/180/45 59/179/45 57/178/45 62/177/45
f 63/184/46 64/183/46 62/182/46 61/181/46
f 62/188/47 57/187/47 58/186/47 61/185/47
f 63/192/48 60/191/48 59/190/48 64/189/48
o cube
v -0.12300803030852989 0.162330178625814 0.16976887921592412
v -0.05432119193011868 0.27647294656494914 0.30171506809900916
v -0.12300803030852989 0.162330178625814 0.16976887921592412
v -0.05432119193011868 0.27647294656494914 0.30171506809900916
v 0.22286969343807558 0.27647294656494914 0.15741862646306107
v 0.15418285505966436 0.162330178625814 0.025472437579976012
v 0.22286969343807558 0.27647294656494914 0.15741862646306107
v 0.15418285505966436 0.162330178625814 0.025472437579976012
vt 0.0 0.5
vt 0.4996875 0.5
vt 0.4996875 0.25
vt 0.0 0.25
vt 0.0 1
vt 0.24984375 1
vt 0.24984375 1
vt 0.0 1
vt 0.0 1
vt 0.124921875 1
vt 0.124921875 1
vt 0.0 1
vt 0.0 0.5
vt 0.4996875 0.5
vt 0.4996875 0.25
vt 0.0 0.25
vt 0.0 0.5
vt 0.4996875 0.5
vt 0.4996875 0.25
vt 0.0 0.25
vt 0.0 1
vt 0.124921875 1
vt 0.124921875 0.75
vt 0.0 0.75
vn 0.36632980468485987 0.6087614290087207 0.7037130073764538
vn -0.8870108331782216 0 0.46174861323503397
vn -0.36632980468485987 -0.6087614290087207 -0.7037130073764538
vn 0.8870108331782216 0 -0.46174861323503397
vn -0.2810947456357544 0.793353340291235 -0.5399779823517902
vn 0.2810947456357544 -0.793353340291235 0.5399779823517902
g Frond
f 68/196/49 71/195/49 69/194/49 66/193/49
f 67/200/50 68/199/50 66/198/50 65/197/50
f 72/204/51 67/203/51 65/202/51 70/201/51
f 71/208/52 72/207/52 70/206/52 69/205/52
f 70/212/53 65/211/53 66/210/53 69/209/53
f 71/216/54 68/215/54 67/214/54 72/213/54
o cube
v -0.2707710249862891 0.30570909540783 -0.06017662678152491
v -0.5160477647429753 0.43777730220179856 0.08143396494295163
v -0.2707710249862891 0.30570909540783 -0.06017662678152491
v -0.5160477647429753 0.43777730220179856 0.08143396494295163
v -0.35979776474297537 0.43777730220179856 0.3520669036255888
v -0.11452102498628913 0.30570909540783 0.21045631190111228
v -0.35979776474297537 0.43777730220179856 0.3520669036255888
v -0.11452102498628913 0.30570909540783 0.21045631190111228
vt 0.0 1
vt 0.4996875 1
vt 0.4996875 0.5
vt 0.0 0.5
vt 0.0 1
vt 0.24984375 1
vt 0.24984375 1
vt 0.0 1
vt 0.0 1
vt 0.124921875 1
vt 0.124921875 1
vt 0.0 1
vt 0.0 1
vt 0.4996875 1
vt 0.4996875 0.5
vt 0.0 0.5
vt 0.0 1
vt 0.4996875 1
vt 0.4996875 0.5
vt 0.0 0.5
vt 0.0 1
vt 0.124921875 1
vt 0.124921875 0.75
vt 0.0 0.75
vn -0.7848855672213959 0.4226182617406995 0.45315389351832475
vn -0.49999999999999983 0 -0.8660254037844389
vn 0.7848855672213959 -0.4226182617406995 -0.45315389351832475
vn 0.49999999999999983 0 0.8660254037844389
vn 0.3659981507706669 0.9063077870366499 -0.21130913087034964
vn -0.3659981507706669 -0.9063077870366499 0.21130913087034964
g Frond
f 76/220/55 79/219/55 77/218/55 74/217/55
f 75/224/56 76/223/56 74/222/56 73/221/56
f 80/228/57 75/227/57 73/226/57 78/225/57
f 79/232/58 80/231/58 78/230/58 77/229/58
f 78/236/59 73/235/59 74/234/59 77/233/59
f 79/240/60 76/239/60 75/238/60 80/237/60
o cube
v -0.09374999999999996 0 -0.16237976320958228
v -0.15589004513167343 0.17322741234586625 -0.12650319142535513
v -0.09374999999999996 0 -0.16237976320958228
v -0.15589004513167343 0.17322741234586625 -0.12650319142535513
v 0.0003599548683264897 0.17322741234586625 0.144129747257282
v 0.06249999999999997 0 0.10825317547305485
v 0.0003599548683264897 0.17322741234586625 0.144129747257282
v 0.06249999999999997 0 0.10825317547305485
vt 0.0 0.25
vt 0.4996875 0.25
vt 0.4996875 0
vt 0.0 0
vt 0.0 1
vt 0.24984375 1
vt 0.24984375 1
vt 0.0 1
vt 0.0 1
vt 0.124921875 1
vt 0.124921875 1
vt 0.0 1
vt 0.0 0.25
vt 0.4996875 0.25
vt 0.4996875 0
vt 0.0 0
vt 0.0 0.25
vt 0.4996875 0.25
vt 0.4996875 0
vt 0.0 0
vt 0.0 1
vt 0.124921875 1
vt 0.124921875 0.75
vt 0.0 0.75
vn -0.33141357403559196 0.9238795325112868 0.1913417161825449
vn -0.4999999999999998 0 -0.8660254037844388
vn 0.33141357403559196 -0.9238795325112868 -0.1913417161825449
vn 0.4999999999999998 0 0.8660254037844388
vn 0.8001031451912656 0.38268343236508984 -0.4619397662556431
vn -0.8001031451912656 -0.38268343236508984 0.4619397662556431
g Frond
f 84/244/61 87/243/61 85/242/61 82/241/61
f 83/248/62 84/247/62 82/246/62 81/245/62
f 88/252/63 83/251/63 81/250/63 86/249/63
f 87/256/64 88/255/64 86/254/64 85/253/64
f 86/260/65 81/259/65 82/258/65 85/257/65
f 87/264/66 84/263/66 83/262/66 88/261/66
o cube
v -0.15592831840890442 0.17318321817204207 -0.12648109433844304
v -0.2707481501018659 0.30576573964451975 -0.06018983360220425
v -0.15592831840890442 0.17318321817204207 -0.12648109433844304
v -0.2707481501018659 0.30576573964451975 -0.06018983360220425
v -0.11449815010186597 0.30576573964451975 0.2104431050804329
v 0.00032168159109551703 0.17318321817204207 0.1441518443441941
v -0.11449815010186597 0.30576573964451975 0.2104431050804329
v 0.00032168159109551703 0.17318321817204207 0.1441518443441941
vt 0.0 0.5
vt 0.4996875 0.5
vt 0.4996875 0.25
vt 0.0 0.25
vt 0.0 1
vt 0.24984375 1
vt 0.24984375 1
vt 0.0 1
vt 0.0 1
vt 0.124921875 1
vt 0.124921875 1
vt 0.0 1
vt 0.0 0.5
vt 0.4996875 0.5
vt 0.4996875 0.25
vt 0.0 0.25
vt 0.0 0.5
vt 0.4996875 0.5
vt 0.4996875 0.25
vt 0.0 0.25
vt 0.0 1
vt 0.124921875 1
vt 0.124921875 0.75
vt 0.0 0.75
vn -0.6123724356957946 0.7071067811865477 0.35355339059327356
vn -0.4999999999999998 0 -0.8660254037844388
vn 0.6123724356957946 -0.7071067811865477 -0.35355339059327356
vn 0.4999999999999998 0 0.8660254037844388
vn 0.6123724356957947 0.7071067811865475 -0.3535533905932736
vn -0.6123724356957947 -0.7071067811865475 0.3535533905932736
g Frond
f 92/268/67 95/267/67 93/266/67 90/265/67
f 91/272/68 92/271/68 90/270/68 89/269/68
f 96/276/69 91/275/69 89/274/69 94/273/69
f 95/280/70 96/279/70 94/278/70 93/277/70
f 94/284/71 89/283/71 90/282/71 93/281/71
f 95/288/72 92/287/72 91/286/72 96/285/72
o cube
v -0.1765430193798665 0.21736151832295894 -0.303286593931516
v -0.4526791097430184 0.24459768793160214 -0.44703394404275254
v -0.1765430193798665 0.21736151832295894 -0.303286593931516
v -0.4526791097430184 0.24459768793160214 -0.44703394404275254
v -0.5969755513789665 0.24459768793160214 -0.16984305867455832
v -0.3208394610158146 0.21736151832295894 -0.0260957085633218
v -0.5969755513789665 0.24459768793160214 -0.16984305867455832
v -0.3208394610158146 0.21736151832295894 -0.0260957085633218
vt 0.0 1
vt 0.4996875 1
vt 0.4996875 0.5
vt 0.0 0.5
vt 0.0 1
vt 0.24984375 1
vt 0.24984375 1
vt 0.0 1
vt 0.0 1
vt 0.124921875 1
vt 0.124921875 1
vt 0.0 1
vt 0.0 1
vt 0.4996875 1
vt 0.4996875 0.5
vt 0.0 0.5
vt 0.0 1
vt 0.4996875 1
vt 0.4996875 0.5
vt 0.0 0.5
vt 0.0 1
vt 0.124921875 1
vt 0.124921875 0.75
vt 0.0 0.75
vn -0.8836354891620863 0.0871557427476582 -0.45999152035595703
vn 0.461748613235034 0 -0.8870108331782216
vn 0.8836354891620863 -0.0871557427476582 0.45999152035595703
vn -0.461748613235034 0 0.8870108331782216
vn 0.07730808799086705 0.9961946980917455 0.04024404334920055
vn -0.07730808799086705 -0.9961946980917455 -0.04024404334920055
g Frond
f 100/292/73 103/291/73 101/290/73 98/289/73
f 99/296/74 100/295/74 98/294/74 97/293/74
f 104/300/75 99/299/75 97/298/75 102/297/75
f 103/304/76 104/303/76 102/302/76 101/301/76
f 102/308/77 97/307/77 98/306/77 101/305/77
f 103/312/78 100/311/78 99/310/78 104/309/78
o cube
v 0.08657786498156889 0 -0.16631453122091655
v -0.02578260369547135 0.13823950065189824 -0.22480568899873526
v 0.08657786498156889 0 -0.16631453122091655
v -0.02578260369547135 0.13823950065189824 -0.22480568899873526
v -0.1700790453314195 0.13823950065189824 0.05238519636945899
v -0.05771857665437925 0 0.1108763541472777
v -0.1700790453314195 0.13823950065189824 0.05238519636945899
v -0.05771857665437925 0 0.1108763541472777
vt 0.0 0.25
vt 0.4996875 0.25
vt 0.4996875 0
vt 0.0 0
vt 0.0 1
vt 0.24984375 1
vt 0.24984375 1
vt 0.0 1
vt 0.0 1
vt 0.124921875 1
vt 0.124921875 1
vt 0.0 1
vt 0.0 0.25
vt 0.4996875 0.25
vt 0.4996875 0
vt 0.0 0
vt 0.0 0.25
vt 0.4996875 0.25
vt 0.4996875 0
vt 0.0 0
vt 0.0 1
vt 0.124921875 1
vt 0.124921875 0.75
vt 0.0 0.75
vn -0.5992558329442147 0.7372773368101241 -0.31195284148169994
vn 0.461748613235034 0 -0.8870108331782216
vn 0.5992558329442147 -0.7372773368101241 0.31195284148169994
vn -0.461748613235034 0 0.8870108331782216
vn 0.6539729848073684 0.6755902076156602 0.34043678784169384
vn -0.6539729848073684 -0.6755902076156602 -0.34043678784169384
g Frond
f 108/316/79 111/315/79 109/314/79 106/313/79
f 107/320/80 108/319/80 106/318/80 105/317/80
f 112/324/81 107/323/81 105/322/81 110/321/81
f 111/328/82 112/327/82 110/326/82 109/325/82
f 110/332/83 105/331/83 106/330/83 109/329/83
f 111/336/84 108/335/84 107/334/84 112/333/84
o cube
v -0.025806032881500254 0.13818285641520844 -0.22481788546100318
v -0.17653818762436696 0.2174237804915896 -0.3032840786788067
v -0.025806032881500254 0.13818285641520844 -0.22481788546100318
v -0.17653818762436696 0.2174237804915896 -0.3032840786788067
v -0.32083462926031514 0.2174237804915896 -0.026093193310612453
v -0.1701024745174484 0.13818285641520844 0.05237299990719109
v -0.32083462926031514 0.2174237804915896 -0.026093193310612453
v -0.1701024745174484 0.13818285641520844 0.05237299990719109
vt 0.0 0.5
vt 0.4996875 0.5
vt 0.4996875 0.25
vt 0.0 0.25
vt 0.0 1
vt 0.24984375 1
vt 0.24984375 1
vt 0.0 1
vt 0.0 1
vt 0.124921875 1
vt 0.124921875 1
vt 0.0 1
vt 0.0 0.5
vt 0.4996875 0.5
vt 0.4996875 0.25
vt 0.0 0.25
vt 0.0 0.5
vt 0.4996875 0.5
vt 0.4996875 0.25
vt 0.0 0.25
vt 0.0 1
vt 0.124921875 1
vt 0.124921875 0.75
vt 0.0 0.75
vn -0.8039048252952891 0.4226182617406995 -0.41848636382828563
vn 0.46174861323503397 0 -0.8870108331782216
vn 0.8039048252952891 -0.4226182617406995 0.41848636382828563
vn -0.46174861323503397 0 0.8870108331782216
vn 0.3748669764629497 0.90630778703665 0.1951433962865687
vn -0.3748669764629497 -0.90630778703665 -0.1951433962865687
g Frond
f 116/340/85 119/339/85 117/338/85 114/337/85
f 115/344/86 116/343/86 114/342/86 113/341/86
f 120/348/87 115/347/87 113/346/87 118/345/87
f 119/352/88 120/351/88 118/350/88 117/349/88
f 118/356/89 113/355/89 114/354/89 117/353/89
f 119/360/90 116/359/90 115/358/90 120/357/90
o cube
v -0.17236936735262048 0.13317960890845243 0.3506397273091732
v -0.15894539520917494 0.07891455338753671 0.6580992380113206
v -0.17236936735262048 0.13317960890845243 0.3506397273091732
v -0.15894539520917494 0.07891455338753671 0.6580992380113206
v 0.15325717403515565 0.07891455338753671 0.6444681794596532
v 0.13983320189171014 0.13317960890845243 0.3370086687575057
v 0.15325717403515565 0.07891455338753671 0.6444681794596532
v 0.13983320189171014 0.13317960890845243 0.3370086687575057
vt 0.0 1
vt 0.4996875 1
vt 0.4996875 0.5
vt 0.0 0.5
vt 0.0 1
vt 0.24984375 1
vt 0.24984375 1
vt 0.0 1
vt 0.0 1
vt 0.124921875 1
vt 0.124921875 1
vt 0.0 1
vt 0.0 1
vt 0.4996875 1
vt 0.4996875 0.5
vt 0.0 0.5
vt 0.0 1
vt 0.4996875 1
vt 0.4996875 0.5
vt 0.0 0.5
vt 0.0 1
vt 0.124921875 1
vt 0.124921875 0.75
vt 0.0 0.75
vn 0.0429567108590257 -0.17364817766693022 0.9838704342468719
vn -0.9990482215818579 0 0.04361938736533607
vn -0.0429567108590257 0.17364817766693022 -0.9838704342468719
vn 0.9990482215818579 0 -0.04361938736533607
vn 0.0075744271269385325 0.9848077530122081 0.17348290307907716
vn -0.0075744271269385325 -0.9848077530122081 -0.17348290307907716
g Frond
f 124/364/91 127/363/91 125/362/91 122/361/91
f 123/368/92 124/367/92 122/366/92 121/365/92
f 128/372/93 123/371/93 121/370/93 126/369/93
f 127/376/94 128/375/94 126/374/94 125/373/94
f 126/380/95 121/379/95 122/378/95 125/377/95
f 127/384/96 124/383/96 123/382/96 128/381/96
o cube
v -0.18732154154659836 0 0.008178635131000513
v -0.18042375063868776 0.10074367656502944 0.1661640208878846
v -0.18732154154659836 0 0.008178635131000513
v -0.18042375063868776 0.10074367656502944 0.1661640208878846
v 0.13177881860564283 0.10074367656502944 0.15253296233621708
v 0.12488102769773224 0 -0.005452423420667009
v 0.13177881860564283 0.10074367656502944 0.15253296233621708
v 0.12488102769773224 0 -0.005452423420667009
vt 0.0 0.25
vt 0.4996875 0.25
vt 0.4996875 0
vt 0.0 0
vt 0.0 1
vt 0.24984375 1
vt 0.24984375 1
vt 0.0 1
vt 0.0 1
vt 0.124921875 1
vt 0.124921875 1
vt 0.0 1
vt 0.0 0.25
vt 0.4996875 0.25
vt 0.4996875 0
vt 0.0 0
vt 0.0 0.25
vt 0.4996875 0.25
vt 0.4996875 0
vt 0.0 0
vt 0.0 1
vt 0.124921875 1
vt 0.124921875 0.75
vt 0.0 0.75
vn 0.03678821817552311 0.5372996083468239 0.8425887240367154
vn -0.9990482215818578 0 0.04361938736533607
vn -0.03678821817552311 -0.5372996083468239 -0.8425887240367154
vn 0.9990482215818578 0 -0.04361938736533607
vn -0.023436679747723458 0.8433914458128857 -0.5367882181755229
vn 0.023436679747723458 -0.8433914458128857 0.5367882181755229
g Frond
f 132/388/97 135/387/97 133/386/97 130/385/97
f 131/392/98 132/391/98 130/390/98 129/389/98
f 136/396/99 131/395/99 129/394/99 134/393/99
f 135/400/100 136/399/100 134/398/100 133/397/100
f 134/404/101 129/403/101 130/402/101 133/401/101
f 135/408/102 132/407/102 131/406/102 136/405/102
o cube
v -0.18042327723699234 0.10068212608046617 0.16617486356932704
v -0.172368893950925 0.13324115939301562 0.35065056999061556
v -0.18042327723699234 0.10068212608046617 0.16617486356932704
v -0.172368893950925 0.13324115939301562 0.35065056999061556
v 0.1398336752934056 0.13324115939301562 0.33701951143894804
v 0.13177929200733826 0.10068212608046617 0.15254380501765952
v 0.1398336752934056 0.13324115939301562 0.33701951143894804
v 0.13177929200733826 0.10068212608046617 0.15254380501765952
vt 0.0 0.5
vt 0.4996875 0.5
vt 0.4996875 0.25
vt 0.0 0.25
vt 0.0 1
vt 0.24984375 1
vt 0.24984375 1
vt 0.0 1
vt 0.0 1
vt 0.124921875 1
vt 0.124921875 1
vt 0.0 1
vt 0.0 0.5
vt 0.4996875 0.5
vt 0.4996875 0.25
vt 0.0 0.25
vt 0.0 0.5
vt 0.4996875 0.5
vt 0.4996875 0.25
vt 0.0 0.25
vt 0.0 1
vt 0.124921875 1
vt 0.124921875 0.75
vt 0.0 0.75
vn 0.04295671085902571 0.17364817766693055 0.9838704342468719
vn -0.9990482215818578 0 0.04361938736533606
vn -0.04295671085902571 -0.17364817766693055 -0.9838704342468719
vn 0.9990482215818578 0 -0.04361938736533606
vn -0.007574427126938534 0.9848077530122081 -0.1734829030790773
vn 0.007574427126938534 -0.9848077530122081 0.1734829030790773
g Frond
f 140/412/103 143/411/103 141/410/103 138/409/103
f 139/416/104 140/415/104 138/414/104 137/413/104
f 144/420/105 139/419/105 137/418/105 142/417/105
f 143/424/106 144/423/106 142/422/106 141/421/106
f 142/428/107 137/427/107 138/426/107 141/425/107
f 143/432/108 140/431/108 139/430/108 144/429/108
o cube
v 0.37099026271947777 0.16254870636308397 0.07962643044255485
v 0.667892690786856 0.13531253675444077 -0.013986545542318984
v 0.37099026271947777 0.16254870636308397 0.07962643044255485
v 0.667892690786856 0.13531253675444077 -0.013986545542318984
v 0.5739221284417706 0.13531253675444077 -0.31202309265114
v 0.2770197003743924 0.16254870636308397 -0.21841011666626614
v 0.5739221284417706 0.13531253675444077 -0.31202309265114
v 0.2770197003743924 0.16254870636308397 -0.21841011666626614
vt 0.0 1
vt 0.4996875 1
vt 0.4996875 0.5
vt 0.0 0.5
vt 0.0 1
vt 0.24984375 1
vt 0.24984375 1
vt 0.0 1
vt 0.0 1
vt 0.124921875 1
vt 0.124921875 1
vt 0.0 1
vt 0.0 1
vt 0.4996875 1
vt 0.4996875 0.5
vt 0.0 0.5
vt 0.0 1
vt 0.4996875 1
vt 0.4996875 0.5
vt 0.0 0.5
vt 0.0 1
vt 0.124921875 1
vt 0.124921875 0.75
vt 0.0 0.75
vn 0.9500877698156103 -0.08715574274765815 -0.29956152315159634
vn 0.3007057995042732 0 0.953716950748227
vn -0.9500877698156103 0.08715574274765815 0.29956152315159634
vn -0.3007057995042732 0 -0.953716950748227
vn 0.08312190921349345 0.9961946980917455 -0.026208237304323274
vn -0.08312190921349345 -0.9961946980917455 0.026208237304323274
g Frond
f 148/436/109 151/435/109 149/434/109 146/433/109
f 147/440/110 148/439/110 146/438/110 145/437/110
f 152/444/111 147/443/111 145/442/111 150/441/111
f 151/448/112 152/447/112 150/446/112 149/445/112
f 150/452/113 145/451/113 146/450/113 149/449/113
f 151/456/114 148/455/114 147/454/114 152/453/114
o cube
v 0.05638233740705121 0 0.17882192826529258
v 0.1982513115136407 0.11414276793913508 0.13409081254998104
v 0.05638233740705121 0 0.17882192826529258
v 0.1982513115136407 0.11414276793913508 0.13409081254998104
v 0.10428074916855536 0.11414276793913508 -0.16394573455883993
v -0.03758822493803414 0 -0.1192146188435284
v 0.10428074916855536 0.11414276793913508 -0.16394573455883993
v -0.03758822493803414 0 -0.1192146188435284
vt 0.0 0.25
vt 0.4996875 0.25
vt 0.4996875 0
vt 0.0 0
vt 0.0 1
vt 0.24984375 1
vt 0.24984375 1
vt 0.0 1
vt 0.0 1
vt 0.124921875 1
vt 0.124921875 1
vt 0.0 1
vt 0.0 0.25
vt 0.4996875 0.25
vt 0.4996875 0
vt 0.0 0
vt 0.0 0.25
vt 0.4996875 0.25
vt 0.4996875 0
vt 0.0 0
vt 0.0 1
vt 0.124921875 1
vt 0.124921875 0.75
vt 0.0 0.75
vn 0.7566345285684772 0.6087614290087207 -0.23856595048166143
vn 0.30070579950427306 0 0.9537169507482269
vn -0.7566345285684772 -0.6087614290087207 0.23856595048166143
vn -0.30070579950427306 0 -0.9537169507482269
vn -0.5805860938073301 0.7933533402912353 0.18305809221743108
vn 0.5805860938073301 -0.7933533402912353 -0.18305809221743108
g Frond
f 156/460/115 159/459/115 157/458/115 154/457/115
f 155/464/116 156/463/116 154/462/116 153/461/116
f 160/468/117 155/467/117 153/466/117 158/465/117
f 159/472/118 160/471/118 158/470/118 157/469/118
f 158/476/119 153/475/119 154/474/119 157/473/119
f 159/480/120 156/479/120 155/478/120 160/477/120
o cube
v 0.19826673902054637 0.11408239757499201 0.13408594827573828
v 0.3709954578388036 0.1626109685317147 0.0796247924277233
v 0.19826673902054637 0.11408239757499201 0.13408594827573828
v 0.3709954578388036 0.1626109685317147 0.0796247924277233
v 0.2770248954937182 0.1626109685317147 -0.2184117546810977
v 0.10429617667546101 0.11408239757499203 -0.16395059883308272
v 0.2770248954937182 0.1626109685317147 -0.2184117546810977
v 0.10429617667546101 0.11408239757499203 -0.16395059883308272
vt 0.0 0.5
vt 0.4996875 0.5
vt 0.4996875 0.25
vt 0.0 0.25
vt 0.0 1
vt 0.24984375 1
vt 0.24984375 1
vt 0.0 1
vt 0.0 1
vt 0.124921875 1
vt 0.124921875 1
vt 0.0 1
vt 0.0 0.5
vt 0.4996875 0.5
vt 0.4996875 0.25
vt 0.0 0.25
vt 0.0 0.5
vt 0.4996875 0.5
vt 0.4996875 0.25
vt 0.0 0.25
vt 0.0 1
vt 0.124921875 1
vt 0.124921875 0.75
vt 0.0 0.75
vn 0.9212198336973717 0.25881904510252096 -0.29045949785607983
vn 0.300705799504273 0 0.9537169507482269
vn -0.9212198336973717 -0.25881904510252096 0.29045949785607983
vn -0.300705799504273 0 -0.9537169507482269
vn -0.246840110490744 0.9659258262890684 0.07782838788448607
vn 0.246840110490744 -0.9659258262890684 -0.07782838788448607
g Frond
f 164/484/121 167/483/121 165/482/121 162/481/121
f 163/488/122 164/487/122 162/486/122 161/485/122
f 168/492/123 163/491/123 161/490/123 166/489/123
f 167/496/124 168/495/124 166/494/124 165/493/124
f 166/500/125 161/499/125 162/498/125 165/497/125
f 167/504/126 164/503/126 163/502/126 168/501/126
o cube
v 0.23980396261702785 0.24238807423230688 0.2326763984187632
v 0.542880934614826 0.2966531297532226 0.28611704581339886
v 0.23980396261702785 0.24238807423230688 0.2326763984187632
v 0.542880934614826 0.2966531297532226 0.28611704581339886
v 0.5971459901357417 0.2966531297532226 -0.021635377002916123
v 0.2940690181379435 0.24238807423230688 -0.07507602439755177
v 0.5971459901357417 0.2966531297532226 -0.021635377002916123
v 0.2940690181379435 0.24238807423230688 -0.07507602439755177
vt 0.0 1
vt 0.4996875 1
vt 0.4996875 0.5
vt 0.0 0.5
vt 0.0 1
vt 0.24984375 1
vt 0.24984375 1
vt 0.0 1
vt 0.0 1
vt 0.124921875 1
vt 0.124921875 1
vt 0.0 1
vt 0.0 1
vt 0.4996875 1
vt 0.4996875 0.5
vt 0.0 0.5
vt 0.0 1
vt 0.4996875 1
vt 0.4996875 0.5
vt 0.0 0.5
vt 0.0 1
vt 0.124921875 1
vt 0.124921875 0.75
vt 0.0 0.75
vn 0.9698463103929543 0.1736481776669304 0.17101007166283413
vn -0.17364817766693008 0 0.9848077530122082
vn -0.9698463103929543 -0.1736481776669304 -0.17101007166283413
vn 0.17364817766693008 0 -0.9848077530122082
vn -0.17101007166283438 0.9848077530122081 -0.03015368960704577
vn 0.17101007166283438 -0.9848077530122081 0.03015368960704577
g Frond
f 172/508/127 175/507/127 173/506/127 170/505/127
f 171/512/128 172/511/128 170/510/128 169/509/128
f 176/516/129 171/515/129 169/514/129 174/513/129
f 175/520/130 176/519/130 174/518/130 173/517/130
f 174/524/131 169/523/131 170/522/131 173/521/131
f 175/528/132 172/527/132 171/526/132 176/525/132
o cube
v -0.03255903331254939 0 0.184651453689789
v 0.07984964950418416 0.14875375130460658 0.20447213733627911
v -0.03255903331254939 0 0.184651453689789
v 0.07984964950418416 0.14875375130460658 0.20447213733627911
v 0.1341147050250998 0.14875375130460658 -0.1032802854800359
v 0.02170602220836626 0 -0.123100969126526
v 0.1341147050250998 0.14875375130460658 -0.1032802854800359
v 0.02170602220836626 0 -0.123100969126526
vt 0.0 0.25
vt 0.4996875 0.25
vt 0.4996875 0
vt 0.0 0
vt 0.0 1
vt 0.24984375 1
vt 0.24984375 1
vt 0.0 1
vt 0.0 1
vt 0.124921875 1
vt 0.124921875 1
vt 0.0 1
vt 0.0 0.25
vt 0.4996875 0.25
vt 0.4996875 0
vt 0.0 0
vt 0.0 0.25
vt 0.4996875 0.25
vt 0.4996875 0
vt 0.0 0
vt 0.0 1
vt 0.124921875 1
vt 0.124921875 0.75
vt 0.0 0.75
vn 0.599512975022579 0.793353340291235 0.10571031278128058
vn -0.17364817766693008 0 0.9848077530122081
vn -0.599512975022579 -0.793353340291235 -0.10571031278128058
vn 0.17364817766693008 0 -0.9848077530122081
vn -0.781300520396941 0.6087614290087207 -0.13776436178754486
vn 0.781300520396941 -0.6087614290087207 0.13776436178754486
g Frond
f 180/532/133 183/531/133 181/530/133 178/529/133
f 179/536/134 180/535/134 178/534/134 177/533/134
f 184/540/135 179/539/135 177/538/135 182/537/135
f 183/544/136 184/543/136 182/542/136 181/541/136
f 182/548/137 177/547/137 178/546/137 181/545/137
f 183/552/138 180/551/138 179/550/138 184/549/138
o cube
v 0.07988042474646577 0.14869962471687004 0.2044775638418312
v 0.2397932744875489 0.24244962471687007 0.23267451381316276
v 0.07988042474646577 0.14869962471687004 0.2044775638418312
v 0.2397932744875489 0.24244962471687007 0.23267451381316276
v 0.29405833000846454 0.24244962471687007 -0.07507790900315223
v 0.13414548026738143 0.14869962471687004 -0.1032748589744838
v 0.29405833000846454 0.24244962471687007 -0.07507790900315223
v 0.13414548026738143 0.14869962471687004 -0.1032748589744838
vt 0.0 0.5
vt 0.4996875 0.5
vt 0.4996875 0.25
vt 0.0 0.25
vt 0.0 1
vt 0.24984375 1
vt 0.24984375 1
vt 0.0 1
vt 0.0 1
vt 0.124921875 1
vt 0.124921875 1
vt 0.0 1
vt 0.0 0.5
vt 0.4996875 0.5
vt 0.4996875 0.25
vt 0.0 0.25
vt 0.0 0.5
vt 0.4996875 0.5
vt 0.4996875 0.25
vt 0.0 0.25
vt 0.0 1
vt 0.124921875 1
vt 0.124921875 0.75
vt 0.0 0.75
vn 0.8528685319524432 0.5000000000000001 0.15038373318043505
vn -0.17364817766693008 0 0.9848077530122081
vn -0.8528685319524432 -0.5000000000000001 -0.15038373318043505
vn 0.17364817766693008 0 -0.9848077530122081
vn -0.4924038765061041 0.8660254037844386 -0.08682408883346505
vn 0.4924038765061041 -0.8660254037844386 0.08682408883346505
g Frond
f 188/556/139 191/555/139 189/554/139 186/553/139
f 187/560/140 188/559/140 186/558/140 185/557/140
f 192/564/141 187/563/141 185/562/141 190/561/141
f 191/568/142 192/567/142 190/566/142 189/565/142
f 190/572/143 185/571/143 186/570/143 189/569/143
f 191/576/144 188/575/144 187/574/144 192/573/144
o cube
v 0.3584944126480773 0.08729751138411113 -0.18508680667258082
v 0.5294411532411255 -0.006673050960974189 -0.4292240535096038
v 0.3584944126480773 0.08729751138411113 -0.18508680667258082
v 0.5294411532411255 -0.006673050960974189 -0.4292240535096038
v 0.2734561394008156 -0.006673050960974189 -0.6084666898693057
v 0.10250939880776738 0.08729751138411113 -0.3643294430322827
v 0.2734561394008156 -0.006673050960974189 -0.6084666898693057
v 0.10250939880776738 0.08729751138411113 -0.3643294430322827
vt 0.0 1
vt 0.4996875 1
vt 0.4996875 0.5
vt 0.0 0.5
vt 0.0 1
vt 0.24984375 1
vt 0.24984375 1
vt 0.0 1
vt 0.0 1
vt 0.124921875 1
vt 0.124921875 1
vt 0.0 1
vt 0.0 1
vt 0.4996875 1
vt 0.4996875 0.5
vt 0.0 0.5
vt 0.0 1
vt 0.4996875 1
vt 0.4996875 0.5
vt 0.0 0.5
vt 0.0 1
vt 0.124921875 1
vt 0.124921875 0.75
vt 0.0 0.75
vn 0.5470295698977543 -0.300705799504273 -0.7812391898784738
vn 0.8191520442889918 0 0.5735764363510462
vn -0.5470295698977543 0.300705799504273 0.7812391898784738
vn -0.8191520442889918 0 -0.5735764363510462
vn 0.17247776086975308 0.953716950748227 -0.24632377039348094
vn -0.17247776086975308 -0.953716950748227 0.24632377039348094
g Frond
f 196/580/145 199/579/145 197/578/145 194/577/145
f 195/584/146 196/583/146 194/582/146 193/581/146
f 200/588/147 195/587/147 193/586/147 198/585/147
f 199/592/148 200/591/148 198/590/148 197/589/148
f 198/596/149 193/595/149 194/594/149 197/593/149
f 199/600/150 196/599/150 195/598/150 200/597/150
o cube
v 0.15359100830418596 0 0.10754558181582116
v 0.2510604065652518 0.07924092407638116 -0.03165514502907332
v 0.15359100830418596 0 0.10754558181582116
v 0.2510604065652518 0.07924092407638116 -0.03165514502907332
v -0.0049246072750581404 0.07924092407638116 -0.21089778138877524
v -0.10239400553612397 0 -0.07169705454388077
v -0.0049246072750581404 0.07924092407638116 -0.21089778138877524
v -0.10239400553612397 0 -0.07169705454388077
vt 0.0 0.25
vt 0.4996875 0.25
vt 0.4996875 0
vt 0.0 0
vt 0.0 1
vt 0.24984375 1
vt 0.24984375 1
vt 0.0 1
vt 0.0 1
vt 0.124921875 1
vt 0.124921875 1
vt 0.0 1
vt 0.0 0.25
vt 0.4996875 0.25
vt 0.4996875 0
vt 0.0 0
vt 0.0 0.25
vt 0.4996875 0.25
vt 0.4996875 0
vt 0.0 0
vt 0.0 1
vt 0.124921875 1
vt 0.124921875 0.75
vt 0.0 0.75
vn 0.5198367907256846 0.4226182617406996 -0.7424038765061041
vn 0.8191520442889917 0 0.5735764363510462
vn -0.5198367907256846 -0.4226182617406996 0.7424038765061041
vn -0.8191520442889917 0 -0.5735764363510462
vn -0.24240387650610415 0.90630778703665 0.34618861305875426
vn 0.24240387650610415 -0.90630778703665 -0.34618861305875426
g Frond
f 204/604/151 207/603/151 205/602/151 202/601/151
f 203/608/152 204/607/152 202/606/152 201/605/152
f 208/612/153 203/611/153 201/610/153 206/609/153
f 207/616/154 208/615/154 206/614/154 205/613/154
f 206/620/155 201/619/155 202/618/155 205/617/155
f 207/624/156 204/623/156 203/622/156 208/621/156
o cube
v 0.25106197025604937 0.07917848356253229 -0.03165737821096899
v 0.3585051925081316 0.08735711869353284 -0.18510220190823032
v 0.25106197025604937 0.07917848356253229 -0.03165737821096899
v 0.3585051925081316 0.08735711869353284 -0.18510220190823032
v 0.1025201786678217 0.08735711869353284 -0.36434483826793224
v -0.0049230435842606 0.07917848356253229 -0.21090001457067092
v 0.1025201786678217 0.08735711869353284 -0.36434483826793224
v -0.0049230435842606 0.07917848356253229 -0.21090001457067092
vt 0.0 0.5
vt 0.4996875 0.5
vt 0.4996875 0.25
vt 0.0 0.25
vt 0.0 1
vt 0.24984375 1
vt 0.24984375 1
vt 0.0 1
vt 0.0 1
vt 0.124921875 1
vt 0.124921875 1
vt 0.0 1
vt 0.0 0.5
vt 0.4996875 0.5
vt 0.4996875 0.25
vt 0.0 0.25
vt 0.0 0.5
vt 0.4996875 0.5
vt 0.4996875 0.25
vt 0.0 0.25
vt 0.0 1
vt 0.124921875 1
vt 0.124921875 0.75
vt 0.0 0.75
vn 0.5730305186777723 0.04361938736533623 -0.8183723930520606
vn 0.8191520442889919 0 0.5735764363510462
vn -0.5730305186777723 -0.04361938736533623 0.8183723930520606
vn -0.8191520442889919 0 -0.5735764363510462
vn -0.025019052760825434 0.9990482215818579 0.035730910330948634
vn 0.025019052760825434 -0.9990482215818579 -0.035730910330948634
g Frond
f 212/628/157 215/627/157 213/626/157 210/625/157
f 211/632/158 212/631/158 210/630/158 209/629/158
f 216/636/159 211/635/159 209/634/159 214/633/159
f 215/640/160 216/639/160 214/638/160 213/637/160
f 214/644/161 209/643/161 210/642/161 213/641/161
f 215/648/162 212/647/162 211/646/162 216/645/162
o cube
v 0.01399494299110221 0.16254870636308397 -0.3791810715586499
v -0.12975240712013425 0.13531253675444077 -0.6553171619218018
v 0.01399494299110221 0.16254870636308397 -0.3791810715586499
v -0.12975240712013425 0.13531253675444077 -0.6553171619218018
v -0.40694329248832856 0.13531253675444077 -0.5110207202858537
v -0.2631959423770921 0.16254870636308397 -0.23488462992270176
v -0.40694329248832856 0.13531253675444077 -0.5110207202858537
v -0.2631959423770921 0.16254870636308397 -0.23488462992270176
vt 0.0 1
vt 0.4996875 1
vt 0.4996875 0.5
vt 0.0 0.5
vt 0.0 1
vt 0.24984375 1
vt 0.24984375 1
vt 0.0 1
vt 0.0 1
vt 0.124921875 1
vt 0.124921875 1
vt 0.0 1
vt 0.0 1
vt 0.4996875 1
vt 0.4996875 0.5
vt 0.0 0.5
vt 0.0 1
vt 0.4996875 1
vt 0.4996875 0.5
vt 0.0 0.5
vt 0.0 1
vt 0.124921875 1
vt 0.124921875 0.75
vt 0.0 0.75
vn -0.4599915203559568 -0.08715574274765822 -0.8836354891620862
vn 0.8870108331782218 0 -0.461748613235034
vn 0.4599915203559568 0.08715574274765822 0.8836354891620862
vn -0.8870108331782218 0 0.461748613235034
vn -0.04024404334920053 0.9961946980917455 -0.07730808799086707
vn 0.04024404334920053 -0.9961946980917455 0.07730808799086707
g Frond
f 220/652/163 223/651/163 221/650/163 218/649/163
f 219/656/164 220/655/164 218/654/164 217/653/164
f 224/660/165 219/659/165 217/658/165 222/657/165
f 223/664/166 224/663/166 222/662/166 221/661/166
f 222/668/167 217/667/167 218/666/167 221/665/167
f 223/672/168 220/671/168 219/670/168 224/669/168
o cube
v 0.16631453122091658 0 -0.08657786498156886
v 0.09762769284250537 0.11414276793913508 -0.21852405386465393
v 0.16631453122091658 0 -0.08657786498156886
v 0.09762769284250537 0.11414276793913508 -0.21852405386465393
v -0.17956319252568892 0.11414276793913508 -0.07422761222870583
v -0.11087635414727771 0 0.05771857665437924
v -0.17956319252568892 0.11414276793913508 -0.07422761222870583
v -0.11087635414727771 0 0.05771857665437924
vt 0.0 0.25
vt 0.4996875 0.25
vt 0.4996875 0
vt 0.0 0
vt 0.0 1
vt 0.24984375 1
vt 0.24984375 1
vt 0.0 1
vt 0.0 1
vt 0.124921875 1
vt 0.124921875 1
vt 0.0 1
vt 0.0 0.25
vt 0.4996875 0.25
vt 0.4996875 0
vt 0.0 0
vt 0.0 0.25
vt 0.4996875 0.25
vt 0.4996875 0
vt 0.0 0
vt 0.0 1
vt 0.124921875 1
vt 0.124921875 0.75
vt 0.0 0.75
vn -0.3663298046848599 0.6087614290087205 -0.7037130073764539
vn 0.8870108331782218 0 -0.461748613235034
vn 0.3663298046848599 -0.6087614290087205 0.7037130073764539
vn -0.8870108331782218 0 0.461748613235034
vn 0.28109474563575426 0.7933533402912353 0.5399779823517901
