# Made in Blockbench 4.9.3

o cube
v 0.375 0.4375 -0.015625
v 0.375 0.4375 -0.015625
v 0.375 -0.3125 -0.015625
v 0.375 -0.3125 -0.015625
v -0.375 0.4375 -0.015625
v -0.375 0.4375 -0.015625
v -0.375 -0.3125 -0.015625
v -0.375 -0.3125 -0.015625
vt 0 1
vt 1 1
vt 1 0
vt 0 0
vt 0 1
vt 0 1
vt 0 0.625
vt 0 0.625
vt 0 1
vt 0 1
vt 0 1
vt 0 1
vt 0 1
vt 0 1
vt 0 0.625
vt 0 0.625
vt 0 1
vt 0.375 1
vt 0.375 1
vt 0 1
vt 0 1
vt 0.375 1
vt 0.375 1
vt 0 1
vn 0 0 -1
vn 1 0 0
vn 0 0 1
vn -1 0 0
vn 0 1 0
vn 0 -1 0
g Rhizome
f 4/4/1 7/3/1 5/2/1 2/1/1
f 3/8/2 4/7/2 2/6/2 1/5/2
f 8/12/3 3/11/3 1/10/3 6/9/3
f 7/16/4 8/15/4 6/14/4 5/13/4
f 6/20/5 1/19/5 2/18/5 5/17/5
f 7/24/6 4/23/6 3/22/6 8/21/6
o cube
v 0.375 0.4375 -0.0625
v 0.375 0.4375 -0.0625
v 0.375 -0.3125 -0.0625
v 0.375 -0.3125 -0.0625
v -0.375 0.4375 -0.0625
v -0.375 0.4375 -0.0625
v -0.375 -0.3125 -0.0625
v -0.375 -0.3125 -0.0625
vt 0 1
vt 1 1
vt 1 0
vt 0 0
vt 0 1
vt 0 1
vt 0 0.625
vt 0 0.625
vt 0 1
vt 0 1
vt 0 1
vt 0 1
vt 0 1
vt 0 1
vt 0 0.625
vt 0 0.625
vt 0 1
vt 0.375 1
vt 0.375 1
vt 0 1
vt 0 1
vt 0.375 1
vt 0.375 1
vt 0 1
vn 0 0 -1
vn 1 0 0
vn 0 0 1
vn -1 0 0
vn 0 1 0
vn 0 -1 0
g Rhizome_Overlay
f 12/28/7 15/27/7 13/26/7 10/25/7
f 11/32/8 12/31/8 10/30/8 9/29/8
f 16/36/9 11/35/9 9/34/9 14/33/9
f 15/40/10 16/39/10 14/38/10 13/37/10
f 14/44/11 9/43/11 10/42/11 13/41/11
f 15/48/12 12/47/12 11/46/12 16/45/12
o cube
v 0.28098722899209616 0.07002492959918294 0.017989534795819107
v 0.3258347374746353 0.1178323319975283 -0.15767891216843016
v 0.28098722899209616 0.07002492959918294 0.017989534795819107
v 0.3258347374746353 0.1178323319975283 -0.15767891216843016
v -0.28075226668813247 0.13903349230982764 -0.3067685401854402
v -0.32559977517067157 0.09122608991148218 -0.13110009322119098
v -0.28075226668813247 0.13903349230982764 -0.3067685401854402
v -0.32559977517067157 0.09122608991148218 -0.13110009322119098
vt 0 1
vt 0.125 1
vt 0.125 1
vt 0 1
vt 0 1
vt 0.3125 1
vt 0.3125 1
vt 0 1
vt 0 1
vt 0.125 1
vt 0.125 1
vt 0 1
vt 0 1
vt 0.3125 1
vt 0.3125 1
vt 0 1
vt 0 0.3125
vt 1 0.3125
vt 1 0
vt 0 0
vt 0 1
vt 0.0625 1
vt 0.0625 0.6875
vt 0 0.6875
vn 0.23918671190687524 0.2549728127911755 -0.9368983838093297
vn 0.9705392066604286 -0.0339218564996788 0.23854340482721606
vn -0.23918671190687524 -0.2549728127911755 0.9368983838093297
vn -0.9705392066604286 0.0339218564996788 -0.23854340482721606
vn -0.02904075037121824 0.9663530267914368 0.25557476876426055
vn 0.02904075037121824 -0.9663530267914368 -0.25557476876426055
g Frond
f 20/52/13 23/51/13 21/50/13 18/49/13
f 19/56/14 20/55/14 18/54/14 17/53/14
f 24/60/15 19/59/15 17/58/15 22/57/15
f 23/64/16 24/63/16 22/62/16 21/61/16
f 22/68/17 17/67/17 18/66/17 21/65/17
f 23/72/18 20/71/18 19/70/18 24/69/18
o cube
v 0.3258327706884865 0.1178307686633866 -0.15767113240242314
v 0.37100733599988733 0.1415789756829673 -0.3380915617120808
v 0.3258327706884865 0.1178307686633866 -0.15767113240242314
v 0.37100733599988733 0.1415789756829673 -0.3380915617120808
v -0.23557966816288045 0.16278013599526653 -0.4871811897290909
v -0.2807542334742813 0.13903192897568595 -0.30676076041943323
v -0.23557966816288045 0.16278013599526653 -0.4871811897290909
v -0.2807542334742813 0.13903192897568595 -0.30676076041943323
vt 0 1
vt 0.125 1
vt 0.125 1
vt 0 1
vt 0 1
vt 0.3125 1
vt 0.3125 1
vt 0 1
vt 0 1
vt 0.125 1
vt 0.125 1
vt 0 1
vt 0 1
vt 0.3125 1
vt 0.3125 1
vt 0 1
vt 0 0.625
vt 1 0.625
vt 1 0.3125
vt 0 0.3125
vt 0 1
vt 0.0625 1
vt 0.0625 0.6875
vt 0 0.6875
vn 0.24093101499413755 0.12665710410442976 -0.9622422896515068
vn 0.9705392066604287 -0.033921856499678806 0.23854340482721614
vn -0.24093101499413755 -0.12665710410442976 0.9622422896515068
vn -0.9705392066604287 0.033921856499678806 -0.23854340482721614
vn 0.0024278280088549866 0.9913663730586665 0.1310985126523738
vn -0.0024278280088549866 -0.9913663730586665 -0.1310985126523738
g Frond
f 28/76/19 31/75/19 29/74/19 26/73/19
f 27/80/20 28/79/20 26/78/20 25/77/20
f 32/84/21 27/83/21 25/82/21 30/81/21
f 31/88/22 32/87/22 30/86/22 29/85/22
f 30/92/23 25/91/23 26/90/23 29/89/23
f 31/96/24 28/95/24 27/94/24 32/93/24
o cube
v 0.3709998314861307 0.14158331779698108 -0.33806041133338277
v 0.41637699582302 0.057146929745859554 -0.5346894321559037
v 0.3709998314861307 0.14158331779698108 -0.33806041133338277
v 0.41637699582302 0.057146929745859554 -0.5346894321559037
v -0.19021000833974788 0.0783480900581589 -0.6837790601729138
v -0.2355871726766372 0.16278447810928032 -0.48715003935039286
v -0.19021000833974788 0.0783480900581589 -0.6837790601729138
v -0.2355871726766372 0.16278447810928032 -0.48715003935039286
vt 0 1
vt 0.125 1
vt 0.125 1
vt 0 1
vt 0 1
vt 0.3125 1
vt 0.3125 1
vt 0 1
vt 0 1
vt 0.125 1
vt 0.125 1
vt 0 1
vt 0 1
vt 0.3125 1
vt 0.3125 1
vt 0 1
vt 0 1
vt 1 1
vt 1 0.625
vt 0 0.625
vt 0 1
vt 0.0625 1
vt 0.0625 0.6875
vt 0 0.6875
vn 0.20743846554006512 -0.38599491680512676 -0.8988755237600958
vn 0.9705392066604287 -0.033921856499678806 0.23854340482721614
vn -0.20743846554006512 0.38599491680512676 0.8988755237600958
vn -0.9705392066604287 0.033921856499678806 -0.23854340482721614
vn 0.1225680682287566 0.9218770155786609 -0.3675865024704421
vn -0.1225680682287566 -0.9218770155786609 0.3675865024704421
g Frond
f 36/100/25 39/99/25 37/98/25 34/97/25
f 35/104/26 36/103/26 34/102/26 33/101/26
f 40/108/27 35/107/27 33/106/27 38/105/27
f 39/112/28 40/111/28 38/110/28 37/109/28
f 38/116/29 33/115/29 34/114/29 37/113/29
f 39/120/30 36/119/30 35/118/30 40/117/30
o cube
v 0.14696663641953767 0.05526565375562886 -0.058614715034146225
v 0.11213809967412203 0.1449539158967682 -0.2195471190498557
v 0.14696663641953767 0.05526565375562886 -0.058614715034146225
v 0.11213809967412203 0.1449539158967682 -0.2195471190498557
v -0.497125246695771 0.02034064240452993 -0.15713953265438407
v -0.46229670995035543 -0.06934761973660941 0.003792871361325445
v -0.497125246695771 0.02034064240452993 -0.15713953265438407
v -0.46229670995035543 -0.06934761973660941 0.003792871361325445
vt 0 1
vt 0.125 1
vt 0.125 1
vt 0 1
vt 0 1
vt 0.3125 1
vt 0.3125 1
vt 0 1
vt 0 1
vt 0.125 1
vt 0.125 1
vt 0 1
vt 0 1
vt 0.3125 1
vt 0.3125 1
vt 0 1
vt 0 0.3125
vt 1 0.3125
vt 1 0
vt 0 0
vt 0 1
vt 0.0625 1
vt 0.0625 0.6875
vt 0 0.6875
vn -0.18575219597554976 0.4783373980860764 -0.85830615475045
vn 0.9748213541918291 0.19938123758758114 -0.09985213823275463
vn 0.18575219597554976 -0.4783373980860764 0.85830615475045
vn -0.9748213541918291 -0.19938123758758114 0.09985213823275463
vn -0.12336713136759564 0.8552429220346036 0.503329012881081
vn 0.12336713136759564 -0.8552429220346036 -0.503329012881081
g Frond
f 44/124/31 47/123/31 45/122/31 42/121/31
f 43/128/32 44/127/32 42/126/32 41/125/32
f 48/132/33 43/131/33 41/130/33 46/129/33
f 47/136/34 48/135/34 46/134/34 45/133/34
f 46/140/35 41/139/35 42/138/35 45/137/35
f 47/144/36 44/143/36 43/142/36 48/141/36
o cube
v 0.11213954905561752 0.14495047096942992 -0.21953984795712955
v 0.08062822062692943 0.21294051221299837 -0.39141375660052186
v 0.11213954905561752 0.14495047096942992 -0.21953984795712955
v 0.08062822062692943 0.21294051221299837 -0.39141375660052186
v -0.5286351257429638 0.08832723872076009 -0.3290061702050502
v -0.4971237973142757 0.02033719747719176 -0.15713226156165794
v -0.5286351257429638 0.08832723872076009 -0.3290061702050502
v -0.4971237973142757 0.02033719747719176 -0.15713226156165794
vt 0 1
vt 0.125 1
vt 0.125 1
vt 0 1
vt 0 1
vt 0.3125 1
vt 0.3125 1
vt 0 1
vt 0 1
vt 0.125 1
vt 0.125 1
vt 0 1
vt 0 1
vt 0.3125 1
vt 0.3125 1
vt 0 1
vt 0 0.625
vt 1 0.625
vt 1 0.3125
vt 0 0.3125
vt 0 1
vt 0.0625 1
vt 0.0625 0.6875
vt 0 0.6875
vn -0.16806041828633667 0.36261355329903194 -0.916660846098093
vn 0.9748213541918291 0.19938123758758114 -0.0998521382327546
vn 0.16806041828633667 -0.36261355329903194 0.916660846098093
vn -0.9748213541918291 -0.19938123758758114 0.0998521382327546
vn -0.1465572352940318 0.9103617594461527 0.3869915292626896
vn 0.1465572352940318 -0.9103617594461527 -0.3869915292626896
g Frond
f 52/148/37 55/147/37 53/146/37 50/145/37
f 51/152/38 52/151/38 50/150/38 49/149/38
f 56/156/39 51/155/39 49/154/39 54/153/39
f 55/160/40 56/159/40 54/158/40 53/157/40
f 54/164/41 49/163/41 50/162/41 53/161/41
f 55/168/42 52/167/42 51/166/42 56/165/42
o cube
v 0.08063224283444204 0.21293680683640503 -0.39138188796696316
v 0.06482406103078164 0.18206060947181113 -0.6073641194684575
v 0.08063224283444204 0.21293680683640503 -0.39138188796696316
v 0.06482406103078164 0.18206060947181113 -0.6073641194684575
v -0.5444392853391116 0.057447335979572856 -0.5449565330729859
v -0.5286311035354512 0.08832353334416676 -0.32897430157149155
v -0.5444392853391116 0.057447335979572856 -0.5449565330729859
v -0.5286311035354512 0.08832353334416676 -0.32897430157149155
vt 0 1
vt 0.125 1
vt 0.125 1
vt 0 1
vt 0 1
vt 0.3125 1
vt 0.3125 1
vt 0 1
vt 0 1
vt 0.125 1
vt 0.125 1
vt 0 1
vt 0 1
vt 0.3125 1
vt 0.3125 1
vt 0 1
vt 0 1
vt 1 1
vt 1 0.625
vt 0 0.625
vt 0 1
vt 0.0625 1
vt 0.0625 0.6875
vt 0 0.6875
vn -0.07226597395959045 -0.14114833080957226 -0.987347344006831
vn 0.974821354191829 0.19938123758758114 -0.0998521382327546
vn 0.07226597395959045 0.14114833080957226 0.987347344006831
vn -0.974821354191829 -0.19938123758758114 0.0998521382327546
vn -0.2109524980162132 0.9697031869637823 -0.12318592765816837
vn 0.2109524980162132 -0.9697031869637823 0.12318592765816837
g Frond
f 60/172/43 63/171/43 61/170/43 58/169/43
f 59/176/44 60/175/44 58/174/44 57/173/44
f 64/180/45 59/179/45 57/178/45 62/177/45
f 63/184/46 64/183/46 62/182/46 61/181/46
f 62/188/47 57/187/47 58/186/47 61/185/47
f 63/192/48 60/191/48 59/190/48 64/189/48
o cube
v 0.5275608650549752 0.013399441703320747 0.01711928765611681
v 0.5820061193155524 0.0020087086374620533 -0.16193996367908636
v 0.5275608650549752 0.013399441703320747 0.01711928765611681
v 0.5820061193155524 0.0020087086374620533 -0.16193996367908636
v -0.01513289544556673 0.025306098875874983 -0.34498976198053
v -0.06957814970614373 0.036696831941733676 -0.16593051064532677
v -0.01513289544556673 0.025306098875874983 -0.34498976198053
v -0.06957814970614373 0.036696831941733676 -0.16593051064532677
vt 0 1
vt 0.125 1
vt 0.125 1
vt 0 1
vt 0 1
vt 0.3125 1
vt 0.3125 1
vt 0 1
vt 0 1
vt 0.125 1
vt 0.125 1
vt 0 1
vt 0 1
vt 0.3125 1
vt 0.3125 1
vt 0 1
vt 0 0.3125
vt 1 0.3125
vt 1 0
vt 0 0
vt 0 1
vt 0.0625 1
vt 0.0625 0.6875
vt 0 0.6875
vn 0.2903746893897438 -0.06075057635124638 -0.9549826737877506
vn 0.9554224236177904 -0.03727582438146071 0.29287967728230985
vn -0.2903746893897438 0.06075057635124638 0.9549826737877506
vn -0.9554224236177904 0.03727582438146071 -0.29287967728230985
vn 0.053390375631917356 0.9974567060227096 -0.047218506967172134
vn -0.053390375631917356 -0.9974567060227096 0.047218506967172134
g Frond
f 68/196/49 71/195/49 69/194/49 66/193/49
f 67/200/50 68/199/50 66/198/50 65/197/50
f 72/204/51 67/203/51 65/202/51 70/201/51
f 71/208/52 72/207/52 70/206/52 69/205/52
f 70/212/53 65/211/53 66/210/53 69/209/53
f 71/216/54 68/215/54 67/214/54 72/213/54
o cube
v 0.5820037790192736 0.002009737570074499 -0.16193219828588806
v 0.6346765886260322 -0.033694963521883003 -0.33830396316922806
v 0.5820037790192736 0.002009737570074499 -0.16193219828588806
v 0.6346765886260322 -0.033694963521883003 -0.33830396316922806
v 0.037537573864913076 -0.010397573283470074 -0.5213537614706718
v -0.015135235741845443 0.02530712780848743 -0.34498199658733175
v 0.037537573864913076 -0.010397573283470074 -0.5213537614706718
v -0.015135235741845443 0.02530712780848743 -0.34498199658733175
vt 0 1
vt 0.125 1
vt 0.125 1
vt 0 1
vt 0 1
vt 0.3125 1
vt 0.3125 1
vt 0 1
vt 0 1
vt 0.125 1
vt 0.125 1
vt 0 1
vt 0 1
vt 0.3125 1
vt 0.3125 1
vt 0 1
vt 0 0.625
vt 1 0.625
vt 1 0.3125
vt 0 0.3125
vt 0 1
vt 0.0625 1
vt 0.0625 0.6875
vt 0 0.6875
vn 0.28092165123604546 -0.19042507249044022 -0.9406494127111462
vn 0.9554224236177905 -0.037275824381460716 0.29287967728230985
vn -0.28092165123604546 0.19042507249044022 0.9406494127111462
vn -0.9554224236177905 0.037275824381460716 -0.29287967728230985
vn 0.09083511609020543 0.9809937842227612 -0.171464798139985
vn -0.09083511609020543 -0.9809937842227612 0.171464798139985
g Frond
f 76/220/55 79/219/55 77/218/55 74/217/55
f 75/224/56 76/223/56 74/222/56 73/221/56
f 80/228/57 75/227/57 73/226/57 78/225/57
f 79/232/58 80/231/58 78/230/58 77/229/58
f 78/236/59 73/235/59 74/234/59 77/233/59
f 79/240/60 76/239/60 75/238/60 80/237/60
o cube
v 0.6346685750962628 -0.033680805015527615 -0.33827601969392007
v 0.6779521406834095 -0.17705170804175152 -0.49772155777983906
v 0.6346685750962628 -0.033680805015527615 -0.33827601969392007
v 0.6779521406834095 -0.17705170804175152 -0.49772155777983906
v 0.0808131259222904 -0.1537543178033386 -0.6807713560812827
v 0.03752956033514376 -0.010383414777114686 -0.5213258179953637
v 0.0808131259222904 -0.1537543178033386 -0.6807713560812827
v 0.03752956033514376 -0.010383414777114686 -0.5213258179953637
vt 0 1
vt 0.125 1
vt 0.125 1
vt 0 1
vt 0 1
vt 0.3125 1
vt 0.3125 1
vt 0 1
vt 0 1
vt 0.125 1
vt 0.125 1
vt 0 1
vt 0 1
vt 0.3125 1
vt 0.3125 1
vt 0 1
vt 0 1
vt 1 1
vt 1 0.625
vt 0 0.625
vt 0 1
vt 0.0625 1
vt 0.0625 0.6875
vt 0 0.6875
vn 0.19786772839838476 -0.6554098424055952 -0.7288938883927729
vn 0.9554224236177904 -0.03727582438146072 0.2928796772823098
vn -0.19786772839838476 0.6554098424055952 0.7288938883927729
vn -0.9554224236177904 0.03727582438146072 -0.2928796772823098
vn 0.21912634370784925 0.7543530018463211 -0.6188175773995709
vn -0.21912634370784925 -0.7543530018463211 0.6188175773995709
g Frond
f 84/244/61 87/243/61 85/242/61 82/241/61
f 83/248/62 84/247/62 82/246/62 81/245/62
f 88/252/63 83/251/63 81/250/63 86/249/63
f 87/256/64 88/255/64 86/254/64 85/253/64
f 86/260/65 81/259/65 82/258/65 85/257/65
f 87/264/66 84/263/66 83/262/66 88/261/66
o cube
v 0.2282070030656579 -0.05226183586625743 -0.2051031342192694
v 0.15292543347051535 -0.09476071546109255 -0.37148456501151683
v 0.2282070030656579 -0.05226183586625743 -0.2051031342192694
v 0.15292543347051535 -0.09476071546109255 -0.37148456501151683
v -0.4089971926464096 -0.14918852837547392 -0.10333241521738268
v -0.333715623051267 -0.1066896487806388 0.06304901557486475
v -0.4089971926464096 -0.14918852837547392 -0.10333241521738268
v -0.333715623051267 -0.1066896487806388 0.06304901557486475
vt 0 1
vt 0.125 1
vt 0.125 1
vt 0 1
vt 0 1
vt 0.3125 1
vt 0.3125 1
vt 0 1
vt 0 1
vt 0.125 1
vt 0.125 1
vt 0 1
vt 0 1
vt 0.3125 1
vt 0.3125 1
vt 0 1
vt 0 0.3125
vt 1 0.3125
vt 1 0
vt 0 0
vt 0 1
vt 0.0625 1
vt 0.0625 0.6875
vt 0 0.6875
vn -0.40150170450742734 -0.2266606911724539 -0.8873676308919862
vn 0.8990762017870799 0.08708450066301016 -0.4290434396706147
vn 0.40150170450742734 0.2266606911724539 0.8873676308919862
vn -0.8990762017870799 -0.08708450066301016 0.4290434396706147
vn -0.1745232496194955 0.9700727915066476 -0.1688206578613874
vn 0.1745232496194955 -0.9700727915066476 0.1688206578613874
g Frond
f 92/268/67 95/267/67 93/266/67 90/265/67
f 91/272/68 92/271/68 90/270/68 89/269/68
f 96/276/69 91/275/69 89/274/69 94/273/69
f 95/280/70 96/279/70 94/278/70 93/277/70
f 94/284/71 89/283/71 90/282/71 93/281/71
f 95/288/72 92/287/72 91/286/72 96/285/72
o cube
v 0.1529286155591444 -0.09475834769458291 -0.37147741623440245
v 0.08256231308289197 -0.16063487616770877 -0.5323037712641365
v 0.1529286155591444 -0.09475834769458291 -0.37147741623440245
v 0.08256231308289197 -0.16063487616770877 -0.5323037712641365
v -0.4793603130340329 -0.21506268908209014 -0.2641516214700024
v -0.4089940105577805 -0.14918616060896428 -0.10332526644026835
v -0.4793603130340329 -0.21506268908209014 -0.2641516214700024
v -0.4089940105577805 -0.14918616060896428 -0.10332526644026835
vt 0 1
vt 0.125 1
vt 0.125 1
vt 0 1
vt 0 1
vt 0.3125 1
vt 0.3125 1
vt 0 1
vt 0 1
vt 0.125 1
vt 0.125 1
vt 0 1
vt 0 1
vt 0.3125 1
vt 0.3125 1
vt 0 1
vt 0 0.625
vt 1 0.625
vt 1 0.3125
vt 0 0.3125
vt 0 1
vt 0.0625 1
vt 0.0625 0.6875
vt 0 0.6875
vn -0.37528694654001254 -0.3513414851900043 -0.8577405601585809
vn 0.8990762017870799 0.08708450066301014 -0.4290434396706147
vn 0.37528694654001254 0.3513414851900043 0.8577405601585809
vn -0.8990762017870799 -0.08708450066301014 0.4290434396706147
vn -0.2254366676847224 0.9321885273531081 -0.28320109169007784
vn 0.2254366676847224 -0.9321885273531081 0.28320109169007784
g Frond
f 100/292/73 103/291/73 101/290/73 98/289/73
f 99/296/74 100/295/74 98/294/74 97/293/74
f 104/300/75 99/299/75 97/298/75 102/297/75
f 103/304/76 104/303/76 102/302/76 101/301/76
f 102/308/77 97/307/77 98/306/77 101/305/77
f 103/312/78 100/311/78 99/310/78 104/309/78
o cube
v 0.08257214722150308 -0.16061610037661134 -0.5322793524771003
v 0.03613377631556958 -0.32913342558852265 -0.6637972269696035
v 0.08257214722150308 -0.16061610037661134 -0.5322793524771003
v 0.03613377631556958 -0.32913342558852265 -0.6637972269696035
v -0.5257888498013554 -0.383561238502904 -0.39564507717546943
v -0.4793504788954218 -0.2150439132909927 -0.26412720268296613
v -0.5257888498013554 -0.383561238502904 -0.39564507717546943
v -0.4793504788954218 -0.2150439132909927 -0.26412720268296613
vt 0 1
vt 0.125 1
vt 0.125 1
vt 0 1
vt 0 1
vt 0.3125 1
vt 0.3125 1
vt 0 1
vt 0 1
vt 0.125 1
vt 0.125 1
vt 0 1
vt 0 1
vt 0.3125 1
vt 0.3125 1
vt 0 1
vt 0 1
vt 1 1
vt 1 0.625
vt 0 0.625
vt 0 1
vt 0.0625 1
vt 0.0625 0.6875
vt 0 0.6875
vn -0.21228969556998217 -0.770364915254452 -0.6012245691085866
vn 0.8990762017870799 0.08708450066301016 -0.4290434396706147
vn 0.21228969556998217 0.770364915254452 0.6012245691085866
vn -0.8990762017870799 -0.08708450066301016 0.4290434396706147
vn -0.38287735442948617 0.6316282032091944 -0.6741296198623838
vn 0.38287735442948617 -0.6316282032091944 0.6741296198623838
g Frond
f 108/316/79 111/315/79 109/314/79 106/313/79
f 107/320/80 108/319/80 106/318/80 105/317/80
f 112/324/81 107/323/81 105/322/81 110/321/81
f 111/328/82 112/327/82 110/326/82 109/325/82
f 110/332/83 105/331/83 106/330/83 109/329/83
f 111/336/84 108/335/84 107/334/84 112/333/84
o cube
v 0.37715258128452245 0.09518269332708418 0.10155936040219449
v 0.4524862783697341 0.20869189014512124 -0.027268999523707316
v 0.37715258128452245 0.09518269332708418 0.10155936040219449
v 0.4524862783697341 0.20869189014512124 -0.027268999523707316
v -0.07813849708296111 0.1868606425523427 -0.35679251052757976
v -0.1534721941681727 0.07335144573430563 -0.22796415060167802
v -0.07813849708296111 0.1868606425523427 -0.35679251052757976
v -0.1534721941681727 0.07335144573430563 -0.22796415060167802
vt 0 1
vt 0.125 1
vt 0.125 1
vt 0 1
vt 0 1
vt 0.3125 1
vt 0.3125 1
vt 0 1
vt 0 1
vt 0.125 1
vt 0.125 1
vt 0 1
vt 0 1
vt 0.3125 1
vt 0.3125 1
vt 0 1
vt 0 0.3125
vt 1 0.3125
vt 1 0
vt 0 0
vt 0 1
vt 0.0625 1
vt 0.0625 0.6875
vt 0 0.6875
vn 0.4017797177877952 0.6053823830295311 -0.6870845862714764
vn 0.8489996407243126 0.034929996148445636 0.5272376176061963
vn -0.4017797177877952 -0.6053823830295311 0.6870845862714764
vn -0.8489996407243126 -0.034929996148445636 -0.5272376176061963
vn -0.34318022732137077 0.7951679481006233 0.499935261698049
vn 0.34318022732137077 -0.7951679481006233 -0.499935261698049
g Frond
f 116/340/85 119/339/85 117/338/85 114/337/85
f 115/344/86 116/343/86 114/342/86 113/341/86
f 120/348/87 115/347/87 113/346/87 118/345/87
f 119/352/88 120/351/88 118/350/88 117/349/88
f 118/356/89 113/355/89 114/354/89 117/353/89
f 119/360/90 116/359/90 115/358/90 120/357/90
o cube
v 0.4524828171990407 0.2086873766772921 -0.027263127051816938
v 0.5355709006219906 0.3017648157485149 -0.16722458863693945
v 0.4524828171990407 0.2086873766772921 -0.027263127051816938
v 0.5355709006219906 0.3017648157485149 -0.16722458863693945
v 0.00494612516929549 0.27993356815573633 -0.49674809964081196
v -0.07814195825365444 0.18685612908451366 -0.3567866380556894
v 0.00494612516929549 0.27993356815573633 -0.49674809964081196
v -0.07814195825365444 0.18685612908451366 -0.3567866380556894
vt 0 1
vt 0.125 1
vt 0.125 1
vt 0 1
vt 0 1
vt 0.3125 1
vt 0.3125 1
vt 0 1
vt 0 1
vt 0.125 1
vt 0.125 1
vt 0 1
vt 0 1
vt 0.3125 1
vt 0.3125 1
vt 0 1
vt 0 0.625
vt 1 0.625
vt 1 0.3125
vt 0 0.3125
vt 0 1
vt 0.0625 1
vt 0.0625 0.6875
vt 0 0.6875
vn 0.44313644492239956 0.4964130083798546 -0.746461128453987
vn 0.8489996407243126 0.03492999614844561 0.5272376176061963
vn -0.44313644492239956 -0.4964130083798546 0.746461128453987
vn -0.8489996407243126 -0.03492999614844561 -0.5272376176061963
vn -0.28780149622878143 0.8673834333674654 0.4059757114509966
vn 0.28780149622878143 -0.8673834333674654 -0.4059757114509966
g Frond
f 124/364/91 127/363/91 125/362/91 122/361/91
f 123/368/92 124/367/92 122/366/92 121/365/92
f 128/372/93 123/371/93 121/370/93 126/369/93
f 127/376/94 128/375/94 126/374/94 125/373/94
f 126/380/95 121/379/95 122/378/95 125/377/95
f 127/384/96 124/383/96 123/382/96 128/381/96
o cube
v 0.5355546514930056 0.30175657176813564 -0.16719787683489246
v 0.6509820629717364 0.3009285066242591 -0.3530133484389471
v 0.5355546514930056 0.30175657176813564 -0.16719787683489246
v 0.6509820629717364 0.3009285066242591 -0.3530133484389471
v 0.12035728751904129 0.27909725903148064 -0.6825368594428196
v 0.004929876040310477 0.2799253241753572 -0.4967213878387649
v 0.12035728751904129 0.27909725903148064 -0.6825368594428196
v 0.004929876040310477 0.2799253241753572 -0.4967213878387649
vt 0 1
vt 0.125 1
vt 0.125 1
vt 0 1
vt 0 1
vt 0.3125 1
vt 0.3125 1
vt 0 1
vt 0 1
vt 0.125 1
vt 0.125 1
vt 0 1
vt 0 1
vt 0.3125 1
vt 0.3125 1
vt 0 1
vt 0 1
vt 1 1
vt 1 0.625
vt 0 0.625
vt 0 1
vt 0.0625 1
vt 0.0625 0.6875
vt 0 0.6875
vn 0.5276681667599123 -0.003785440657721147 -0.8494421559042501
vn 0.8489996407243127 0.034929996148445615 0.5272376176061963
vn -0.5276681667599123 0.003785440657721147 0.8494421559042501
vn -0.8489996407243127 -0.034929996148445615 -0.5272376176061963
vn -0.027675184520096215 0.9993825923079191 -0.021645284790969634
vn 0.027675184520096215 -0.9993825923079191 0.021645284790969634
g Frond
f 132/388/97 135/387/97 133/386/97 130/385/97
f 131/392/98 132/391/98 130/390/98 129/389/98
f 136/396/99 131/395/99 129/394/99 134/393/99
f 135/400/100 136/399/100 134/398/100 133/397/100
f 134/404/101 129/403/101 130/402/101 133/401/101
f 135/408/102 132/407/102 131/406/102 136/405/102
o cube
v 0.26389596193142995 0.2348897423876093 -0.10192413006228795
v 0.24231937552773297 0.35069298746561894 -0.2478018505975576
v 0.26389596193142995 0.2348897423876093 -0.10192413006228795
v 0.24231937552773297 0.35069298746561894 -0.2478018505975576
v -0.3783830546673905 0.3165857007278198 -0.18307020345913505
v -0.35680646826369344 0.20078245564981012 -0.037192482923865455
v -0.3783830546673905 0.3165857007278198 -0.18307020345913505
v -0.35680646826369344 0.20078245564981012 -0.037192482923865455
vt 0 1
vt 0.125 1
vt 0.125 1
vt 0 1
vt 0 1
vt 0.3125 1
vt 0.3125 1
vt 0 1
vt 0 1
vt 0.125 1
vt 0.125 1
vt 0 1
vt 0 1
vt 0.3125 1
vt 0.3125 1
vt 0 1
vt 0 0.3125
vt 1 0.3125
vt 1 0
vt 0 0
vt 0 1
vt 0.0625 1
vt 0.0625 0.6875
vt 0 0.6875
vn -0.11507512748638402 0.6176173070827179 -0.7780145095214384
vn 0.9931238883121978 0.05457165878047857 -0.10357063542147611
vn 0.11507512748638402 -0.6176173070827179 0.7780145095214384
vn -0.9931238883121978 -0.05457165878047857 0.10357063542147611
vn 0.021509474601992647 0.7845831989342105 0.6196503420902046
vn -0.021509474601992647 -0.7845831989342105 -0.6196503420902046
g Frond
f 140/412/103 143/411/103 141/410/103 138/409/103
f 139/416/104 140/415/104 138/414/104 137/413/104
f 144/420/105 139/419/105 137/418/105 142/417/105
f 143/424/106 144/423/106 142/422/106 141/421/106
f 142/428/107 137/427/107 138/426/107 141/425/107
f 143/432/108 140/431/108 139/430/108 144/429/108
o cube
v 0.2423203257986546 0.3506883685270369 -0.2477951723184328
v 0.22040191449213653 0.44629927752065846 -0.40759000116846694
v 0.2423203257986546 0.3506883685270369 -0.2477951723184328
v 0.22040191449213653 0.44629927752065846 -0.40759000116846694
v -0.400300515702987 0.4121919907828593 -0.3428583540300444
v -0.37838210439646885 0.31658108178923783 -0.18306352518001023
v -0.400300515702987 0.4121919907828593 -0.3428583540300444
v -0.37838210439646885 0.31658108178923783 -0.18306352518001023
vt 0 1
vt 0.125 1
vt 0.125 1
vt 0 1
vt 0 1
vt 0.3125 1
vt 0.3125 1
vt 0 1
vt 0 1
vt 0.125 1
vt 0.125 1
vt 0 1
vt 0 1
vt 0.3125 1
vt 0.3125 1
vt 0 1
vt 0 0.625
vt 1 0.625
vt 1 0.3125
vt 0 0.3125
vt 0 1
vt 0.0625 1
vt 0.0625 0.6875
vt 0 0.6875
vn -0.11689819363476356 0.5099248479659817 -0.8522390872001823
vn 0.9931238883121979 0.05457165878047859 -0.10357063542147614
vn 0.11689819363476356 -0.5099248479659817 0.8522390872001823
vn -0.9931238883121979 -0.05457165878047859 0.10357063542147614
vn 0.006305139854961406 0.8584862162462584 0.5127978760940728
vn -0.006305139854961406 -0.8584862162462584 -0.5127978760940728
g Frond
f 148/436/109 151/435/109 149/434/109 146/433/109
f 147/440/110 148/439/110 146/438/110 145/437/110
f 152/444/111 147/443/111 145/442/111 150/441/111
f 151/448/112 152/447/112 150/446/112 149/445/112
f 150/452/113 145/451/113 146/450/113 149/449/113
f 151/456/114 148/455/114 147/454/114 152/453/114
o cube
v 0.22040561826931138 0.44629053706289146 -0.40755909155497
v 0.1975704424286273 0.4489953292395883 -0.6250971372931946
v 0.22040561826931138 0.44629053706289146 -0.40755909155497
v 0.1975704424286273 0.4489953292395883 -0.6250971372931946
v -0.4231319877664962 0.41488804250178923 -0.5603654901547721
v -0.4002968119258121 0.4121832503250924 -0.3428274444165475
v -0.4231319877664962 0.41488804250178923 -0.5603654901547721
v -0.4002968119258121 0.4121832503250924 -0.3428274444165475
vt 0 1
vt 0.125 1
vt 0.125 1
vt 0 1
vt 0 1
vt 0.3125 1
vt 0.3125 1
vt 0 1
vt 0 1
vt 0.125 1
vt 0.125 1
vt 0 1
vt 0 1
vt 0.3125 1
vt 0.3125 1
vt 0 1
vt 0 1
vt 1 1
vt 1 0.625
vt 0 0.625
vt 0 1
vt 0.0625 1
vt 0.0625 0.6875
vt 0 0.6875
vn -0.1043893752716983 0.012364764236328504 -0.9944596376604556
vn 0.9931238883121978 0.05457165878047856 -0.10357063542147611
vn 0.1043893752716983 -0.012364764236328504 0.9944596376604556
vn -0.9931238883121978 -0.05457165878047856 0.10357063542147611
vn -0.052988685528571486 0.9984332960510317 0.01797644410408066
vn 0.052988685528571486 -0.9984332960510317 -0.01797644410408066
g Frond
f 156/460/115 159/459/115 157/458/115 154/457/115
f 155/464/116 156/463/116 154/462/116 153/461/116
f 160/468/117 155/467/117 153/466/117 158/465/117
f 159/472/118 160/471/118 158/470/118 157/469/118
f 158/476/119 153/475/119 154/474/119 157/473/119
f 159/480/120 156/479/120 155/478/120 160/477/120
