# Made in Blockbench 4.1.3

o cube
v 0.42776290533813033 1.0095288474072908 -0.36988624016940697
v 0.42776290533813033 1.0095288474072908 -0.36988624016940697
v 0.3418732324456685 0.9518098455746793 -0.5262439419876189
v 0.3418732324456685 0.9518098455746793 -0.5262439419876189
v -0.4392512804809773 0.9573118333094957 0.12565365229853587
v -0.4392512804809773 0.9573118333094957 0.12565365229853587
v -0.5251409533734391 0.8995928314768844 -0.03070404951967587
v -0.5251409533734391 0.8995928314768844 -0.03070404951967587
vt 0 1
vt 1 1
vt 1 0.90625
vt 0 0.90625
vt 0 1
vt 0 1
vt 0 0
vt 0 0
vt 0 1
vt 0 1
vt 0 0
vt 0 0
vt 0 1
vt 0 1
vt 0 0
vt 0 0
vt 0 1
vt 1 1
vt 1 1
vt 0 1
vt 0 1
vt 1 1
vt 1 1
vt 0 1
vn -0.1960885348353582 0.9500058923077402 -0.2429775526395331
vn 0.8670141858191078 0.05221701409779503 -0.49553989246794306
vn 0.1960885348353582 -0.9500058923077402 0.2429775526395331
vn -0.8670141858191078 -0.05221701409779503 0.49553989246794306
vn 0.45807825542646363 0.30783467644059404 0.8339077430304641
vn -0.45807825542646363 -0.30783467644059404 -0.8339077430304641
g _
f 4/4/1 7/3/1 5/2/1 2/1/1
f 3/8/2 4/7/2 2/6/2 1/5/2
f 8/12/3 3/11/3 1/10/3 6/9/3
f 7/16/4 8/15/4 6/14/4 5/13/4
f 6/20/5 1/19/5 2/18/5 5/17/5
f 7/24/6 4/23/6 3/22/6 8/21/6
o cube
v 0.34186228197270285 0.9517961525228232 -0.5262645442152892
v 0.34186228197270285 0.9517961525228232 -0.5262645442152892
v 0.300326120194482 0.8667358021192558 -0.6079008354953064
v 0.300326120194482 0.8667358021192558 -0.6079008354953064
v -0.5251519038464048 0.8995791384250281 -0.030724651747346177
v -0.5251519038464048 0.8995791384250281 -0.030724651747346177
v -0.5666880656246257 0.8145187880214608 -0.11236094302736344
v -0.5666880656246257 0.8145187880214608 -0.11236094302736344
vt 0 0.9375
vt 1 0.9375
vt 1 0.8125
vt 0 0.8125
vt 0 1
vt 0 1
vt 0 0
vt 0 0
vt 0 1
vt 0 1
vt 0 0
vt 0 0
vt 0 1
vt 0 1
vt 0 0
vt 0 0
vt 0 1
vt 1 1
vt 1 1
vt 0 1
vt 0 1
vt 1 1
vt 1 1
vt 0 1
vn -0.37130880211943706 0.7309011820683707 -0.5726370888439617
vn 0.8670141858191076 0.052217014097795056 -0.49553989246794294
vn 0.37130880211943706 -0.7309011820683707 0.5726370888439617
vn -0.8670141858191076 -0.052217014097795056 0.49553989246794294
vn 0.3322892942257675 0.680482803228538 0.6530903302401379
vn -0.3322892942257675 -0.680482803228538 -0.6530903302401379
g _
f 12/28/7 15/27/7 13/26/7 10/25/7
f 11/32/8 12/31/8 10/30/8 9/29/8
f 16/36/9 11/35/9 9/34/9 14/33/9
f 15/40/10 16/39/10 14/38/10 13/37/10
f 14/44/11 9/43/11 10/42/11 13/41/11
f 15/48/12 12/47/12 11/46/12 16/45/12
o cube
v 0.3003261201944819 0.8667358021192562 -0.6079008354953066
v 0.3003261201944819 0.8667358021192562 -0.6079008354953066
v 0.2462381848001115 0.5196286581515652 -0.7391110708101133
v 0.2462381848001115 0.5196286581515652 -0.7391110708101133
v -0.5666880656246257 0.814518788021461 -0.11236094302736355
v -0.5666880656246257 0.814518788021461 -0.11236094302736355
v -0.6207760010189961 0.46741164405377017 -0.2435711783421703
v -0.6207760010189961 0.46741164405377017 -0.2435711783421703
vt 0 0.8125
vt 1 0.8125
vt 1 0.40625
vt 0 0.40625
vt 0 1
vt 0 1
vt 0 0
vt 0 0
vt 0 1
vt 0 1
vt 0 0
vt 0 0
vt 0 1
vt 0 1
vt 0 0
vt 0 0
vt 0 1
vt 1 1
vt 1 1
vt 0 1
vt 0 1
vt 1 1
vt 1 1
vt 0 1
vn -0.47695158267683396 0.37483697341797345 -0.7949933528910267
vn 0.8670141858191077 0.052217014097795014 -0.49553989246794306
vn 0.47695158267683396 -0.37483697341797345 0.7949933528910267
vn -0.8670141858191077 -0.052217014097795014 0.49553989246794306
vn 0.14423449438498775 0.9256190505805098 0.3498939608394847
vn -0.14423449438498775 -0.9256190505805098 -0.3498939608394847
g _
f 20/52/13 23/51/13 21/50/13 18/49/13
f 19/56/14 20/55/14 18/54/14 17/53/14
f 24/60/15 19/59/15 17/58/15 22/57/15
f 23/64/16 24/63/16 22/62/16 21/61/16
f 22/68/17 17/67/17 18/66/17 21/65/17
f 23/72/18 20/71/18 19/70/18 24/69/18
o cube
v 0.24623818480011145 0.5196286581515652 -0.7391110708101134
v 0.24623818480011145 0.5196286581515652 -0.7391110708101134
v 0.23214405559937965 0.150325750771987 -0.8026855792475667
v 0.23214405559937965 0.150325750771987 -0.8026855792475667
v -0.6207760010189961 0.46741164405377017 -0.24357117834217035
v -0.6207760010189961 0.46741164405377017 -0.24357117834217035
v -0.6348701302197279 0.09810873667419197 -0.3071456867796236
v -0.6348701302197279 0.09810873667419197 -0.3071456867796236
vt 0 0.40625
vt 1 0.40625
vt 1 0
vt 0 0
vt 0 1
vt 0 1
vt 0 0
vt 0 0
vt 0 1
vt 0 1
vt 0 0
vt 0 0
vt 0 1
vt 0 1
vt 0 0
vt 0 0
vt 0 1
vt 1 1
vt 1 1
vt 0 1
vt 0 1
vt 1 1
vt 1 1
vt 0 1
vn -0.49686398403817 0.16561121050748928 -0.8518797499177693
vn 0.8670141858191076 0.052217014097795014 -0.49553989246794294
vn 0.49686398403817 -0.16561121050748928 0.8518797499177693
vn -0.8670141858191076 -0.052217014097795014 0.49553989246794294
vn 0.03758434453528487 0.9848077530122085 0.16953202249987545
vn -0.03758434453528487 -0.9848077530122085 -0.16953202249987545
g _
f 28/76/19 31/75/19 29/74/19 26/73/19
f 27/80/20 28/79/20 26/78/20 25/77/20
f 32/84/21 27/83/21 25/82/21 30/81/21
f 31/88/22 32/87/22 30/86/22 29/85/22
f 30/92/23 25/91/23 26/90/23 29/89/23
f 31/96/24 28/95/24 27/94/24 32/93/24
o cube
v 0.5580548454898805 0.9887427422824963 0.14866758414487125
v 0.5580548454898805 0.9887427422824963 0.14866758414487125
v 0.6288311049721143 0.9392880805627014 -0.017769213252471494
v 0.6288311049721143 0.9392880805627014 -0.017769213252471494
v -0.3649454131869133 0.9589337226562863 -0.23497540723056853
v -0.3649454131869133 0.9589337226562863 -0.23497540723056853
v -0.29416915370467955 0.9094790609364914 -0.4014122046279115
v -0.29416915370467955 0.9094790609364914 -0.4014122046279115
vt 0 1
vt 1 1
vt 1 0.90625
vt 0 0.90625
vt 0 1
vt 0 1
vt 0 0
vt 0 0
vt 0 1
vt 0 1
vt 0 0
vt 0 0
vt 0 1
vt 0 1
vt 0 0
vt 0 0
vt 0 1
vt 1 1
vt 1 1
vt 0 1
vt 0 1
vt 1 1
vt 1 1
vt 0 1
vn 0.07472862186400857 0.9641281224384703 -0.2547009944966379
vn 0.923000258676794 0.029809019626210048 0.38364299137544
vn -0.07472862186400857 -0.9641281224384703 0.2547009944966379
vn -0.923000258676794 -0.029809019626210048 -0.38364299137544
vn -0.37747338390524665 0.2637581958389058 0.8876629194524958
vn 0.37747338390524665 -0.2637581958389058 -0.8876629194524958
g _
f 36/100/25 39/99/25 37/98/25 34/97/25
f 35/104/26 36/103/26 34/102/26 33/101/26
f 40/108/27 35/107/27 33/106/27 38/105/27
f 39/112/28 40/111/28 38/110/28 37/109/28
f 38/116/29 33/115/29 34/114/29 37/113/29
f 39/120/30 36/119/30 35/118/30 40/117/30
o cube
v 0.628840637134643 0.939275468956371 -0.017791166602456943
v 0.628840637134643 0.939275468956371 -0.017791166602456943
v 0.6676563105043872 0.858462436708395 -0.1048979821781677
v 0.6676563105043872 0.858462436708395 -0.1048979821781677
v -0.2941596215421509 0.9094664493301611 -0.40143415797789694
v -0.2941596215421509 0.9094664493301611 -0.40143415797789694
v -0.2553439481724066 0.828653417082185 -0.4885409735536077
v -0.2553439481724066 0.828653417082185 -0.4885409735536077
vt 0 0.9375
vt 1 0.9375
vt 1 0.8125
vt 0 0.8125
vt 0 1
vt 0 1
vt 0 0
vt 0 0
vt 0 1
vt 0 1
vt 0 0
vt 0 0
vt 0 1
vt 0 1
vt 0 0
vt 0 0
vt 0 1
vt 1 1
vt 1 1
vt 0 1
vt 0 1
vt 1 1
vt 1 1
vt 0 1
vn 0.22725427726928357 0.7623277948217082 -0.6059800547089708
vn 0.9230002586767939 0.029809019626210048 0.38364299137544
vn -0.22725427726928357 -0.7623277948217082 0.6059800547089708
vn -0.9230002586767939 -0.029809019626210048 -0.38364299137544
vn -0.31052538695795434 0.6465042579838094 0.6968545246056862
vn 0.31052538695795434 -0.6465042579838094 -0.6968545246056862
g _
f 44/124/31 47/123/31 45/122/31 42/121/31
f 43/128/32 44/127/32 42/126/32 41/125/32
f 48/132/33 43/131/33 41/130/33 46/129/33
f 47/136/34 48/135/34 46/134/34 45/133/34
f 46/140/35 41/139/35 42/138/35 45/137/35
f 47/144/36 44/143/36 43/142/36 48/141/36
o cube
v 0.6676563105043872 0.8584624367083953 -0.10489798217816787
v 0.6676563105043872 0.8584624367083953 -0.10489798217816787
v 0.737177473744342 0.5179228776256772 -0.2456978989448742
v 0.737177473744342 0.5179228776256772 -0.2456978989448742
v -0.2553439481724066 0.8286534170821853 -0.4885409735536078
v -0.2553439481724066 0.8286534170821853 -0.4885409735536078
v -0.18582278493245186 0.4881138579994672 -0.6293408903203142
v -0.18582278493245186 0.4881138579994672 -0.6293408903203142
vt 0 0.8125
vt 1 0.8125
vt 1 0.40625
vt 0 0.40625
vt 0 1
vt 0 1
vt 0 0
vt 0 0
vt 0 1
vt 0 1
vt 0 0
vt 0 0
vt 0 1
vt 0 1
vt 0 0
vt 0 0
vt 0 1
vt 1 1
vt 1 1
vt 0 1
vt 0 1
vt 1 1
vt 1 1
vt 0 1
vn 0.3371960203890664 0.41767911100431343 -0.843707890246632
vn 0.9230002586767938 0.029809019626210048 0.38364299137543995
vn -0.3371960203890664 -0.41767911100431343 0.843707890246632
vn -0.9230002586767938 -0.029809019626210048 -0.38364299137543995
vn -0.18538976863987938 0.9081054908872486 0.37546644471121693
vn 0.18538976863987938 -0.9081054908872486 -0.37546644471121693
g _
f 52/148/37 55/147/37 53/146/37 50/145/37
f 51/152/38 52/151/38 50/150/38 49/149/38
f 56/156/39 51/155/39 49/154/39 54/153/39
f 55/160/40 56/159/40 54/158/40 53/157/40
f 54/164/41 49/163/41 50/162/41 53/161/41
f 55/168/42 52/167/42 51/166/42 56/165/42
o cube
v 0.7371774737443421 0.5179228776256772 -0.24569789894487423
v 0.7371774737443421 0.5179228776256772 -0.24569789894487423
v 0.7776822416479151 0.1515546012509179 -0.3146808667214615
v 0.7776822416479151 0.1515546012509179 -0.3146808667214615
v -0.18582278493245172 0.4881138579994671 -0.6293408903203142
v -0.18582278493245172 0.4881138579994671 -0.6293408903203142
v -0.14531801702887867 0.12174558162470785 -0.6983238580969015
v -0.14531801702887867 0.12174558162470785 -0.6983238580969015
vt 0 0.40625
vt 1 0.40625
vt 1 0
vt 0 0
vt 0 1
vt 0 1
vt 0 0
vt 0 0
vt 0 1
vt 0 1
vt 0 0
vt 0 0
vt 0 1
vt 0 1
vt 0 0
vt 0 0
vt 0 1
vt 1 1
vt 1 1
vt 0 1
vt 0 1
vt 1 1
vt 1 1
vt 0 1
vn 0.36932881827506686 0.2112284464682072 -0.9049744567633777
vn 0.9230002586767938 0.029809019626210062 0.38364299137543995
vn -0.36932881827506686 -0.2112284464682072 0.9049744567633777
vn -0.9230002586767938 -0.029809019626210062 -0.38364299137543995
vn -0.10801271440952828 0.9769820703326914 0.18395458073756607
vn 0.10801271440952828 -0.9769820703326914 -0.18395458073756607
g _
f 60/172/43 63/171/43 61/170/43 58/169/43
f 59/176/44 60/175/44 58/174/44 57/173/44
f 64/180/45 59/179/45 57/178/45 62/177/45
f 63/184/46 64/183/46 62/182/46 61/181/46
f 62/188/47 57/187/47 58/186/47 61/185/47
f 63/192/48 60/191/48 59/190/48 64/189/48
o cube
v 0.09910136835076078 0.9817402871262148 0.26052125951653127
v 0.09910136835076078 0.9817402871262148 0.26052125951653127
v 0.256229714095199 0.9091701379454696 0.18840672276075165
v 0.256229714095199 0.9091701379454696 0.18840672276075165
v -0.21314030493007452 0.9833067998724614 -0.4213897929709615
v -0.21314030493007452 0.9833067998724614 -0.4213897929709615
v -0.05601195918563617 0.9107366506917164 -0.4935043297267412
v -0.05601195918563617 0.9107366506917164 -0.4935043297267412
vt 0 1
vt 1 1
vt 1 0.90625
vt 0 0.90625
vt 0 1
vt 0 1
vt 0 0
vt 0 0
vt 0 1
vt 0 1
vt 0 0
vt 0 0
vt 0 1
vt 0 1
vt 0 0
vt 0 0
vt 0 1
vt 1 1
vt 1 1
vt 0 1
vt 0 1
vt 1 1
vt 1 1
vt 0 1
vn 0.35270652549712944 0.92206022575435 -0.15938333336199362
vn 0.41632223104111377 -0.0020886836616622884 0.9092147366499904
vn -0.35270652549712944 -0.92206022575435 0.15938333336199362
vn -0.41632223104111377 0.0020886836616622884 -0.9092147366499904
vn -0.8380178439703373 0.3870407956306403 0.38461086269749134
vn 0.8380178439703373 -0.3870407956306403 -0.38461086269749134
g _
f 68/196/49 71/195/49 69/194/49 66/193/49
f 67/200/50 68/199/50 66/198/50 65/197/50
f 72/204/51 67/203/51 65/202/51 70/201/51
f 71/208/52 72/207/52 70/206/52 69/205/52
f 70/212/53 65/211/53 66/210/53 69/209/53
f 71/216/54 68/215/54 67/214/54 72/213/54
o cube
v 0.25624978237741103 0.9091545165545714 0.18839749776710657
v 0.25624978237741103 0.9091545165545714 0.18839749776710657
v 0.33255501724688374 0.81659731945339 0.15324530869888964
v 0.33255501724688374 0.81659731945339 0.15324530869888964
v -0.05599189090342427 0.9107210293008181 -0.49351355472038627
v -0.05599189090342427 0.9107210293008181 -0.49351355472038627
v 0.020313343966048558 0.8181638321996367 -0.5286657437886032
v 0.020313343966048558 0.8181638321996367 -0.5286657437886032
vt 0 0.9375
vt 1 0.9375
vt 1 0.8125
vt 0 0.8125
vt 0 1
vt 0 1
vt 0 0
vt 0 0
vt 0 1
vt 0 1
vt 0 0
vt 0 0
vt 0 1
vt 0 1
vt 0 0
vt 0 0
vt 0 1
vt 1 1
vt 1 1
vt 0 1
vt 0 1
vt 1 1
vt 1 1
vt 0 1
vn 0.6738223151231223 0.6720998544457794 -0.30699393038963796
vn 0.41632223104111366 -0.0020886836616622606 0.9092147366499903
vn -0.6738223151231223 -0.6720998544457794 0.30699393038963796
vn -0.41632223104111366 0.0020886836616622606 -0.9092147366499903
vn -0.6104418789557817 0.7404575768094509 0.28121751254573574
vn 0.6104418789557817 -0.7404575768094509 -0.28121751254573574
g _
f 76/220/55 79/219/55 77/218/55 74/217/55
f 75/224/56 76/223/56 74/222/56 73/221/56
f 80/228/57 75/227/57 73/226/57 78/225/57
f 79/232/58 80/231/58 78/230/58 77/229/58
f 78/236/59 73/235/59 74/234/59 77/233/59
f 79/240/60 76/239/60 75/238/60 80/237/60
o cube
v 0.33255501724688386 0.8165973194533904 0.15324530869888947
v 0.33255501724688386 0.8165973194533904 0.15324530869888947
v 0.43323449708118933 0.4584257669403607 0.10632216610699091
v 0.43323449708118933 0.4584257669403607 0.10632216610699091
v 0.020313343966048614 0.8181638321996372 -0.5286657437886033
v 0.020313343966048614 0.8181638321996372 -0.5286657437886033
v 0.12099282380035406 0.4599922796866074 -0.5755888863805019
v 0.12099282380035406 0.4599922796866074 -0.5755888863805019
vt 0 0.8125
vt 1 0.8125
vt 1 0.40625
vt 0 0.40625
vt 0 1
vt 0 1
vt 0 0
vt 0 0
vt 0 1
vt 0 1
vt 0 0
vt 0 0
vt 0 1
vt 0 1
vt 0 0
vt 0 0
vt 0 1
vt 1 1
vt 1 1
vt 0 1
vt 0 1
vt 1 1
vt 1 1
vt 0 1
vn 0.8686742970531682 0.29619843774646826 -0.39707864600823833
vn 0.41632223104111366 -0.0020886836616622884 0.9092147366499902
vn -0.8686742970531682 -0.29619843774646826 0.39707864600823833
vn -0.41632223104111366 0.0020886836616622884 -0.9092147366499902
vn -0.2684786128914813 0.9551241400347461 0.12512838024506298
vn 0.2684786128914813 -0.9551241400347461 -0.12512838024506298
g _
f 84/244/61 87/243/61 85/242/61 82/241/61
f 83/248/62 84/247/62 82/246/62 81/245/62
f 88/252/63 83/251/63 81/250/63 86/249/63
f 87/256/64 88/255/64 86/254/64 85/253/64
f 86/260/65 81/259/65 82/258/65 85/257/65
f 87/264/66 84/263/66 83/262/66 88/261/66
o cube
v 0.4332344970811894 0.45842576694036064 0.1063221661069908
v 0.4332344970811894 0.45842576694036064 0.1063221661069908
v 0.4610216476827809 0.0847034070398491 0.09274012016990879
v 0.4610216476827809 0.0847034070398491 0.09274012016990879
v 0.12099282380035412 0.45999227968660733 -0.5755888863805019
v 0.12099282380035412 0.45999227968660733 -0.5755888863805019
v 0.14877997440194568 0.08626991978609581 -0.589170932317584
v 0.14877997440194568 0.08626991978609581 -0.589170932317584
vt 0 0.40625
vt 1 0.40625
vt 1 0
vt 0 0
vt 0 1
vt 0 1
vt 0 0
vt 0 0
vt 0 1
vt 0 1
vt 0 0
vt 0 0
vt 0 1
vt 0 1
vt 0 0
vt 0 0
vt 0 1
vt 1 1
vt 1 1
vt 0 1
vt 0 1
vt 1 1
vt 1 1
vt 0 1
vn 0.9061926550255927 0.08245065195495621 -0.4147490349233741
vn 0.41632223104111366 -0.002088683661662292 0.9092147366499902
vn -0.9061926550255927 -0.08245065195495621 0.4147490349233741
vn -0.41632223104111366 0.002088683661662292 -0.9092147366499902
vn -0.07409906827091087 0.9965929597346975 0.03621878916555204
vn 0.07409906827091087 -0.9965929597346975 -0.03621878916555204
g _
f 92/268/67 95/267/67 93/266/67 90/265/67
f 91/272/68 92/271/68 90/270/68 89/269/68
f 96/276/69 91/275/69 89/274/69 94/273/69
f 95/280/70 96/279/70 94/278/70 93/277/70
f 94/284/71 89/283/71 90/282/71 93/281/71
f 95/288/72 92/287/72 91/286/72 96/285/72
o cube
v 0.13464988528382393 1.018050380089905 -0.29802343084021243
v 0.13464988528382393 1.018050380089905 -0.29802343084021243
v -0.012267231927851285 0.9522990180443821 -0.39419187191819516
v -0.012267231927851285 0.9522990180443821 -0.39419187191819516
v -0.2421683534724851 0.9220302306107502 0.3432940769783361
v -0.2421683534724851 0.9220302306107502 0.3432940769783361
v -0.3890854706841604 0.8562788685652273 0.24712563590035336
v -0.3890854706841604 0.8562788685652273 0.24712563590035336
vt 0 1
vt 1 1
vt 1 0.90625
vt 0 0.90625
vt 0 1
vt 0 1
vt 0 0
vt 0 0
vt 0 1
vt 0 1
vt 0 0
vt 0 0
vt 0 1
vt 0 1
vt 0 0
vt 0 0
vt 0 1
vt 1 1
vt 1 1
vt 0 1
vt 0 1
vt 1 1
vt 1 1
vt 0 1
vn -0.36552254385916444 0.9277051879610492 -0.075870640967899
vn 0.5024243183417455 0.12802686597220625 -0.8550900104247314
vn 0.36552254385916444 -0.9277051879610492 0.075870640967899
vn -0.5024243183417455 -0.12802686597220625 0.8550900104247314
vn 0.7835579584622683 0.35067393090945526 0.5128983524159082
vn -0.7835579584622683 -0.35067393090945526 -0.5128983524159082
g _
f 100/292/73 103/291/73 101/290/73 98/289/73
f 99/296/74 100/295/74 98/294/74 97/293/74
f 104/300/75 99/299/75 97/298/75 102/297/75
f 103/304/76 104/303/76 102/302/76 101/301/76
f 102/308/77 97/307/77 98/306/77 101/305/77
f 103/312/78 100/311/78 99/310/78 104/309/78
o cube
v -0.012285786788308384 0.9522843241120171 -0.3942049742011012
v -0.012285786788308384 0.9522843241120171 -0.3942049742011012
v -0.08174430894282025 0.8635488655822772 -0.44830240574482605
v -0.08174430894282025 0.8635488655822772 -0.44830240574482605
v -0.38910402554461754 0.8562641746328623 0.24711253361744728
v -0.38910402554461754 0.8562641746328623 0.24711253361744728
v -0.4585625476991294 0.7675287161031223 0.19301510207372247
v -0.4585625476991294 0.7675287161031223 0.19301510207372247
vt 0 0.9375
vt 1 0.9375
vt 1 0.8125
vt 0 0.8125
vt 0 1
vt 0 1
vt 0 0
vt 0 0
vt 0 1
vt 0 1
vt 0 0
vt 0 0
vt 0 1
vt 0 1
vt 0 0
vt 0 0
vt 0 1
vt 1 1
vt 1 1
vt 0 1
vt 0 1
vt 1 1
vt 1 1
vt 0 1
vn -0.6624218302154217 0.692585228804665 -0.28552236286434896
vn 0.5024243183417454 0.12802686597220622 -0.8550900104247314
vn 0.6624218302154217 -0.692585228804665 0.28552236286434896
vn -0.5024243183417454 -0.12802686597220622 0.8550900104247314
vn 0.5556681772360943 0.7098836682379196 0.4327794523497991
vn -0.5556681772360943 -0.7098836682379196 -0.4327794523497991
g _
f 108/316/79 111/315/79 109/314/79 106/313/79
f 107/320/80 108/319/80 106/318/80 105/317/80
f 112/324/81 107/323/81 105/322/81 110/321/81
f 111/328/82 112/327/82 110/326/82 109/325/82
f 110/332/83 105/331/83 106/330/83 109/329/83
f 111/336/84 108/335/84 107/334/84 112/333/84
o cube
v -0.08174430894282048 0.8635488655822774 -0.44830240574482605
v -0.08174430894282048 0.8635488655822774 -0.44830240574482605
v -0.16561487154762017 0.5125217673626974 -0.5501390643894202
v -0.16561487154762017 0.5125217673626974 -0.5501390643894202
v -0.4585625476991296 0.7675287161031228 0.1930151020737224
v -0.4585625476991296 0.7675287161031228 0.1930151020737224
v -0.5424331103039293 0.41650161788354256 0.09117844342912823
v -0.5424331103039293 0.41650161788354256 0.09117844342912823
vt 0 0.8125
vt 1 0.8125
vt 1 0.40625
vt 0 0.40625
vt 0 1
vt 0 1
vt 0 0
vt 0 0
vt 0 1
vt 0 1
vt 0 0
vt 0 0
vt 0 1
vt 0 1
vt 0 0
vt 0 0
vt 0 1
vt 1 1
vt 1 1
vt 0 1
vt 0 1
vt 1 1
vt 1 1
vt 0 1
vn -0.8351935821954474 0.32768558414340676 -0.4416716407062274
vn 0.5024243183417456 0.12802686597220625 -0.8550900104247314
vn 0.8351935821954474 -0.32768558414340676 0.4416716407062274
vn -0.5024243183417456 -0.12802686597220625 0.8550900104247314
vn 0.2236548336127993 0.9360722619188804 0.27156442305225126
vn -0.2236548336127993 -0.9360722619188804 -0.27156442305225126
g _
f 116/340/85 119/339/85 117/338/85 114/337/85
f 115/344/86 116/343/86 114/342/86 113/341/86
f 120/348/87 115/347/87 113/346/87 118/345/87
f 119/352/88 120/351/88 118/350/88 117/349/88
f 118/356/89 113/355/89 114/354/89 117/353/89
f 119/360/90 116/359/90 115/358/90 120/357/90
o cube
v -0.16561487154762025 0.5125217673626972 -0.5501390643894203
v -0.16561487154762025 0.5125217673626972 -0.5501390643894203
v -0.1797090007483522 0.14321885998311923 -0.6137135728268741
v -0.1797090007483522 0.14321885998311923 -0.6137135728268741
v -0.5424331103039294 0.4165016178835425 0.09117844342912822
v -0.5424331103039294 0.4165016178835425 0.09117844342912822
v -0.5565272395046613 0.047198710503964514 0.027603934991674364
v -0.5565272395046613 0.047198710503964514 0.027603934991674364
vt 0 0.40625
vt 1 0.40625
vt 1 0
vt 0 0
vt 0 1
vt 0 1
vt 0 0
vt 0 0
vt 0 1
vt 0 1
vt 0 0
vt 0 0
vt 0 1
vt 0 1
vt 0 0
vt 0 0
vt 0 1
vt 1 1
vt 1 1
vt 0 1
vt 0 1
vt 1 1
vt 1 1
vt 0 1
vn -0.863803925312154 0.11731500840208187 -0.4899795581643525
vn 0.5024243183417455 0.12802686597220628 -0.8550900104247314
vn 0.863803925312154 -0.11731500840208187 0.4899795581643525
vn -0.5024243183417455 -0.12802686597220628 0.8550900104247314
vn 0.03758434453528521 0.984807753012208 0.16953202249987692
vn -0.03758434453528521 -0.984807753012208 -0.16953202249987692
g _
f 124/364/91 127/363/91 125/362/91 122/361/91
f 123/368/92 124/367/92 122/366/92 121/365/92
f 128/372/93 123/371/93 121/370/93 126/369/93
f 127/376/94 128/375/94 126/374/94 125/373/94
f 126/380/95 121/379/95 122/378/95 125/377/95
f 127/384/96 124/383/96 123/382/96 128/381/96
o cube
v 0.5 0.7597818478608727 -0.16228106528019515
v 0.5 0.7597818478608727 -0.16228106528019515
v 0.5 0.7309225595336832 -0.2177192423538341
v 0.5 0.7309225595336832 -0.2177192423538341
v -0.5 0.7597818478608727 -0.16228106528019515
v -0.5 0.7597818478608727 -0.16228106528019515
v -0.5 0.7309225595336832 -0.2177192423538341
v -0.5 0.7309225595336832 -0.2177192423538341
vt 0 1
vt 1 1
vt 1 0.9375
vt 0 0.9375
vt 0 1
vt 0 1
vt 0 0
vt 0 0
vt 0 1
vt 0 1
vt 0 0
vt 0 0
vt 0 1
vt 0 1
vt 0 0
vt 0 0
vt 0 1
vt 1 1
vt 1 1
vt 0 1
vt 0 1
vt 1 1
vt 1 1
vt 0 1
vn 0 0.8870108331782223 -0.461748613235033
vn 1 0 0
vn 0 -0.8870108331782223 0.461748613235033
vn -1 0 0
vn 0 0.461748613235033 0.8870108331782223
vn 0 -0.461748613235033 -0.8870108331782223
g _
f 132/388/97 135/387/97 133/386/97 130/385/97
f 131/392/98 132/391/98 130/390/98 129/389/98
f 136/396/99 131/395/99 129/394/99 134/393/99
f 135/400/100 136/399/100 134/398/100 133/397/100
f 134/404/101 129/403/101 130/402/101 133/401/101
f 135/408/102 132/407/102 131/406/102 136/405/102
o cube
v 0.5 0.7309051702063791 -0.2177399661471212
v 0.5 0.7309051702063791 -0.2177399661471212
v 0.5 0.6317360026699748 -0.2938351447732113
v 0.5 0.6317360026699748 -0.2938351447732113
v -0.5 0.7309051702063791 -0.2177399661471212
v -0.5 0.7309051702063791 -0.2177399661471212
v -0.5 0.6317360026699748 -0.2938351447732113
v -0.5 0.6317360026699748 -0.2938351447732113
vt 0 0.9375
vt 1 0.9375
vt 1 0.8125
vt 0 0.8125
vt 0 1
vt 0 1
vt 0 0
vt 0 0
vt 0 1
vt 0 1
vt 0 0
vt 0 0
vt 0 1
vt 0 1
vt 0 0
vt 0 0
vt 0 1
vt 1 1
vt 1 1
vt 0 1
vt 0 1
vt 1 1
vt 1 1
vt 0 1
vn 0 0.6087614290087207 -0.7933533402912352
vn 1 0 0
vn 0 -0.6087614290087207 0.7933533402912352
vn -1 0 0
vn 0 0.7933533402912352 0.6087614290087207
vn 0 -0.7933533402912352 -0.6087614290087207
g _
f 140/412/103 143/411/103 141/410/103 138/409/103
f 139/416/104 140/415/104 138/414/104 137/413/104
f 144/420/105 139/419/105 137/418/105 142/417/105
f 143/424/106 144/423/106 142/422/106 141/421/106
f 142/428/107 137/427/107 138/426/107 141/425/107
f 143/432/108 140/431/108 139/430/108 144/429/108
o cube
v 0.5 0.631736002669975 -0.29383514477321143
v 0.5 0.631736002669975 -0.29383514477321143
v 0.5 0.26562500000000006 -0.375
v 0.5 0.26562500000000006 -0.375
v -0.5 0.631736002669975 -0.29383514477321143
v -0.5 0.631736002669975 -0.29383514477321143
v -0.5 0.26562500000000006 -0.375
v -0.5 0.26562500000000006 -0.375
vt 0 0.8125
vt 1 0.8125
vt 1 0.40625
vt 0 0.40625
vt 0 1
vt 0 1
vt 0 0
vt 0 0
vt 0 1
vt 0 1
vt 0 0
vt 0 0
vt 0 1
vt 0 1
vt 0 0
vt 0 0
vt 0 1
vt 1 1
vt 1 1
vt 0 1
vt 0 1
vt 1 1
vt 1 1
vt 0 1
vn 0 0.21643961393810285 -0.9762960071199334
vn 1 0 0
vn 0 -0.21643961393810285 0.9762960071199334
vn -1 0 0
vn 0 0.9762960071199334 0.21643961393810285
vn 0 -0.9762960071199334 -0.21643961393810285
g _
f 148/436/109 151/435/109 149/434/109 146/433/109
f 147/440/110 148/439/110 146/438/110 145/437/110
f 152/444/111 147/443/111 145/442/111 150/441/111
f 151/448/112 152/447/112 150/446/112 149/445/112
f 150/452/113 145/451/113 146/450/113 149/449/113
f 151/456/114 148/455/114 147/454/114 152/453/114
o cube
v 0.5 0.265625 -0.375
v 0.5 0.265625 -0.375
v 0.5 -0.109375 -0.375
v 0.5 -0.109375 -0.375
v -0.5 0.265625 -0.375
v -0.5 0.265625 -0.375
v -0.5 -0.109375 -0.375
v -0.5 -0.109375 -0.375
vt 0 0.40625
vt 1 0.40625
vt 1 0
vt 0 0
vt 0 1
vt 0 1
vt 0 0
vt 0 0
vt 0 1
vt 0 1
vt 0 0
vt 0 0
vt 0 1
vt 0 1
vt 0 0
vt 0 0
vt 0 1
vt 1 1
vt 1 1
vt 0 1
vt 0 1
vt 1 1
vt 1 1
vt 0 1
vn 0 0 -1
vn 1 0 0
vn 0 0 1
vn -1 0 0
vn 0 1 0
vn 0 -1 0
g _
f 156/460/115 159/459/115 157/458/115 154/457/115
f 155/464/116 156/463/116 154/462/116 153/461/116
f 160/468/117 155/467/117 153/466/117 158/465/117
f 159/472/118 160/471/118 158/470/118 157/469/118
f 158/476/119 153/475/119 154/474/119 157/473/119
f 159/480/120 156/479/120 155/478/120 160/477/120
