# Made in Blockbench 4.3.1

o cube
v 0.2746520791165004 0.37498422973191625 -0.01705342781815418
v 0.094230169072927 0.3586425279667303 -0.06539733291121003
v 0.2746520791165004 0.37498422973191625 -0.01705342781815418
v 0.094230169072927 0.3586425279667303 -0.06539733291121003
v 0.06187778843511211 0.3586425279667303 0.05534339537492351
v 0.24229969847868557 0.37498422973191625 0.10368730046797936
v 0.06187778843511211 0.3586425279667303 0.05534339537492351
v 0.24229969847868557 0.37498422973191625 0.10368730046797936
vt 0 1
vt 0.0625 1
vt 0.0625 1
vt 0 1
vt 0 1
vt 0.125 1
vt 0.125 1
vt 0 1
vt 0 1
vt 0.0625 1
vt 0.0625 1
vt 0 1
vt 0 1
vt 0.125 1
vt 0.125 1
vt 0 1
vt 0 1
vt 0.0625 1
vt 0.0625 0.875
vt 0 0.875
vt 0.34375 0.875
vt 0.625 0.875
vt 0.625 0.4375
vt 0.34375 0.4375
vn -0.9622501868990587 -0.08715574274765844 -0.25783416049629787
vn 0.2588190451025191 0 -0.9659258262890689
vn 0.9622501868990587 0.08715574274765844 0.25783416049629787
vn -0.2588190451025191 0 0.9659258262890689
vn -0.08418598282936955 0.9961946980917455 -0.02255756611314972
vn 0.08418598282936955 -0.9961946980917455 0.02255756611314972
g Frond
f 4/4/1 7/3/1 5/2/1 2/1/1
f 3/8/2 4/7/2 2/6/2 1/5/2
f 8/12/3 3/11/3 1/10/3 6/9/3
f 7/16/4 8/15/4 6/14/4 5/13/4
f 6/20/5 1/19/5 2/18/5 5/17/5
f 7/24/6 4/23/6 3/22/6 8/21/6
o cube
v 0.0942430611682285 0.35864518282606545 -0.06539387848468534
v -0.0065153581424215595 0.32575548600528553 -0.09239201556961027
v 0.0942430611682285 0.35864518282606545 -0.06539387848468534
v -0.0065153581424215595 0.32575548600528553 -0.09239201556961027
v -0.038867738780236444 0.32575548600528553 0.02834871271652336
v 0.06189068053041364 0.35864518282606545 0.05534684980144829
v -0.038867738780236444 0.32575548600528553 0.02834871271652336
v 0.06189068053041364 0.35864518282606545 0.05534684980144829
vt 0 1
vt 0.0625 1
vt 0.0625 1
vt 0 1
vt 0 1
vt 0.125 1
vt 0.125 1
vt 0 1
vt 0 1
vt 0.0625 1
vt 0.0625 1
vt 0 1
vt 0 1
vt 0.125 1
vt 0.125 1
vt 0 1
vt 0 1
vt 0.0625 1
vt 0.0625 0.875
vt 0 0.875
vt 0.34375 0.4375
vt 0.625 0.4375
vt 0.625 0.15625
vt 0.34375 0.15625
vn -0.921219833697372 -0.30070579950427356 -0.2468401104907423
vn 0.2588190451025191 0 -0.9659258262890688
vn 0.921219833697372 0.30070579950427356 0.2468401104907423
vn -0.2588190451025191 0 0.9659258262890688
vn -0.29045949785608044 0.9537169507482268 -0.07782838788448557
vn 0.29045949785608044 -0.9537169507482268 0.07782838788448557
g Frond
f 12/28/7 15/27/7 13/26/7 10/25/7
f 11/32/8 12/31/8 10/30/8 9/29/8
f 16/36/9 11/35/9 9/34/9 14/33/9
f 15/40/10 16/39/10 14/38/10 13/37/10
f 14/44/11 9/43/11 10/42/11 13/41/11
f 15/48/12 12/47/12 11/46/12 16/45/12
o cube
v 0.33410002015258616 0.3641934807993213 -0.001124400025842201
v 0.27464681749232384 0.37504649190350436 -0.01705483766610326
v 0.33410002015258616 0.3641934807993213 -0.001124400025842201
v 0.27464681749232384 0.37504649190350436 -0.01705483766610326
v 0.2422944368545089 0.37504649190350436 0.10368589062003036
v 0.30174763951477124 0.3641934807993213 0.11961632826029142
v 0.2422944368545089 0.37504649190350436 0.10368589062003036
v 0.30174763951477124 0.3641934807993213 0.11961632826029142
vt 0 1
vt 0.0625 1
vt 0.0625 1
vt 0 1
vt 0 1
vt 0.125 1
vt 0.125 1
vt 0 1
vt 0 1
vt 0.0625 1
vt 0.0625 1
vt 0 1
vt 0 1
vt 0.125 1
vt 0.125 1
vt 0 1
vt 0 1
vt 0.0625 1
vt 0.0625 0.875
vt 0 0.875
vt 0.34375 1
vt 0.625 1
vt 0.625 0.875
vt 0.34375 0.875
vn -0.9512512425641982 0.17364817766692994 -0.25488700224417715
vn 0.25881904510251913 0 -0.9659258262890689
vn 0.9512512425641982 -0.17364817766692994 0.25488700224417715
vn -0.25881904510251913 0 0.9659258262890689
vn 0.1677312594965203 0.9848077530122082 0.04494345552754744
vn -0.1677312594965203 -0.9848077530122082 -0.04494345552754744
g Frond
f 20/52/13 23/51/13 21/50/13 18/49/13
f 19/56/14 20/55/14 18/54/14 17/53/14
f 24/60/15 19/59/15 17/58/15 22/57/15
f 23/64/16 24/63/16 22/62/16 21/61/16
f 22/68/17 17/67/17 18/66/17 21/65/17
f 23/72/18 20/71/18 19/70/18 24/69/18
o cube
v -0.004140832205010643 0.31584278200676086 -0.09175576326227425
v -0.050387214185876134 0.2756685564013522 -0.10414744396690828
v -0.004140832205010643 0.31584278200676086 -0.09175576326227425
v -0.050387214185876134 0.2756685564013522 -0.10414744396690828
v -0.082739594823691 0.2756685564013522 0.016593284319225313
v -0.03649321284282553 0.31584278200676086 0.028984965023859364
v -0.082739594823691 0.2756685564013522 0.016593284319225313
v -0.03649321284282553 0.31584278200676086 0.028984965023859364
vt 0 1
vt 0.0625 1
vt 0.0625 1
vt 0 1
vt 0 1
vt 0.125 1
vt 0.125 1
vt 0 1
vt 0 1
vt 0.0625 1
vt 0.0625 1
vt 0 1
vt 0 1
vt 0.125 1
vt 0.125 1
vt 0 1
vt 0 1
vt 0.0625 1
vt 0.0625 0.875
vt 0 0.875
vt 0.34375 0.15625
vt 0.625 0.15625
vt 0.625 0
vt 0.34375 0
vn -0.7399421116938483 -0.6427876096865395 -0.19826689127414487
vn 0.25881904510251913 0 -0.9659258262890689
vn 0.7399421116938483 0.6427876096865395 0.19826689127414487
vn -0.25881904510251913 0 0.9659258262890689
vn -0.6208851530148461 0.766044443118978 -0.1663656753428009
vn 0.6208851530148461 -0.766044443118978 0.1663656753428009
g Frond
f 28/76/19 31/75/19 29/74/19 26/73/19
f 27/80/20 28/79/20 26/78/20 25/77/20
f 32/84/21 27/83/21 25/82/21 30/81/21
f 31/88/22 32/87/22 30/86/22 29/85/22
f 30/92/23 25/91/23 26/90/23 29/89/23
f 31/96/24 28/95/24 27/94/24 32/93/24
o cube
v -0.22157830623062058 0.33030873380693787 -0.1784923303198402
v -0.19079745459286895 0.3152872120920151 -0.10827546138635069
v -0.22157830623062058 0.33030873380693787 -0.1784923303198402
v -0.19079745459286895 0.3152872120920151 -0.10827546138635069
v -0.08548586762480335 0.37359066746925673 -0.14196784541214424
v -0.11626671926255498 0.38861218918417945 -0.21218471434563374
v -0.08548586762480335 0.37359066746925673 -0.14196784541214424
v -0.11626671926255498 0.38861218918417945 -0.21218471434563374
vt 0 1
vt 0.0625 1
vt 0.0625 1
vt 0 1
vt 0 1
vt 0.125 1
vt 0.125 1
vt 0 1
vt 0 1
vt 0.0625 1
vt 0.0625 1
vt 0 1
vt 0 1
vt 0.125 1
vt 0.125 1
vt 0 1
vt 0 1
vt 0.0625 1
vt 0.0625 0.875
vt 0 0.875
vt 0.34375 0.875
vt 0.625 0.875
vt 0.625 0.65625
vt 0.34375 0.65625
vn 0.39399490096322043 -0.19227547795101105 0.8987759223486644
vn -0.8424926957445251 -0.4664276430179326 0.2695390722063486
vn -0.39399490096322043 0.19227547795101105 -0.8987759223486644
vn 0.8424926957445251 0.4664276430179326 -0.2695390722063486
vn -0.3673881811274084 0.8634091697494568 0.345760798761873
vn 0.3673881811274084 -0.8634091697494568 -0.345760798761873
g Frond
f 36/100/25 39/99/25 37/98/25 34/97/25
f 35/104/26 36/103/26 34/102/26 33/101/26
f 40/108/27 35/107/27 33/106/27 38/105/27
f 39/112/28 40/111/28 38/110/28 37/109/28
f 38/116/29 33/115/29 34/114/29 37/113/29
f 39/120/30 36/119/30 35/118/30 40/117/30
o cube
v -0.19080332554386134 0.31529109017124335 -0.10828710122004395
v -0.16904521594739366 0.2977320091355321 -0.0706635851035321
v -0.19080332554386134 0.31529109017124335 -0.10828710122004395
v -0.16904521594739366 0.2977320091355321 -0.0706635851035321
v -0.06373362897932808 0.3560354645127737 -0.10435596912932563
v -0.08549173857579576 0.3735945455484849 -0.1419794852458375
v -0.06373362897932808 0.3560354645127737 -0.10435596912932563
v -0.08549173857579576 0.3735945455484849 -0.1419794852458375
vt 0 1
vt 0.0625 1
vt 0.0625 1
vt 0 1
vt 0 1
vt 0.125 1
vt 0.125 1
vt 0 1
vt 0 1
vt 0.0625 1
vt 0.0625 1
vt 0 1
vt 0 1
vt 0.125 1
vt 0.125 1
vt 0 1
vt 0 1
vt 0.0625 1
vt 0.0625 0.875
vt 0 0.875
vt 0.34375 0.28125
vt 0.625 0.28125
vt 0.625 0.15625
vt 0.34375 0.15625
vn 0.46417300472464385 -0.3745937287618393 0.8026350104855865
vn -0.8424926957445251 -0.4664276430179326 0.26953907220634865
vn -0.46417300472464385 0.3745937287618393 -0.8026350104855865
vn 0.8424926957445251 0.4664276430179326 -0.26953907220634865
vn -0.27340351003968305 0.8013268947196504 0.5320956008998229
vn 0.27340351003968305 -0.8013268947196504 -0.5320956008998229
g Frond
f 44/124/31 47/123/31 45/122/31 42/121/31
f 43/128/32 44/127/32 42/126/32 41/125/32
f 48/132/33 43/131/33 41/130/33 46/129/33
f 47/136/34 48/135/34 46/134/34 45/133/34
f 46/140/35 41/139/35 42/138/35 45/137/35
f 47/144/36 44/143/36 43/142/36 48/141/36
o cube
v -0.23941539622710709 0.32794853329777746 -0.2383295949653446
v -0.22157272172428014 0.3303074637310499 -0.17847707276454552
v -0.23941539622710709 0.32794853329777746 -0.2383295949653446
v -0.22157272172428014 0.3303074637310499 -0.17847707276454552
v -0.11626113475621458 0.3886109191082915 -0.21216945679033908
v -0.13410380925904147 0.38625198867501903 -0.2720219789911381
v -0.11626113475621458 0.3886109191082915 -0.21216945679033908
v -0.13410380925904147 0.38625198867501903 -0.2720219789911381
vt 0 1
vt 0.0625 1
vt 0.0625 1
vt 0 1
vt 0 1
vt 0.125 1
vt 0.125 1
vt 0 1
vt 0 1
vt 0.0625 1
vt 0.0625 1
vt 0 1
vt 0 1
vt 0.125 1
vt 0.125 1
vt 0 1
vt 0 1
vt 0.0625 1
vt 0.0625 0.875
vt 0 0.875
vt 0.34375 1
vt 0.625 1
vt 0.625 0.875
vt 0.34375 0.875
vn 0.2854827920452307 0.03774288693235859 0.957640355212786
vn -0.8424926957445251 -0.4664276430179326 0.2695390722063486
vn -0.2854827920452307 -0.03774288693235859 -0.957640355212786
vn 0.8424926957445251 0.4664276430179326 -0.2695390722063486
vn -0.45684311646689274 0.8837537713157139 0.10135895925901188
vn 0.45684311646689274 -0.8837537713157139 -0.10135895925901188
g Frond
f 52/148/37 55/147/37 53/146/37 50/145/37
f 51/152/38 52/151/38 50/150/38 49/149/38
f 56/156/39 51/155/39 49/154/39 54/153/39
f 55/160/40 56/159/40 54/158/40 53/157/40
f 54/164/41 49/163/41 50/162/41 53/161/41
f 55/168/42 52/167/42 51/166/42 56/165/42
o cube
v -0.16596302602739177 0.2893256232025393 -0.07557659556871663
v -0.132621342761641 0.24852974785704418 -0.04195697760834749
v -0.16596302602739177 0.2893256232025393 -0.07557659556871663
v -0.132621342761641 0.24852974785704418 -0.04195697760834749
v -0.027309755793575405 0.30683320323428576 -0.07564936163414104
v -0.06065143905932617 0.3476290785797809 -0.1092689795945102
v -0.027309755793575405 0.30683320323428576 -0.07564936163414104
v -0.06065143905932617 0.3476290785797809 -0.1092689795945102
vt 0 1
vt 0.0625 1
vt 0.0625 1
vt 0 1
vt 0 1
vt 0.125 1
vt 0.125 1
vt 0 1
vt 0 1
vt 0.0625 1
vt 0.0625 1
vt 0 1
vt 0 1
vt 0.125 1
vt 0.125 1
vt 0 1
vt 0 1
vt 0.0625 1
vt 0.0625 0.875
vt 0 0.875
vt 0.34375 0.15625
vt 0.625 0.15625
vt 0.625 0
vt 0.34375 0
vn 0.5334669322520124 -0.6527340055279223 0.5379138873659064
vn -0.8424926957445251 -0.46642764301793266 0.2695390722063486
vn -0.5334669322520124 0.6527340055279223 -0.5379138873659064
vn 0.8424926957445251 0.46642764301793266 -0.2695390722063486
vn -0.07496058838316359 0.5969787030172936 0.7987473557596544
vn 0.07496058838316359 -0.5969787030172936 -0.7987473557596544
g Frond
f 60/172/43 63/171/43 61/170/43 58/169/43
f 59/176/44 60/175/44 58/174/44 57/173/44
f 64/180/45 59/179/45 57/178/45 62/177/45
f 63/184/46 64/183/46 62/182/46 61/181/46
f 62/188/47 57/187/47 58/186/47 61/185/47
f 63/192/48 60/191/48 59/190/48 64/189/48
o cube
v 0.08029671739374152 0.389552725481631 -0.3033474711890009
v -0.020409105077390174 0.35148961305792503 -0.21287688249834857
v 0.08029671739374152 0.389552725481631 -0.3033474711890009
v -0.020409105077390174 0.35148961305792503 -0.21287688249834857
v 0.04125330943669232 0.40846528910299473 -0.12026738527748712
v 0.141959131907824 0.4465284015267007 -0.21073797396813945
v 0.04125330943669232 0.40846528910299473 -0.12026738527748712
v 0.141959131907824 0.4465284015267007 -0.21073797396813945
vt 0 1
vt 0.0625 1
vt 0.0625 1
vt 0 1
vt 0 1
vt 0.125 1
vt 0.125 1
vt 0 1
vt 0 1
vt 0.0625 1
vt 0.0625 1
vt 0 1
vt 0 1
vt 0.125 1
vt 0.125 1
vt 0 1
vt 0 1
vt 0.0625 1
vt 0.0625 0.875
vt 0 0.875
vt 0.34375 0.875
vt 0.625 0.875
vt 0.625 0.53125
vt 0.34375 0.53125
vn -0.7161302931280482 -0.27067102167968754 0.6433464084668616
vn -0.4932993161126599 -0.45580540836055744 -0.7408759777668915
vn 0.7161302931280482 0.27067102167968754 -0.6433464084668616
vn 0.4932993161126599 0.45580540836055744 0.7408759777668915
vn -0.49377443026863777 0.8479260744499721 -0.192894230812491
vn 0.49377443026863777 -0.8479260744499721 0.192894230812491
g Frond
f 68/196/49 71/195/49 69/194/49 66/193/49
f 67/200/50 68/199/50 66/198/50 65/197/50
f 72/204/51 67/203/51 65/202/51 70/201/51
f 71/208/52 72/207/52 70/206/52 69/205/52
f 70/212/53 65/211/53 66/210/53 69/209/53
f 71/216/54 68/215/54 67/214/54 72/213/54
o cube
v -0.020400149168302708 0.35149453075597537 -0.21288587112450988
v -0.08518108027597196 0.30251861185946466 -0.13962141208695322
v -0.020400149168302708 0.35149453075597537 -0.21288587112450988
v -0.08518108027597196 0.30251861185946466 -0.13962141208695322
v -0.023518665761889462 0.35949428790453436 -0.04701191486609177
v 0.04126226534577979 0.40847020680104507 -0.12027637390364843
v -0.023518665761889462 0.35949428790453436 -0.04701191486609177
v 0.04126226534577979 0.40847020680104507 -0.12027637390364843
vt 0 1
vt 0.0625 1
vt 0.0625 1
vt 0 1
vt 0 1
vt 0.125 1
vt 0.125 1
vt 0 1
vt 0 1
vt 0.0625 1
vt 0.0625 1
vt 0 1
vt 0 1
vt 0.125 1
vt 0.125 1
vt 0 1
vt 0 1
vt 0.0625 1
vt 0.0625 0.875
vt 0 0.875
vt 0.34375 0.4375
vt 0.625 0.4375
vt 0.625 0.15625
vt 0.34375 0.15625
vn -0.5922827986986902 -0.447779829910955 0.6698464826290896
vn -0.49329931611265987 -0.45580540836055744 -0.7408759777668916
vn 0.5922827986986902 0.447779829910955 -0.6698464826290896
vn 0.49329931611265987 0.45580540836055744 0.7408759777668916
vn -0.6370689688632063 0.7692429093818037 -0.04907621906167309
vn 0.6370689688632063 -0.7692429093818037 0.04907621906167309
g Frond
f 76/220/55 79/219/55 77/218/55 74/217/55
f 75/224/56 76/223/56 74/222/56 73/221/56
f 80/228/57 75/227/57 73/226/57 78/225/57
f 79/232/58 80/231/58 78/230/58 77/229/58
f 78/236/59 73/235/59 74/234/59 77/233/59
f 79/240/60 76/239/60 75/238/60 80/237/60
o cube
v 0.13150453182839583 0.39217445037197485 -0.33905624974088855
v 0.08028409609973884 0.38955015578686314 -0.3033374865806521
v 0.13150453182839583 0.39217445037197485 -0.33905624974088855
v 0.08028409609973884 0.38955015578686314 -0.3033374865806521
v 0.14194651061382135 0.4465258318319328 -0.2107279893597907
v 0.19316694634247833 0.44915012641704455 -0.24644675252002712
v 0.14194651061382135 0.4465258318319328 -0.2107279893597907
v 0.19316694634247833 0.44915012641704455 -0.24644675252002712
vt 0 1
vt 0.0625 1
vt 0.0625 1
vt 0 1
vt 0 1
vt 0.125 1
vt 0.125 1
vt 0 1
vt 0 1
vt 0.0625 1
vt 0.0625 1
vt 0 1
vt 0 1
vt 0.125 1
vt 0.125 1
vt 0 1
vt 0 1
vt 0.0625 1
vt 0.0625 0.875
vt 0 0.875
vt 0.34375 1
vt 0.625 1
vt 0.625 0.875
vt 0.34375 0.875
vn -0.8195269716585127 -0.041988713361787944 0.5715002105637838
vn -0.49329931611265987 -0.4558054083605575 -0.7408759777668916
vn 0.8195269716585127 0.041988713361787944 -0.5715002105637838
vn 0.49329931611265987 0.4558054083605575 0.7408759777668916
vn -0.29160131592125826 0.8890885094631957 -0.35283182239347893
vn 0.29160131592125826 -0.8890885094631957 0.35283182239347893
g Frond
f 84/244/61 87/243/61 85/242/61 82/241/61
f 83/248/62 84/247/62 82/246/62 81/245/62
f 88/252/63 83/251/63 81/250/63 86/249/63
f 87/256/64 88/255/64 86/254/64 85/253/64
f 86/260/65 81/259/65 82/258/65 85/257/65
f 87/264/66 84/263/66 83/262/66 88/261/66
o cube
v -0.0790642160247913 0.2943926944292122 -0.13869495181379404
v -0.09802685449468895 0.2501382483785339 -0.09884256986481184
v -0.0790642160247913 0.2943926944292122 -0.13869495181379404
v -0.09802685449468895 0.2501382483785339 -0.09884256986481184
v -0.03636443998060644 0.3071139244236036 -0.006233072643950385
v -0.01740180151070881 0.3513683704742819 -0.046085454592932576
v -0.03636443998060644 0.3071139244236036 -0.006233072643950385
v -0.01740180151070881 0.3513683704742819 -0.046085454592932576
vt 0 1
vt 0.0625 1
vt 0.0625 1
vt 0 1
vt 0 1
vt 0.125 1
vt 0.125 1
vt 0 1
vt 0 1
vt 0.0625 1
vt 0.0625 1
vt 0 1
vt 0 1
vt 0.125 1
vt 0.125 1
vt 0 1
vt 0 1
vt 0.0625 1
vt 0.0625 0.875
vt 0 0.875
vt 0.34375 0.15625
vt 0.625 0.15625
vt 0.625 0
vt 0.34375 0
vn -0.3034022155183623 -0.7080711368108528 0.6376381111837152
vn -0.49329931611266 -0.4558054083605575 -0.7408759777668916
vn 0.3034022155183623 0.7080711368108528 -0.6376381111837152
vn 0.49329931611266 0.4558054083605575 0.7408759777668916
vn -0.8152317954676029 0.5393298572531027 0.21099863680606237
vn 0.8152317954676029 -0.5393298572531027 -0.21099863680606237
g Frond
f 92/268/67 95/267/67 93/266/67 90/265/67
f 91/272/68 92/271/68 90/270/68 89/269/68
f 96/276/69 91/275/69 89/274/69 94/273/69
f 95/280/70 96/279/70 94/278/70 93/277/70
f 94/284/71 89/283/71 90/282/71 93/281/71
f 95/288/72 92/287/72 91/286/72 96/285/72
o cube
v -0.322989102830706 0.3928475064313975 0.01489369232883242
v -0.20061409054888574 0.37840696411614266 -0.006102190759659509
v -0.322989102830706 0.3928475064313975 0.01489369232883242
v -0.20061409054888574 0.37840696411614266 -0.006102190759659509
v -0.22609471754565247 0.3078245989918756 -0.1060715229636724
v -0.3484697298274727 0.3222651413071304 -0.08507563987518046
v -0.22609471754565247 0.3078245989918756 -0.1060715229636724
v -0.3484697298274727 0.3222651413071304 -0.08507563987518046
vt 0 1
vt 0.0625 1
vt 0.0625 1
vt 0 1
vt 0 1
vt 0.125 1
vt 0.125 1
vt 0 1
vt 0 1
vt 0.0625 1
vt 0.0625 1
vt 0 1
vt 0 1
vt 0.125 1
vt 0.125 1
vt 0 1
vt 0 1
vt 0.0625 1
vt 0.0625 0.875
vt 0 0.875
vt 0.34375 0.875
vt 0.625 0.875
vt 0.625 0.53125
vt 0.34375 0.53125
vn 0.9790000982545638 -0.115524338522039 -0.16796706470793582
vn 0.20384501597413404 0.5646589209941364 0.7997546576321032
vn -0.9790000982545638 0.115524338522039 0.16796706470793582
vn -0.20384501597413404 -0.5646589209941364 -0.7997546576321032
vn -0.002452973717666952 0.8171991373898917 -0.5763501997650019
vn 0.002452973717666952 -0.8171991373898917 0.5763501997650019
g Frond
f 100/292/73 103/291/73 101/290/73 98/289/73
f 99/296/74 100/295/74 98/294/74 97/293/74
f 104/300/75 99/299/75 97/298/75 102/297/75
f 103/304/76 104/303/76 102/302/76 101/301/76
f 102/308/77 97/307/77 98/306/77 101/305/77
f 103/312/78 100/311/78 99/310/78 104/309/78
o cube
v -0.20062733493850007 0.37840973576741466 -0.006100771868021715
v -0.12591445934628093 0.35578003137433206 -0.00916644060800044
v -0.20062733493850007 0.37840973576741466 -0.006100771868021715
v -0.12591445934628093 0.35578003137433206 -0.00916644060800044
v -0.15139508634304769 0.285197666250065 -0.10913577281201337
v -0.22610796193526683 0.3078273706431476 -0.10607010407203464
v -0.15139508634304769 0.285197666250065 -0.10913577281201337
v -0.22610796193526683 0.3078273706431476 -0.10607010407203464
vt 0 1
vt 0.0625 1
vt 0.0625 1
vt 0 1
vt 0 1
vt 0.125 1
vt 0.125 1
vt 0 1
vt 0 1
vt 0.0625 1
vt 0.0625 1
vt 0 1
vt 0 1
vt 0.125 1
vt 0.125 1
vt 0 1
vt 0 1
vt 0.0625 1
vt 0.0625 0.875
vt 0 0.875
vt 0.34375 0.34375
vt 0.625 0.34375
vt 0.625 0.15625
vt 0.34375 0.15625
vn 0.9563248075804053 -0.28966021623145705 -0.039240559871727705
vn 0.20384501597413407 0.5646589209941364 0.7997546576321032
vn -0.9563248075804053 0.28966021623145705 0.039240559871727705
vn -0.20384501597413407 -0.5646589209941364 -0.7997546576321032
vn 0.2094995748654543 0.7728242116254401 -0.5990431253730493
vn -0.2094995748654543 -0.7728242116254401 0.5990431253730493
g Frond
f 108/316/79 111/315/79 109/314/79 106/313/79
f 107/320/80 108/319/80 106/318/80 105/317/80
f 112/324/81 107/323/81 105/322/81 110/321/81
f 111/328/82 112/327/82 110/326/82 109/325/82
f 110/332/83 105/331/83 106/330/83 109/329/83
f 111/336/84 108/335/84 107/334/84 112/333/84
o cube
v -0.3820361790657042 0.38660245682757155 0.03435312907069307
v -0.3229732664076824 0.3928473792184751 0.014889745688493966
v -0.3820361790657042 0.38660245682757155 0.03435312907069307
v -0.3229732664076824 0.3928473792184751 0.014889745688493966
v -0.3484538934044492 0.32226501409420805 -0.08507958651551889
v -0.40751680606247087 0.31602009170330453 -0.06561620313331978
v -0.3484538934044492 0.32226501409420805 -0.08507958651551889
v -0.40751680606247087 0.31602009170330453 -0.06561620313331978
vt 0 1
vt 0.0625 1
vt 0.0625 1
vt 0 1
vt 0 1
vt 0.125 1
vt 0.125 1
vt 0 1
vt 0 1
vt 0.0625 1
vt 0.0625 1
vt 0 1
vt 0 1
vt 0.125 1
vt 0.125 1
vt 0 1
vt 0 1
vt 0.0625 1
vt 0.0625 0.875
vt 0 0.875
vt 0.34375 1
vt 0.625 1
vt 0.625 0.875
vt 0.34375 0.875
vn 0.9450066025283506 0.09991875825445672 -0.3114141341151871
vn 0.20384501597413401 0.5646589209941363 0.7997546576321032
vn -0.9450066025283506 -0.09991875825445672 0.3114141341151871
vn -0.20384501597413401 -0.5646589209941363 -0.7997546576321032
vn -0.25575326125062287 0.8192536510084193 -0.5132384676434978
vn 0.25575326125062287 -0.8192536510084193 0.5132384676434978
g Frond
f 116/340/85 119/339/85 117/338/85 114/337/85
f 115/344/86 116/343/86 114/342/86 113/341/86
f 120/348/87 115/347/87 113/346/87 118/345/87
f 119/352/88 120/351/88 118/350/88 117/349/88
f 118/356/89 113/355/89 114/354/89 117/353/89
f 119/360/90 116/359/90 115/358/90 120/357/90
o cube
v -0.1274414126780583 0.3477182199001617 -0.0030852811572126826
v -0.07723160644257134 0.31250833445774273 0.00897661442045583
v -0.1274414126780583 0.3477182199001617 -0.0030852811572126826
v -0.07723160644257134 0.31250833445774273 0.00897661442045583
v -0.1027122334393381 0.24192596933347565 -0.09099271778355704
v -0.15292203967482504 0.27713585477589464 -0.10305461336122554
v -0.1027122334393381 0.24192596933347565 -0.09099271778355704
v -0.15292203967482504 0.27713585477589464 -0.10305461336122554
vt 0 1
vt 0.0625 1
vt 0.0625 1
vt 0 1
vt 0 1
vt 0.125 1
vt 0.125 1
vt 0 1
vt 0 1
vt 0.0625 1
vt 0.0625 1
vt 0 1
vt 0 1
vt 0.125 1
vt 0.125 1
vt 0 1
vt 0 1
vt 0.0625 1
vt 0.0625 0.875
vt 0 0.875
vt 0.34375 0.15625
vt 0.625 0.15625
vt 0.625 0
vt 0.34375 0
vn 0.8033568997677919 -0.5633581670787047 0.19299032924269624
vn 0.20384501597413407 0.5646589209941364 0.7997546576321032
vn -0.8033568997677919 0.5633581670787047 -0.19299032924269624
vn -0.20384501597413407 -0.5646589209941364 -0.7997546576321032
vn 0.5595220291087627 0.6031483055828475 -0.5684603947633935
vn -0.5595220291087627 -0.6031483055828475 0.5684603947633935
g Frond
f 124/364/91 127/363/91 125/362/91 122/361/91
f 123/368/92 124/367/92 122/366/92 121/365/92
f 128/372/93 123/371/93 121/370/93 126/369/93
f 127/376/94 128/375/94 126/374/94 125/373/94
f 126/380/95 121/379/95 122/378/95 125/377/95
f 127/384/96 124/383/96 123/382/96 128/381/96
o cube
v -0.11770160073033434 0.3488655781364792 -0.3116194615411393
v -0.1285856994544211 0.3434131547158124 -0.18721364385640998
v -0.11770160073033434 0.3488655781364792 -0.3116194615411393
v -0.1285856994544211 0.3434131547158124 -0.18721364385640998
v -0.00406136219295293 0.34341315471581224 -0.17631917601295266
v 0.006822736531133834 0.3488655781364791 -0.30072499369768196
v -0.00406136219295293 0.34341315471581224 -0.17631917601295266
v 0.006822736531133834 0.3488655781364791 -0.30072499369768196
vt 0 1
vt 0.0625 1
vt 0.0625 1
vt 0 1
vt 0 1
vt 0.125 1
vt 0.125 1
vt 0 1
vt 0 1
vt 0.0625 1
vt 0.0625 1
vt 0 1
vt 0 1
vt 0.125 1
vt 0.125 1
vt 0 1
vt 0 1
vt 0.0625 1
vt 0.0625 0.875
vt 0 0.875
vt 0.34375 0.875
vt 0.625 0.875
vt 0.625 0.53125
vt 0.34375 0.53125
vn -0.08707278979269406 -0.04361938736533458 0.9952465414778342
vn -0.9961946980917455 0 -0.0871557427476584
vn 0.08707278979269406 0.04361938736533458 -0.9952465414778342
vn 0.9961946980917455 0 0.0871557427476584
vn -0.003801680104022557 0.9990482215818578 0.043453402427356444
vn 0.003801680104022557 -0.9990482215818578 -0.043453402427356444
g Frond
f 132/388/97 135/387/97 133/386/97 130/385/97
f 131/392/98 132/391/98 130/390/98 129/389/98
f 136/396/99 131/395/99 129/394/99 134/393/99
f 135/400/100 136/399/100 134/398/100 133/397/100
f 134/404/101 129/403/101 130/402/101 133/401/101
f 135/408/102 132/407/102 131/406/102 136/405/102
o cube
v -0.12858452743953294 0.3434152229507279 -0.1872270400478818
v -0.13516155734807747 0.32319498505209354 -0.11205124419639283
v -0.12858452743953294 0.3434152229507279 -0.1872270400478818
v -0.13516155734807747 0.32319498505209354 -0.11205124419639283
v -0.010637220086609278 0.32319498505209343 -0.10115677635293553
v -0.0040601901780647764 0.3434152229507278 -0.17633257220442447
v -0.010637220086609278 0.32319498505209343 -0.10115677635293553
v -0.0040601901780647764 0.3434152229507278 -0.17633257220442447
vt 0 1
vt 0.0625 1
vt 0.0625 1
vt 0 1
vt 0 1
vt 0.125 1
vt 0.125 1
vt 0 1
vt 0 1
vt 0.0625 1
vt 0.0625 1
vt 0 1
vt 0 1
vt 0.125 1
vt 0.125 1
vt 0 1
vt 0 1
vt 0.0625 1
vt 0.0625 0.875
vt 0 0.875
vt 0.34375 0.34375
vt 0.625 0.34375
vt 0.625 0.15625
vt 0.34375 0.15625
vn -0.08418598282936969 -0.2588190451025195 0.9622501868990585
vn -0.9961946980917455 0 -0.08715574274765837
vn 0.08418598282936969 0.2588190451025195 -0.9622501868990585
vn 0.9961946980917455 0 0.08715574274765837
vn -0.022557566113148818 0.9659258262890688 0.2578341604962984
vn 0.022557566113148818 -0.9659258262890688 -0.2578341604962984
g Frond
f 140/412/103 143/411/103 141/410/103 138/409/103
f 139/416/104 140/415/104 138/414/104 137/413/104
f 144/420/105 139/419/105 137/418/105 142/417/105
f 143/424/106 144/423/106 142/422/106 141/421/106
f 142/428/107 137/427/107 138/426/107 141/425/107
f 143/432/108 140/431/108 139/430/108 144/429/108
o cube
v -0.11238490507227882 0.3353395262531977 -0.37238957099057834
v -0.11770301779991073 0.3488670021243292 -0.3116032643617647
v -0.11238490507227882 0.3353395262531977 -0.37238957099057834
v -0.11770301779991073 0.3488670021243292 -0.3116032643617647
v 0.006821319461557437 0.34886700212432903 -0.3007087965183074
v 0.01213943218918935 0.3353395262531975 -0.361495103147121
v 0.006821319461557437 0.34886700212432903 -0.3007087965183074
v 0.01213943218918935 0.3353395262531975 -0.361495103147121
vt 0 1
vt 0.0625 1
vt 0.0625 1
vt 0 1
vt 0 1
vt 0.125 1
vt 0.125 1
vt 0 1
vt 0 1
vt 0.0625 1
vt 0.0625 1
vt 0 1
vt 0 1
vt 0.125 1
vt 0.125 1
vt 0 1
vt 0 1
vt 0.0625 1
vt 0.0625 0.875
vt 0 0.875
vt 0.34375 1
vt 0.625 1
vt 0.625 0.875
vt 0.34375 0.875
vn -0.08508980364211073 0.21643961393810415 0.9725809060610184
vn -0.9961946980917455 0 -0.08715574274765837
vn 0.08508980364211073 -0.21643961393810415 -0.9725809060610184
vn 0.9961946980917455 0 0.08715574274765837
vn 0.018863955312792884 0.9762960071199331 -0.21561599586216357
vn -0.018863955312792884 -0.9762960071199331 0.21561599586216357
g Frond
f 148/436/109 151/435/109 149/434/109 146/433/109
f 147/440/110 148/439/110 146/438/110 145/437/110
f 152/444/111 147/443/111 145/442/111 150/441/111
f 151/448/112 152/447/112 150/446/112 149/445/112
f 150/452/113 145/451/113 146/450/113 149/449/113
f 151/456/114 148/455/114 147/454/114 152/453/114
o cube
v -0.1349851920967951 0.31318448664130627 -0.11406710824293999
v -0.1393067733239463 0.2751368973282613 -0.0646712087859709
v -0.1349851920967951 0.31318448664130627 -0.11406710824293999
v -0.1393067733239463 0.2751368973282613 -0.0646712087859709
v -0.014782436062478102 0.2751368973282612 -0.0537767409425136
v -0.010460854835326924 0.31318448664130616 -0.10317264039948269
v -0.014782436062478102 0.2751368973282612 -0.0537767409425136
v -0.010460854835326924 0.31318448664130616 -0.10317264039948269
vt 0 1
vt 0.0625 1
vt 0.0625 1
vt 0 1
vt 0 1
vt 0.125 1
vt 0.125 1
vt 0 1
vt 0 1
vt 0.0625 1
vt 0.0625 1
vt 0 1
vt 0 1
vt 0.125 1
vt 0.125 1
vt 0 1
vt 0 1
vt 0.0625 1
vt 0.0625 0.875
vt 0 0.875
vt 0.34375 0.15625
vt 0.625 0.15625
vt 0.625 0
vt 0.34375 0
vn -0.06914529963441907 -0.6087614290087194 0.7903343913115057
vn -0.9961946980917455 0 -0.08715574274765839
vn 0.06914529963441907 0.6087614290087194 -0.7903343913115057
vn 0.9961946980917455 0 0.08715574274765839
vn -0.053057054501380055 0.7933533402912362 0.606444907981241
vn 0.053057054501380055 -0.7933533402912362 -0.606444907981241
g Frond
f 156/460/115 159/459/115 157/458/115 154/457/115
f 155/464/116 156/463/116 154/462/116 153/461/116
f 160/468/117 155/467/117 153/466/117 158/465/117
f 159/472/118 160/471/118 158/470/118 157/469/118
f 158/476/119 153/475/119 154/474/119 157/473/119
f 159/480/120 156/479/120 155/478/120 160/477/120
o cube
v -0.044118222056772405 0.43978828043360946 0.2822367030194966
v -0.028755212272029377 0.38847212760927735 0.10255119890282163
v -0.044118222056772405 0.43978828043360946 0.2822367030194966
v -0.028755212272029377 0.38847212760927735 0.10255119890282163
v -0.15332231346251302 0.38736910924655177 0.09221579124316467
v -0.16868532324725605 0.4386852620708839 0.27190129535983965
v -0.15332231346251302 0.38736910924655177 0.09221579124316467
v -0.16868532324725605 0.4386852620708839 0.27190129535983965
vt 0 1
vt 0.0625 1
vt 0.0625 1
vt 0 1
vt 0 1
vt 0.125 1
vt 0.125 1
vt 0 1
vt 0 1
vt 0.0625 1
vt 0.0625 1
vt 0 1
vt 0 1
vt 0.125 1
vt 0.125 1
vt 0 1
vt 0 1
vt 0.0625 1
vt 0.0625 0.875
vt 0 0.875
vt 0.34375 0.875
vt 0.625 0.875
vt 0.625 0.4375
vt 0.34375 0.4375
vn 0.0819360521852962 -0.2736861483964382 -0.9583226886222673
vn 0.9965368095238694 0.008824146901804667 0.08268326127725567
vn -0.0819360521852962 0.2736861483964382 0.9583226886222673
vn -0.9965368095238694 -0.008824146901804667 -0.08268326127725567
vn 0.014172883132093183 0.9617785746248344 -0.27346133689489965
vn -0.014172883132093183 -0.9617785746248344 0.27346133689489965
g Frond
f 164/484/121 167/483/121 165/482/121 162/481/121
f 163/488/122 164/487/122 162/486/122 161/485/122
f 168/492/123 163/491/123 161/490/123 166/489/123
f 167/496/124 168/495/124 166/494/124 165/493/124
f 166/500/125 161/499/125 162/498/125 165/497/125
f 167/504/126 164/503/126 163/502/126 168/501/126
o cube
v -0.02875629966292989 0.3884772547668199 0.10256375745761616
v -0.020342489184191986 0.3364841338154996 0.006705456867791081
v -0.02875629966292989 0.3884772547668199 0.10256375745761616
v -0.020342489184191986 0.3364841338154996 0.006705456867791081
v -0.1449095903746756 0.335381115452774 -0.0036299507918658713
v -0.1533234008534135 0.3873742364040943 0.0922283497979592
v -0.1449095903746756 0.335381115452774 -0.0036299507918658713
v -0.1533234008534135 0.3873742364040943 0.0922283497979592
vt 0 1
vt 0.0625 1
vt 0.0625 1
vt 0 1
vt 0 1
vt 0.125 1
vt 0.125 1
vt 0 1
vt 0 1
vt 0.0625 1
vt 0.0625 1
vt 0 1
vt 0 1
vt 0.125 1
vt 0.125 1
vt 0 1
vt 0 1
vt 0.0625 1
vt 0.0625 0.875
vt 0 0.875
vt 0.34375 0.4375
vt 0.625 0.4375
vt 0.625 0.15625
vt 0.34375 0.15625
vn 0.07692626723417507 -0.47536567726921425 -0.8764187482498293
vn 0.9965368095238692 0.008824146901804652 0.08268326127725566
vn -0.07692626723417507 0.47536567726921425 0.8764187482498293
vn -0.9965368095238692 -0.008824146901804652 -0.08268326127725566
vn 0.03157113671383781 0.8797440578405954 -0.47439820406569794
vn -0.03157113671383781 -0.8797440578405954 0.47439820406569794
g Frond
f 172/508/127 175/507/127 173/506/127 170/505/127
f 171/512/128 172/511/128 170/510/128 169/509/128
f 176/516/129 171/515/129 169/514/129 174/513/129
f 175/520/130 176/519/130 174/518/130 173/517/130
f 174/524/131 169/523/131 170/522/131 173/521/131
f 175/528/132 172/527/132 171/526/132 176/525/132
o cube
v -0.04929310881331858 0.4408130107692061 0.3444974639942926
v -0.04411733625153459 0.43984839159737865 0.2822196116851291
v -0.04929310881331858 0.4408130107692061 0.3444974639942926
v -0.04411733625153459 0.43984839159737865 0.2822196116851291
v -0.16868443744201822 0.43874537323465307 0.27188420402547214
v -0.1738602100038022 0.4397099924064805 0.33416205633463564
v -0.16868443744201822 0.43874537323465307 0.27188420402547214
v -0.1738602100038022 0.4397099924064805 0.33416205633463564
vt 0 1
vt 0.0625 1
vt 0.0625 1
vt 0 1
vt 0 1
vt 0.125 1
vt 0.125 1
vt 0 1
vt 0 1
vt 0.0625 1
vt 0.0625 1
vt 0 1
vt 0 1
vt 0.125 1
vt 0.125 1
vt 0 1
vt 0 1
vt 0.0625 1
vt 0.0625 0.875
vt 0 0.875
vt 0.34375 1
vt 0.625 1
vt 0.625 0.875
vt 0.34375 0.875
vn 0.08281236098854446 -0.015433906749239085 -0.9964456369466218
vn 0.9965368095238694 0.00882414690180466 0.08268326127725566
vn -0.08281236098854446 0.015433906749239085 0.9964456369466218
vn -0.9965368095238694 -0.00882414690180466 -0.08268326127725566
vn -0.007516656935803158 0.9998419519873686 -0.016111204629023795
vn 0.007516656935803158 -0.9998419519873686 0.016111204629023795
g Frond
f 180/532/133 183/531/133 181/530/133 178/529/133
f 179/536/134 180/535/134 178/534/134 177/533/134
f 184/540/135 179/539/135 177/538/135 182/537/135
f 183/544/136 184/543/136 182/542/136 181/541/136
f 182/548/137 177/547/137 178/546/137 181/545/137
f 183/552/138 180/551/138 179/550/138 184/549/138
o cube
v -0.02061535030370338 0.3272143104323818 0.010983401729948203
v -0.016928547000651564 0.2787240544733428 -0.028276661418644555
v -0.02061535030370338 0.3272143104323818 0.010983401729948203
v -0.016928547000651564 0.2787240544733428 -0.028276661418644555
v -0.14149564819113522 0.2776210361106172 -0.03861206907830151
v -0.14518245149418704 0.3261112920696562 0.000647994070291244
v -0.14149564819113522 0.2776210361106172 -0.03861206907830151
v -0.14518245149418704 0.3261112920696562 0.000647994070291244
vt 0 1
vt 0.0625 1
vt 0.0625 1
vt 0 1
vt 0 1
vt 0.125 1
vt 0.125 1
vt 0 1
vt 0 1
vt 0.0625 1
vt 0.0625 1
vt 0 1
vt 0 1
vt 0.125 1
vt 0.125 1
vt 0 1
vt 0 1
vt 0.0625 1
vt 0.0625 0.875
vt 0 0.875
vt 0.34375 0.15625
vt 0.625 0.15625
vt 0.625 0
vt 0.34375 0
vn 0.05898885284882905 -0.775844095344624 -0.6281610103774838
vn 0.9965368095238694 0.008824146901804664 0.08268326127725566
vn -0.05898885284882905 0.775844095344624 0.6281610103774838
vn -0.9965368095238694 -0.008824146901804664 -0.08268326127725566
vn 0.058606335012238664 0.6308629598814135 -0.7736777257657711
vn -0.058606335012238664 -0.6308629598814135 0.7736777257657711
g Frond
f 188/556/139 191/555/139 189/554/139 186/553/139
f 187/560/140 188/559/140 186/558/140 185/557/140
f 192/564/141 187/563/141 185/562/141 190/561/141
f 191/568/142 192/567/142 190/566/142 189/565/142
f 190/572/143 185/571/143 186/570/143 189/569/143
f 191/576/144 188/575/144 187/574/144 192/573/144
o cube
v 0.2121337145738742 0.32856354686745237 -0.2684354946218089
v 0.04597747793439699 0.33674218199845285 -0.18194003258361838
v 0.2121337145738742 0.32856354686745237 -0.2684354946218089
v 0.04597747793439699 0.33674218199845285 -0.18194003258361838
v 0.10369605458877612 0.33674218199845285 -0.0710636784363406
v 0.2698522912282533 0.32856354686745237 -0.15755914047453104
v 0.10369605458877612 0.33674218199845285 -0.0710636784363406
v 0.2698522912282533 0.32856354686745237 -0.15755914047453104
vt 0 1
vt 0.0625 1
vt 0.0625 1
vt 0 1
vt 0 1
vt 0.125 1
vt 0.125 1
vt 0 1
vt 0 1
vt 0.0625 1
vt 0.0625 1
vt 0 1
vt 0 1
vt 0.125 1
vt 0.125 1
vt 0 1
vt 0 1
vt 0.0625 1
vt 0.0625 0.875
vt 0 0.875
vt 0.34375 0.875
vt 0.625 0.875
vt 0.625 0.4375
vt 0.34375 0.4375
vn -0.8861665954105449 0.04361938736533584 0.46130913087034875
vn -0.46174861323503297 0 -0.8870108331782222
vn 0.8861665954105449 -0.04361938736533584 -0.46130913087034875
vn 0.46174861323503297 0 0.8870108331782222
vn 0.03869086912965013 0.9990482215818578 -0.020141191626105462
vn -0.03869086912965013 -0.9990482215818578 0.020141191626105462
g Frond
f 196/580/145 199/579/145 197/578/145 194/577/145
f 195/584/146 196/583/146 194/582/146 193/581/146
f 200/588/147 195/587/147 193/586/147 198/585/147
f 199/592/148 200/591/148 198/590/148 197/589/148
f 198/596/149 193/595/149 194/594/149 197/593/149
f 199/600/150 196/599/150 195/598/150 200/597/150
o cube
v 0.04598952285271158 0.33674307202778075 -0.18194630277121965
v -0.04955338368850907 0.31775030259546017 -0.13220981371191537
v 0.04598952285271158 0.33674307202778075 -0.18194630277121965
v -0.04955338368850907 0.31775030259546017 -0.13220981371191537
v 0.008165192965870077 0.31775030259546017 -0.021333459564637572
v 0.10370809950709073 0.33674307202778075 -0.07106994862394182
v 0.008165192965870077 0.31775030259546017 -0.021333459564637572
v 0.10370809950709073 0.33674307202778075 -0.07106994862394182
vt 0 1
vt 0.0625 1
vt 0.0625 1
vt 0 1
vt 0 1
vt 0.125 1
vt 0.125 1
vt 0 1
vt 0 1
vt 0.0625 1
vt 0.0625 1
vt 0 1
vt 0 1
vt 0.125 1
vt 0.125 1
vt 0 1
vt 0 1
vt 0.0625 1
vt 0.0625 0.875
vt 0 0.875
vt 0.34375 0.4375
vt 0.625 0.4375
vt 0.625 0.15625
vt 0.34375 0.15625
vn -0.8735351455197317 -0.17364817766693078 0.45473361425649594
vn -0.4617486132350331 0 -0.8870108331782223
vn 0.8735351455197317 0.17364817766693078 -0.45473361425649594
vn 0.4617486132350331 0 0.8870108331782223
vn -0.15402781475222413 0.9848077530122081 0.08018180522849591
vn 0.15402781475222413 -0.9848077530122081 -0.08018180522849591
g Frond
f 204/604/151 207/603/151 205/602/151 202/601/151
f 203/608/152 204/607/152 202/606/152 201/605/152
f 208/612/153 203/611/153 201/610/153 206/609/153
f 207/616/154 208/615/154 206/614/154 205/613/154
f 206/620/155 201/619/155 202/618/155 205/617/155
f 207/624/156 204/623/156 203/622/156 208/621/156
o cube
v 0.26500846194702066 0.30983187491524977 -0.2959603459105163
v 0.21213613275330948 0.32862598738426685 -0.26843675344634516
v 0.26500846194702066 0.30983187491524977 -0.2959603459105163
v 0.21213613275330948 0.32862598738426685 -0.26843675344634516
v 0.26985470940768863 0.32862598738426685 -0.15756039929906734
v 0.32272703860139973 0.30983187491524977 -0.18508399176323848
v 0.26985470940768863 0.32862598738426685 -0.15756039929906734
v 0.32272703860139973 0.30983187491524977 -0.18508399176323848
vt 0 1
vt 0.0625 1
vt 0.0625 1
vt 0 1
vt 0 1
vt 0.125 1
vt 0.125 1
vt 0 1
vt 0 1
vt 0.0625 1
vt 0.0625 1
vt 0 1
vt 0 1
vt 0.125 1
vt 0.125 1
vt 0 1
vt 0 1
vt 0.0625 1
vt 0.0625 0.875
vt 0 0.875
vt 0.34375 1
vt 0.625 1
vt 0.625 0.875
vt 0.34375 0.875
vn -0.8459572670993784 0.3007057995042728 0.440377479426738
vn -0.461748613235033 0 -0.8870108331782223
vn 0.8459572670993784 -0.3007057995042728 -0.440377479426738
vn 0.461748613235033 0 0.8870108331782223
vn 0.2667293017598084 0.953716950748227 -0.13885048591282975
vn -0.2667293017598084 -0.953716950748227 0.13885048591282975
g Frond
f 212/628/157 215/627/157 213/626/157 210/625/157
f 211/632/158 212/631/158 210/630/158 209/629/158
f 216/636/159 211/635/159 209/634/159 214/633/159
f 215/640/160 216/639/160 214/638/160 213/637/160
f 214/644/161 209/643/161 210/642/161 213/641/161
f 215/648/162 212/647/162 211/646/162 216/645/162
o cube
v -0.04853918293298071 0.3076015319020956 -0.13273777320788804
v -0.09529526724834779 0.27402030638041913 -0.10839809630048872
v -0.04853918293298071 0.3076015319020956 -0.13273777320788804
v -0.09529526724834779 0.27402030638041913 -0.10839809630048872
v -0.037576690593968676 0.27402030638041913 0.002478257846789053
v 0.009179393721398397 0.3076015319020956 -0.021861419060610295
v -0.037576690593968676 0.27402030638041913 0.002478257846789053
v 0.009179393721398397 0.3076015319020956 -0.021861419060610295
vt 0 1
vt 0.0625 1
vt 0.0625 1
vt 0 1
vt 0 1
vt 0.125 1
vt 0.125 1
vt 0 1
vt 0 1
vt 0.0625 1
vt 0.0625 1
vt 0 1
vt 0 1
vt 0.125 1
vt 0.125 1
vt 0 1
vt 0 1
vt 0.0625 1
vt 0.0625 0.875
vt 0 0.875
vt 0.34375 0.15625
vt 0.625 0.15625
vt 0.625 0
vt 0.34375 0
vn -0.7480973490458731 -0.537299608346824 0.38943483051838934
vn -0.461748613235033 0 -0.8870108331782223
vn 0.7480973490458731 0.537299608346824 -0.38943483051838934
vn 0.461748613235033 0 0.8870108331782223
vn -0.4765905732660488 0.8433914458128857 0.24809734904587233
vn 0.4765905732660488 -0.8433914458128857 -0.24809734904587233
g Frond
f 220/652/163 223/651/163 221/650/163 218/649/163
f 219/656/164 220/655/164 218/654/164 217/653/164
f 224/660/165 219/659/165 217/658/165 222/657/165
f 223/664/166 224/663/166 222/662/166 221/661/166
f 222/668/167 217/667/167 218/666/167 221/665/167
f 223/672/168 220/671/168 219/670/168 224/669/168
o cube
v 0.23764740736117557 0.32856354686745215 0.13650155496945668
v 0.09415078138292299 0.3367421819984527 0.016093589035920938
v 0.23764740736117557 0.32856354686745215 0.13650155496945668
v 0.09415078138292299 0.3367421819984527 0.016093589035920938
v 0.013802330172105602 0.3367421819984527 0.11184914442579323
v 0.1572989561503582 0.32856354686745215 0.232257110359329
v 0.013802330172105602 0.3367421819984527 0.11184914442579323
v 0.1572989561503582 0.32856354686745215 0.232257110359329
vt 0 1
vt 0.0625 1
vt 0.0625 1
vt 0 1
vt 0 1
vt 0.125 1
vt 0.125 1
vt 0 1
vt 0 1
vt 0.0625 1
vt 0.0625 1
vt 0 1
vt 0 1
