# Made in Blockbench 4.1.3

o cube
v 0.3527770791165004 0.18748422973191642 0.014196572181845765
v 0.172355169072927 0.17114252796673046 -0.03414733291121007
v 0.3527770791165004 0.18748422973191642 0.014196572181845765
v 0.172355169072927 0.17114252796673046 -0.03414733291121007
v 0.1400027884351121 0.17114252796673043 0.08659339537492353
v 0.32042469847868554 0.18748422973191642 0.13493730046797936
v 0.1400027884351121 0.17114252796673043 0.08659339537492353
v 0.32042469847868554 0.18748422973191642 0.13493730046797936
vt 0 1
vt 0.0625 1
vt 0.0625 1
vt 0 1
vt 0 1
vt 0.125 1
vt 0.125 1
vt 0 1
vt 0 1
vt 0.0625 1
vt 0.0625 1
vt 0 1
vt 0 1
vt 0.125 1
vt 0.125 1
vt 0 1
vt 0 1
vt 0.0625 1
vt 0.0625 0.875
vt 0 0.875
vt 0.34375 0.875
vt 0.625 0.875
vt 0.625 0.4375
vt 0.34375 0.4375
vn -0.9622501868990587 -0.08715574274765844 -0.25783416049629787
vn 0.2588190451025191 0 -0.9659258262890689
vn 0.9622501868990587 0.08715574274765844 0.25783416049629787
vn -0.2588190451025191 0 0.9659258262890689
vn -0.08418598282936955 0.9961946980917455 -0.02255756611314972
vn 0.08418598282936955 -0.9961946980917455 0.02255756611314972
g Frond
f 4/4/1 7/3/1 5/2/1 2/1/1
f 3/8/2 4/7/2 2/6/2 1/5/2
f 8/12/3 3/11/3 1/10/3 6/9/3
f 7/16/4 8/15/4 6/14/4 5/13/4
f 6/20/5 1/19/5 2/18/5 5/17/5
f 7/24/6 4/23/6 3/22/6 8/21/6
o cube
v 0.17236806116822845 0.17114518282606547 -0.034143878484685315
v 0.0716096418575784 0.13825548600528556 -0.06114201556961025
v 0.17236806116822845 0.17114518282606547 -0.034143878484685315
v 0.0716096418575784 0.13825548600528556 -0.06114201556961025
v 0.03925726121976352 0.13825548600528556 0.05959871271652335
v 0.14001568053041358 0.17114518282606545 0.08659684980144829
v 0.03925726121976352 0.13825548600528556 0.05959871271652335
v 0.14001568053041358 0.17114518282606545 0.08659684980144829
vt 0 1
vt 0.0625 1
vt 0.0625 1
vt 0 1
vt 0 1
vt 0.125 1
vt 0.125 1
vt 0 1
vt 0 1
vt 0.0625 1
vt 0.0625 1
vt 0 1
vt 0 1
vt 0.125 1
vt 0.125 1
vt 0 1
vt 0 1
vt 0.0625 1
vt 0.0625 0.875
vt 0 0.875
vt 0.34375 0.4375
vt 0.625 0.4375
vt 0.625 0.15625
vt 0.34375 0.15625
vn -0.921219833697372 -0.30070579950427356 -0.2468401104907423
vn 0.2588190451025191 0 -0.9659258262890688
vn 0.921219833697372 0.30070579950427356 0.2468401104907423
vn -0.2588190451025191 0 0.9659258262890688
vn -0.29045949785608044 0.9537169507482268 -0.07782838788448557
vn 0.29045949785608044 -0.9537169507482268 0.07782838788448557
g Frond
f 12/28/7 15/27/7 13/26/7 10/25/7
f 11/32/8 12/31/8 10/30/8 9/29/8
f 16/36/9 11/35/9 9/34/9 14/33/9
f 15/40/10 16/39/10 14/38/10 13/37/10
f 14/44/11 9/43/11 10/42/11 13/41/11
f 15/48/12 12/47/12 11/46/12 16/45/12
o cube
v 0.41222502015258605 0.1766934807993213 0.030125599974157813
v 0.3527718174923237 0.18754649190350442 0.014195162333896755
v 0.41222502015258605 0.1766934807993213 0.030125599974157813
v 0.3527718174923237 0.18754649190350442 0.014195162333896755
v 0.32041943685450885 0.18754649190350442 0.13493589062003036
v 0.3798726395147712 0.1766934807993213 0.1508663282602914
v 0.32041943685450885 0.18754649190350442 0.13493589062003036
v 0.3798726395147712 0.1766934807993213 0.1508663282602914
vt 0 1
vt 0.0625 1
vt 0.0625 1
vt 0 1
vt 0 1
vt 0.125 1
vt 0.125 1
vt 0 1
vt 0 1
vt 0.0625 1
vt 0.0625 1
vt 0 1
vt 0 1
vt 0.125 1
vt 0.125 1
vt 0 1
vt 0 1
vt 0.0625 1
vt 0.0625 0.875
vt 0 0.875
vt 0.34375 1
vt 0.625 1
vt 0.625 0.875
vt 0.34375 0.875
vn -0.9512512425641982 0.17364817766692994 -0.25488700224417715
vn 0.25881904510251913 0 -0.9659258262890689
vn 0.9512512425641982 -0.17364817766692994 0.25488700224417715
vn -0.25881904510251913 0 0.9659258262890689
vn 0.1677312594965203 0.9848077530122082 0.04494345552754744
vn -0.1677312594965203 -0.9848077530122082 -0.04494345552754744
g Frond
f 20/52/13 23/51/13 21/50/13 18/49/13
f 19/56/14 20/55/14 18/54/14 17/53/14
f 24/60/15 19/59/15 17/58/15 22/57/15
f 23/64/16 24/63/16 22/62/16 21/61/16
f 22/68/17 17/67/17 18/66/17 21/65/17
f 23/72/18 20/71/18 19/70/18 24/69/18
o cube
v 0.07398416779498934 0.1283427820067609 -0.06050576326227424
v 0.027737785814123818 0.08816855640135218 -0.07289744396690828
v 0.07398416779498934 0.1283427820067609 -0.06050576326227424
v 0.027737785814123818 0.08816855640135218 -0.07289744396690828
v -0.004614594823691063 0.08816855640135218 0.04784328431922531
v 0.041631787157174444 0.12834278200676089 0.06023496502385936
v -0.004614594823691063 0.08816855640135218 0.04784328431922531
v 0.041631787157174444 0.12834278200676089 0.06023496502385936
vt 0 1
vt 0.0625 1
vt 0.0625 1
vt 0 1
vt 0 1
vt 0.125 1
vt 0.125 1
vt 0 1
vt 0 1
vt 0.0625 1
vt 0.0625 1
vt 0 1
vt 0 1
vt 0.125 1
vt 0.125 1
vt 0 1
vt 0 1
vt 0.0625 1
vt 0.0625 0.875
vt 0 0.875
vt 0.34375 0.15625
vt 0.625 0.15625
vt 0.625 0
vt 0.34375 0
vn -0.7399421116938483 -0.6427876096865395 -0.19826689127414487
vn 0.25881904510251913 0 -0.9659258262890689
vn 0.7399421116938483 0.6427876096865395 0.19826689127414487
vn -0.25881904510251913 0 0.9659258262890689
vn -0.6208851530148461 0.766044443118978 -0.1663656753428009
vn 0.6208851530148461 -0.766044443118978 0.1663656753428009
g Frond
f 28/76/19 31/75/19 29/74/19 26/73/19
f 27/80/20 28/79/20 26/78/20 25/77/20
f 32/84/21 27/83/21 25/82/21 30/81/21
f 31/88/22 32/87/22 30/86/22 29/85/22
f 30/92/23 25/91/23 26/90/23 29/89/23
f 31/96/24 28/95/24 27/94/24 32/93/24
o cube
v 0.06513891908119693 0.1253107889986037 -0.37733048431346367
v 0.0012541715646450721 0.14165249076378958 -0.20180858306417754
v 0.06513891908119693 0.1253107889986037 -0.37733048431346367
v 0.0012541715646450721 0.14165249076378958 -0.20180858306417754
v 0.11871574916288366 0.14165249076378955 -0.15905606514846898
v 0.18260049667943548 0.12531078899860368 -0.3345779663977551
v 0.11871574916288366 0.14165249076378955 -0.15905606514846898
v 0.18260049667943548 0.12531078899860368 -0.3345779663977551
vt 0 1
vt 0.0625 1
vt 0.0625 1
vt 0 1
vt 0 1
vt 0.125 1
vt 0.125 1
vt 0 1
vt 0 1
vt 0.0625 1
vt 0.0625 1
vt 0 1
vt 0 1
vt 0.125 1
vt 0.125 1
vt 0 1
vt 0 1
vt 0.0625 1
vt 0.0625 0.875
vt 0 0.875
vt 0.34375 0.875
vt 0.625 0.875
vt 0.625 0.4375
vt 0.34375 0.4375
vn -0.34071865342160973 0.08715574274765814 0.9361168066628593
vn -0.9396926207859086 0 -0.3420201433256685
vn 0.34071865342160973 -0.08715574274765814 -0.9361168066628593
vn 0.9396926207859086 0 0.3420201433256685
vn 0.029809019626209212 0.9961946980917455 -0.08189960831908923
vn -0.029809019626209212 -0.9961946980917455 0.08189960831908923
g Frond
f 36/100/25 39/99/25 37/98/25 34/97/25
f 35/104/26 36/103/26 34/102/26 33/101/26
f 40/108/27 35/107/27 33/106/27 38/105/27
f 39/112/28 40/111/28 38/110/28 37/109/28
f 38/116/29 33/115/29 34/114/29 37/113/29
f 39/120/30 36/119/30 35/118/30 40/117/30
o cube
v 0.001258824790278383 0.14165278762859854 -0.2018213676965327
v -0.0358295938832525 0.1273764853545304 -0.09992177486772733
v 0.001258824790278383 0.14165278762859854 -0.2018213676965327
v -0.0358295938832525 0.1273764853545304 -0.09992177486772733
v 0.08163198371498608 0.12737648535453036 -0.05716925695201879
v 0.11872040238851697 0.14165278762859854 -0.15906884978082414
v 0.08163198371498608 0.12737648535453036 -0.05716925695201879
v 0.11872040238851697 0.14165278762859854 -0.15906884978082414
vt 0 1
vt 0.0625 1
vt 0.0625 1
vt 0 1
vt 0 1
vt 0.125 1
vt 0.125 1
vt 0 1
vt 0 1
vt 0.0625 1
vt 0.0625 1
vt 0 1
vt 0 1
vt 0.125 1
vt 0.125 1
vt 0 1
vt 0 1
vt 0.0625 1
vt 0.0625 0.875
vt 0 0.875
vt 0.34375 0.4375
vt 0.625 0.4375
vt 0.625 0.15625
vt 0.34375 0.15625
vn -0.33909411358656805 -0.1305261922200518 0.9316534201490778
vn -0.9396926207859086 0 -0.3420201433256684
vn 0.33909411358656805 0.1305261922200518 -0.9316534201490778
vn 0.9396926207859086 0 0.3420201433256684
vn -0.044642586970855734 0.9914448613738105 0.12265449964846577
vn 0.044642586970855734 -0.9914448613738105 -0.12265449964846577
g Frond
f 44/124/31 47/123/31 45/122/31 42/121/31
f 43/128/32 44/127/32 42/126/32 41/125/32
f 48/132/33 43/131/33 41/130/33 46/129/33
f 47/136/34 48/135/34 46/134/34 45/133/34
f 46/140/35 41/139/35 42/138/35 45/137/35
f 47/144/36 44/143/36 43/142/36 48/141/36
o cube
v 0.08522789494771636 0.10399679221233737 -0.43252449188669484
v 0.06514078214501204 0.12537305117019165 -0.37733560303922675
v 0.08522789494771636 0.10399679221233737 -0.43252449188669484
v 0.06514078214501204 0.12537305117019165 -0.37733560303922675
v 0.18260235974325062 0.12537305117019165 -0.33458308512351825
v 0.20268947254595496 0.10399679221233735 -0.38977197397098634
v 0.18260235974325062 0.12537305117019165 -0.33458308512351825
v 0.20268947254595496 0.10399679221233735 -0.38977197397098634
vt 0 1
vt 0.0625 1
vt 0.0625 1
vt 0 1
vt 0 1
vt 0.125 1
vt 0.125 1
vt 0 1
vt 0 1
vt 0.0625 1
vt 0.0625 1
vt 0 1
vt 0 1
vt 0.125 1
vt 0.125 1
vt 0 1
vt 0 1
vt 0.0625 1
vt 0.0625 0.875
vt 0 0.875
vt 0.34375 1
vt 0.625 1
vt 0.625 0.875
vt 0.34375 0.875
vn -0.3213938048432693 0.3420201433256687 0.8830222215594893
vn -0.9396926207859086 0 -0.3420201433256684
vn 0.3213938048432693 -0.3420201433256687 -0.8830222215594893
vn 0.9396926207859086 0 0.3420201433256684
vn 0.11697777844051088 0.9396926207859085 -0.32139380484326946
vn -0.11697777844051088 -0.9396926207859085 0.32139380484326946
g Frond
f 52/148/37 55/147/37 53/146/37 50/145/37
f 51/152/38 52/151/38 50/150/38 49/149/38
f 56/156/39 51/155/39 49/154/39 54/153/39
f 55/160/40 56/159/40 54/158/40 53/157/40
f 54/164/41 49/163/41 50/162/41 53/161/41
f 55/168/42 52/167/42 51/166/42 56/165/42
o cube
v -0.03559030967989871 0.1171875 -0.10057920281327411
v -0.054102692975275174 0.0859375 -0.04971684772893824
v -0.03559030967989871 0.1171875 -0.10057920281327411
v -0.054102692975275174 0.0859375 -0.04971684772893824
v 0.06335888462296341 0.08593749999999999 -0.00696432981322969
v 0.08187126791833989 0.1171875 -0.05782668489756557
v 0.06335888462296341 0.08593749999999999 -0.00696432981322969
v 0.08187126791833989 0.1171875 -0.05782668489756557
vt 0 1
vt 0.0625 1
vt 0.0625 1
vt 0 1
vt 0 1
vt 0.125 1
vt 0.125 1
vt 0 1
vt 0 1
vt 0.0625 1
vt 0.0625 1
vt 0 1
vt 0 1
vt 0.125 1
vt 0.125 1
vt 0 1
vt 0 1
vt 0.0625 1
vt 0.0625 0.875
vt 0 0.875
vt 0.34375 0.15625
vt 0.625 0.15625
vt 0.625 0
vt 0.34375 0
vn -0.2961981327260236 -0.5000000000000001 0.8137976813493739
vn -0.9396926207859086 0 -0.3420201433256684
vn 0.2961981327260236 0.5000000000000001 -0.8137976813493739
vn 0.9396926207859086 0 0.3420201433256684
vn -0.17101007166283405 0.8660254037844387 0.46984631039295427
vn 0.17101007166283405 -0.8660254037844387 -0.46984631039295427
g Frond
f 60/172/43 63/171/43 61/170/43 58/169/43
f 59/176/44 60/175/44 58/174/44 57/173/44
f 64/180/45 59/179/45 57/178/45 62/177/45
f 63/184/46 64/183/46 62/182/46 61/181/46
f 62/188/47 57/187/47 58/186/47 61/185/47
f 63/192/48 60/191/48 59/190/48 64/189/48
o cube
v -0.347513624880181 0.20258040486308837 0.01671023724864737
v -0.162325103439388 0.17810674382182823 0.032912133489841844
v -0.347513624880181 0.20258040486308837 0.01671023724864737
v -0.162325103439388 0.17810674382182823 0.032912133489841844
v -0.15143063559593237 0.17810674382182823 -0.09161220377162649
v -0.3366191570367254 0.20258040486308837 -0.10781410001282096
v -0.15143063559593237 0.17810674382182823 -0.09161220377162649
v -0.3366191570367254 0.20258040486308837 -0.10781410001282096
vt 0 1
vt 0.0625 1
vt 0.0625 1
vt 0 1
vt 0 1
vt 0.125 1
vt 0.125 1
vt 0 1
vt 0 1
vt 0.0625 1
vt 0.0625 1
vt 0 1
vt 0 1
vt 0.125 1
vt 0.125 1
vt 0 1
vt 0 1
vt 0.0625 1
vt 0.0625 0.875
vt 0 0.875
vt 0.34375 0.875
vt 0.625 0.875
vt 0.625 0.4375
vt 0.34375 0.4375
vn 0.9876721143508964 -0.1305261922200541 0.08641011328637041
vn -0.08715574274764518 0 0.9961946980917468
vn -0.9876721143508964 0.1305261922200541 -0.08641011328637041
vn 0.08715574274764518 0 -0.9961946980917468
vn 0.13002950065172214 0.99144486137381 0.011376107230960652
vn -0.13002950065172214 -0.99144486137381 -0.011376107230960652
g Frond
f 68/196/49 71/195/49 69/194/49 66/193/49
f 67/200/50 68/199/50 66/198/50 65/197/50
f 72/204/51 67/203/51 65/202/51 70/201/51
f 71/208/52 72/207/52 70/206/52 69/205/52
f 70/212/53 65/211/53 66/210/53 69/209/53
f 71/216/54 68/215/54 67/214/54 72/213/54
o cube
v -0.16233827151206146 0.17810997833701855 0.03291098143276244
v -0.059950495783311276 0.14070152516077328 0.041868751092661485
v -0.16233827151206146 0.17810997833701855 0.03291098143276244
v -0.059950495783311276 0.14070152516077328 0.041868751092661485
v -0.04905602793985565 0.14070152516077325 -0.08265558616880685
v -0.15144380366860583 0.17810997833701855 -0.0916133558287059
v -0.04905602793985565 0.14070152516077325 -0.08265558616880685
v -0.15144380366860583 0.17810997833701855 -0.0916133558287059
vt 0 1
vt 0.0625 1
vt 0.0625 1
vt 0 1
vt 0 1
vt 0.125 1
vt 0.125 1
vt 0 1
vt 0 1
vt 0.0625 1
vt 0.0625 1
vt 0 1
vt 0 1
vt 0.125 1
vt 0.125 1
vt 0 1
vt 0 1
vt 0.0625 1
vt 0.0625 0.875
vt 0 0.875
vt 0.34375 0.4375
vt 0.625 0.4375
vt 0.625 0.15625
vt 0.34375 0.15625
vn 0.9361168066628593 -0.34202014332567127 0.08189960831907693
vn -0.08715574274764518 0 0.9961946980917467
vn -0.9361168066628593 0.34202014332567127 -0.08189960831907693
vn 0.08715574274764518 0 -0.9961946980917467
vn 0.34071865342161306 0.9396926207859075 0.029809019626204844
vn -0.34071865342161306 -0.9396926207859075 -0.029809019626204844
g Frond
f 76/220/55 79/219/55 77/218/55 74/217/55
f 75/224/56 76/223/56 74/222/56 73/221/56
f 80/228/57 75/227/57 73/226/57 78/225/57
f 79/232/58 80/231/58 78/230/58 77/229/58
f 78/236/59 73/235/59 74/234/59 77/233/59
f 79/240/60 76/239/60 75/238/60 80/237/60
o cube
v -0.4092350051829353 0.19448448315611436 0.011310316174984916
v -0.3475054980360043 0.20264237016986741 0.016710948255383065
v -0.4092350051829353 0.19448448315611436 0.011310316174984916
v -0.3475054980360043 0.20264237016986741 0.016710948255383065
v -0.3366110301925487 0.20264237016986741 -0.10781338900608525
v -0.3983405373394797 0.19448448315611436 -0.11321402108648342
v -0.3366110301925487 0.20264237016986741 -0.10781338900608525
v -0.3983405373394797 0.19448448315611436 -0.11321402108648342
vt 0 1
vt 0.0625 1
vt 0.0625 1
vt 0 1
vt 0 1
vt 0.125 1
vt 0.125 1
vt 0 1
vt 0 1
vt 0.0625 1
vt 0.0625 1
vt 0 1
vt 0 1
vt 0.125 1
vt 0.125 1
vt 0 1
vt 0 1
vt 0.0625 1
vt 0.0625 0.875
vt 0 0.875
vt 0.34375 1
vt 0.625 1
vt 0.625 0.875
vt 0.34375 0.875
vn 0.9876721143508972 0.13052619222004888 0.08641011328637044
vn -0.08715574274764519 0 0.9961946980917468
vn -0.9876721143508972 -0.13052619222004888 -0.08641011328637044
vn 0.08715574274764519 0 -0.9961946980917468
vn -0.13002950065171695 0.9914448613738108 -0.011376107230960306
vn 0.13002950065171695 -0.9914448613738108 0.011376107230960306
g Frond
f 84/244/61 87/243/61 85/242/61 82/241/61
f 83/248/62 84/247/62 82/246/62 81/245/62
f 88/252/63 83/251/63 81/250/63 86/249/63
f 87/256/64 88/255/64 86/254/64 85/253/64
f 86/260/65 81/259/65 82/258/65 85/257/65
f 87/264/66 84/263/66 83/262/66 88/261/66
o cube
v -0.06282784126184084 0.13090548496997362 0.0416170159822426
v -0.016923355389750414 0.08868109699399473 0.04563313810103585
v -0.06282784126184084 0.13090548496997362 0.0416170159822426
v -0.016923355389750414 0.08868109699399473 0.04563313810103585
v -0.006028887546294784 0.08868109699399472 -0.07889119916043248
v -0.051933373418385206 0.13090548496997362 -0.08290732127922573
v -0.006028887546294784 0.08868109699399472 -0.07889119916043248
v -0.051933373418385206 0.13090548496997362 -0.08290732127922573
vt 0 1
vt 0.0625 1
vt 0.0625 1
vt 0 1
vt 0 1
vt 0.125 1
vt 0.125 1
vt 0 1
vt 0 1
vt 0.0625 1
vt 0.0625 1
vt 0 1
vt 0 1
vt 0.125 1
vt 0.125 1
vt 0 1
vt 0 1
vt 0.0625 1
vt 0.0625 0.875
vt 0 0.875
vt 0.34375 0.15625
vt 0.625 0.15625
vt 0.625 0
vt 0.34375 0
vn 0.7344717739534469 -0.675590207615662 0.06425795390069192
vn -0.08715574274764518 0 0.9961946980917467
vn -0.7344717739534469 0.675590207615662 -0.06425795390069192
vn 0.08715574274764518 0 -0.9961946980917467
vn 0.673019382909425 0.7372773368101223 0.05888156633777871
vn -0.673019382909425 -0.7372773368101223 -0.05888156633777871
g Frond
f 92/268/67 95/267/67 93/266/67 90/265/67
f 91/272/68 92/271/68 90/270/68 89/269/68
f 96/276/69 91/275/69 89/274/69 94/273/69
f 95/280/70 96/279/70 94/278/70 93/277/70
f 94/284/71 89/283/71 90/282/71 93/281/71
f 95/288/72 92/287/72 91/286/72 96/285/72
o cube
v -0.2845046668141358 0.1721798830913781 -0.23359565943050586
v -0.15795206766978392 0.1640012479603776 -0.09548773215186279
v -0.2845046668141358 0.1721798830913781 -0.23359565943050586
v -0.15795206766978392 0.1640012479603776 -0.09548773215186279
v -0.0657924005685184 0.1640012479603776 -0.17993650810382028
v -0.19234499971287022 0.17217988309137808 -0.31804443538246335
v -0.0657924005685184 0.1640012479603776 -0.17993650810382028
v -0.19234499971287022 0.17217988309137808 -0.31804443538246335
vt 0 1
vt 0.0625 1
vt 0.0625 1
vt 0 1
vt 0 1
vt 0.125 1
vt 0.125 1
vt 0 1
vt 0 1
vt 0.0625 1
vt 0.0625 1
vt 0 1
vt 0 1
vt 0.125 1
vt 0.125 1
vt 0 1
vt 0 1
vt 0.0625 1
vt 0.0625 0.875
vt 0 0.875
vt 0.34375 0.875
vt 0.625 0.875
vt 0.625 0.4375
vt 0.34375 0.4375
vn 0.674947195436543 -0.04361938736533577 0.736575612152763
vn -0.7372773368101242 0 0.6755902076156599
vn -0.674947195436543 0.04361938736533577 -0.736575612152763
vn 0.7372773368101242 0 -0.6755902076156599
vn 0.029468830966215286 0.9990482215818579 0.032159585750003994
vn -0.029468830966215286 -0.9990482215818579 -0.032159585750003994
g Frond
f 100/292/73 103/291/73 101/290/73 98/289/73
f 99/296/74 100/295/74 98/294/74 97/293/74
f 104/300/75 99/299/75 97/298/75 102/297/75
f 103/304/76 104/303/76 102/302/76 101/301/76
f 102/308/77 97/307/77 98/306/77 101/305/77
f 103/312/78 100/311/78 99/310/78 104/309/78
o cube
v -0.1579611543440561 0.1640033181101817 -0.09549764851674247
v -0.086586307364873 0.1356949850520935 -0.017605671245841475
v -0.1579611543440561 0.1640033181101817 -0.09549764851674247
v -0.086586307364873 0.1356949850520935 -0.017605671245841475
v 0.005573359736392565 0.1356949850520935 -0.10205444719779898
v -0.06580148724279054 0.1640033181101817 -0.17994642446869996
v 0.005573359736392565 0.1356949850520935 -0.10205444719779898
v -0.06580148724279054 0.1640033181101817 -0.17994642446869996
vt 0 1
vt 0.0625 1
vt 0.0625 1
vt 0 1
vt 0 1
vt 0.125 1
vt 0.125 1
vt 0 1
vt 0 1
vt 0.0625 1
vt 0.0625 1
vt 0 1
vt 0 1
vt 0.125 1
vt 0.125 1
vt 0 1
vt 0 1
vt 0.0625 1
vt 0.0625 0.875
vt 0 0.875
vt 0.34375 0.4375
vt 0.625 0.4375
vt 0.625 0.15625
vt 0.34375 0.15625
vn 0.6525700295239596 -0.25881904510252074 0.7121552207625231
vn -0.7372773368101243 0 0.6755902076156599
vn -0.6525700295239596 0.25881904510252074 -0.7121552207625231
vn 0.7372773368101243 0 -0.6755902076156599
vn 0.17485561241569897 0.9659258262890684 0.19082141628892593
vn -0.17485561241569897 -0.9659258262890684 -0.19082141628892593
g Frond
f 108/316/79 111/315/79 109/314/79 106/313/79
f 107/320/80 108/319/80 106/318/80 105/317/80
f 112/324/81 107/323/81 105/322/81 110/321/81
f 111/328/82 112/327/82 110/326/82 109/325/82
f 110/332/83 105/331/83 106/330/83 109/329/83
f 111/336/84 108/335/84 107/334/84 112/333/84
o cube
v -0.3257263263961439 0.1587148477370613 -0.2785812069605349
v -0.28450282501211294 0.17224232360819272 -0.233593649456301
v -0.3257263263961439 0.1587148477370613 -0.2785812069605349
v -0.28450282501211294 0.17224232360819272 -0.233593649456301
v -0.19234315791084738 0.1722423236081927 -0.31804242540825856
v -0.23356665929487835 0.1587148477370613 -0.36302998291249244
v -0.19234315791084738 0.1722423236081927 -0.31804242540825856
v -0.23356665929487835 0.1587148477370613 -0.36302998291249244
vt 0 1
vt 0.0625 1
vt 0.0625 1
vt 0 1
vt 0 1
vt 0.125 1
vt 0.125 1
vt 0 1
vt 0 1
vt 0.0625 1
vt 0.0625 1
vt 0 1
vt 0 1
vt 0.125 1
vt 0.125 1
vt 0 1
vt 0 1
vt 0.0625 1
vt 0.0625 0.875
vt 0 0.875
vt 0.34375 1
vt 0.625 1
vt 0.625 0.875
vt 0.34375 0.875
vn 0.6595760221444955 0.21643961393810293 0.7198009200677427
vn -0.7372773368101243 0 0.67559020761566
vn -0.6595760221444955 -0.21643961393810293 -0.7198009200677427
vn 0.7372773368101243 0 -0.67559020761566
vn -0.14622448371669608 0.9762960071199336 -0.15957602214449598
vn 0.14622448371669608 -0.9762960071199336 0.15957602214449598
g Frond
f 116/340/85 119/339/85 117/338/85 114/337/85
f 115/344/86 116/343/86 114/342/86 113/341/86
f 120/348/87 115/347/87 113/346/87 118/345/87
f 119/352/88 120/351/88 118/350/88 117/349/88
f 118/356/89 113/355/89 114/354/89 117/353/89
f 119/360/90 116/359/90 115/358/90 120/357/90
o cube
v -0.08795340760375253 0.12568448664130633 -0.01909759935834455
v -0.054454548361256724 0.08763689732826127 0.0174599905091141
v -0.08795340760375253 0.12568448664130633 -0.01909759935834455
v -0.054454548361256724 0.08763689732826127 0.0174599905091141
v 0.03770511874000883 0.08763689732826126 -0.06698878544284341
v 0.004206259497513014 0.1256844866413063 -0.10354637531030206
v 0.03770511874000883 0.08763689732826126 -0.06698878544284341
v 0.004206259497513014 0.1256844866413063 -0.10354637531030206
vt 0 1
vt 0.0625 1
vt 0.0625 1
vt 0 1
vt 0 1
vt 0.125 1
vt 0.125 1
vt 0 1
vt 0 1
vt 0.0625 1
vt 0.0625 1
vt 0 1
vt 0 1
vt 0.125 1
vt 0.125 1
vt 0 1
vt 0 1
vt 0.0625 1
vt 0.0625 0.875
vt 0 0.875
vt 0.34375 0.15625
vt 0.625 0.15625
vt 0.625 0
vt 0.34375 0
vn 0.5359817478799329 -0.6087614290087204 0.5849214378793383
vn -0.7372773368101242 0 0.6755902076156599
vn -0.5359817478799329 0.6087614290087204 -0.5849214378793383
vn 0.7372773368101242 0 -0.6755902076156599
vn 0.4112732602124074 0.7933533402912354 0.44882600513227494
vn -0.4112732602124074 -0.7933533402912354 -0.44882600513227494
g Frond
f 124/364/91 127/363/91 125/362/91 122/361/91
f 123/368/92 124/367/92 122/366/92 121/365/92
f 128/372/93 123/371/93 121/370/93 126/369/93
f 127/376/94 128/375/94 126/374/94 125/373/94
f 126/380/95 121/379/95 122/378/95 125/377/95
f 127/384/96 124/383/96 123/382/96 128/381/96
o cube
v 0.29025871457387414 0.1410635468674523 -0.2371854946218088
v 0.12410247793439697 0.14924218199845274 -0.15069003258361838
v 0.29025871457387414 0.1410635468674523 -0.2371854946218088
v 0.12410247793439697 0.14924218199845274 -0.15069003258361838
v 0.18182105458877607 0.14924218199845274 -0.0398136784363406
v 0.34797729122825327 0.1410635468674523 -0.126309140474531
v 0.18182105458877607 0.14924218199845274 -0.0398136784363406
v 0.34797729122825327 0.1410635468674523 -0.126309140474531
vt 0 1
vt 0.0625 1
vt 0.0625 1
vt 0 1
vt 0 1
vt 0.125 1
vt 0.125 1
vt 0 1
vt 0 1
vt 0.0625 1
vt 0.0625 1
vt 0 1
vt 0 1
vt 0.125 1
vt 0.125 1
vt 0 1
vt 0 1
vt 0.0625 1
vt 0.0625 0.875
vt 0 0.875
vt 0.34375 0.875
vt 0.625 0.875
vt 0.625 0.4375
vt 0.34375 0.4375
vn -0.8861665954105449 0.04361938736533584 0.46130913087034875
vn -0.46174861323503297 0 -0.8870108331782222
vn 0.8861665954105449 -0.04361938736533584 -0.46130913087034875
vn 0.46174861323503297 0 0.8870108331782222
vn 0.03869086912965013 0.9990482215818578 -0.020141191626105462
vn -0.03869086912965013 -0.9990482215818578 0.020141191626105462
g Frond
f 132/388/97 135/387/97 133/386/97 130/385/97
f 131/392/98 132/391/98 130/390/98 129/389/98
f 136/396/99 131/395/99 129/394/99 134/393/99
f 135/400/100 136/399/100 134/398/100 133/397/100
f 134/404/101 129/403/101 130/402/101 133/401/101
f 135/408/102 132/407/102 131/406/102 136/405/102
o cube
v 0.12411452285271166 0.1492430720277806 -0.15069630277121965
v 0.028571616311491 0.13025030259546005 -0.10095981371191538
v 0.12411452285271166 0.1492430720277806 -0.15069630277121965
v 0.028571616311491 0.13025030259546005 -0.10095981371191538
v 0.08629019296587012 0.13025030259546005 0.009916540435362428
v 0.18183309950709078 0.1492430720277806 -0.03981994862394184
v 0.08629019296587012 0.13025030259546005 0.009916540435362428
v 0.18183309950709078 0.1492430720277806 -0.03981994862394184
vt 0 1
vt 0.0625 1
vt 0.0625 1
vt 0 1
vt 0 1
vt 0.125 1
vt 0.125 1
vt 0 1
vt 0 1
vt 0.0625 1
vt 0.0625 1
vt 0 1
vt 0 1
vt 0.125 1
vt 0.125 1
vt 0 1
vt 0 1
vt 0.0625 1
vt 0.0625 0.875
vt 0 0.875
vt 0.34375 0.4375
vt 0.625 0.4375
vt 0.625 0.15625
vt 0.34375 0.15625
vn -0.8735351455197317 -0.17364817766693078 0.45473361425649594
vn -0.4617486132350331 0 -0.8870108331782223
vn 0.8735351455197317 0.17364817766693078 -0.45473361425649594
vn 0.4617486132350331 0 0.8870108331782223
vn -0.15402781475222413 0.9848077530122081 0.08018180522849591
vn 0.15402781475222413 -0.9848077530122081 -0.08018180522849591
g Frond
f 140/412/103 143/411/103 141/410/103 138/409/103
f 139/416/104 140/415/104 138/414/104 137/413/104
f 144/420/105 139/419/105 137/418/105 142/417/105
f 143/424/106 144/423/106 142/422/106 141/421/106
f 142/428/107 137/427/107 138/426/107 141/425/107
f 143/432/108 140/431/108 139/430/108 144/429/108
o cube
v 0.34313346194702077 0.12233187491524986 -0.2647103459105164
v 0.29026113275330967 0.1411259873842669 -0.23718675344634524
v 0.34313346194702077 0.12233187491524986 -0.2647103459105164
v 0.29026113275330967 0.1411259873842669 -0.23718675344634524
v 0.34797970940768874 0.1411259873842669 -0.12631039929906743
v 0.40085203860139995 0.12233187491524986 -0.15383399176323856
v 0.34797970940768874 0.1411259873842669 -0.12631039929906743
v 0.40085203860139995 0.12233187491524986 -0.15383399176323856
vt 0 1
vt 0.0625 1
vt 0.0625 1
vt 0 1
vt 0 1
vt 0.125 1
vt 0.125 1
vt 0 1
vt 0 1
vt 0.0625 1
vt 0.0625 1
vt 0 1
vt 0 1
vt 0.125 1
vt 0.125 1
vt 0 1
vt 0 1
vt 0.0625 1
vt 0.0625 0.875
vt 0 0.875
vt 0.34375 1
vt 0.625 1
vt 0.625 0.875
vt 0.34375 0.875
vn -0.8459572670993784 0.3007057995042728 0.440377479426738
vn -0.461748613235033 0 -0.8870108331782223
vn 0.8459572670993784 -0.3007057995042728 -0.440377479426738
vn 0.461748613235033 0 0.8870108331782223
vn 0.2667293017598084 0.953716950748227 -0.13885048591282975
vn -0.2667293017598084 -0.953716950748227 0.13885048591282975
g Frond
f 148/436/109 151/435/109 149/434/109 146/433/109
f 147/440/110 148/439/110 146/438/110 145/437/110
f 152/444/111 147/443/111 145/442/111 150/441/111
f 151/448/112 152/447/112 150/446/112 149/445/112
f 150/452/113 145/451/113 146/450/113 149/449/113
f 151/456/114 148/455/114 147/454/114 152/453/114
o cube
v 0.02958581706701928 0.12010153190209563 -0.10148777320788807
v -0.017170267248347797 0.08652030638041913 -0.07714809630048874
v 0.02958581706701928 0.12010153190209563 -0.10148777320788807
v -0.017170267248347797 0.08652030638041913 -0.07714809630048874
v 0.04054830940603133 0.08652030638041912 0.03372825784678907
v 0.08730439372139841 0.12010153190209562 0.009388580939389726
v 0.04054830940603133 0.08652030638041912 0.03372825784678907
v 0.08730439372139841 0.12010153190209562 0.009388580939389726
vt 0 1
vt 0.0625 1
vt 0.0625 1
vt 0 1
vt 0 1
vt 0.125 1
vt 0.125 1
vt 0 1
vt 0 1
vt 0.0625 1
vt 0.0625 1
vt 0 1
vt 0 1
vt 0.125 1
vt 0.125 1
vt 0 1
vt 0 1
vt 0.0625 1
vt 0.0625 0.875
vt 0 0.875
vt 0.34375 0.15625
vt 0.625 0.15625
vt 0.625 0
vt 0.34375 0
vn -0.7480973490458731 -0.537299608346824 0.38943483051838934
vn -0.461748613235033 0 -0.8870108331782223
vn 0.7480973490458731 0.537299608346824 -0.38943483051838934
vn 0.461748613235033 0 0.8870108331782223
vn -0.4765905732660488 0.8433914458128857 0.24809734904587233
vn 0.4765905732660488 -0.8433914458128857 -0.24809734904587233
g Frond
f 156/460/115 159/459/115 157/458/115 154/457/115
f 155/464/116 156/463/116 154/462/116 153/461/116
f 160/468/117 155/467/117 153/466/117 158/465/117
f 159/472/118 160/471/118 158/470/118 157/469/118
f 158/476/119 153/475/119 154/474/119 157/473/119
f 159/480/120 156/479/120 155/478/120 160/477/120
o cube
v 0.31577240736117546 0.14106354686745215 0.1677515549694566
v 0.172275781382923 0.14924218199845268 0.04734358903592094
v 0.31577240736117546 0.14106354686745215 0.1677515549694566
v 0.172275781382923 0.14924218199845268 0.04734358903592094
v 0.09192733017210564 0.14924218199845268 0.14309914442579322
v 0.23542395615035805 0.14106354686745215 0.2635071103593289
v 0.09192733017210564 0.14924218199845268 0.14309914442579322
v 0.23542395615035805 0.14106354686745215 0.2635071103593289
vt 0 1
vt 0.0625 1
vt 0.0625 1
vt 0 1
vt 0 1
vt 0.125 1
vt 0.125 1
vt 0 1
vt 0 1
vt 0.0625 1
vt 0.0625 1
vt 0 1
vt 0 1
vt 0.125 1
vt 0.125 1
vt 0 1
vt 0 1
vt 0.0625 1
vt 0.0625 0.875
vt 0 0.875
vt 0.34375 0.875
vt 0.625 0.875
vt 0.625 0.4375
vt 0.34375 0.4375
vn -0.76531533855068 0.0436193873653361 -0.6421758183121902
vn 0.642787609686539 0 -0.7660444431189782
vn 0.76531533855068 -0.0436193873653361 0.6421758183121902
vn -0.642787609686539 0 0.7660444431189782
vn 0.03341438930346988 0.9990482215818579 0.028038001740555644
vn -0.03341438930346988 -0.9990482215818579 -0.028038001740555644
g Frond
f 164/484/121 167/483/121 165/482/121 162/481/121
f 163/488/122 164/487/122 162/486/122 161/485/122
f 168/492/123 163/491/123 161/490/123 166/489/123
f 167/496/124 168/495/124 166/494/124 165/493/124
f 166/500/125 161/499/125 162/498/125 165/497/125
f 167/504/126 164/503/126 163/502/126 168/501/126
o cube
v 0.17228618367159598 0.14924307202778053 0.04735231759250984
v 0.08977297199740185 0.13025030259546003 -0.021884487890559245
v 0.17228618367159598 0.14924307202778053 0.04735231759250984
v 0.08977297199740185 0.13025030259546003 -0.021884487890559245
v 0.009424520786584477 0.13025030259546003 0.07387106749931303
v 0.09193773246077862 0.14924307202778053 0.14310787298238212
v 0.009424520786584477 0.13025030259546003 0.07387106749931303
v 0.09193773246077862 0.14924307202778053 0.14310787298238212
vt 0 1
vt 0.0625 1
vt 0.0625 1
vt 0 1
vt 0 1
vt 0.125 1
vt 0.125 1
vt 0 1
vt 0 1
vt 0.0625 1
vt 0.0625 1
vt 0 1
vt 0 1
vt 0.125 1
vt 0.125 1
vt 0 1
vt 0 1
vt 0.0625 1
vt 0.0625 0.875
vt 0 0.875
vt 0.34375 0.4375
vt 0.625 0.4375
vt 0.625 0.15625
vt 0.34375 0.15625
vn -0.7544065067354894 -0.17364817766693044 -0.6330222215594888
vn 0.642787609686539 0 -0.7660444431189782
vn 0.7544065067354894 0.17364817766693044 0.6330222215594888
vn -0.642787609686539 0 0.7660444431189782
vn -0.13302222155948912 0.9848077530122081 -0.11161889704894962
vn 0.13302222155948912 -0.9848077530122081 0.11161889704894962
g Frond
f 172/508/127 175/507/127 173/506/127 170/505/127
f 171/512/128 172/511/128 170/510/128 169/509/128
f 176/516/129 171/515/129 169/514/129 174/513/129
f 175/520/130 176/519/130 174/518/130 173/517/130
f 174/524/131 169/523/131 170/522/131 173/521/131
f 175/528/132 172/527/132 171/526/132 176/525/132
o cube
v 0.3614363439124221 0.12233187491524974 0.2060681472877103
v 0.3157744957606061 0.14112598738426682 0.1677533073446486
v 0.3614363439124221 0.12233187491524974 0.2060681472877103
v 0.3157744957606061 0.14112598738426682 0.1677533073446486
v 0.23542604454978874 0.14112598738426682 0.2635088627345209
v 0.2810878927016047 0.12233187491524974 0.3018237026775826
v 0.23542604454978874 0.14112598738426682 0.2635088627345209
v 0.2810878927016047 0.12233187491524974 0.3018237026775826
vt 0 1
vt 0.0625 1
vt 0.0625 1
vt 0 1
vt 0 1
vt 0.125 1
vt 0.125 1
vt 0 1
vt 0 1
vt 0.0625 1
vt 0.0625 1
vt 0 1
vt 0 1
vt 0.125 1
vt 0.125 1
vt 0 1
vt 0 1
vt 0.0625 1
vt 0.0625 0.875
vt 0 0.875
vt 0.34375 1
vt 0.625 1
vt 0.625 0.875
vt 0.34375 0.875
vn -0.7305895704290556 0.3007057995042731 -0.6130374390889876
vn 0.6427876096865391 0 -0.7660444431189783
vn 0.7305895704290556 -0.3007057995042731 0.6130374390889876
vn -0.6427876096865391 0 0.7660444431189783
vn 0.23035400672389797 0.953716950748227 0.19328996208223137
vn -0.23035400672389797 -0.953716950748227 -0.19328996208223137
g Frond
f 180/532/133 183/531/133 181/530/133 178/529/133
f 179/536/134 180/535/134 178/534/134 177/533/134
f 184/540/135 179/539/135 177/538/135 182/537/135
f 183/544/136 184/543/136 182/542/136 181/541/136
f 182/548/137 177/547/137 178/546/137 181/545/137
f 183/552/138 180/551/138 179/550/138 184/549/138
o cube
v 0.09064886079595884 0.1201015319020956 -0.021149529922737775
v 0.05026915264351872 0.08652030638041913 -0.05503212814049647
v 0.09064886079595884 0.1201015319020956 -0.021149529922737775
v 0.05026915264351872 0.08652030638041913 -0.05503212814049647
v -0.030079298567298657 0.08652030638041912 0.04072342724937581
v 0.010300409585141466 0.1201015319020956 0.0746060254671345
v -0.030079298567298657 0.08652030638041912 0.04072342724937581
v 0.010300409585141466 0.1201015319020956 0.0746060254671345
vt 0 1
vt 0.0625 1
vt 0.0625 1
vt 0 1
vt 0 1
vt 0.125 1
vt 0.125 1
vt 0 1
vt 0 1
vt 0.0625 1
vt 0.0625 1
vt 0 1
vt 0 1
vt 0.125 1
vt 0.125 1
vt 0 1
vt 0 1
vt 0.0625 1
vt 0.0625 0.875
vt 0 0.875
vt 0.34375 0.15625
vt 0.625 0.15625
vt 0.625 0
vt 0.34375 0
vn -0.6460753304390421 -0.5372996083468238 -0.5421215714841391
vn 0.6427876096865391 0 -0.7660444431189783
vn 0.6460753304390421 0.5372996083468238 0.5421215714841391
vn -0.6427876096865391 0 0.7660444431189783
vn -0.41159537926408774 0.8433914458128859 -0.3453695309347684
vn 0.41159537926408774 -0.8433914458128859 0.3453695309347684
g Frond
f 188/556/139 191/555/139 189/554/139 186/553/139
f 187/560/140 188/559/140 186/558/140 185/557/140
f 192/564/141 187/563/141 185/562/141 190/561/141
f 191/568/142 192/567/142 190/566/142 189/565/142
f 190/572/143 185/571/143 186/570/143 189/569/143
f 191/576/144 188/575/144 187/574/144 192/573/144
o cube
v -0.24737545635764785 0.1410635468674523 0.25297238970247593
v -0.0987632856631506 0.14924218199845274 0.13893826038645238
v -0.24737545635764785 0.1410635468674523 0.25297238970247593
v -0.0987632856631506 0.14924218199845274 0.13893826038645238
v -0.17485846428924062 0.14924218199845274 0.03976909285004797
v -0.32347063498373785 0.1410635468674523 0.1538032221660715
v -0.17485846428924062 0.14924218199845274 0.03976909285004797
v -0.32347063498373785 0.1410635468674523 0.1538032221660715
vt 0 1
vt 0.0625 1
vt 0.0625 1
vt 0 1
vt 0 1
vt 0.125 1
vt 0.125 1
vt 0 1
vt 0 1
vt 0.0625 1
vt 0.0625 1
vt 0 1
vt 0 1
vt 0.125 1
vt 0.125 1
vt 0 1
vt 0 1
vt 0.0625 1
vt 0.0625 0.875
vt 0 0.875
vt 0.34375 0.875
vt 0.625 0.875
vt 0.625 0.4375
vt 0.34375 0.4375
vn 0.7925982437039854 0.043619387365335806 -0.6081820230187923
vn 0.6087614290087201 0 0.7933533402912357
vn -0.7925982437039854 -0.043619387365335806 0.6081820230187923
vn -0.6087614290087201 0 -0.7933533402912357
vn -0.03460558666774644 0.9990482215818577 0.02655380058500672
vn 0.03460558666774644 -0.9990482215818577 -0.02655380058500672
g Frond
f 196/580/145 199/579/145 197/578/145 194/577/145
f 195/584/146 196/583/146 194/582/146 193/581/146
f 200/588/147 195/587/147 193/586/147 198/585/147
f 199/592/148 200/591/148 198/590/148 197/589/148
f 198/596/149 193/595/149 194/594/149 197/593/149
f 199/600/150 196/599/150 195/598/150 200/597/150
o cube
v -0.09877405878544074 0.1492430720277806 0.1389465268939304
v -0.013319314367025263 0.13025030259546005 0.07337479525083586
v -0.09877405878544074 0.1492430720277806 0.1389465268939304
v -0.013319314367025263 0.13025030259546005 0.07337479525083586
v -0.0894144929931153 0.13025030259546005 -0.02579437228556855
v -0.17486923741153076 0.1492430720277806 0.03977735935752598
v -0.0894144929931153 0.13025030259546005 -0.02579437228556855
v -0.17486923741153076 0.1492430720277806 0.03977735935752598
vt 0 1
vt 0.0625 1
vt 0.0625 1
vt 0 1
vt 0 1
vt 0.125 1
vt 0.125 1
vt 0 1
vt 0 1
vt 0.0625 1
vt 0.0625 1
vt 0 1
vt 0 1
vt 0.125 1
vt 0.125 1
vt 0 1
vt 0 1
vt 0.0625 1
vt 0.0625 0.875
vt 0 0.875
vt 0.34375 0.4375
vt 0.625 0.4375
vt 0.625 0.15625
vt 0.34375 0.15625
vn 0.7813005203969412 -0.1736481776669307 -0.5995129750225785
vn 0.6087614290087202 0 0.7933533402912355
vn -0.7813005203969412 0.1736481776669307 0.5995129750225785
vn -0.6087614290087202 0 -0.7933533402912355
vn 0.1377643617875454 0.984807753012208 -0.10571031278128089
vn -0.1377643617875454 -0.984807753012208 0.10571031278128089
g Frond
f 204/604/151 207/603/151 205/602/151 202/601/151
f 203/608/152 204/607/152 202/606/152 201/605/152
f 208/612/153 203/611/153 201/610/153 206/609/153
f 207/616/154 208/615/154 206/614/154 205/613/154
f 206/620/155 201/619/155 202/618/155 205/617/155
f 207/624/156 204/623/156 203/622/156 208/621/156
o cube
v -0.29466727724244723 0.12233187491524986 0.2892606801780494
v -0.2473776192069173 0.1411259873842669 0.2529740493150913
v -0.29466727724244723 0.12233187491524986 0.2892606801780494
v -0.2473776192069173 0.1411259873842669 0.2529740493150913
v -0.32347279783300736 0.1411259873842669 0.15380488177868692
v -0.37076245586853723 0.12233187491524986 0.19009151264164498
v -0.32347279783300736 0.1411259873842669 0.15380488177868692
v -0.37076245586853723 0.12233187491524986 0.19009151264164498
vt 0 1
vt 0.0625 1
vt 0.0625 1
vt 0 1
vt 0 1
vt 0.125 1
vt 0.125 1
vt 0 1
vt 0 1
vt 0.0625 1
vt 0.0625 1
vt 0 1
vt 0 1
vt 0.125 1
vt 0.125 1
vt 0 1
vt 0 1
vt 0.0625 1
vt 0.0625 0.875
vt 0 0.875
vt 0.34375 1
vt 0.625 1
vt 0.625 0.875
vt 0.34375 0.875
vn 0.7566345285684776 0.30070579950427273 -0.58058609380733
vn 0.6087614290087201 0 0.7933533402912355
vn -0.7566345285684776 -0.30070579950427273 0.58058609380733
vn -0.6087614290087201 0 -0.7933533402912355
vn -0.23856595048166138 0.953716950748227 0.18305809221743083
vn 0.23856595048166138 -0.953716950748227 -0.18305809221743083
g Frond
f 212/628/157 215/627/157 213/626/157 210/625/157
f 211/632/158 212/631/158 210/630/158 209/629/158
f 216/636/159 211/635/159 209/634/159 214/633/159
f 215/640/160 216/639/160 214/638/160 213/637/160
f 214/644/161 209/643/161 210/642/161 213/641/161
f 215/648/162 212/647/162 211/646/162 216/645/162
o cube
v -0.014226427929822746 0.12010153190209562 0.07407084796873212
v 0.02759278586447146 0.08652030638041912 0.04198183660830819
v -0.014226427929822746 0.12010153190209562 0.07407084796873212
v 0.02759278586447146 0.08652030638041912 0.04198183660830819
v -0.048502392761618565 0.08652030638041912 -0.05718733092809623
v -0.09032160655591277 0.12010153190209562 -0.025098319567672306
v -0.048502392761618565 0.08652030638041912 -0.05718733092809623
v -0.09032160655591277 0.12010153190209562 -0.025098319567672306
vt 0 1
vt 0.0625 1
vt 0.0625 1
vt 0 1
vt 0 1
vt 0.125 1
vt 0.125 1
vt 0 1
vt 0 1
vt 0.0625 1
vt 0.0625 1
vt 0 1
vt 0 1
vt 0.125 1
vt 0.125 1
vt 0 1
vt 0 1
vt 0.0625 1
vt 0.0625 0.875
vt 0 0.875
vt 0.34375 0.15625
vt 0.625 0.15625
vt 0.625 0
vt 0.34375 0
vn 0.6691074207087073 -0.537299608346824 -0.513424181766783
vn 0.6087614290087201 0 0.7933533402912355
vn -0.6691074207087073 0.537299608346824 0.513424181766783
vn -0.6087614290087201 0 -0.7933533402912355
vn 0.42626843901912537 0.8433914458128855 -0.3270872773830383
vn -0.42626843901912537 -0.8433914458128855 0.3270872773830383
g Frond
f 220/652/163 223/651/163 221/650/163 218/649/163
f 219/656/164 220/655/164 218/654/164 217/653/164
f 224/660/165 219/659/165 217/658/165 222/657/165
f 223/664/166 224/663/166 222/662/166 221/661/166
f 222/668/167 217/667/167 218/666/167 221/665/167
f 223/672/168 220/671/168 219/670/168 224/669/168
o cube
v 0.0625 0.17810997833701808 0.1418653358659361
v 0.0625 0.14070152516077308 0.03908645546747737
v 0.0625 0.17810997833701808 0.1418653358659361
v 0.0625 0.14070152516077308 0.03908645546747737
v -0.0625 0.14070152516077308 0.03908645546747737
v -0.0625 0.17810997833701808 0.1418653358659361
v -0.0625 0.14070152516077308 0.03908645546747737
v -0.0625 0.17810997833701808 0.1418653358659361
vt 0 1
vt 0.0625 1
vt 0.0625 1
vt 0 1
vt 0 1
vt 0.125 1
vt 0.125 1
vt 0 1
vt 0 1
vt 0.0625 1
vt 0.0625 1
vt 0 1
vt 0 1
vt 0.125 1
vt 0.125 1
vt 0 1
vt 0 1
vt 0.0625 1
vt 0.0625 0.875
vt 0 0.875
vt 0.34375 0.4375
vt 0.625 0.4375
vt 0.625 0.15625
vt 0.34375 0.15625
vn 0 -0.34202014332566855 -0.9396926207859084
vn 1 0 0
vn 0 0.34202014332566855 0.9396926207859084
vn -1 0 0
vn 0 0.9396926207859084 -0.34202014332566855
vn 0 -0.9396926207859084 0.34202014332566855
g Frond
f 228/676/169 231/675/169 229/674/169 226/673/169
f 227/680/170 228/679/170 226/678/170 225/677/170
f 232/684/171 227/683/171 225/682/171 230/681/171
f 231/688/172 232/687/172 230/686/172 229/685/172
f 230/692/173 225/691/173 226/690/173 229/689/173
f 231/696/174 228/695/174 227/694/174 232/693/174
o cube
v 0.0625 0.20258040486308734 0.3277480290009537
v 0.0625 0.17810674382182776 0.14185211749336424
v 0.0625 0.20258040486308734 0.3277480290009537
v 0.0625 0.17810674382182776 0.14185211749336424
