# Made in Blockbench 4.8.1

o cube
v -0.49999999999999994 0.018433438926992674 -0.1746380445578512
v -0.49999999999999994 -0.008699088833465152 -0.02076183314969371
v -0.49999999999999994 0.018433438926992674 -0.1746380445578512
v -0.49999999999999994 -0.008699088833465152 -0.02076183314969371
v 0.5 -0.008699088833465152 -0.02076183314969382
v 0.5 0.018433438926992674 -0.1746380445578513
v 0.5 -0.008699088833465152 -0.02076183314969382
v 0.5 0.018433438926992674 -0.1746380445578513
vt 0 1
vt 0.1875 1
vt 0.1875 1
vt 0 1
vt 0 1
vt 0.21875 1
vt 0.21875 1
vt 0 1
vt 0 1
vt 0.1875 1
vt 0.1875 1
vt 0 1
vt 0 1
vt 0.21875 1
vt 0.21875 1
vt 0 1
vt 0 1
vt 0.1875 1
vt 0.1875 0.78125
vt 0 0.78125
vt 0 0.15625
vt 1 0.15625
vt 1 0
vt 0 0
vn 0 -0.17364817766693033 0.984807753012208
vn -1 0 0
vn 0 0.17364817766693033 -0.984807753012208
vn 1 0 0
vn 0 0.984807753012208 0.17364817766693033
vn 0 -0.984807753012208 -0.17364817766693033
g Frond
f 4/4/1 7/3/1 5/2/1 2/1/1
f 3/8/2 4/7/2 2/6/2 1/5/2
f 8/12/3 3/11/3 1/10/3 6/9/3
f 7/16/4 8/15/4 6/14/4 5/13/4
f 6/20/5 1/19/5 2/18/5 5/17/5
f 7/24/6 4/23/6 3/22/6 8/21/6
o cube
v -0.49999999999999994 -0.03500438877174494 -0.32143278728405655
v -0.49999999999999994 0.018436258622890778 -0.17460581528625835
v -0.49999999999999994 -0.03500438877174494 -0.32143278728405655
v -0.49999999999999994 0.018436258622890778 -0.17460581528625835
v 0.5 0.018436258622890778 -0.17460581528625846
v 0.5 -0.03500438877174494 -0.32143278728405666
v 0.5 0.018436258622890778 -0.17460581528625846
v 0.5 -0.03500438877174494 -0.32143278728405666
vt 0 1
vt 0.1875 1
vt 0.1875 1
vt 0 1
vt 0 1
vt 0.21875 1
vt 0.21875 1
vt 0 1
vt 0 1
vt 0.1875 1
vt 0.1875 1
vt 0 1
vt 0 1
vt 0.21875 1
vt 0.21875 1
vt 0 1
vt 0 1
vt 0.1875 1
vt 0.1875 0.78125
vt 0 0.78125
vt 0 0.3125
vt 1 0.3125
vt 1 0.15625
vt 0 0.15625
vn 0 0.34202014332566866 0.9396926207859084
vn -1 0 0
vn 0 -0.34202014332566866 -0.9396926207859084
vn 1 0 0
vn 0 0.9396926207859084 -0.34202014332566866
vn 0 -0.9396926207859084 0.34202014332566866
g Frond
f 12/28/7 15/27/7 13/26/7 10/25/7
f 11/32/8 12/31/8 10/30/8 9/29/8
f 16/36/9 11/35/9 9/34/9 14/33/9
f 15/40/10 16/39/10 14/38/10 13/37/10
f 14/44/11 9/43/11 10/42/11 13/41/11
f 15/48/12 12/47/12 11/46/12 16/45/12
o cube
v -0.5 -0.06213973622810087 -0.47531952194056754
v -0.5 -0.03500720846764305 -0.32144331053241004
v -0.5 -0.06213973622810087 -0.47531952194056754
v -0.5 -0.03500720846764305 -0.32144331053241004
v 0.5 -0.03500720846764305 -0.32144331053241015
v 0.5 -0.06213973622810087 -0.47531952194056765
v 0.5 -0.03500720846764305 -0.32144331053241015
v 0.5 -0.06213973622810087 -0.47531952194056765
vt 0 1
vt 0.1875 1
vt 0.1875 1
vt 0 1
vt 0 1
vt 0.21875 1
vt 0.21875 1
vt 0 1
vt 0 1
vt 0.1875 1
vt 0.1875 1
vt 0 1
vt 0 1
vt 0.21875 1
vt 0.21875 1
vt 0 1
vt 0 1
vt 0.1875 1
vt 0.1875 0.78125
vt 0 0.78125
vt 0 0.46875
vt 1 0.46875
vt 1 0.3125
vt 0 0.3125
vn 0 0.17364817766693033 0.984807753012208
vn -1 0 0
vn 0 -0.17364817766693033 -0.984807753012208
vn 1 0 0
vn 0 0.984807753012208 -0.17364817766693033
vn 0 -0.984807753012208 0.17364817766693033
g Frond
f 20/52/13 23/51/13 21/50/13 18/49/13
f 19/56/14 20/55/14 18/54/14 17/53/14
f 24/60/15 19/59/15 17/58/15 22/57/15
f 23/64/16 24/63/16 22/62/16 21/61/16
f 22/68/17 17/67/17 18/66/17 21/65/17
f 23/72/18 20/71/18 19/70/18 24/69/18
o cube
v -0.5 -0.13477234371667712 -0.631075612206498
v -0.5 -0.06213482997999442 -0.47530396130957386
v -0.5 -0.13477234371667712 -0.631075612206498
v -0.5 -0.06213482997999442 -0.47530396130957386
v 0.5 -0.06213482997999442 -0.475303961309574
v 0.5 -0.13477234371667712 -0.6310756122064982
v 0.5 -0.06213482997999442 -0.475303961309574
v 0.5 -0.13477234371667712 -0.6310756122064982
vt 0 1
vt 0.1875 1
vt 0.1875 1
vt 0 1
vt 0 1
vt 0.21875 1
vt 0.21875 1
vt 0 1
vt 0 1
vt 0.1875 1
vt 0.1875 1
vt 0 1
vt 0 1
vt 0.21875 1
vt 0.21875 1
vt 0 1
vt 0 1
vt 0.1875 1
vt 0.1875 0.78125
vt 0 0.78125
vt 0 0.671875
vt 1 0.671875
vt 1 0.46875
vt 0 0.46875
vn 0 0.42261826174069944 0.9063077870366499
vn -1 0 0
vn 0 -0.42261826174069944 -0.9063077870366499
vn 1 0 0
vn 0 0.9063077870366499 -0.42261826174069944
vn 0 -0.9063077870366499 0.42261826174069944
g Frond
f 28/76/19 31/75/19 29/74/19 26/73/19
f 27/80/20 28/79/20 26/78/20 25/77/20
f 32/84/21 27/83/21 25/82/21 30/81/21
f 31/88/22 32/87/22 30/86/22 29/85/22
f 30/92/23 25/91/23 26/90/23 29/89/23
f 31/96/24 28/95/24 27/94/24 32/93/24
o cube
v -0.34308735772569 0.1583949162980277 -0.5879663973686373
v -0.38337394530323665 0.12617111902285183 -0.4404784987107304
v -0.34308735772569 0.1583949162980277 -0.5879663973686373
v -0.38337394530323665 0.12617111902285183 -0.4404784987107304
v 0.5825518809858312 0.04834273113836596 -0.1936383882199868
v 0.6228384685633781 0.08056652841354184 -0.34112628687789365
v 0.5825518809858312 0.04834273113836596 -0.1936383882199868
v 0.6228384685633781 0.08056652841354184 -0.34112628687789365
vt 0 1
vt 0.1875 1
vt 0.1875 1
vt 0 1
vt 0 1
vt 0.21875 1
vt 0.21875 1
vt 0 1
vt 0 1
vt 0.1875 1
vt 0.1875 1
vt 0 1
vt 0 1
vt 0.21875 1
vt 0.21875 1
vt 0 1
vt 0 1
vt 0.1875 1
vt 0.1875 0.78125
vt 0 0.78125
vt 0 0.46875
vt 1 0.46875
vt 1 0.3125
vt 0 0.3125
vn -0.2578341604962993 -0.20623230256112535 0.9439225514106043
vn -0.9659258262890684 0.07782838788448593 -0.2468401104907438
vn 0.2578341604962993 0.20623230256112535 -0.9439225514106043
vn 0.9659258262890684 -0.07782838788448593 0.2468401104907438
vn 0.022557566113149456 0.9754029830893682 0.21927192431182888
vn -0.022557566113149456 -0.9754029830893682 -0.21927192431182888
g Frond
f 36/100/25 39/99/25 37/98/25 34/97/25
f 35/104/26 36/103/26 34/102/26 33/101/26
f 40/108/27 35/107/27 33/106/27 38/105/27
f 39/112/28 40/111/28 38/110/28 37/109/28
f 38/116/29 33/115/29 34/114/29 37/113/29
f 39/120/30 36/119/30 35/118/30 40/117/30
o cube
v -0.42365631406673054 0.09395273505407697 -0.29300540215501214
v -0.4634824081673835 0.02338117631467196 -0.15941049272438818
v -0.42365631406673054 0.09395273505407697 -0.29300540215501214
v -0.4634824081673835 0.02338117631467196 -0.15941049272438818
v 0.5024434181216844 -0.054447211569813914 0.0874296177663555
v 0.5422695122223373 0.016124347169591102 -0.046165291664268526
v 0.5024434181216844 -0.054447211569813914 0.0874296177663555
v 0.5422695122223373 0.016124347169591102 -0.046165291664268526
vt 0 1
vt 0.1875 1
vt 0.1875 1
vt 0 1
vt 0 1
vt 0.21875 1
vt 0.21875 1
vt 0 1
vt 0 1
vt 0.1875 1
vt 0.1875 1
vt 0 1
vt 0 1
vt 0.21875 1
vt 0.21875 1
vt 0 1
vt 0 1
vt 0.1875 1
vt 0.1875 0.78125
vt 0 0.78125
vt 0 0.15625
vt 1 0.15625
vt 1 0
vt 0 0
vn -0.2548870022441785 -0.4516579759321925 0.855007420355994
vn -0.9659258262890684 0.0778283878844859 -0.24684011049074375
vn 0.2548870022441785 0.4516579759321925 -0.855007420355994
vn 0.9659258262890684 -0.0778283878844859 0.24684011049074375
vn -0.04494345552754814 0.8887900847872555 0.45610554807972514
vn 0.04494345552754814 -0.8887900847872555 -0.45610554807972514
g Frond
f 44/124/31 47/123/31 45/122/31 42/121/31
f 43/128/32 44/127/32 42/126/32 41/125/32
f 48/132/33 43/131/33 41/130/33 46/129/33
f 47/136/34 48/135/34 46/134/34 45/133/34
f 46/140/35 41/139/35 42/138/35 45/137/35
f 47/144/36 44/143/36 43/142/36 48/141/36
o cube
v -0.38337394530323676 0.12617111902285183 -0.4404784987107304
v -0.42366053288078354 0.09394732174767606 -0.29299060005282357
v -0.38337394530323676 0.12617111902285183 -0.4404784987107304
v -0.42366053288078354 0.09394732174767606 -0.29299060005282357
v 0.5422652934082843 0.016118933863190188 -0.04615048956208001
v 0.5825518809858312 0.04834273113836596 -0.1936383882199868
v 0.5422652934082843 0.016118933863190188 -0.04615048956208001
v 0.5825518809858312 0.04834273113836596 -0.1936383882199868
vt 0 1
vt 0.1875 1
vt 0.1875 1
vt 0 1
vt 0 1
vt 0.21875 1
vt 0.21875 1
vt 0 1
vt 0 1
vt 0.1875 1
vt 0.1875 1
vt 0 1
vt 0 1
vt 0.21875 1
vt 0.21875 1
vt 0 1
vt 0 1
vt 0.1875 1
vt 0.1875 0.78125
vt 0 0.78125
vt 0 0.3125
vt 1 0.3125
vt 1 0.15625
vt 0 0.15625
vn -0.2578341604962993 -0.20623230256112535 0.9439225514106043
vn -0.9659258262890684 0.07782838788448593 -0.2468401104907438
vn 0.2578341604962993 0.20623230256112535 -0.9439225514106043
vn 0.9659258262890684 -0.07782838788448593 0.2468401104907438
vn 0.022557566113149456 0.9754029830893682 0.21927192431182888
vn -0.022557566113149456 -0.9754029830893682 -0.21927192431182888
g Frond
f 52/148/37 55/147/37 53/146/37 50/145/37
f 51/152/38 52/151/38 50/150/38 49/149/38
f 56/156/39 51/155/39 49/154/39 54/153/39
f 55/160/40 56/159/40 54/158/40 53/157/40
f 54/164/41 49/163/41 50/162/41 53/161/41
f 55/168/42 52/167/42 51/166/42 56/165/42
o cube
v -0.3012897021043939 0.1492416985050442 -0.7544134757873227
v -0.34309148046093507 0.15839365749815948 -0.5879506613276996
v -0.3012897021043939 0.1492416985050442 -0.7544134757873227
v -0.34309148046093507 0.15839365749815948 -0.5879506613276996
v 0.6228343458281329 0.0805652696136736 -0.34111055083695596
v 0.6646361241846739 0.07141331062055845 -0.507573365296579
v 0.6228343458281329 0.0805652696136736 -0.34111055083695596
v 0.6646361241846739 0.07141331062055845 -0.507573365296579
vt 0 1
vt 0.1875 1
vt 0.1875 1
vt 0 1
vt 0 1
vt 0.21875 1
vt 0.21875 1
vt 0 1
vt 0 1
vt 0.1875 1
vt 0.1875 1
vt 0 1
vt 0 1
vt 0.21875 1
vt 0.21875 1
vt 0 1
vt 0 1
vt 0.1875 1
vt 0.1875 0.78125
vt 0 0.78125
vt 0 0.671875
vt 1 0.671875
vt 1 0.46875
vt 0 0.46875
vn -0.24321034680169393 0.05324776141448821 0.9685109204923534
vn -0.9659258262890683 0.07782838788448589 -0.24684011049074375
vn 0.24321034680169393 -0.05324776141448821 -0.9685109204923534
vn 0.9659258262890683 -0.07782838788448589 0.24684011049074375
vn 0.08852132690137647 0.9955437800235849 -0.032504718733930384
vn -0.08852132690137647 -0.9955437800235849 0.032504718733930384
g Frond
f 60/172/43 63/171/43 61/170/43 58/169/43
f 59/176/44 60/175/44 58/174/44 57/173/44
f 64/180/45 59/179/45 57/178/45 62/177/45
f 63/184/46 64/183/46 62/182/46 61/181/46
f 62/188/47 57/187/47 58/186/47 61/185/47
f 63/192/48 60/191/48 59/190/48 64/189/48
o cube
v -0.6397054679821458 0.0558333577336495 -0.03968249240489341
v -0.5453269096141686 0.0729784277180423 0.08365767459520668
v -0.6397054679821458 0.0558333577336495 -0.03968249240489341
v -0.5453269096141686 0.0729784277180423 0.08365767459520668
v 0.22071753350480872 0.26626838980027545 -0.5293797644937812
v 0.12633897513683146 0.24912331981588265 -0.6527199314938813
v 0.22071753350480872 0.26626838980027545 -0.5293797644937812
v 0.12633897513683146 0.24912331981588265 -0.6527199314938813
vt 0 1
vt 0.1875 1
vt 0.1875 1
vt 0 1
vt 0 1
vt 0.21875 1
vt 0.21875 1
vt 0 1
vt 0 1
vt 0.1875 1
vt 0.1875 1
vt 0 1
vt 0 1
vt 0.21875 1
vt 0.21875 1
vt 0 1
vt 0 1
vt 0.1875 1
vt 0.1875 0.78125
vt 0 0.78125
vt 0 0.46875
vt 1 0.46875
vt 1 0.3125
vt 0 0.3125
vn 0.604022773555054 0.10972844790011413 0.789377068800641
vn -0.7660444431189773 -0.1932899620822331 0.613037439088988
vn -0.604022773555054 -0.10972844790011413 -0.789377068800641
vn 0.7660444431189773 0.1932899620822331 -0.613037439088988
vn -0.21984631039295568 0.9749864913318959 0.03269467123130898
vn 0.21984631039295568 -0.9749864913318959 -0.03269467123130898
g Frond
f 68/196/49 71/195/49 69/194/49 66/193/49
f 67/200/50 68/199/50 66/198/50 65/197/50
f 72/204/51 67/203/51 65/202/51 70/201/51
f 71/208/52 72/207/52 70/206/52 69/205/52
f 70/212/53 65/211/53 66/210/53 69/209/53
f 71/216/54 68/215/54 67/214/54 72/213/54
o cube
v -0.44835316834632555 -0.0003321986129199983 0.18172018042240112
v -0.37141506264224655 -0.12369139328323586 0.2389661364451553
v -0.44835316834632555 -0.0003321986129199983 0.18172018042240112
v -0.37141506264224655 -0.12369139328323586 0.2389661364451553
v 0.3946293804767307 0.06959856879899728 -0.37407130264383254
v 0.3176912747726517 0.19295776346931304 -0.4313172586665867
v 0.3946293804767307 0.06959856879899728 -0.37407130264383254
v 0.3176912747726517 0.19295776346931304 -0.4313172586665867
vt 0 1
vt 0.1875 1
vt 0.1875 1
vt 0 1
vt 0 1
vt 0.21875 1
vt 0.21875 1
vt 0 1
vt 0 1
vt 0.1875 1
vt 0.1875 1
vt 0 1
vt 0 1
vt 0.21875 1
vt 0.21875 1
vt 0 1
vt 0 1
vt 0.1875 1
vt 0.1875 0.78125
vt 0 0.78125
vt 0 0.15625
vt 1 0.15625
vt 1 0
vt 0 0
vn 0.4924038765061056 -0.789498845890021 0.3663741185456269
vn -0.7660444431189773 -0.19328996208223315 0.613037439088988
vn -0.4924038765061056 0.789498845890021 -0.3663741185456269
vn 0.7660444431189773 0.19328996208223315 -0.613037439088988
vn 0.41317591116653435 0.582520869065284 0.6999679303619063
vn -0.41317591116653435 -0.582520869065284 -0.6999679303619063
g Frond
f 76/220/55 79/219/55 77/218/55 74/217/55
f 75/224/56 76/223/56 74/222/56 73/221/56
f 80/228/57 75/227/57 73/226/57 78/225/57
f 79/232/58 80/231/58 78/230/58 77/229/58
f 78/236/59 73/235/59 74/234/59 77/233/59
f 79/240/60 76/239/60 75/238/60 80/237/60
o cube
v -0.5453510478644236 0.07298551438473455 0.08362974613627994
v -0.4483377427058538 -0.0003496410487845436 0.18173395654415092
v -0.5453510478644236 0.07298551438473455 0.08362974613627994
v -0.4483377427058538 -0.0003496410487845436 0.18173395654415092
v 0.31770670041312343 0.1929403210334486 -0.431303482544837
v 0.22069339525455367 0.2662754764669677 -0.529407692952708
v 0.31770670041312343 0.1929403210334486 -0.431303482544837
v 0.22069339525455367 0.2662754764669677 -0.529407692952708
vt 0 1
vt 0.1875 1
vt 0.1875 1
vt 0 1
vt 0 1
vt 0.21875 1
vt 0.21875 1
vt 0 1
vt 0 1
vt 0.1875 1
vt 0.1875 1
vt 0 1
vt 0 1
vt 0.21875 1
vt 0.21875 1
vt 0 1
vt 0 1
vt 0.1875 1
vt 0.1875 0.78125
vt 0 0.78125
vt 0 0.3125
vt 1 0.3125
vt 1 0.15625
vt 0 0.15625
vn 0.6208851530148467 -0.469344994774522 0.6278669466103741
vn -0.7660444431189773 -0.193289962082233 0.613037439088988
vn -0.6208851530148467 0.469344994774522 -0.6278669466103741
vn 0.7660444431189773 0.193289962082233 -0.613037439088988
vn 0.16636567534280092 0.8615998296415527 0.47954999283638944
vn -0.16636567534280092 -0.8615998296415527 -0.47954999283638944
g Frond
f 84/244/61 87/243/61 85/242/61 82/241/61
f 83/248/62 84/247/62 82/246/62 81/245/62
f 88/252/63 83/251/63 81/250/63 86/249/63
f 87/256/64 88/255/64 86/254/64 85/253/64
f 86/260/65 81/259/65 82/258/65 85/257/65
f 87/264/66 84/263/66 83/262/66 88/261/66
o cube
v -0.6990795965066112 -0.061081699425454716 -0.15073888773288147
v -0.639719208377198 0.05589429439225224 -0.039680448987844286
v -0.6990795965066112 -0.061081699425454716 -0.15073888773288147
v -0.639719208377198 0.05589429439225224 -0.039680448987844286
v 0.12632523474177926 0.24918425647448528 -0.6527178880768322
v 0.06696484661236601 0.13220826265677843 -0.7637763268218694
v 0.12632523474177926 0.24918425647448528 -0.6527178880768322
v 0.06696484661236601 0.13220826265677843 -0.7637763268218694
vt 0 1
vt 0.1875 1
vt 0.1875 1
vt 0 1
vt 0 1
vt 0.21875 1
vt 0.21875 1
vt 0 1
vt 0 1
vt 0.1875 1
vt 0.1875 1
vt 0 1
vt 0 1
vt 0.21875 1
vt 0.21875 1
vt 0 1
vt 0 1
vt 0.1875 1
vt 0.1875 0.78125
vt 0 0.78125
vt 0 0.671875
vt 1 0.671875
vt 1 0.46875
vt 0 0.46875
vn 0.345369530934768 0.680587600393932 0.6461581890620347
vn -0.7660444431189773 -0.1932899620822331 0.613037439088988
vn -0.345369530934768 -0.680587600393932 -0.6461581890620347
vn 0.7660444431189773 0.1932899620822331 -0.613037439088988
vn -0.5421215714841406 0.7067103428904083 -0.45460388579871075
vn 0.5421215714841406 -0.7067103428904083 0.45460388579871075
g Frond
f 92/268/67 95/267/67 93/266/67 90/265/67
f 91/272/68 92/271/68 90/270/68 89/269/68
f 96/276/69 91/275/69 89/274/69 94/273/69
f 95/280/70 96/279/70 94/278/70 93/277/70
f 94/284/71 89/283/71 90/282/71 93/281/71
f 95/288/72 92/287/72 91/286/72 96/285/72
o cube
v -0.03505524379947633 0.1712037529577306 -0.7374371508746229
v -0.1440049762953317 0.17430404251632814 -0.6254799872193464
v -0.03505524379947633 0.1712037529577306 -0.7374371508746229
v -0.1440049762953317 0.17430404251632814 -0.6254799872193464
v 0.5663931158206865 0.060127043202512276 0.06899691199733349
v 0.675342848316542 0.05702675364391474 -0.04296025165794304
v 0.5663931158206865 0.060127043202512276 0.06899691199733349
v 0.675342848316542 0.05702675364391474 -0.04296025165794304
vt 0 1
vt 0.1875 1
vt 0.1875 1
vt 0 1
vt 0 1
vt 0.21875 1
vt 0.21875 1
vt 0 1
vt 0 1
vt 0.1875 1
vt 0.1875 1
vt 0 1
vt 0 1
vt 0.21875 1
vt 0.21875 1
vt 0 1
vt 0 1
vt 0.1875 1
vt 0.1875 0.78125
vt 0 0.78125
vt 0 0.46875
vt 1 0.46875
vt 1 0.3125
vt 0 0.3125
vn -0.6972782879734749 0.019841853175024418 0.7165258473937705
vn -0.7103980921160181 0.11417699931381586 -0.6944768992166799
vn 0.6972782879734749 -0.019841853175024418 -0.7165258473937705
vn 0.7103980921160181 -0.11417699931381586 0.6944768992166799
vn 0.09559047985391343 0.9932622582632815 0.0655175279679026
vn -0.09559047985391343 -0.9932622582632815 -0.0655175279679026
g Frond
f 100/292/73 103/291/73 101/290/73 98/289/73
f 99/296/74 100/295/74 98/294/74 97/293/74
f 104/300/75 99/299/75 97/298/75 102/297/75
f 103/304/76 104/303/76 102/302/76 101/301/76
f 102/308/77 97/307/77 98/306/77 101/305/77
f 103/312/78 100/311/78 99/310/78 104/309/78
o cube
v -0.25381086966533145 0.16388167659342756 -0.5148702566826527
v -0.34422766205645533 0.061317722435516586 -0.43924287102643456
v -0.25381086966533145 0.16388167659342756 -0.5148702566826527
v -0.34422766205645533 0.061317722435516586 -0.43924287102643456
v 0.36617043005956296 -0.05285927687829928 0.2552340281902452
v 0.4565872224506867 0.0497046772796117 0.17960664253402703
v 0.36617043005956296 -0.05285927687829928 0.2552340281902452
v 0.4565872224506867 0.0497046772796117 0.17960664253402703
vt 0 1
vt 0.1875 1
vt 0.1875 1
vt 0 1
vt 0 1
vt 0.21875 1
vt 0.21875 1
vt 0 1
vt 0 1
vt 0.1875 1
vt 0.1875 1
vt 0 1
vt 0 1
vt 0.21875 1
vt 0.21875 1
vt 0 1
vt 0 1
vt 0.1875 1
vt 0.1875 0.78125
vt 0 0.78125
vt 0 0.15625
vt 1 0.15625
vt 1 0
vt 0 0
vn -0.5786674713031923 -0.6564093066106305 0.4840152681997963
vn -0.710398092116018 0.11417699931381586 -0.6944768992166798
vn 0.5786674713031923 0.6564093066106305 -0.4840152681997963
vn 0.710398092116018 -0.11417699931381586 0.6944768992166798
vn -0.40059768892679687 0.7457147142323561 0.5323824345373023
vn 0.40059768892679687 -0.7457147142323561 -0.5323824345373023
g Frond
f 108/316/79 111/315/79 109/314/79 106/313/79
f 107/320/80 108/319/80 106/318/80 105/317/80
f 112/324/81 107/323/81 105/322/81 110/321/81
f 111/328/82 112/327/82 110/326/82 109/325/82
f 110/332/83 105/331/83 106/330/83 109/329/83
f 111/336/84 108/335/84 107/334/84 112/333/84
o cube
v -0.14400115532279245 0.1743041706620414 -0.6254838747213093
v -0.25383806045481394 0.16386633301690412 -0.5148449651265692
v -0.14400115532279245 0.1743041706620414 -0.6254838747213093
v -0.25383806045481394 0.16386633301690412 -0.5148449651265692
v 0.4565600316612043 0.049689333703088256 0.17963193409011058
v 0.5663969367932258 0.06012717134822554 0.06899302449537059
v 0.4565600316612043 0.049689333703088256 0.17963193409011058
v 0.5663969367932258 0.06012717134822554 0.06899302449537059
vt 0 1
vt 0.1875 1
vt 0.1875 1
vt 0 1
vt 0 1
vt 0.21875 1
vt 0.21875 1
vt 0 1
vt 0 1
vt 0.1875 1
vt 0.1875 1
vt 0 1
vt 0 1
vt 0.21875 1
vt 0.21875 1
vt 0 1
vt 0 1
vt 0.1875 1
vt 0.1875 0.78125
vt 0 0.78125
vt 0 0.3125
vt 1 0.3125
vt 1 0.15625
vt 0 0.15625
vn -0.7029561928449379 -0.0668021609288784 0.7080890214063363
vn -0.7103980921160181 0.11417699931381586 -0.6944768992166799
vn 0.7029561928449379 0.0668021609288784 -0.7080890214063363
vn 0.7103980921160181 -0.11417699931381586 0.6944768992166799
vn 0.034454922128370695 0.9912119269474743 0.12771755642120142
vn -0.034454922128370695 -0.9912119269474743 -0.12771755642120142
g Frond
f 116/340/85 119/339/85 117/338/85 114/337/85
f 115/344/86 116/343/86 114/342/86 113/341/86
f 120/348/87 115/347/87 113/346/87 118/345/87
f 119/352/88 120/351/88 118/350/88 117/349/88
f 118/356/89 113/355/89 114/354/89 117/353/89
f 119/360/90 116/359/90 115/358/90 120/357/90
o cube
v 0.08582938239320159 0.19749065999379833 -0.8567713544173093
v -0.035047585465474373 0.1712044807317591 -0.7374448651280634
v 0.08582938239320159 0.19749065999379833 -0.8567713544173093
v -0.035047585465474373 0.1712044807317591 -0.7374448651280634
v 0.6753505066505439 0.05702748141794323 -0.04296796591138352
v 0.7962274745092199 0.08331366067998247 -0.16229445520062957
v 0.6753505066505439 0.05702748141794323 -0.04296796591138352
v 0.7962274745092199 0.08331366067998247 -0.16229445520062957
vt 0 1
vt 0.1875 1
vt 0.1875 1
vt 0 1
vt 0 1
vt 0.21875 1
vt 0.21875 1
vt 0 1
vt 0 1
vt 0.1875 1
vt 0.1875 1
vt 0 1
vt 0 1
vt 0.21875 1
vt 0.21875 1
vt 0 1
vt 0 1
vt 0.1875 1
vt 0.1875 0.78125
vt 0 0.78125
vt 0 0.671875
vt 1 0.671875
vt 1 0.46875
vt 0 0.46875
vn -0.7032841766322966 -0.15293777025186484 0.694263210410159
vn -0.7103980921160181 0.11417699931381585 -0.6944768992166799
vn 0.7032841766322966 0.15293777025186484 -0.694263210410159
vn 0.7103980921160181 -0.11417699931381585 0.6944768992166799
vn -0.026942858359019745 0.9816178743574717 0.18894557715216592
vn 0.026942858359019745 -0.9816178743574717 -0.18894557715216592
g Frond
f 124/364/91 127/363/91 125/362/91 122/361/91
f 123/368/92 124/367/92 122/366/92 121/365/92
f 128/372/93 123/371/93 121/370/93 126/369/93
f 127/376/94 128/375/94 126/374/94 125/373/94
f 126/380/95 121/379/95 122/378/95 125/377/95
f 127/384/96 124/383/96 123/382/96 128/381/96
o cube
v -0.5956492254896707 -0.19216446564885992 -0.20428697976572902
v -0.5440295239975843 -0.0700225769117151 -0.12163815682437773
v -0.5956492254896707 -0.19216446564885992 -0.20428697976572902
v -0.5440295239975843 -0.0700225769117151 -0.12163815682437773
v 0.3956630967883237 -0.2898688873046702 -0.3836407870537625
v 0.3440433952962374 -0.412010776041815 -0.46628960999511376
v 0.3956630967883237 -0.2898688873046702 -0.3836407870537625
v 0.3440433952962374 -0.412010776041815 -0.46628960999511376
vt 0 1
vt 0.1875 1
vt 0.1875 1
vt 0 1
vt 0 1
vt 0.21875 1
vt 0.21875 1
vt 0 1
vt 0 1
vt 0.1875 1
vt 0.1875 1
vt 0 1
vt 0 1
vt 0.21875 1
vt 0.21875 1
vt 0 1
vt 0 1
vt 0.1875 1
vt 0.1875 0.78125
vt 0 0.78125
vt 0 0.46875
vt 1 0.46875
vt 1 0.3125
vt 0 0.3125
vn 0.3303660895493527 0.7817080879177267 0.5289524668246485
vn -0.9396926207859082 0.2198463103929551 0.2620026302293848
vn -0.3303660895493527 -0.7817080879177267 -0.5289524668246485
vn 0.9396926207859082 -0.2198463103929551 -0.2620026302293848
vn -0.08852132690137673 0.5836095142221517 -0.8071950876913236
vn 0.08852132690137673 -0.5836095142221517 0.8071950876913236
g Frond
f 132/388/97 135/387/97 133/386/97 130/385/97
f 131/392/98 132/391/98 130/390/98 129/389/98
f 136/396/99 131/395/99 129/394/99 134/393/99
f 135/400/100 136/399/100 134/398/100 133/397/100
f 134/404/101 129/403/101 130/402/101 133/401/101
f 135/408/102 132/407/102 131/406/102 136/405/102
o cube
v -0.49240982250549814 0.05211931182542995 -0.038989333883026556
v -0.4397810586252692 0.12427932570565903 0.0892183418202801
v -0.49240982250549814 0.05211931182542995 -0.038989333883026556
v -0.4397810586252692 0.12427932570565903 0.0892183418202801
v 0.4999115621606388 -0.09556698468729602 -0.1727842884091047
v 0.44728279828040984 -0.1677269985675251 -0.3009919641124113
v 0.4999115621606388 -0.09556698468729602 -0.1727842884091047
v 0.44728279828040984 -0.1677269985675251 -0.3009919641124113
vt 0 1
vt 0.1875 1
vt 0.1875 1
vt 0 1
vt 0 1
vt 0.21875 1
vt 0.21875 1
vt 0 1
vt 0 1
vt 0.1875 1
vt 0.1875 1
vt 0 1
vt 0 1
vt 0.21875 1
vt 0.21875 1
vt 0 1
vt 0 1
vt 0.1875 1
vt 0.1875 0.78125
vt 0 0.78125
vt 0 0.15625
vt 1 0.15625
vt 1 0
vt 0 0
vn 0.33682408883346565 0.4618240888334662 0.8205291245011627
vn -0.9396926207859083 0.21984631039295507 0.26200263022938486
vn -0.33682408883346565 -0.4618240888334662 -0.8205291245011627
vn 0.9396926207859083 -0.21984631039295507 -0.26200263022938486
vn 0.05939117461388507 0.8592939606326481 -0.5080222215594903
vn -0.05939117461388507 -0.8592939606326481 0.5080222215594903
g Frond
f 140/412/103 143/411/103 141/410/103 138/409/103
f 139/416/104 140/415/104 138/414/104 137/413/104
f 144/420/105 139/419/105 137/418/105 142/417/105
f 143/424/106 144/423/106 142/422/106 141/421/106
f 142/428/107 137/427/107 138/426/107 141/425/107
f 143/432/108 140/431/108 139/430/108 144/429/108
o cube
v -0.5440295239975844 -0.07002257691171493 -0.12163815682437773
v -0.49240982250549814 0.05211931182542995 -0.0389893338830265
v -0.5440295239975844 -0.07002257691171493 -0.12163815682437773
v -0.49240982250549814 0.05211931182542995 -0.0389893338830265
v 0.44728279828040984 -0.1677269985675252 -0.30099196411241125
v 0.39566309678832357 -0.28986888730467 -0.3836407870537625
v 0.44728279828040984 -0.1677269985675252 -0.30099196411241125
v 0.39566309678832357 -0.28986888730467 -0.3836407870537625
vt 0 1
vt 0.1875 1
vt 0.1875 1
vt 0 1
vt 0 1
vt 0.21875 1
vt 0.21875 1
vt 0 1
vt 0 1
vt 0.1875 1
vt 0.1875 1
vt 0 1
vt 0 1
vt 0.21875 1
vt 0.21875 1
vt 0 1
vt 0 1
vt 0.1875 1
vt 0.1875 0.78125
vt 0 0.78125
vt 0 0.3125
vt 1 0.3125
vt 1 0.15625
vt 0 0.15625
vn 0.3303660895493527 0.7817080879177267 0.5289524668246485
vn -0.9396926207859082 0.2198463103929551 0.2620026302293848
vn -0.3303660895493527 -0.7817080879177267 -0.5289524668246485
vn 0.9396926207859082 -0.2198463103929551 -0.2620026302293848
vn -0.08852132690137673 0.5836095142221517 -0.8071950876913236
vn 0.08852132690137673 -0.5836095142221517 0.8071950876913236
g Frond
f 148/436/109 151/435/109 149/434/109 146/433/109
f 147/440/110 148/439/110 146/438/110 145/437/110
f 152/444/111 147/443/111 145/442/111 150/441/111
f 151/448/112 152/447/112 150/446/112 149/445/112
f 150/452/113 145/451/113 146/450/113 149/449/113
f 151/456/114 148/455/114 147/454/114 152/453/114
o cube
v -0.6389898614970493 -0.3576567889069534 -0.2208669628210458
v -0.5956492254896707 -0.19216446564885992 -0.20428697976572896
v -0.6389898614970493 -0.3576567889069534 -0.2208669628210458
v -0.5956492254896707 -0.19216446564885992 -0.20428697976572896
v 0.3440433952962373 -0.412010776041815 -0.4662896099951137
v 0.3007027592888587 -0.5775030992999085 -0.48286959305043053
v 0.3440433952962373 -0.412010776041815 -0.4662896099951137
v 0.3007027592888587 -0.5775030992999085 -0.48286959305043053
vt 0 1
vt 0.1875 1
vt 0.1875 1
vt 0 1
vt 0 1
vt 0.21875 1
vt 0.21875 1
vt 0 1
vt 0 1
vt 0.1875 1
vt 0.1875 1
vt 0 1
vt 0 1
vt 0.21875 1
vt 0.21875 1
vt 0 1
vt 0 1
vt 0.1875 1
vt 0.1875 0.78125
vt 0 0.78125
vt 0 0.671875
vt 1 0.671875
vt 1 0.46875
vt 0 0.46875
vn 0.2521637004065666 0.9628644262289078 0.09646535595820695
vn -0.9396926207859082 0.219846310392955 0.2620026302293848
vn -0.2521637004065666 -0.9628644262289078 -0.09646535595820695
vn 0.9396926207859082 -0.219846310392955 -0.2620026302293848
vn -0.23106545963812644 0.15671533591030806 -0.9602338552939803
vn 0.23106545963812644 -0.15671533591030806 0.9602338552939803
g Frond
f 156/460/115 159/459/115 157/458/115 154/457/115
f 155/464/116 156/463/116 154/462/116 153/461/116
f 160/468/117 155/467/117 153/466/117 158/465/117
f 159/472/118 160/471/118 158/470/118 157/469/118
f 158/476/119 153/475/119 154/474/119 157/473/119
f 159/480/120 156/479/120 155/478/120 160/477/120
o cube
v -0.22542376976263112 -0.313933804379744 -0.5837666170031919
v -0.2879059618288461 -0.19582330489731814 -0.5027731105559925
v -0.22542376976263112 -0.313933804379744 -0.5837666170031919
v -0.2879059618288461 -0.19582330489731814 -0.5027731105559925
v 0.5991048713493761 -0.01911976069471477 -0.07617301762267437
v 0.6615870634155909 -0.13723026017714063 -0.15716652406987375
v 0.5991048713493761 -0.01911976069471477 -0.07617301762267437
v 0.6615870634155909 -0.13723026017714063 -0.15716652406987375
vt 0 1
vt 0.1875 1
vt 0.1875 1
vt 0 1
vt 0 1
vt 0.21875 1
vt 0.21875 1
vt 0 1
vt 0 1
vt 0.1875 1
vt 0.1875 1
vt 0 1
vt 0 1
vt 0.21875 1
vt 0.21875 1
vt 0 1
vt 0 1
vt 0.1875 1
vt 0.1875 0.78125
vt 0 0.78125
vt 0 0.46875
vt 1 0.46875
vt 1 0.3125
vt 0 0.3125
vn -0.39988602922377514 0.7559071966875256 0.5183584412620756
vn -0.8870108331782217 -0.1767035442026033 -0.426600092933318
vn 0.39988602922377514 -0.7559071966875256 -0.5183584412620756
vn 0.8870108331782217 0.1767035442026033 0.426600092933318
vn 0.23087430661751643 0.6303809700984362 -0.7411591509801625
vn -0.23087430661751643 -0.6303809700984362 0.7411591509801625
g Frond
f 164/484/121 167/483/121 165/482/121 162/481/121
f 163/488/122 164/487/122 162/486/122 161/485/122
f 168/492/123 163/491/123 161/490/123 166/489/123
f 167/496/124 168/495/124 166/494/124 165/493/124
f 166/500/125 161/499/125 162/498/125 165/497/125
f 167/504/126 164/503/126 163/502/126 168/501/126
o cube
v -0.357581361992885 -0.10719083064316337 -0.39461288465893163
v -0.42863348922046257 -0.08002560711587148 -0.25812952176385784
v -0.357581361992885 -0.10719083064316337 -0.39461288465893163
v -0.42863348922046257 -0.08002560711587148 -0.25812952176385784
v 0.4583773439577594 0.09667793708673189 0.1684705711694604
v 0.5294294711853371 0.06951271355944 0.031987208274386614
v 0.4583773439577594 0.09667793708673189 0.1684705711694604
v 0.5294294711853371 0.06951271355944 0.031987208274386614
vt 0 1
vt 0.1875 1
vt 0.1875 1
vt 0 1
vt 0 1
vt 0.21875 1
vt 0.21875 1
vt 0 1
vt 0 1
vt 0.1875 1
vt 0.1875 1
vt 0 1
vt 0 1
vt 0.21875 1
vt 0.21875 1
vt 0 1
vt 0 1
vt 0.1875 1
vt 0.1875 0.78125
vt 0 0.78125
vt 0 0.15625
vt 1 0.15625
vt 1 0
vt 0 0
vn -0.45473361425649683 0.17385743057466785 0.8734935225284721
vn -0.8870108331782218 -0.17670354420260337 -0.42660009293331813
vn 0.45473361425649683 -0.17385743057466785 -0.8734935225284721
vn 0.8870108331782218 0.17670354420260337 0.42660009293331813
vn -0.08018180522849633 0.9687876192954847 -0.2345664656554433
vn 0.08018180522849633 -0.9687876192954847 0.2345664656554433
g Frond
f 172/508/127 175/507/127 173/506/127 170/505/127
f 171/512/128 172/511/128 170/510/128 169/509/128
f 176/516/129 171/515/129 169/514/129 174/513/129
f 175/520/130 176/519/130 174/518/130 173/517/130
f 174/524/131 169/523/131 170/522/131 173/521/131
f 175/528/132 172/527/132 171/526/132 176/525/132
o cube
v -0.28789153218399716 -0.19578390608481555 -0.502819433005129
v -0.35758136199288487 -0.10719083064316348 -0.3946128846589314
v -0.28789153218399716 -0.19578390608481555 -0.502819433005129
v -0.35758136199288487 -0.10719083064316348 -0.3946128846589314
v 0.5294294711853371 0.06951271355943989 0.031987208274386836
v 0.5991193009942251 -0.019080361882212182 -0.0762193400718108
v 0.5294294711853371 0.06951271355943989 0.031987208274386836
v 0.5991193009942251 -0.019080361882212182 -0.0762193400718108
vt 0 1
vt 0.1875 1
vt 0.1875 1
vt 0 1
vt 0 1
vt 0.21875 1
vt 0.21875 1
vt 0 1
vt 0 1
vt 0.1875 1
vt 0.1875 1
vt 0 1
vt 0 1
vt 0.21875 1
vt 0.21875 1
vt 0 1
vt 0 1
vt 0.1875 1
vt 0.1875 0.78125
vt 0 0.78125
vt 0 0.3125
vt 1 0.3125
vt 1 0.15625
vt 0 0.15625
vn -0.44601491077688177 0.5669956828265735 0.6925219094156646
vn -0.8870108331782217 -0.17670354420260329 -0.426600092933318
vn 0.44601491077688177 -0.5669956828265735 -0.6925219094156646
vn 0.8870108331782217 0.17670354420260329 0.426600092933318
vn 0.11950933515490411 0.8045444382520252 -0.5817437285339364
vn -0.11950933515490411 -0.8045444382520252 0.5817437285339364
g Frond
f 180/532/133 183/531/133 181/530/133 178/529/133
f 179/536/134 180/535/134 178/534/134 177/533/134
f 184/540/135 179/539/135 177/538/135 182/537/135
f 183/544/136 184/543/136 182/542/136 181/541/136
f 182/548/137 177/547/137 178/546/137 181/545/137
f 183/552/138 180/551/138 179/550/138 184/549/138
o cube
v -0.179902998438205 -0.4774720227074944 -0.6106762091445521
v -0.22542376976263112 -0.313933804379744 -0.5837666170031919
v -0.179902998438205 -0.4774720227074944 -0.6106762091445521
v -0.22542376976263112 -0.313933804379744 -0.5837666170031919
v 0.6615870634155909 -0.13723026017714068 -0.15716652406987375
v 0.707107834740017 -0.300768478504891 -0.184076116211234
v 0.6615870634155909 -0.13723026017714068 -0.15716652406987375
v 0.707107834740017 -0.300768478504891 -0.184076116211234
vt 0 1
vt 0.1875 1
vt 0.1875 1
vt 0 1
vt 0 1
vt 0.21875 1
vt 0.21875 1
vt 0 1
vt 0 1
vt 0.1875 1
vt 0.1875 1
vt 0 1
vt 0 1
vt 0.21875 1
vt 0.21875 1
vt 0 1
vt 0 1
vt 0.1875 1
vt 0.1875 0.78125
vt 0 0.78125
vt 0 0.671875
vt 1 0.671875
vt 1 0.46875
vt 0 0.46875
vn -0.26484812406938874 0.9514950884523657 0.15656489973155024
vn -0.8870108331782218 -0.1767035442026033 -0.426600092933318
vn 0.26484812406938874 -0.9514950884523657 -0.15656489973155024
vn 0.8870108331782218 0.1767035442026033 0.426600092933318
vn 0.37824232047908474 0.2518589964985634 -0.8907860533715906
vn -0.37824232047908474 -0.2518589964985634 0.8907860533715906
g Frond
f 188/556/139 191/555/139 189/554/139 186/553/139
f 187/560/140 188/559/140 186/558/140 185/557/140
f 192/564/141 187/563/141 185/562/141 190/561/141
f 191/568/142 192/567/142 190/566/142 189/565/142
f 190/572/143 185/571/143 186/570/143 189/569/143
f 191/576/144 188/575/144 187/574/144 192/573/144
o cube
v -0.6483978516732272 0.08800979222838334 -0.059698999403305364
v -0.5591027736972007 0.05613878888720658 0.06449717886028694
v -0.6483978516732272 0.08800979222838334 -0.059698999403305364
v -0.5591027736972007 0.05613878888720658 0.06449717886028694
v 0.19867234300911152 -0.1844115030293627 -0.5420606745713441
v 0.10937726503308509 -0.15254049968818595 -0.6662568528349366
v 0.19867234300911152 -0.1844115030293627 -0.5420606745713441
v 0.10937726503308509 -0.15254049968818595 -0.6662568528349366
vt 0 1
vt 0.1875 1
vt 0.1875 1
vt 0 1
vt 0 1
vt 0.21875 1
vt 0.21875 1
vt 0 1
vt 0 1
vt 0.1875 1
vt 0.1875 1
vt 0 1
vt 0 1
vt 0.21875 1
vt 0.21875 1
vt 0 1
vt 0 1
vt 0.1875 1
vt 0.1875 0.78125
vt 0 0.78125
vt 0 0.46875
vt 1 0.46875
vt 1 0.3125
vt 0 0.3125
vn 0.5714884990465702 -0.2039744213835316 0.7948555408869915
vn -0.7577751167063124 0.24055029191656932 0.6065578534316312
vn -0.5714884990465702 0.2039744213835316 -0.7948555408869915
vn 0.7577751167063124 -0.24055029191656932 -0.6065578534316312
vn 0.3149250195812224 0.9489625875028513 0.017095015696393684
vn -0.3149250195812224 -0.9489625875028513 -0.017095015696393684
g Frond
f 196/580/145 199/579/145 197/578/145 194/577/145
f 195/584/146 196/583/146 194/582/146 193/581/146
f 200/588/147 195/587/147 193/586/147 198/585/147
f 199/592/148 200/591/148 198/590/148 197/589/148
f 198/596/149 193/595/149 194/594/149 197/593/149
f 199/600/150 196/599/150 195/598/150 200/597/150
o cube
v -0.467578746167512 0.1593190549468677 0.13791905267440718
v -0.38051503801019765 0.1210107034420389 0.26188051211596286
v -0.467578746167512 0.1593190549468677 0.13791905267440718
v -0.38051503801019765 0.1210107034420389 0.26188051211596286
v 0.37726007869611466 -0.11953958847453039 -0.3446773413156682
v 0.2901963705388002 -0.08123123696970158 -0.46863880075722397
v 0.37726007869611466 -0.11953958847453039 -0.3446773413156682
v 0.2901963705388002 -0.08123123696970158 -0.46863880075722397
vt 0 1
vt 0.1875 1
vt 0.1875 1
vt 0 1
vt 0 1
vt 0.21875 1
vt 0.21875 1
vt 0 1
vt 0 1
vt 0.1875 1
vt 0.1875 1
vt 0 1
vt 0 1
vt 0.21875 1
vt 0.21875 1
vt 0 1
vt 0 1
vt 0.1875 1
vt 0.1875 0.78125
vt 0 0.78125
vt 0 0.15625
vt 1 0.15625
vt 1 0
vt 0 0
vn 0.5572077322068117 -0.2451734496309041 0.7933533404259571
vn -0.7577751167063125 0.24055029191656935 0.6065578534316312
vn -0.5572077322068117 0.2451734496309041 -0.7933533404259571
vn 0.7577751167063125 -0.24055029191656935 -0.6065578534316312
vn 0.3395532589589988 0.9391621460934931 0.051749856766829444
vn -0.3395532589589988 -0.9391621460934931 -0.051749856766829444
g Frond
f 204/604/151 207/603/151 205/602/151 202/601/151
f 203/608/152 204/607/152 202/606/152 201/605/152
f 208/612/153 203/611/153 201/610/153 206/609/153
f 207/616/154 208/615/154 206/614/154 205/613/154
f 206/620/155 201/619/155 202/618/155 205/617/155
f 207/624/156 204/623/156 203/622/156 208/621/156
o cube
v -0.559065121981574 0.05615363725941647 0.06453832869091314
v -0.46753952662431636 0.15933328128797886 0.13796236394258465
v -0.559065121981574 0.05615363725941647 0.06453832869091314
v -0.46753952662431636 0.15933328128797886 0.13796236394258465
v 0.29023559008199595 -0.08121701062859055 -0.4685954894890465
v 0.19870999472473816 -0.18439665465715288 -0.542019524740718
v 0.29023559008199595 -0.08121701062859055 -0.4685954894890465
v 0.19870999472473816 -0.18439665465715288 -0.542019524740718
vt 0 1
vt 0.1875 1
vt 0.1875 1
vt 0 1
vt 0 1
vt 0.21875 1
vt 0.21875 1
vt 0 1
vt 0 1
vt 0.1875 1
vt 0.1875 1
vt 0 1
vt 0 1
vt 0.21875 1
vt 0.21875 1
vt 0 1
vt 0 1
vt 0.1875 1
vt 0.1875 0.78125
vt 0 0.78125
vt 0 0.3125
vt 1 0.3125
vt 1 0.15625
vt 0 0.15625
vn 0.5857638102864491 0.660349721782799 0.4699138256106972
vn -0.7577751167063123 0.24055029191656935 0.6065578534316312
vn -0.5857638102864491 -0.660349721782799 -0.4699138256106972
vn 0.7577751167063123 -0.24055029191656935 -0.6065578534316312
vn -0.2875024018324644 0.7113886434293375 -0.6413022430495088
vn 0.2875024018324644 -0.7113886434293375 0.6413022430495088
g Frond
f 212/628/157 215/627/157 213/626/157 210/625/157
f 211/632/158 212/631/158 210/630/158 209/629/158
f 216/636/159 211/635/159 209/634/159 214/633/159
f 215/640/160 216/639/160 214/638/160 213/637/160
f 214/644/161 209/643/161 210/642/161 213/641/161
f 215/648/162 212/647/162 211/646/162 216/645/162
o cube
v -0.7417225311066633 -0.04045564010538111 -0.12534273375594918
v -0.6483555750888311 0.08803040803606588 -0.059654358970467225
v -0.7417225311066633 -0.04045564010538111 -0.12534273375594918
v -0.6483555750888311 0.08803040803606588 -0.059654358970467225
v 0.10941954161748113 -0.15251988388050347 -0.6662122124020984
v 0.01605258559964895 -0.28100593202195046 -0.7319005871875803
v 0.10941954161748113 -0.15251988388050347 -0.6662122124020984
v 0.01605258559964895 -0.28100593202195046 -0.7319005871875803
vt 0 1
vt 0.1875 1
vt 0.1875 1
vt 0 1
vt 0 1
vt 0.21875 1
vt 0.21875 1
vt 0 1
vt 0 1
vt 0.1875 1
vt 0.1875 1
vt 0 1
vt 0 1
vt 0.21875 1
vt 0.21875 1
vt 0 1
vt 0 1
vt 0.1875 1
vt 0.1875 0.78125
vt 0 0.78125
vt 0 0.671875
vt 1 0.671875
vt 1 0.46875
vt 0 0.46875
vn 0.5432259259219326 0.7475551891866012 0.3821869078428042
vn -0.7577751167063124 0.2405502919165695 0.6065578534316312
vn -0.5432259259219326 -0.7475551891866012 -0.3821869078428042
vn 0.7577751167063124 -0.2405502919165695 -0.6065578534316312
vn -0.3615002986264243 0.6191096802498232 -0.6971518757874557
vn 0.3615002986264243 -0.6191096802498232 0.6971518757874557
g Frond
f 220/652/163 223/651/163 221/650/163 218/649/163
f 219/656/164 220/655/164 218/654/164 217/653/164
f 224/660/165 219/659/165 217/658/165 222/657/165
f 223/664/166 224/663/166 222/662/166 221/661/166
f 222/668/167 217/667/167 218/666/167 221/665/167
f 223/672/168 220/671/168 219/670/168 224/669/168
