# Made in Blockbench 4.10.4

o cube
v 0.052441891503782756 0.24395870559606114 0.020738669068951388
v 0.052441891503782756 0.24395870559606114 -0.1867225809310486
v 0.052441891503782756 0.02260089309606117 0.020738669068951388
v 0.052441891503782756 0.02260089309606117 -0.1867225809310486
v -0.17486435849621718 0.24395870559606114 -0.1867225809310486
v -0.17486435849621718 0.24395870559606114 0.020738669068951388
v -0.17486435849621718 0.02260089309606117 -0.1867225809310486
v -0.17486435849621718 0.02260089309606117 0.020738669068951388
vt 0.625 0.375
vt 0.875 0.375
vt 0.875 0.125
vt 0.625 0.125
vt 0.625 0.125
vt 0.625 0.375
vt 0.875 0.375
vt 0.875 0.125
vt 0.625 0.3125
vt 0.875 0.3125
vt 0.875 0.0625
vt 0.625 0.0625
vt 0.875 0.375
vt 0.875 0.125
vt 0.625 0.125
vt 0.625 0.375
vt 0.625 0.375
vt 0.875 0.375
vt 0.875 0.125
vt 0.625 0.125
vt 0.625 0.375
vt 0.875 0.375
vt 0.875 0.125
vt 0.625 0.125
vn 0 0 -1
vn 1 0 0
vn 0 0 1
vn -1 0 0
vn 0 1 0
vn 0 -1 0
g _
f 4/4/1 7/3/1 5/2/1 2/1/1
f 3/8/2 4/7/2 2/6/2 1/5/2
f 8/12/3 3/11/3 1/10/3 6/9/3
f 7/16/4 8/15/4 6/14/4 5/13/4
f 6/20/5 1/19/5 2/18/5 5/17/5
f 7/24/6 4/23/6 3/22/6 8/21/6
o cube
v 0.052441891503782756 0.44645870559606116 0.020738669068951388
v 0.052441891503782756 0.44645870559606116 -0.1867225809310486
v 0.052441891503782756 0.22510089309606118 0.020738669068951388
v 0.052441891503782756 0.22510089309606118 -0.1867225809310486
v -0.17486435849621718 0.44645870559606116 -0.1867225809310486
v -0.17486435849621718 0.44645870559606116 0.020738669068951388
v -0.17486435849621718 0.22510089309606118 -0.1867225809310486
v -0.17486435849621718 0.22510089309606118 0.020738669068951388
vt 0.625 0.375
vt 0.875 0.375
vt 0.875 0.125
vt 0.625 0.125
vt 0.625 0.125
vt 0.625 0.375
vt 0.875 0.375
vt 0.875 0.125
vt 0.625 0.3125
vt 0.875 0.3125
vt 0.875 0.0625
vt 0.625 0.0625
vt 0.875 0.375
vt 0.875 0.125
vt 0.625 0.125
vt 0.625 0.375
vt 0.625 0.375
vt 0.875 0.375
vt 0.875 0.125
vt 0.625 0.125
vt 0.625 0.375
vt 0.875 0.375
vt 0.875 0.125
vt 0.625 0.125
vn 0 0 -1
vn 1 0 0
vn 0 0 1
vn -1 0 0
vn 0 1 0
vn 0 -1 0
g _
f 12/28/7 15/27/7 13/26/7 10/25/7
f 11/32/8 12/31/8 10/30/8 9/29/8
f 16/36/9 11/35/9 9/34/9 14/33/9
f 15/40/10 16/39/10 14/38/10 13/37/10
f 14/44/11 9/43/11 10/42/11 13/41/11
f 15/48/12 12/47/12 11/46/12 16/45/12
o cube
v 0.052441891503782756 0.5477087055960612 0.020738669068951388
v 0.052441891503782756 0.5477087055960612 -0.1867225809310486
v 0.052441891503782756 0.4478508930960612 0.020738669068951388
v 0.052441891503782756 0.4478508930960612 -0.1867225809310486
v -0.17486435849621718 0.5477087055960612 -0.1867225809310486
v -0.17486435849621718 0.5477087055960612 0.020738669068951388
v -0.17486435849621718 0.4478508930960612 -0.1867225809310486
v -0.17486435849621718 0.4478508930960612 0.020738669068951388
vt 0.625 0.375
vt 0.875 0.375
vt 0.875 0.125
vt 0.625 0.125
vt 0.625 0.125
vt 0.625 0.375
vt 0.875 0.375
vt 0.875 0.125
vt 0.625 0.3125
vt 0.875 0.3125
vt 0.875 0.0625
vt 0.625 0.0625
vt 0.875 0.375
vt 0.875 0.125
vt 0.625 0.125
vt 0.625 0.375
vt 0.625 0.375
vt 0.875 0.375
vt 0.875 0.125
vt 0.625 0.125
vt 0.625 0.375
vt 0.875 0.375
vt 0.875 0.125
vt 0.625 0.125
vn 0 0 -1
vn 1 0 0
vn 0 0 1
vn -1 0 0
vn 0 1 0
vn 0 -1 0
g _
f 20/52/13 23/51/13 21/50/13 18/49/13
f 19/56/14 20/55/14 18/54/14 17/53/14
f 24/60/15 19/59/15 17/58/15 22/57/15
f 23/64/16 24/63/16 22/62/16 21/61/16
f 22/68/17 17/67/17 18/66/17 21/65/17
f 23/72/18 20/71/18 19/70/18 24/69/18
o cube
v 0.28025439150378284 0.3452087055960612 0.020738669068951388
v 0.28025439150378284 0.3452087055960612 -0.1867225809310486
v 0.28025439150378284 0.12385089309606112 0.020738669068951388
v 0.28025439150378284 0.12385089309606112 -0.1867225809310486
v 0.0529481415037828 0.3452087055960612 -0.1867225809310486
v 0.0529481415037828 0.3452087055960612 0.020738669068951388
v 0.0529481415037828 0.12385089309606112 -0.1867225809310486
v 0.0529481415037828 0.12385089309606112 0.020738669068951388
vt 0.625 0.375
vt 0.875 0.375
vt 0.875 0.125
vt 0.625 0.125
vt 0.625 0.125
vt 0.625 0.375
vt 0.875 0.375
vt 0.875 0.125
vt 0.625 0.3125
vt 0.875 0.3125
vt 0.875 0.0625
vt 0.625 0.0625
vt 0.875 0.375
vt 0.875 0.125
vt 0.625 0.125
vt 0.625 0.375
vt 0.625 0.375
vt 0.875 0.375
vt 0.875 0.125
vt 0.625 0.125
vt 0.625 0.375
vt 0.875 0.375
vt 0.875 0.125
vt 0.625 0.125
vn 0 0 -1
vn 1 0 0
vn 0 0 1
vn -1 0 0
vn 0 1 0
vn 0 -1 0
g _
f 28/76/19 31/75/19 29/74/19 26/73/19
f 27/80/20 28/79/20 26/78/20 25/77/20
f 32/84/21 27/83/21 25/82/21 30/81/21
f 31/88/22 32/87/22 30/86/22 29/85/22
f 30/92/23 25/91/23 26/90/23 29/89/23
f 31/96/24 28/95/24 27/94/24 32/93/24
o cube
v 0.2296293915037828 0.5679587055960611 0.020738669068951388
v 0.2296293915037828 0.5679587055960611 -0.13609758093104857
v 0.2296293915037828 0.34660089309606124 0.020738669068951388
v 0.2296293915037828 0.34660089309606124 -0.13609758093104857
v 0.0529481415037828 0.5679587055960611 -0.13609758093104857
v 0.0529481415037828 0.5679587055960611 0.020738669068951388
v 0.0529481415037828 0.34660089309606124 -0.13609758093104857
v 0.0529481415037828 0.34660089309606124 0.020738669068951388
vt 0.625 0.375
vt 0.875 0.375
vt 0.875 0.125
vt 0.625 0.125
vt 0.625 0.125
vt 0.625 0.375
vt 0.875 0.375
vt 0.875 0.125
vt 0.625 0.3125
vt 0.875 0.3125
vt 0.875 0.0625
vt 0.625 0.0625
vt 0.875 0.375
vt 0.875 0.125
vt 0.625 0.125
vt 0.625 0.375
vt 0.625 0.375
vt 0.875 0.375
vt 0.875 0.125
vt 0.625 0.125
vt 0.625 0.375
vt 0.875 0.375
vt 0.875 0.125
vt 0.625 0.125
vn 0 0 -1
vn 1 0 0
vn 0 0 1
vn -1 0 0
vn 0 1 0
vn 0 -1 0
g _
f 36/100/25 39/99/25 37/98/25 34/97/25
f 35/104/26 36/103/26 34/102/26 33/101/26
f 40/108/27 35/107/27 33/106/27 38/105/27
f 39/112/28 40/111/28 38/110/28 37/109/28
f 38/116/29 33/115/29 34/114/29 37/113/29
f 39/120/30 36/119/30 35/118/30 40/117/30
o cube
v -0.1753706084962171 0.5173337055960612 0.020738669068951388
v -0.1753706084962171 0.5173337055960612 -0.13609758093104857
v -0.1753706084962171 0.3466008930960611 0.020738669068951388
v -0.1753706084962171 0.3466008930960611 -0.13609758093104857
v -0.35205185849621723 0.5173337055960612 -0.13609758093104857
v -0.35205185849621723 0.5173337055960612 0.020738669068951388
v -0.35205185849621723 0.3466008930960611 -0.13609758093104857
v -0.35205185849621723 0.3466008930960611 0.020738669068951388
vt 0.625 0.375
vt 0.875 0.375
vt 0.875 0.125
vt 0.625 0.125
vt 0.625 0.125
vt 0.625 0.375
vt 0.875 0.375
vt 0.875 0.125
vt 0.625 0.3125
vt 0.875 0.3125
vt 0.875 0.0625
vt 0.625 0.0625
vt 0.875 0.375
vt 0.875 0.125
vt 0.625 0.125
vt 0.625 0.375
vt 0.625 0.375
vt 0.875 0.375
vt 0.875 0.125
vt 0.625 0.125
vt 0.625 0.375
vt 0.875 0.375
vt 0.875 0.125
vt 0.625 0.125
vn 0 0 -1
vn 1 0 0
vn 0 0 1
vn -1 0 0
vn 0 1 0
vn 0 -1 0
g _
f 44/124/31 47/123/31 45/122/31 42/121/31
f 43/128/32 44/127/32 42/126/32 41/125/32
f 48/132/33 43/131/33 41/130/33 46/129/33
f 47/136/34 48/135/34 46/134/34 45/133/34
f 46/140/35 41/139/35 42/138/35 45/137/35
f 47/144/36 44/143/36 43/142/36 48/141/36
o cube
v -0.17537060849621716 0.3452087055960612 0.020738669068951388
v -0.17537060849621716 0.3452087055960612 -0.1867225809310486
v -0.17537060849621716 0.12385089309606112 0.020738669068951388
v -0.17537060849621716 0.12385089309606112 -0.1867225809310486
v -0.4026768584962172 0.3452087055960612 -0.1867225809310486
v -0.4026768584962172 0.3452087055960612 0.020738669068951388
v -0.4026768584962172 0.12385089309606112 -0.1867225809310486
v -0.4026768584962172 0.12385089309606112 0.020738669068951388
vt 0.625 0.375
vt 0.875 0.375
vt 0.875 0.125
vt 0.625 0.125
vt 0.625 0.125
vt 0.625 0.375
vt 0.875 0.375
vt 0.875 0.125
vt 0.625 0.3125
vt 0.875 0.3125
vt 0.875 0.0625
vt 0.625 0.0625
vt 0.875 0.375
vt 0.875 0.125
vt 0.625 0.125
vt 0.625 0.375
vt 0.625 0.375
vt 0.875 0.375
vt 0.875 0.125
vt 0.625 0.125
vt 0.625 0.375
vt 0.875 0.375
vt 0.875 0.125
vt 0.625 0.125
vn 0 0 -1
vn 1 0 0
vn 0 0 1
vn -1 0 0
vn 0 1 0
vn 0 -1 0
g _
f 52/148/37 55/147/37 53/146/37 50/145/37
f 51/152/38 52/151/38 50/150/38 49/149/38
f 56/156/39 51/155/39 49/154/39 54/153/39
f 55/160/40 56/159/40 54/158/40 53/157/40
f 54/164/41 49/163/41 50/162/41 53/161/41
f 55/168/42 52/167/42 51/166/42 56/165/42
o cube
v 0.13993525660765593 0.07230499603011808 -0.15046747302908703
v 0.21746942310489337 0.061047431917701234 -0.3963744324972892
v 0.13918988516160558 0.015532519825882884 -0.14810345682496384
v 0.216724051658843 0.004274955713465922 -0.394010416293166
v 0.16967032167958063 0.061047431917701234 -0.411445431286194
v 0.0921361551823433 0.07230499603011808 -0.16553847181799186
v 0.16892495023353038 0.004274955713465922 -0.4090814150820708
v 0.09139078373629295 0.015532519825882884 -0.16317445561386867
vt 0.375 0.375
vt 0.4375 0.375
vt 0.4375 0.3125
vt 0.375 0.3125
vt 0.375 0.0625
vt 0.375 0.375
vt 0.4375 0.375
vt 0.4375 0.0625
vt 0.375 0.125
vt 0.4375 0.125
vt 0.4375 0.0625
vt 0.375 0.0625
vt 0.125 0.3125
vt 0.125 0.0625
vt 0.0625 0.0625
vt 0.0625 0.3125
vt 0.375 0.375
vt 0.4375 0.375
vt 0.4375 0.0625
vt 0.375 0.0625
vt 0.5625 0.375
vt 0.625 0.375
vt 0.625 0.0625
vt 0.5625 0.0625
vn 0.3004195942140947 -0.043619387365335986 -0.9528092235374884
vn 0.9537169507482269 0 0.300705799504273
vn -0.3004195942140947 0.043619387365335986 0.9528092235374884
vn -0.9537169507482269 0 -0.300705799504273
vn 0.013116602751579946 0.9990482215818579 -0.04160054911157397
vn -0.013116602751579946 -0.9990482215818579 0.04160054911157397
g _
f 60/172/43 63/171/43 61/170/43 58/169/43
f 59/176/44 60/175/44 58/174/44 57/173/44
f 64/180/45 59/179/45 57/178/45 62/177/45
f 63/184/46 64/183/46 62/182/46 61/181/46
f 62/188/47 57/187/47 58/186/47 61/185/47
f 63/192/48 60/191/48 59/190/48 64/189/48
o cube
v -0.12561530686630346 0.07230499603011808 -0.23419524407855813
v -0.06328988232615457 0.06325566340307132 -0.4318662366051749
v -0.12636067831235376 0.015532519825882884 -0.23183122787443494
v -0.06403525377220493 0.006483187198836005 -0.42950222040105174
v -0.11108898375146731 0.06325566340307132 -0.4469372353940797
v -0.17341440829161614 0.07230499603011808 -0.2492662428674629
v -0.11183435519751767 0.006483187198836005 -0.4445732191899565
v -0.1741597797376665 0.015532519825882884 -0.24690222666333972
vt 0.375 0.375
vt 0.4375 0.375
vt 0.4375 0.3125
vt 0.375 0.3125
vt 0.3125 0
vt 0.3125 0.375
vt 0.375 0.375
vt 0.375 0
vt 0.375 0.125
vt 0.4375 0.125
vt 0.4375 0.0625
vt 0.375 0.0625
vt 0.125 0.3125
vt 0.125 0.0625
vt 0.0625 0.0625
vt 0.0625 0.3125
vt 0.0625 0.3125
vt 0.125 0.3125
vt 0.125 0.0625
vt 0.0625 0.0625
vt 0.875 0.3125
vt 0.9375 0.3125
vt 0.9375 0.0625
vt 0.875 0.0625
vn 0.3004195942140947 -0.043619387365335986 -0.9528092235374884
vn 0.9537169507482269 0 0.300705799504273
vn -0.3004195942140947 0.043619387365335986 0.9528092235374884
vn -0.9537169507482269 0 -0.300705799504273
vn 0.013116602751579946 0.9990482215818579 -0.04160054911157397
vn -0.013116602751579946 -0.9990482215818579 0.04160054911157397
g _
f 68/196/49 71/195/49 69/194/49 66/193/49
f 67/200/50 68/199/50 66/198/50 65/197/50
f 72/204/51 67/203/51 65/202/51 70/201/51
f 71/208/52 72/207/52 70/206/52 69/205/52
f 70/212/53 65/211/53 66/210/53 69/209/53
f 71/216/54 68/215/54 67/214/54 72/213/54
o cube
v 0.07644459401893844 0.07451322751548828 -0.11745473718740557
v 0.16918750247326442 0.061047431917701234 -0.411597663597193
v 0.07569922257288808 0.017740751311252967 -0.11509072098328244
v 0.16844213102721406 0.004274955713465922 -0.40923364739306983
v -0.04759832116274976 0.061047431917701234 -0.47994997123576116
v -0.14034122961707568 0.07451322751548828 -0.18580704482597377
v -0.04834369260880006 0.004274955713465922 -0.477585955031638
v -0.14108660106312598 0.017740751311252967 -0.18344302862185058
vt 0.125 0.375
vt 0.375 0.375
vt 0.375 0.3125
vt 0.125 0.3125
vt 0.3125 0
vt 0.3125 0.375
vt 0.375 0.375
vt 0.375 0
vt 0.625 0.0625
vt 0.875 0.0625
vt 0.875 0
vt 0.625 0
vt 0.125 0.3125
vt 0.125 0.0625
vt 0.0625 0.0625
vt 0.0625 0.3125
vt 0.125 0.375
vt 0.375 0.375
vt 0.375 0
vt 0.125 0
vt 0.625 0.375
vt 0.875 0.375
vt 0.875 0
vt 0.625 0
vn 0.3004195942140947 -0.043619387365335986 -0.9528092235374884
vn 0.9537169507482269 0 0.300705799504273
vn -0.3004195942140947 0.043619387365335986 0.9528092235374884
vn -0.9537169507482269 0 -0.300705799504273
vn 0.013116602751579946 0.9990482215818579 -0.04160054911157397
vn -0.013116602751579946 -0.9990482215818579 0.04160054911157397
g _
f 76/220/55 79/219/55 77/218/55 74/217/55
f 75/224/56 76/223/56 74/222/56 73/221/56
f 80/228/57 75/227/57 73/226/57 78/225/57
f 79/232/58 80/231/58 78/230/58 77/229/58
f 78/236/59 73/235/59 74/234/59 77/233/59
f 79/240/60 76/239/60 75/238/60 80/237/60
o cube
v -0.03342149078036011 0.040186602451882436 -0.1888647923512966
v -0.1345388732835286 -0.02019348956120587 -0.4185124178196682
v -0.03289246782948857 -0.014826540029720281 -0.1746334011830819
v -0.13400985033265705 -0.07520663204280853 -0.4042810266514534
v -0.18064835629577425 -0.01569100953563063 -0.3993935174452945
v -0.07953097379260576 0.04468908247745762 -0.1697458919769229
v -0.1801193333449027 -0.07070415201723329 -0.3851621262770798
v -0.07900195084173423 -0.010324060004145097 -0.1555145008087082
vt 0.375 0.375
vt 0.4375 0.375
vt 0.4375 0.3125
vt 0.375 0.3125
vt 0.375 0.0625
vt 0.375 0.375
vt 0.4375 0.375
vt 0.4375 0.0625
vt 0.375 0.125
vt 0.4375 0.125
vt 0.4375 0.0625
vt 0.375 0.0625
vt 0.125 0.3125
vt 0.125 0.0625
vt 0.0625 0.0625
vt 0.0625 0.3125
vt 0.375 0.375
vt 0.4375 0.375
vt 0.4375 0.0625
vt 0.375 0.0625
vt 0.5625 0.375
vt 0.625 0.375
vt 0.625 0.0625
vt 0.5625 0.0625
vn -0.39179686055792773 -0.23395315330858665 -0.8898096100368442
vn 0.9200046492030559 -0.08983623944282734 -0.3814720114602551
vn 0.39179686055792773 0.23395315330858665 0.8898096100368442
vn -0.9200046492030559 0.08983623944282734 0.3814720114602551
vn -0.00930943079429726 0.9680885146203007 -0.25043554531764506
vn 0.00930943079429726 -0.9680885146203007 0.25043554531764506
g _
f 84/244/61 87/243/61 85/242/61 82/241/61
f 83/248/62 84/247/62 82/246/62 81/245/62
f 88/252/63 83/251/63 81/250/63 86/249/63
f 87/256/64 88/255/64 86/254/64 85/253/64
f 86/260/65 81/259/65 82/258/65 85/257/65
f 87/264/66 84/263/66 83/262/66 88/261/66
o cube
v -0.28958528529283606 0.06520038037174458 -0.0826486791603318
v -0.37086795173025944 0.016664166744903564 -0.2672496931205881
v -0.2890562623419645 0.010187237890141976 -0.0684172879921171
v -0.3703389287793879 -0.0383489757366991 -0.2530183019523734
v -0.41697743474250515 0.021166646770478748 -0.2481307927462144
v -0.3356947683050817 0.06970286039731977 -0.06352977878595811
v -0.4164484117916336 -0.03384649571112386 -0.2338994015779997
v -0.3351657453542102 0.01468971791571716 -0.04929838761774341
vt 0.375 0.375
vt 0.4375 0.375
vt 0.4375 0.3125
vt 0.375 0.3125
vt 0.3125 0
vt 0.3125 0.375
vt 0.375 0.375
vt 0.375 0
vt 0.375 0.125
vt 0.4375 0.125
vt 0.4375 0.0625
vt 0.375 0.0625
vt 0.125 0.3125
vt 0.125 0.0625
vt 0.0625 0.0625
vt 0.0625 0.3125
vt 0.0625 0.3125
vt 0.125 0.3125
vt 0.125 0.0625
vt 0.0625 0.0625
vt 0.875 0.3125
vt 0.9375 0.3125
vt 0.9375 0.0625
vt 0.875 0.0625
vn -0.39179686055792773 -0.23395315330858665 -0.8898096100368442
vn 0.9200046492030559 -0.08983623944282734 -0.3814720114602551
vn 0.39179686055792773 0.23395315330858665 0.8898096100368442
vn -0.9200046492030559 0.08983623944282734 0.3814720114602551
vn -0.00930943079429726 0.9680885146203007 -0.25043554531764506
vn 0.00930943079429726 -0.9680885146203007 0.25043554531764506
g _
f 92/268/67 95/267/67 93/266/67 90/265/67
f 91/272/68 92/271/68 90/270/68 89/269/68
f 96/276/69 91/275/69 89/274/69 94/273/69
f 95/280/70 96/279/70 94/278/70 93/277/70
f 94/284/71 89/283/71 90/282/71 93/281/71
f 95/288/72 92/287/72 91/286/72 96/285/72
o cube
v -0.06016201008051969 0.05657844045992266 -0.12450616026300598
v -0.18111410864943328 -0.015645529939412706 -0.39920039723949274
v -0.05963298712964815 0.0015652979783200571 -0.11027476909479128
v -0.18058508569856174 -0.07065867242101537 -0.38496900607127804
v -0.39023691544234546 0.0047748087624384095 -0.3124894248345051
v -0.2692848168734319 0.07699877916177389 -0.037795187858018386
v -0.38970789249147386 -0.0502383337191642 -0.2982580336662904
v -0.2687557939225603 0.021985636680171172 -0.02356379668980363
vt 0.125 0.375
vt 0.375 0.375
vt 0.375 0.3125
vt 0.125 0.3125
vt 0.3125 0
vt 0.3125 0.375
vt 0.375 0.375
vt 0.375 0
vt 0.625 0.0625
vt 0.875 0.0625
vt 0.875 0
vt 0.625 0
vt 0.125 0.3125
vt 0.125 0.0625
vt 0.0625 0.0625
vt 0.0625 0.3125
vt 0.125 0.375
vt 0.375 0.375
vt 0.375 0
vt 0.125 0
vt 0.625 0.375
vt 0.875 0.375
vt 0.875 0
vt 0.625 0
vn -0.39179686055792773 -0.23395315330858665 -0.8898096100368442
vn 0.9200046492030559 -0.08983623944282734 -0.3814720114602551
vn 0.39179686055792773 0.23395315330858665 0.8898096100368442
vn -0.9200046492030559 0.08983623944282734 0.3814720114602551
vn -0.00930943079429726 0.9680885146203007 -0.25043554531764506
vn 0.00930943079429726 -0.9680885146203007 0.25043554531764506
g _
f 100/292/73 103/291/73 101/290/73 98/289/73
f 99/296/74 100/295/74 98/294/74 97/293/74
f 104/300/75 99/299/75 97/298/75 102/297/75
f 103/304/76 104/303/76 102/302/76 101/301/76
f 102/308/77 97/307/77 98/306/77 101/305/77
f 103/312/78 100/311/78 99/310/78 104/309/78
o cube
v 0.15852674064134153 0.09854006752495104 0.06795913029360845
v 0.32982509384842795 0.019795206229600293 -0.10829248940725777
v 0.15409476193600447 0.04533486101326478 0.0874224745686979
v 0.3253931151430909 -0.033410000282086016 -0.08882914513216827
v 0.2925417902402252 0.011071179293461908 -0.14063032680617182
v 0.12124343703313878 0.08981604058881265 0.0356212928946944
v 0.2881098115348881 -0.0421340272182244 -0.12116698253108227
v 0.11681145832780171 0.0366108340771264 0.055084637169783957
vt 0.375 0.375
vt 0.4375 0.375
vt 0.4375 0.3125
vt 0.375 0.3125
vt 0.375 0.0625
vt 0.375 0.375
vt 0.4375 0.375
vt 0.4375 0.0625
vt 0.375 0.125
vt 0.4375 0.125
vt 0.4375 0.0625
vt 0.375 0.0625
vt 0.125 0.3125
vt 0.125 0.0625
vt 0.0625 0.0625
vt 0.0625 0.3125
vt 0.375 0.375
vt 0.4375 0.375
vt 0.4375 0.0625
vt 0.375 0.0625
vt 0.5625 0.375
vt 0.625 0.375
vt 0.625 0.0625
vt 0.5625 0.0625
vn 0.66372522056904 -0.3051106414826469 -0.6829175118816525
vn 0.7438993112997194 0.1740671292907024 0.6452243401703761
vn -0.66372522056904 0.3051106414826469 0.6829175118816525
vn -0.7438993112997194 -0.1740671292907024 -0.6452243401703761
vn 0.07799132149401258 0.9362735342593753 -0.34250433985144774
vn -0.07799132149401258 -0.9362735342593753 0.34250433985144774
g _
f 108/316/79 111/315/79 109/314/79 106/313/79
f 107/320/80 108/319/80 106/318/80 105/317/80
f 112/324/81 107/323/81 105/322/81 110/321/81
f 111/328/82 112/327/82 110/326/82 109/325/82
f 110/332/83 105/331/83 106/330/83 109/329/83
f 111/336/84 108/335/84 107/334/84 112/333/84
o cube
v -0.04860272384867398 0.050073251213071046 -0.1116955219225807
v 0.08909454006710482 -0.013225383857220718 -0.2533744425844382
v -0.053034702554011104 -0.003131955298615152 -0.0922321776474912
v 0.08466256136176764 -0.06643059036890697 -0.2339110983093487
v 0.051811236458901955 -0.021949410793359103 -0.28571227998335225
v -0.08588602745687679 0.04134922427693266 -0.14403335932149475
v 0.047379257753564885 -0.07515461730504536 -0.2662489357082627
v -0.09031800616221386 -0.011855982234753593 -0.12457001504640519
vt 0.375 0.375
vt 0.4375 0.375
vt 0.4375 0.3125
vt 0.375 0.3125
vt 0.3125 0
vt 0.3125 0.375
vt 0.375 0.375
vt 0.375 0
vt 0.375 0.125
vt 0.4375 0.125
vt 0.4375 0.0625
vt 0.375 0.0625
vt 0.125 0.3125
vt 0.125 0.0625
vt 0.0625 0.0625
vt 0.0625 0.3125
vt 0.0625 0.3125
vt 0.125 0.3125
vt 0.125 0.0625
vt 0.0625 0.0625
vt 0.875 0.3125
vt 0.9375 0.3125
vt 0.9375 0.0625
vt 0.875 0.0625
vn 0.66372522056904 -0.3051106414826469 -0.6829175118816525
vn 0.7438993112997194 0.1740671292907024 0.6452243401703761
vn -0.66372522056904 0.3051106414826469 0.6829175118816525
vn -0.7438993112997194 -0.1740671292907024 -0.6452243401703761
vn 0.07799132149401258 0.9362735342593753 -0.34250433985144774
vn -0.07799132149401258 -0.9362735342593753 0.34250433985144774
g _
f 116/340/85 119/339/85 117/338/85 114/337/85
f 115/344/86 116/343/86 114/342/86 113/341/86
f 120/348/87 115/347/87 113/346/87 118/345/87
f 119/352/88 120/351/88 118/350/88 117/349/88
f 118/356/89 113/355/89 114/354/89 117/353/89
f 119/360/90 116/359/90 115/358/90 120/357/90
o cube
v 0.08726574871548565 0.10517414532966818 0.06986734711149167
v 0.2921651912138796 0.010983057809258456 -0.1409569716283831
v 0.08283377001014858 0.051968938817981924 0.08933069138658123
v 0.28773321250854256 -0.0422221487024278 -0.12149362735329361
v 0.12307222838475784 -0.0285834885980763 -0.28762049680123564
v -0.08182721411363619 0.06560759892233348 -0.0767961780613608
v 0.11864024967942077 -0.08178869510976255 -0.2681571525261461
v -0.08625919281897326 0.012402392410647223 -0.0573328337862713
vt 0.125 0.375
vt 0.375 0.375
vt 0.375 0.3125
vt 0.125 0.3125
vt 0.3125 0
vt 0.3125 0.375
vt 0.375 0.375
vt 0.375 0
vt 0.625 0.0625
vt 0.875 0.0625
vt 0.875 0
vt 0.625 0
vt 0.125 0.3125
vt 0.125 0.0625
vt 0.0625 0.0625
vt 0.0625 0.3125
vt 0.125 0.375
vt 0.375 0.375
vt 0.375 0
vt 0.125 0
vt 0.625 0.375
vt 0.875 0.375
vt 0.875 0
vt 0.625 0
vn 0.66372522056904 -0.3051106414826469 -0.6829175118816525
vn 0.7438993112997194 0.1740671292907024 0.6452243401703761
vn -0.66372522056904 0.3051106414826469 0.6829175118816525
vn -0.7438993112997194 -0.1740671292907024 -0.6452243401703761
vn 0.07799132149401258 0.9362735342593753 -0.34250433985144774
vn -0.07799132149401258 -0.9362735342593753 0.34250433985144774
g _
f 124/364/91 127/363/91 125/362/91 122/361/91
f 123/368/92 124/367/92 122/366/92 121/365/92
f 128/372/93 123/371/93 121/370/93 126/369/93
f 127/376/94 128/375/94 126/374/94 125/373/94
f 126/380/95 121/379/95 122/378/95 125/377/95
f 127/384/96 124/383/96 123/382/96 128/381/96
o cube
v 0.3502970822045416 0.12510480680498826 0.056115008693419344
v 0.46939530677219965 0.11401827038704804 -0.17257957815582792
v 0.34955171075849123 0.06833233060075306 0.05847902489754242
v 0.4686499353261493 0.05724579418281284 -0.17021556195170473
v 0.4249369417237353 0.11363864956747982 -0.19571394148861354
v 0.30583871715607724 0.12472518598542004 0.03298064536063372
v 0.42419157027768506 0.05686617336324451 -0.19334992528449035
v 0.3050933457100269 0.06795270978118473 0.03534466156475691
vt 0.375 0.375
vt 0.4375 0.375
vt 0.4375 0.3125
vt 0.375 0.3125
vt 0.375 0.0625
vt 0.375 0.375
vt 0.4375 0.375
vt 0.4375 0.0625
vt 0.375 0.125
vt 0.4375 0.125
vt 0.4375 0.0625
vt 0.375 0.0625
vt 0.125 0.3125
vt 0.125 0.0625
vt 0.0625 0.0625
vt 0.0625 0.3125
vt 0.375 0.375
vt 0.4375 0.375
vt 0.4375 0.0625
vt 0.375 0.0625
vt 0.5625 0.375
vt 0.625 0.375
vt 0.625 0.0625
vt 0.5625 0.0625
vn 0.4614667560463143 -0.042956710859025665 -0.8861168963834656
vn 0.8870605322052992 0.007574427126938571 0.46159098805907167
vn -0.4614667560463143 0.042956710859025665 0.8861168963834656
vn -0.8870605322052992 -0.007574427126938571 -0.46159098805907167
vn 0.013116602751579973 0.9990482215818578 -0.04160054911157401
vn -0.013116602751579973 -0.9990482215818578 0.04160054911157401
g _
f 132/388/97 135/387/97 133/386/97 130/385/97
f 131/392/98 132/391/98 130/390/98 129/389/98
f 136/396/99 131/395/99 129/394/99 134/393/99
f 135/400/100 136/399/100 134/398/100 133/397/100
f 134/404/101 129/403/101 130/402/101 133/401/101
f 135/408/102 132/407/102 131/406/102 136/405/102
o cube
v 0.10330616526862868 0.12299580225183138 -0.0724092320442784
v 0.19904263531144206 0.11408394932112931 -0.25624415101411274
v 0.10256079382257832 0.06622332604759607 -0.07004521584015527
v 0.1982972638653917 0.057311473116893996 -0.25388013480998955
v 0.1545842702629776 0.11370432850156109 -0.27937851434689837
v 0.058847800220164226 0.12261618143226305 -0.09554359537706403
v 0.15383889881692725 0.05693185229732578 -0.2770144981427752
v 0.05810242877411387 0.06584370522802785 -0.0931795791729409
vt 0.375 0.375
vt 0.4375 0.375
vt 0.4375 0.3125
vt 0.375 0.3125
vt 0.3125 0
vt 0.3125 0.375
vt 0.375 0.375
vt 0.375 0
vt 0.375 0.125
vt 0.4375 0.125
vt 0.4375 0.0625
vt 0.375 0.0625
vt 0.125 0.3125
vt 0.125 0.0625
vt 0.0625 0.0625
vt 0.0625 0.3125
vt 0.0625 0.3125
vt 0.125 0.3125
vt 0.125 0.0625
vt 0.0625 0.0625
vt 0.875 0.3125
vt 0.9375 0.3125
vt 0.9375 0.0625
vt 0.875 0.0625
vn 0.4614667560463143 -0.042956710859025665 -0.8861168963834656
vn 0.8870605322052992 0.007574427126938571 0.46159098805907167
vn -0.4614667560463143 0.042956710859025665 0.8861168963834656
vn -0.8870605322052992 -0.007574427126938571 -0.46159098805907167
vn 0.013116602751579973 0.9990482215818578 -0.04160054911157401
vn -0.013116602751579973 -0.9990482215818578 0.04160054911157401
g _
f 140/412/103 143/411/103 141/410/103 138/409/103
f 139/416/104 140/415/104 138/414/104 137/413/104
f 144/420/105 139/419/105 137/418/105 142/417/105
f 143/424/106 144/423/106 142/422/106 141/421/106
f 142/428/107 137/427/107 138/426/107 141/425/107
f 143/432/108 140/431/108 139/430/108 144/429/108
o cube
v 0.2820278882368037 0.1268960349189252 0.07760663280234181
v 0.42448786732930643 0.11363481501374684 -0.19594762192631837
v 0.28128251679075333 0.0701235587146899 0.07997064900646489
v 0.4237424958832561 0.056862338809511526 -0.19358360572219524
v 0.22285346423071561 0.11191310038762414 -0.3008701384558208
v 0.08039348513821287 0.1251743202928025 -0.02731588372716065
v 0.22210809278466526 0.05514062418338883 -0.2985061222516976
v 0.07964811369216251 0.0684018440885672 -0.024951867523037463
vt 0.125 0.375
vt 0.375 0.375
vt 0.375 0.3125
vt 0.125 0.3125
vt 0.3125 0
vt 0.3125 0.375
vt 0.375 0.375
vt 0.375 0
vt 0.625 0.0625
vt 0.875 0.0625
vt 0.875 0
vt 0.625 0
vt 0.125 0.3125
vt 0.125 0.0625
vt 0.0625 0.0625
vt 0.0625 0.3125
vt 0.125 0.375
vt 0.375 0.375
vt 0.375 0
vt 0.125 0
vt 0.625 0.375
vt 0.875 0.375
vt 0.875 0
vt 0.625 0
vn 0.4614667560463143 -0.042956710859025665 -0.8861168963834656
vn 0.8870605322052992 0.007574427126938571 0.46159098805907167
vn -0.4614667560463143 0.042956710859025665 0.8861168963834656
vn -0.8870605322052992 -0.007574427126938571 -0.46159098805907167
vn 0.013116602751579973 0.9990482215818578 -0.04160054911157401
vn -0.013116602751579973 -0.9990482215818578 0.04160054911157401
g _
f 148/436/109 151/435/109 149/434/109 146/433/109
f 147/440/110 148/439/110 146/438/110 145/437/110
f 152/444/111 147/443/111 145/442/111 150/441/111
f 151/448/112 152/447/112 150/446/112 149/445/112
f 150/452/113 145/451/113 146/450/113 149/449/113
f 151/456/114 148/455/114 147/454/114 152/453/114
o cube
v 0.336345817253651 0.21199203222037222 -0.13188006296159543
v 0.4224201503291818 0.23159516670264269 -0.37439900808369336
v 0.34160199754873 0.155473673469525 -0.13458300550307967
v 0.4276763306242609 0.17507680795179548 -0.37710195062517754
v 0.375398831970739 0.22803409606016367 -0.39137556536942525
v 0.28932449889520806 0.2084309615778932 -0.14885662024732738
v 0.380655012265818 0.17151573730931646 -0.3940785079109095
v 0.2945806791902872 0.151912602827046 -0.15155956278881155
vt 0.375 0.375
vt 0.4375 0.375
vt 0.4375 0.3125
vt 0.375 0.3125
vt 0.375 0.0625
vt 0.375 0.375
vt 0.4375 0.375
vt 0.4375 0.0625
vt 0.375 0.125
vt 0.4375 0.125
vt 0.4375 0.0625
vt 0.375 0.0625
vt 0.125 0.3125
vt 0.125 0.0625
vt 0.0625 0.0625
vt 0.0625 0.3125
vt 0.375 0.375
vt 0.4375 0.375
vt 0.4375 0.0625
vt 0.375 0.0625
vt 0.5625 0.375
vt 0.625 0.375
vt 0.625 0.0625
vt 0.5625 0.0625
vn 0.33350995287633817 0.07595574922054352 -0.9396817735237651
vn 0.938198146570752 0.07105266277548855 0.33872666987368816
vn -0.33350995287633817 -0.07595574922054352 0.9396817735237651
vn -0.938198146570752 -0.07105266277548855 -0.33872666987368816
vn -0.09249513016169277 0.9945764139938462 0.04756477292611522
vn 0.09249513016169277 -0.9945764139938462 -0.04756477292611522
g _
f 156/460/115 159/459/115 157/458/115 154/457/115
f 155/464/116 156/463/116 154/462/116 153/461/116
f 160/468/117 155/467/117 153/466/117 158/465/117
f 159/472/118 160/471/118 158/470/118 157/469/118
f 158/476/119 153/475/119 154/474/119 157/473/119
f 159/480/120 156/479/120 155/478/120 160/477/120
o cube
v 0.07511627081785732 0.19220830642882214 -0.2261942701045505
v 0.14430666252902347 0.20796618110680254 -0.42114182544200784
v 0.08037245111293645 0.13568994767797493 -0.2288972126460347
v 0.1495628428241026 0.15144782235595544 -0.423844767983492
v 0.09728534417058055 0.20440511046432364 -0.43811838272773973
v 0.028094952459414402 0.18864723578634313 -0.2431708273902824
v 0.10254152446565967 0.14788675171347643 -0.4408213252692239
v 0.03335113275449342 0.13212887703549592 -0.24587376993176663
vt 0.375 0.375
vt 0.4375 0.375
vt 0.4375 0.3125
vt 0.375 0.3125
vt 0.3125 0
vt 0.3125 0.375
vt 0.375 0.375
vt 0.375 0
vt 0.375 0.125
vt 0.4375 0.125
vt 0.4375 0.0625
vt 0.375 0.0625
vt 0.125 0.3125
vt 0.125 0.0625
vt 0.0625 0.0625
vt 0.0625 0.3125
vt 0.0625 0.3125
vt 0.125 0.3125
vt 0.125 0.0625
vt 0.0625 0.0625
vt 0.875 0.3125
vt 0.9375 0.3125
vt 0.9375 0.0625
vt 0.875 0.0625
vn 0.33350995287633817 0.07595574922054352 -0.9396817735237651
vn 0.938198146570752 0.07105266277548855 0.33872666987368816
vn -0.33350995287633817 -0.07595574922054352 0.9396817735237651
vn -0.938198146570752 -0.07105266277548855 -0.33872666987368816
vn -0.09249513016169277 0.9945764139938462 0.04756477292611522
vn 0.09249513016169277 -0.9945764139938462 -0.04756477292611522
g _
f 164/484/121 167/483/121 165/482/121 162/481/121
f 163/488/122 164/487/122 162/486/122 161/485/122
f 168/492/123 163/491/123 161/490/123 166/489/123
f 167/496/124 168/495/124 166/494/124 165/493/124
f 166/500/125 161/499/125 162/498/125 165/497/125
f 167/504/126 164/503/126 163/502/126 168/501/126
o cube
v 0.27196559471914217 0.20454973136307308 -0.10145671083931035
v 0.3749238691590375 0.22799812564963362 -0.3915470457460488
v 0.2772217750142212 0.14803137261222588 -0.10415965338079453
v 0.38018004945411665 0.1714797668987864 -0.394249988287533
v 0.16166556670508958 0.21184741132162266 -0.4685417348500248
v 0.05870729226519411 0.18839901703506223 -0.17845139994328635
v 0.1669217470001686 0.15532905257077556 -0.471244677391509
v 0.06396347256027313 0.13188065828421502 -0.18115434248477058
vt 0.125 0.375
vt 0.375 0.375
vt 0.375 0.3125
vt 0.125 0.3125
vt 0.3125 0
vt 0.3125 0.375
vt 0.375 0.375
vt 0.375 0
vt 0.625 0.0625
vt 0.875 0.0625
vt 0.875 0
vt 0.625 0
vt 0.125 0.3125
vt 0.125 0.0625
vt 0.0625 0.0625
vt 0.0625 0.3125
vt 0.125 0.375
vt 0.375 0.375
vt 0.375 0
vt 0.125 0
vt 0.625 0.375
vt 0.875 0.375
vt 0.875 0
vt 0.625 0
vn 0.33350995287633817 0.07595574922054352 -0.9396817735237651
vn 0.938198146570752 0.07105266277548855 0.33872666987368816
vn -0.33350995287633817 -0.07595574922054352 0.9396817735237651
vn -0.938198146570752 -0.07105266277548855 -0.33872666987368816
vn -0.09249513016169277 0.9945764139938462 0.04756477292611522
vn 0.09249513016169277 -0.9945764139938462 -0.04756477292611522
g _
f 172/508/127 175/507/127 173/506/127 170/505/127
f 171/512/128 172/511/128 170/510/128 169/509/128
f 176/516/129 171/515/129 169/514/129 174/513/129
f 175/520/130 176/519/130 174/518/130 173/517/130
f 174/524/131 169/523/131 170/522/131 173/521/131
f 175/528/132 172/527/132 171/526/132 176/525/132
o cube
v 0.3551503407831442 0.28671663934250813 -0.04717218774704962
v 0.5020144175933883 0.30405750741699045 -0.2586875528536079
v 0.34783215606886286 0.23119276946796008 -0.05680558030669902
v 0.4946962328791069 0.2485336375424424 -0.2683209454132573
v 0.4613101819547224 0.31418198914344586 -0.2861201825563019
v 0.31444610514447835 0.29684112106896343 -0.07460481744974362
v 0.45399199724044104 0.2586581192688977 -0.2957535751159513
v 0.3071279204301969 0.24131725119441527 -0.08423821000939302
vt 0.375 0.375
vt 0.4375 0.375
vt 0.4375 0.3125
vt 0.375 0.3125
vt 0.375 0.0625
vt 0.375 0.375
vt 0.4375 0.375
vt 0.4375 0.0625
vt 0.375 0.125
vt 0.4375 0.125
vt 0.4375 0.0625
vt 0.375 0.0625
vt 0.125 0.3125
vt 0.125 0.0625
vt 0.0625 0.0625
vt 0.0625 0.3125
vt 0.375 0.375
vt 0.4375 0.375
vt 0.4375 0.0625
vt 0.375 0.0625
vt 0.5625 0.375
vt 0.625 0.375
vt 0.625 0.0625
vt 0.5625 0.0625
vn 0.5690503729286006 0.0671902051135324 -0.8195530180571736
vn 0.8121558426470323 -0.20200986110897237 0.5473526315539398
vn -0.5690503729286006 -0.0671902051135324 0.8195530180571736
vn -0.8121558426470323 0.20200986110897237 -0.5473526315539398
vn 0.12878105576562782 0.9770759910833626 0.16952270445092338
vn -0.12878105576562782 -0.9770759910833626 -0.16952270445092338
g _
f 180/532/133 183/531/133 181/530/133 178/529/133
f 179/536/134 180/535/134 178/534/134 177/533/134
f 184/540/135 179/539/135 177/538/135 182/537/135
f 183/544/136 184/543/136 182/542/136 181/541/136
f 182/548/137 177/547/137 178/546/137 181/545/137
f 183/552/138 180/551/138 179/550/138 184/549/138
o cube
v 0.12901569834611137 0.3429637600450376 -0.19957568609534976
v 0.24707160002684503 0.3569031239856475 -0.3696011796627636
v 0.1216975136318299 0.28743989017048954 -0.20920907865499916
v 0.23975341531256356 0.30137925411109934 -0.379234572222413
v 0.20636736438817904 0.3670276057121027 -0.3970338093654577
v 0.08831146270744539 0.3530882417714929 -0.2270083157980438
v 0.19904917967389757 0.31150373583755464 -0.4066672019251071
v 0.08099327799316391 0.29756437189694485 -0.23664170835769321
vt 0.375 0.375
vt 0.4375 0.375
vt 0.4375 0.3125
vt 0.375 0.3125
vt 0.3125 0
vt 0.3125 0.375
vt 0.375 0.375
vt 0.375 0
vt 0.375 0.125
vt 0.4375 0.125
vt 0.4375 0.0625
vt 0.375 0.0625
vt 0.125 0.3125
vt 0.125 0.0625
vt 0.0625 0.0625
vt 0.0625 0.3125
vt 0.0625 0.3125
vt 0.125 0.3125
vt 0.125 0.0625
vt 0.0625 0.0625
vt 0.875 0.3125
vt 0.9375 0.3125
vt 0.9375 0.0625
vt 0.875 0.0625
vn 0.5690503729286006 0.0671902051135324 -0.8195530180571736
vn 0.8121558426470323 -0.20200986110897237 0.5473526315539398
vn -0.5690503729286006 -0.0671902051135324 0.8195530180571736
vn -0.8121558426470323 0.20200986110897237 -0.5473526315539398
vn 0.12878105576562782 0.9770759910833626 0.16952270445092338
vn -0.12878105576562782 -0.9770759910833626 -0.16952270445092338
g _
f 188/556/139 191/555/139 189/554/139 186/553/139
f 187/560/140 188/559/140 186/558/140 185/557/140
f 192/564/141 187/563/141 185/562/141 190/561/141
f 191/568/142 192/567/142 190/566/142 189/565/142
f 190/572/143 185/571/143 186/570/143 189/569/143
f 191/576/144 188/575/144 187/574/144 192/573/144
o cube
v 0.285226776119628 0.29354188442727724 -0.033392043180323405
v 0.46089902805938243 0.3142842566356323 -0.28639727982602603
v 0.2779085914053465 0.2380180145527292 -0.043025435739972806
v 0.45358084334510096 0.25876038676108415 -0.29603067238567543
v 0.2762909290516955 0.3602023606273336 -0.4108139539321838
v 0.10061867711194095 0.3394599884189786 -0.15780871728648116
v 0.268972744337414 0.3046784907527855 -0.4204473464918332
v 0.09330049239765958 0.28393611854443046 -0.16744210984613056
vt 0.125 0.375
vt 0.375 0.375
vt 0.375 0.3125
vt 0.125 0.3125
vt 0.3125 0
vt 0.3125 0.375
vt 0.375 0.375
vt 0.375 0
vt 0.625 0.0625
vt 0.875 0.0625
vt 0.875 0
vt 0.625 0
vt 0.125 0.3125
vt 0.125 0.0625
vt 0.0625 0.0625
vt 0.0625 0.3125
vt 0.125 0.375
vt 0.375 0.375
vt 0.375 0
vt 0.125 0
vt 0.625 0.375
vt 0.875 0.375
vt 0.875 0
vt 0.625 0
vn 0.5690503729286006 0.0671902051135324 -0.8195530180571736
vn 0.8121558426470323 -0.20200986110897237 0.5473526315539398
vn -0.5690503729286006 -0.0671902051135324 0.8195530180571736
vn -0.8121558426470323 0.20200986110897237 -0.5473526315539398
vn 0.12878105576562782 0.9770759910833626 0.16952270445092338
vn -0.12878105576562782 -0.9770759910833626 -0.16952270445092338
g _
f 196/580/145 199/579/145 197/578/145 194/577/145
f 195/584/146 196/583/146 194/582/146 193/581/146
f 200/588/147 195/587/147 193/586/147 198/585/147
f 199/592/148 200/591/148 198/590/148 197/589/148
f 198/596/149 193/595/149 194/594/149 197/593/149
f 199/600/150 196/599/150 195/598/150 200/597/150
o cube
v 0.3268559281367409 0.46158661097522624 -0.17321577247186726
v 0.3817690413426519 0.47190286436612894 -0.4251813204205343
v 0.33173212749550296 0.40498355113087414 -0.17447056394326665
v 0.38664524070141393 0.41529980452177684 -0.4264361118919337
v 0.3329871030997861 0.4679397119869507 -0.43597506981780776
v 0.2780739898938751 0.45762345859604814 -0.1840095218691407
v 0.3378633024585481 0.4113366521425985 -0.4372298612892072
v 0.28295018925263726 0.40102039875169593 -0.18526431334054017
vt 0.375 0.375
vt 0.4375 0.375
vt 0.4375 0.3125
vt 0.375 0.3125
vt 0.375 0.0625
vt 0.375 0.375
vt 0.4375 0.375
vt 0.4375 0.0625
vt 0.375 0.125
vt 0.4375 0.125
vt 0.4375 0.0625
vt 0.375 0.0625
vt 0.125 0.3125
vt 0.125 0.0625
vt 0.0625 0.0625
vt 0.0625 0.3125
vt 0.375 0.375
vt 0.4375 0.375
vt 0.4375 0.0625
vt 0.375 0.0625
vt 0.5625 0.375
vt 0.625 0.375
vt 0.625 0.0625
vt 0.5625 0.0625
vn 0.21277039441625015 0.03997211548814652 -0.9762842768596429
vn 0.9733271129640264 0.07907524387935087 0.21536349963383924
vn -0.21277039441625015 -0.03997211548814652 0.9762842768596429
vn -0.9733271129640264 -0.07907524387935087 -0.21536349963383924
vn -0.0858084519675472 0.9960669333879244 0.02208107293837164
vn 0.0858084519675472 -0.9960669333879244 -0.02208107293837164
g _
f 204/604/151 207/603/151 205/602/151 202/601/151
f 203/608/152 204/607/152 202/606/152 201/605/152
f 208/612/153 203/611/153 201/610/153 206/609/153
f 207/616/154 208/615/154 206/614/154 205/613/154
f 206/620/155 201/619/155 202/618/155 205/617/155
f 207/624/156 204/623/156 203/622/156 208/621/156
o cube
v 0.05584516012081986 0.43956909775756947 -0.23318104690116437
v 0.0999867721094082 0.44786176280188483 -0.435722203333812
v 0.060721359479582016 0.38296603791321737 -0.23443583837256382
v 0.10486297146817036 0.3912587029575326 -0.43697699480521146
v 0.0512048338665424 0.4438986104227065 -0.4465159527310855
v 0.007063221877954051 0.43560594537839137 -0.24397479629843788
v 0.056081033225304444 0.3872955505783544 -0.44777074420248497
v 0.011939421236716097 0.37900288553403916 -0.24522958776983733
vt 0.375 0.375
vt 0.4375 0.375
vt 0.4375 0.3125
vt 0.375 0.3125
vt 0.3125 0
vt 0.3125 0.375
vt 0.375 0.375
vt 0.375 0
vt 0.375 0.125
vt 0.4375 0.125
vt 0.4375 0.0625
vt 0.375 0.0625
vt 0.125 0.3125
vt 0.125 0.0625
vt 0.0625 0.0625
vt 0.0625 0.3125
vt 0.0625 0.3125
vt 0.125 0.3125
vt 0.125 0.0625
vt 0.0625 0.0625
vt 0.875 0.3125
vt 0.9375 0.3125
vt 0.9375 0.0625
vt 0.875 0.0625
vn 0.21277039441625015 0.03997211548814652 -0.9762842768596429
vn 0.9733271129640264 0.07907524387935087 0.21536349963383924
vn -0.21277039441625015 -0.03997211548814652 0.9762842768596429
vn -0.9733271129640264 -0.07907524387935087 -0.21536349963383924
vn -0.0858084519675472 0.9960669333879244 0.02208107293837164
vn 0.0858084519675472 -0.9960669333879244 -0.02208107293837164
g _
f 212/628/157 215/627/157 213/626/157 210/625/157
f 211/632/158 212/631/158 210/630/158 209/629/158
f 216/636/159 211/635/159 209/634/159 214/633/159
f 215/640/160 216/639/160 214/638/160 213/637/160
f 214/644/161 209/643/161 210/642/161 213/641/161
f 215/648/162 212/647/162 211/646/162 216/645/162
o cube
v 0.26680974182561457 0.4555598384072468 -0.134694158124811
v 0.33249435624884816 0.4678996801447368 -0.43608409758949734
v 0.2716859411843766 0.3989567785628947 -0.1359489495962104
v 0.3373705556076102 0.4112966203003847 -0.4373388890608968
v 0.11125102017766886 0.4499253829906862 -0.4850375670781417
v 0.04556640575443527 0.43758554125319604 -0.18364762761345538
v 0.1161272195364309 0.393322323146334 -0.48629235854954117
v 0.050442605113197425 0.38098248140884383 -0.18490241908485483
vt 0.125 0.375
vt 0.375 0.375
vt 0.375 0.3125
vt 0.125 0.3125
vt 0.3125 0
vt 0.3125 0.375
vt 0.375 0.375
vt 0.375 0
vt 0.625 0.0625
vt 0.875 0.0625
vt 0.875 0
vt 0.625 0
vt 0.125 0.3125
vt 0.125 0.0625
vt 0.0625 0.0625
vt 0.0625 0.3125
vt 0.125 0.375
vt 0.375 0.375
vt 0.375 0
vt 0.125 0
vt 0.625 0.375
vt 0.875 0.375
vt 0.875 0
vt 0.625 0
vn 0.21277039441625015 0.03997211548814652 -0.9762842768596429
vn 0.9733271129640264 0.07907524387935087 0.21536349963383924
vn -0.21277039441625015 -0.03997211548814652 0.9762842768596429
vn -0.9733271129640264 -0.07907524387935087 -0.21536349963383924
