# Made in Blockbench 4.8.1

o cube
v 0.25 0.5 0
v 0.25 0.5 0
v 0.25 0 0
v 0.25 0 0
v -0.25 0.5 0
v -0.25 0.5 0
v -0.25 0 0
v -0.25 0 0
vt 0 1
vt 0.1875 1
vt 0.1875 0.625
vt 0 0.625
vt 0 1
vt 0 1
vt 0 0.625
vt 0 0.625
vt 0 1
vt 1 1
vt 1 0
vt 0 0
vt 0 1
vt 0 1
vt 0 0.625
vt 0 0.625
vt 0 1
vt 0.375 1
vt 0.375 1
vt 0 1
vt 0 1
vt 0.375 1
vt 0.375 1
vt 0 1
vn 0 0 -1
vn 1 0 0
vn 0 0 1
vn -1 0 0
vn 0 1 0
vn 0 -1 0
g Stem
f 4/4/1 7/3/1 5/2/1 2/1/1
f 3/8/2 4/7/2 2/6/2 1/5/2
f 8/12/3 3/11/3 1/10/3 6/9/3
f 7/16/4 8/15/4 6/14/4 5/13/4
f 6/20/5 1/19/5 2/18/5 5/17/5
f 7/24/6 4/23/6 3/22/6 8/21/6
o cube
v 0.4375 0.524713725331416 -0.19526707117859998
v 0.4375 0.53561857217275 -0.44502912657406446
v 0.4375 0.524713725331416 -0.19526707117859998
v 0.4375 0.53561857217275 -0.44502912657406446
v -0.4375 0.53561857217275 -0.44502912657406446
v -0.4375 0.524713725331416 -0.19526707117859998
v -0.4375 0.53561857217275 -0.44502912657406446
v -0.4375 0.524713725331416 -0.19526707117859998
vt 0 1
vt 0.4375 1
vt 0.4375 1
vt 0 1
vt 0 1
vt 0.4375 1
vt 0.4375 1
vt 0 1
vt 0 1
vt 0.4375 1
vt 0.4375 1
vt 0 1
vt 0 1
vt 0.4375 1
vt 0.4375 1
vt 0 1
vt 0 0.59375
vt 1 0.59375
vt 1 0.328125
vt 0 0.328125
vt 0 1
vt 0.4375 1
vt 0.4375 0.5625
vt 0 0.5625
vn 0 0.043619387365336014 -0.9990482215818578
vn 1 0 0
vn 0 -0.043619387365336014 0.9990482215818578
vn -1 0 0
vn 0 0.9990482215818578 0.043619387365336014
vn 0 -0.9990482215818578 -0.043619387365336014
g Frond
f 12/28/7 15/27/7 13/26/7 10/25/7
f 11/32/8 12/31/8 10/30/8 9/29/8
f 16/36/9 11/35/9 9/34/9 14/33/9
f 15/40/10 16/39/10 14/38/10 13/37/10
f 14/44/11 9/43/11 10/42/11 13/41/11
f 15/48/12 12/47/12 11/46/12 16/45/12
o cube
v 0.4375 0.5356331349095957 -0.444986226134711
v 0.4375 0.3448055632839043 -0.6724056701856576
v 0.4375 0.5356331349095957 -0.444986226134711
v 0.4375 0.3448055632839043 -0.6724056701856576
v -0.4375 0.3448055632839043 -0.6724056701856576
v -0.4375 0.5356331349095957 -0.444986226134711
v -0.4375 0.3448055632839043 -0.6724056701856576
v -0.4375 0.5356331349095957 -0.444986226134711
vt 0 1
vt 0.4375 1
vt 0.4375 1
vt 0 1
vt 0 1
vt 0.4375 1
vt 0.4375 1
vt 0 1
vt 0 1
vt 0.4375 1
vt 0.4375 1
vt 0 1
vt 0 1
vt 0.4375 1
vt 0.4375 1
vt 0 1
vt 0 1
vt 1 1
vt 1 0.6875
vt 0 0.6875
vt 0 1
vt 0.4375 1
vt 0.4375 0.5625
vt 0 0.5625
vn 0 -0.6427876096865395 -0.7660444431189781
vn 1 0 0
vn 0 0.6427876096865395 0.7660444431189781
vn -1 0 0
vn 0 0.7660444431189781 -0.6427876096865395
vn 0 -0.7660444431189781 0.6427876096865395
g Frond
f 20/52/13 23/51/13 21/50/13 18/49/13
f 19/56/14 20/55/14 18/54/14 17/53/14
f 24/60/15 19/59/15 17/58/15 22/57/15
f 23/64/16 24/63/16 22/62/16 21/61/16
f 22/68/17 17/67/17 18/66/17 21/65/17
f 23/72/18 20/71/18 19/70/18 24/69/18
o cube
v 0.4375 0.4888418515904791 -0.10867455650948593
v 0.4375 0.5247184233747062 -0.19528826268241906
v 0.4375 0.4888418515904791 -0.10867455650948593
v 0.4375 0.5247184233747062 -0.19528826268241906
v -0.4375 0.5247184233747062 -0.19528826268241906
v -0.4375 0.4888418515904791 -0.10867455650948593
v -0.4375 0.5247184233747062 -0.19528826268241906
v -0.4375 0.4888418515904791 -0.10867455650948593
vt 0 1
vt 0.4375 1
vt 0.4375 1
vt 0 1
vt 0 1
vt 0.4375 1
vt 0.4375 1
vt 0 1
vt 0 1
vt 0.4375 1
vt 0.4375 1
vt 0 1
vt 0 1
vt 0.4375 1
vt 0.4375 1
vt 0 1
vt 0 0.09375
vt 1 0.09375
vt 1 0
vt 0 0
vt 0 1
vt 0.4375 1
vt 0.4375 0.5625
vt 0 0.5625
vn 0 0.3826834323650897 -0.9238795325112867
vn 1 0 0
vn 0 -0.3826834323650897 0.9238795325112867
vn -1 0 0
vn 0 0.9238795325112867 0.3826834323650897
vn 0 -0.9238795325112867 -0.3826834323650897
g Frond
f 28/76/19 31/75/19 29/74/19 26/73/19
f 27/80/20 28/79/20 26/78/20 25/77/20
f 32/84/21 27/83/21 25/82/21 30/81/21
f 31/88/22 32/87/22 30/86/22 29/85/22
f 30/92/23 25/91/23 26/90/23 29/89/23
f 31/96/24 28/95/24 27/94/24 32/93/24
o cube
v 0.09645609849622616 0.48710456395287305 -0.7720491973204013
v -0.008554514416980852 0.29627699232718174 -0.9737727078689593
v 0.09645609849622616 0.48710456395287305 -0.7720491973204013
v -0.008554514416980852 0.29627699232718174 -0.9737727078689593
v -0.7846889934479249 0.29627699232718174 -0.5697426712883047
v -0.679678380534718 0.48710456395287305 -0.36801916073974655
v -0.7846889934479249 0.29627699232718174 -0.5697426712883047
v -0.679678380534718 0.48710456395287305 -0.36801916073974655
vt 0 1
vt 0.4375 1
vt 0.4375 1
vt 0 1
vt 0 1
vt 0.4375 1
vt 0.4375 1
vt 0 1
vt 0 1
vt 0.4375 1
vt 0.4375 1
vt 0 1
vt 0 1
vt 0.4375 1
vt 0.4375 1
vt 0 1
vt 0 1
vt 1 1
vt 1 0.6875
vt 0 0.6875
vt 0 1
vt 0.4375 1
vt 0.4375 0.5625
vt 0 0.5625
vn -0.3537199592865919 -0.6427876096865395 -0.6794897197425115
vn 0.8870108331782218 0 -0.461748613235034
vn 0.3537199592865919 0.6427876096865395 0.6794897197425115
vn -0.8870108331782218 0 0.461748613235034
vn -0.2968062873774218 0.766044443118978 -0.5701595732246949
vn 0.2968062873774218 -0.766044443118978 0.5701595732246949
g Frond
f 36/100/25 39/99/25 37/98/25 34/97/25
f 35/104/26 36/103/26 34/102/26 33/101/26
f 40/108/27 35/107/27 33/106/27 38/105/27
f 39/112/28 40/111/28 38/110/28 37/109/28
f 38/116/29 33/115/29 34/114/29 37/113/29
f 39/120/30 36/119/30 35/118/30 40/117/30
o cube
v 0.1800728132068511 0.5356206423225542 -0.6114229828452437
v 0.09644501743618583 0.48709207136583155 -0.7720704838386866
v 0.1800728132068511 0.5356206423225542 -0.6114229828452437
v 0.09644501743618583 0.48709207136583155 -0.7720704838386866
v -0.6796894615947582 0.48709207136583155 -0.36804044725803187
v -0.5960616658240929 0.5356206423225542 -0.20739294626458898
v -0.6796894615947582 0.48709207136583155 -0.36804044725803187
v -0.5960616658240929 0.5356206423225542 -0.20739294626458898
vt 0 1
vt 0.4375 1
vt 0.4375 1
vt 0 1
vt 0 1
vt 0.4375 1
vt 0.4375 1
vt 0 1
vt 0 1
vt 0.4375 1
vt 0.4375 1
vt 0 1
vt 0 1
vt 0.4375 1
vt 0.4375 1
vt 0 1
vt 0 0.546875
vt 1 0.546875
vt 1 0.34375
vt 0 0.34375
vt 0 1
vt 0.4375 1
vt 0.4375 0.5625
vt 0 0.5625
vn -0.44601491077688166 -0.2588190451025207 -0.8567866719650289
vn 0.8870108331782218 0 -0.461748613235034
vn 0.44601491077688166 0.2588190451025207 0.8567866719650289
vn -0.8870108331782218 0 0.461748613235034
vn -0.11950933515490461 0.9659258262890684 -0.22957529683877856
vn 0.11950933515490461 -0.9659258262890684 0.22957529683877856
g Frond
f 44/124/31 47/123/31 45/122/31 42/121/31
f 43/128/32 44/127/32 42/126/32 41/125/32
f 48/132/33 43/131/33 41/130/33 46/129/33
f 47/136/34 48/135/34 46/134/34 45/133/34
f 46/140/35 41/139/35 42/138/35 45/137/35
f 47/144/36 44/143/36 43/142/36 48/141/36
o cube
v 0.3353753413310978 0.4888418515904791 -0.3130896020451288
v 0.29538158261859926 0.5247184233747062 -0.3899168977222359
v 0.3353753413310978 0.4888418515904791 -0.3130896020451288
v 0.29538158261859926 0.5247184233747062 -0.3899168977222359
v -0.4807528964123447 0.5247184233747062 0.014113138858418806
v -0.4407591376998461 0.4888418515904791 0.09094043453552592
v -0.4807528964123447 0.5247184233747062 0.014113138858418806
v -0.4407591376998461 0.4888418515904791 0.09094043453552592
vt 0 1
vt 0.4375 1
vt 0.4375 1
vt 0 1
vt 0 1
vt 0.4375 1
vt 0.4375 1
vt 0 1
vt 0 1
vt 0.4375 1
vt 0.4375 1
vt 0 1
vt 0 1
vt 0.4375 1
vt 0.4375 1
vt 0 1
vt 0 0.09375
vt 1 0.09375
vt 1 0
vt 0 0
vt 0 1
vt 0.4375 1
vt 0.4375 0.5625
vt 0 0.5625
vn -0.42660009293331824 0.38268343236508984 -0.8194911538891426
vn 0.8870108331782218 0 -0.461748613235034
vn 0.42660009293331824 -0.38268343236508984 0.8194911538891426
vn -0.8870108331782218 0 0.461748613235034
vn 0.17670354420260312 0.923879532511287 0.33944435018565994
vn -0.17670354420260312 -0.923879532511287 -0.33944435018565994
g Frond
f 52/148/37 55/147/37 53/146/37 50/145/37
f 51/152/38 52/151/38 50/150/38 49/149/38
f 56/156/39 51/155/39 49/154/39 54/153/39
f 55/160/40 56/159/40 54/158/40 53/157/40
f 54/164/41 49/163/41 50/162/41 53/161/41
f 55/168/42 52/167/42 51/166/42 56/165/42
o cube
v 0.2953913677661002 0.524713725331416 -0.38989810062877706
v 0.1800640850485128 0.53561857217275 -0.6114397494814131
v 0.2953913677661002 0.524713725331416 -0.38989810062877706
v 0.1800640850485128 0.53561857217275 -0.6114397494814131
v -0.5960703939824312 0.53561857217275 -0.20740971290075838
v -0.4807431112648438 0.524713725331416 0.014131935951877672
v -0.5960703939824312 0.53561857217275 -0.20740971290075838
v -0.4807431112648438 0.524713725331416 0.014131935951877672
vt 0 1
vt 0.4375 1
vt 0.4375 1
vt 0 1
vt 0 1
vt 0.4375 1
vt 0.4375 1
vt 0 1
vt 0 1
vt 0.4375 1
vt 0.4375 1
vt 0 1
vt 0 1
vt 0.4375 1
vt 0.4375 1
vt 0 1
vt 0 0.34375
vt 1 0.34375
vt 1 0.09375
vt 0 0.09375
vt 0 1
vt 0.4375 1
vt 0.4375 0.5625
vt 0 0.5625
vn -0.46130913087034975 0.04361938736533602 -0.8861665954105443
vn 0.8870108331782217 0 -0.461748613235034
vn 0.46130913087034975 -0.04361938736533602 0.8861665954105443
vn -0.8870108331782217 0 0.461748613235034
vn 0.020141191626105674 0.9990482215818577 0.0386908691296503
vn -0.020141191626105674 -0.9990482215818577 -0.0386908691296503
g Frond
f 60/172/43 63/171/43 61/170/43 58/169/43
f 59/176/44 60/175/44 58/174/44 57/173/44
f 64/180/45 59/179/45 57/178/45 62/177/45
f 63/184/46 64/183/46 62/182/46 61/181/46
f 62/188/47 57/187/47 58/186/47 61/185/47
f 63/192/48 60/191/48 59/190/48 64/189/48
o cube
v -0.26949530121506005 0.45475218331505807 -0.8303602102928457
v -0.443708702587495 0.26392461168936676 -0.9765426111305953
v -0.26949530121506005 0.45475218331505807 -0.8303602102928457
v -0.443708702587495 0.26392461168936676 -0.9765426111305953
v -1.0061478610632166 0.26392461168936676 -0.30625372340148915
v -0.8319344596907816 0.45475218331505807 -0.16007132256373963
v -1.0061478610632166 0.26392461168936676 -0.30625372340148915
v -0.8319344596907816 0.45475218331505807 -0.16007132256373963
vt 0 1
vt 0.4375 1
vt 0.4375 1
vt 0 1
vt 0 1
vt 0.4375 1
vt 0.4375 1
vt 0 1
vt 0 1
vt 0.4375 1
vt 0.4375 1
vt 0 1
vt 0 1
vt 0.4375 1
vt 0.4375 1
vt 0 1
vt 0 1
vt 1 1
vt 1 0.6875
vt 0 0.6875
vt 0 1
vt 0.4375 1
vt 0.4375 0.5625
vt 0 0.5625
vn -0.5868240888334654 -0.6427876096865395 -0.49240387650610384
vn 0.642787609686539 0 -0.7660444431189785
vn 0.5868240888334654 0.6427876096865395 0.49240387650610384
vn -0.642787609686539 0 0.7660444431189785
vn -0.49240387650610423 0.7660444431189781 -0.4131759111665347
vn 0.49240387650610423 -0.7660444431189781 0.4131759111665347
g Frond
f 68/196/49 71/195/49 69/194/49 66/193/49
f 67/200/50 68/199/50 66/198/50 65/197/50
f 72/204/51 67/203/51 65/202/51 70/201/51
f 71/208/52 72/207/52 70/206/52 69/205/52
f 70/212/53 65/211/53 66/210/53 69/209/53
f 71/216/54 68/215/54 67/214/54 72/213/54
o cube
v -0.03828177487318252 0.5356206423225542 -0.6363490256161781
v -0.2695136847775101 0.45473969072801657 -0.8303756359333172
v -0.03828177487318252 0.5356206423225542 -0.6363490256161781
v -0.2695136847775101 0.45473969072801657 -0.8303756359333172
v -0.8319528432532317 0.45473969072801657 -0.1600867482042112
v -0.6007209333489041 0.5356206423225542 0.03393986211292799
v -0.8319528432532317 0.45473969072801657 -0.1600867482042112
v -0.6007209333489041 0.5356206423225542 0.03393986211292799
vt 0 1
vt 0.4375 1
vt 0.4375 1
vt 0 1
vt 0 1
vt 0.4375 1
vt 0.4375 1
vt 0 1
vt 0 1
vt 0.4375 1
vt 0.4375 1
vt 0 1
vt 0 1
vt 0.4375 1
vt 0.4375 1
vt 0 1
vt 0 0.6875
vt 1 0.6875
vt 1 0.34375
vt 0 0.34375
vt 0 1
vt 0.4375 1
vt 0.4375 0.5625
vt 0 0.5625
vn -0.7399421116938484 -0.2588190451025207 -0.6208851530148454
vn 0.642787609686539 0 -0.7660444431189783
vn 0.7399421116938484 0.2588190451025207 0.6208851530148454
vn -0.642787609686539 0 0.7660444431189783
vn -0.19826689127414618 0.9659258262890685 -0.16636567534280183
vn 0.19826689127414618 -0.9659258262890685 0.16636567534280183
g Frond
f 76/220/55 79/219/55 77/218/55 74/217/55
f 75/224/56 76/223/56 74/222/56 73/221/56
f 80/228/57 75/227/57 73/226/57 78/225/57
f 79/232/58 80/231/58 78/230/58 77/229/58
f 78/236/59 73/235/59 74/234/59 77/233/59
f 79/240/60 76/239/60 75/238/60 80/237/60
o cube
v 0.21936629436173705 0.4888418515904791 -0.42015662574761903
v 0.15301634605002168 0.5247184233747062 -0.475830842904611
v 0.21936629436173705 0.4888418515904791 -0.42015662574761903
v 0.15301634605002168 0.5247184233747062 -0.475830842904611
v -0.4094228124257 0.5247184233747062 0.19445804482449514
v -0.3430728641139846 0.4888418515904791 0.2501322619814871
v -0.4094228124257 0.5247184233747062 0.19445804482449514
v -0.3430728641139846 0.4888418515904791 0.2501322619814871
vt 0 1
vt 0.4375 1
vt 0.4375 1
vt 0 1
vt 0 1
vt 0.4375 1
vt 0.4375 1
vt 0 1
vt 0 1
vt 0.4375 1
vt 0.4375 1
vt 0 1
vt 0 1
vt 0.4375 1
vt 0.4375 1
vt 0 1
vt 0 0.09375
vt 1 0.09375
vt 1 0
vt 0 0
vt 0 1
vt 0.4375 1
vt 0.4375 0.5625
vt 0 0.5625
vn -0.7077327819916308 0.38268343236508984 -0.5938583163412472
vn 0.642787609686539 0 -0.7660444431189782
vn 0.7077327819916308 -0.38268343236508984 0.5938583163412472
vn -0.642787609686539 0 0.7660444431189782
vn 0.2931525168369743 0.9238795325112867 0.2459841687565963
vn -0.2931525168369743 -0.9238795325112867 -0.2459841687565963
g Frond
f 84/244/61 87/243/61 85/242/61 82/241/61
f 83/248/62 84/247/62 82/246/62 81/245/62
f 88/252/63 83/251/63 81/250/63 86/249/63
f 87/256/64 88/255/64 86/254/64 85/253/64
f 86/260/65 81/259/65 82/258/65 85/257/65
f 87/264/66 84/263/66 83/262/66 88/261/66
o cube
v 0.15303257968376371 0.524713725331416 -0.47581722126852544
v -0.03829625495390632 0.53561857217275 -0.6363611758465729
v 0.15303257968376371 0.524713725331416 -0.47581722126852544
v -0.03829625495390632 0.53561857217275 -0.6363611758465729
v -0.6007354134296279 0.53561857217275 0.033927711882533074
v -0.40940657879195796 0.524713725331416 0.19447166646058067
v -0.6007354134296279 0.53561857217275 0.033927711882533074
v -0.40940657879195796 0.524713725331416 0.19447166646058067
vt 0 1
vt 0.4375 1
vt 0.4375 1
vt 0 1
vt 0 1
vt 0.4375 1
vt 0.4375 1
vt 0 1
vt 0 1
vt 0.4375 1
vt 0.4375 1
vt 0 1
vt 0 1
vt 0.4375 1
vt 0.4375 1
vt 0 1
vt 0 0.34375
vt 1 0.34375
vt 1 0.09375
vt 0 0.09375
vt 0 1
vt 0.4375 1
vt 0.4375 0.5625
vt 0 0.5625
vn -0.7653153385506799 0.04361938736533601 -0.6421758183121902
vn 0.642787609686539 0 -0.7660444431189783
vn 0.7653153385506799 -0.04361938736533601 0.6421758183121902
vn -0.642787609686539 0 0.7660444431189783
vn 0.033414389303469835 0.9990482215818579 0.028038001740555547
vn -0.033414389303469835 -0.9990482215818579 -0.028038001740555547
g Frond
f 92/268/67 95/267/67 93/266/67 90/265/67
f 91/272/68 92/271/68 90/270/68 89/269/68
f 96/276/69 91/275/69 89/274/69 94/273/69
f 95/280/70 96/279/70 94/278/70 93/277/70
f 94/284/71 89/283/71 90/282/71 93/281/71
f 95/288/72 92/287/72 91/286/72 96/285/72
o cube
v -0.5764178258176123 0.45475218331505807 -0.6340545551118582
v -0.7960881402267235 0.26392461168936676 -0.6929150384588703
v -0.5764178258176123 0.45475218331505807 -0.6340545551118582
v -0.7960881402267235 0.26392461168936676 -0.6929150384588703
v -1.0225548046914286 0.26392461168936676 0.1522700595440648
v -0.8028844902823173 0.45475218331505807 0.2111305428910768
v -1.0225548046914286 0.26392461168936676 0.1522700595440648
v -0.8028844902823173 0.45475218331505807 0.2111305428910768
vt 0 1
vt 0.4375 1
vt 0.4375 1
vt 0 1
vt 0 1
vt 0.4375 1
vt 0.4375 1
vt 0 1
vt 0 1
vt 0.4375 1
vt 0.4375 1
vt 0 1
vt 0 1
vt 0.4375 1
vt 0.4375 1
vt 0 1
vt 0 1
vt 1 1
vt 1 0.6875
vt 0 0.6875
vt 0 1
vt 0.4375 1
vt 0.4375 0.5625
vt 0 0.5625
vn -0.739942111693848 -0.6427876096865395 -0.19826689127414562
vn 0.2588190451025201 0 -0.9659258262890686
vn 0.739942111693848 0.6427876096865395 0.19826689127414562
vn -0.2588190451025201 0 0.9659258262890686
vn -0.6208851530148458 0.7660444431189781 -0.1663656753428015
vn 0.6208851530148458 -0.7660444431189781 0.1663656753428015
g Frond
f 100/292/73 103/291/73 101/290/73 98/289/73
f 99/296/74 100/295/74 98/294/74 97/293/74
f 104/300/75 99/299/75 97/298/75 102/297/75
f 103/304/76 104/303/76 102/302/76 101/301/76
f 102/308/77 97/307/77 98/306/77 101/305/77
f 103/312/78 100/311/78 99/310/78 104/309/78
o cube
v -0.28487453679945807 0.5356206423225542 -0.5559357662607307
v -0.5764410061407766 0.45473969072801657 -0.6340607662607305
v -0.28487453679945807 0.5356206423225542 -0.5559357662607307
v -0.5764410061407766 0.45473969072801657 -0.6340607662607305
v -0.8029076706054817 0.45473969072801657 0.21112433174220457
v -0.5113412012641632 0.5356206423225542 0.28924933174220435
v -0.8029076706054817 0.45473969072801657 0.21112433174220457
v -0.5113412012641632 0.5356206423225542 0.28924933174220435
vt 0 1
vt 0.4375 1
vt 0.4375 1
vt 0 1
vt 0 1
vt 0.4375 1
vt 0.4375 1
vt 0 1
vt 0 1
vt 0.4375 1
vt 0.4375 1
vt 0 1
vt 0 1
vt 0.4375 1
vt 0.4375 1
vt 0 1
vt 0 0.6875
vt 1 0.6875
vt 1 0.34375
vt 0 0.34375
vt 0 1
vt 0.4375 1
vt 0.4375 0.5625
vt 0 0.5625
vn -0.9330127018922195 -0.2588190451025207 -0.2499999999999993
vn 0.2588190451025201 0 -0.9659258262890686
vn 0.9330127018922195 0.2588190451025207 0.2499999999999993
vn -0.2588190451025201 0 0.9659258262890686
vn -0.25 0.9659258262890684 -0.06698729810778048
vn 0.25 -0.9659258262890684 0.06698729810778048
g Frond
f 108/316/79 111/315/79 109/314/79 106/313/79
f 107/320/80 108/319/80 106/318/80 105/317/80
f 112/324/81 107/323/81 105/322/81 110/321/81
f 111/328/82 112/327/82 110/326/82 109/325/82
f 110/332/83 105/331/83 106/330/83 109/329/83
f 111/336/84 108/335/84 107/334/84 112/333/84
o cube
v 0.04000077089710807 0.4888418515904791 -0.4688856899226234
v -0.043661644805940925 0.5247184233747062 -0.4913029666470922
v 0.04000077089710807 0.4888418515904791 -0.4688856899226234
v -0.043661644805940925 0.5247184233747062 -0.4913029666470922
v -0.27012830927064596 0.5247184233747062 0.3538821313558427
v -0.18646589356759696 0.4888418515904791 0.3762994080803115
v -0.27012830927064596 0.5247184233747062 0.3538821313558427
v -0.18646589356759696 0.4888418515904791 0.3762994080803115
vt 0 1
vt 0.4375 1
vt 0.4375 1
vt 0 1
vt 0 1
vt 0.4375 1
vt 0.4375 1
vt 0 1
vt 0 1
vt 0.4375 1
vt 0.4375 1
vt 0 1
vt 0 1
vt 0.4375 1
vt 0.4375 1
vt 0 1
vt 0 0.09375
vt 1 0.09375
vt 1 0
vt 0 0
vt 0 1
vt 0.4375 1
vt 0.4375 0.5625
vt 0 0.5625
vn -0.892399100832523 0.38268343236508967 -0.23911761839433388
vn 0.2588190451025201 0 -0.9659258262890686
vn 0.892399100832523 -0.38268343236508967 0.23911761839433388
vn -0.2588190451025201 0 0.9659258262890686
vn 0.36964381061438617 0.9238795325112868 0.09904576054128734
vn -0.36964381061438617 -0.9238795325112868 -0.09904576054128734
g Frond
f 116/340/85 119/339/85 117/338/85 114/337/85
f 115/344/86 116/343/86 114/342/86 113/341/86
f 120/348/87 115/347/87 113/346/87 118/345/87
f 119/352/88 120/351/88 118/350/88 117/349/88
f 118/356/89 113/355/89 114/354/89 117/353/89
f 119/360/90 116/359/90 115/358/90 120/357/90
o cube
v -0.04364117538510415 0.524713725331416 -0.49129748188230954
v -0.2848927951186242 0.53561857217275 -0.5559406585626063
v -0.04364117538510415 0.524713725331416 -0.49129748188230954
v -0.2848927951186242 0.53561857217275 -0.5559406585626063
v -0.5113594595833293 0.53561857217275 0.2892444394403286
v -0.2701078398498092 0.524713725331416 0.35388761612062547
v -0.5113594595833293 0.53561857217275 0.2892444394403286
v -0.2701078398498092 0.524713725331416 0.35388761612062547
vt 0 1
vt 0.4375 1
vt 0.4375 1
vt 0 1
vt 0 1
vt 0.4375 1
vt 0.4375 1
vt 0 1
vt 0 1
vt 0.4375 1
vt 0.4375 1
vt 0 1
vt 0 1
vt 0.4375 1
vt 0.4375 1
vt 0 1
vt 0 0.34375
vt 1 0.34375
vt 1 0.09375
vt 0 0.09375
vt 0 1
vt 0.4375 1
vt 0.4375 0.5625
vt 0 0.5625
vn -0.9650064789340804 0.04361938736533597 -0.2585727067211873
vn 0.25881904510252013 0 -0.9659258262890685
vn 0.9650064789340804 -0.04361938736533597 0.2585727067211873
vn -0.25881904510252013 0 0.9659258262890685
vn 0.04213309278308512 0.9990482215818578 0.011289528185853196
vn -0.04213309278308512 -0.9990482215818578 -0.011289528185853196
g Frond
f 124/364/91 127/363/91 125/362/91 122/361/91
f 123/368/92 124/367/92 122/366/92 121/365/92
f 128/372/93 123/371/93 121/370/93 126/369/93
f 127/376/94 128/375/94 126/374/94 125/373/94
f 126/380/95 121/379/95 122/378/95 125/377/95
f 127/384/96 124/383/96 123/382/96 128/381/96
o cube
v -0.7751160846962315 0.4547521833150583 -0.31414385616786245
v -0.9971447798646057 0.2639246116893669 -0.26492127949545763
v -0.7751160846962315 0.4547521833150583 -0.31414385616786245
v -0.9971447798646057 0.2639246116893669 -0.26492127949545763
v -0.8077601176687659 0.2639246116893669 0.5893377267344841
v -0.5857314225003917 0.4547521833150582 0.5401151500620793
v -0.8077601176687659 0.2639246116893669 0.5893377267344841
v -0.5857314225003917 0.4547521833150582 0.5401151500620793
vt 0 1
vt 0.4375 1
vt 0.4375 1
vt 0 1
vt 0 1
vt 0.4375 1
vt 0.4375 1
vt 0 1
vt 0 1
vt 0.4375 1
vt 0.4375 1
vt 0 1
vt 0 1
vt 0.4375 1
vt 0.4375 1
vt 0 1
vt 0 1
vt 1 1
vt 1 0.6875
vt 0 0.6875
vt 0 1
vt 0.4375 1
vt 0.4375 0.5625
vt 0 0.5625
vn -0.7478861310934712 -0.6427876096865394 0.16580236352810038
vn -0.21643961393810268 0 -0.9762960071199334
vn 0.7478861310934712 0.6427876096865394 -0.16580236352810038
vn 0.21643961393810268 0 0.9762960071199334
vn -0.6275509767631346 0.7660444431189782 0.13912470208475042
vn 0.6275509767631346 -0.7660444431189782 -0.13912470208475042
g Frond
f 132/388/97 135/387/97 133/386/97 130/385/97
f 131/392/98 132/391/98 130/390/98 129/389/98
f 136/396/99 131/395/99 129/394/99 134/393/99
f 135/400/100 136/399/100 134/398/100 133/397/100
f 134/404/101 129/403/101 130/402/101 133/401/101
f 135/408/102 132/407/102 131/406/102 136/405/102
o cube
v -0.4804427865771106 0.5356206423225545 -0.3794713535842634
v -0.775139513883373 0.4547396907280167 -0.31413866204212315
v -0.4804427865771106 0.5356206423225545 -0.3794713535842634
v -0.775139513883373 0.4547396907280167 -0.31413866204212315
v -0.5857548516875333 0.4547396907280167 0.5401203441878186
v -0.29105812438127077 0.5356206423225545 0.47478765264567846
v -0.5857548516875333 0.4547396907280167 0.5401203441878186
v -0.29105812438127077 0.5356206423225545 0.47478765264567846
vt 0 1
vt 0.4375 1
vt 0.4375 1
vt 0 1
vt 0 1
vt 0.4375 1
vt 0.4375 1
vt 0 1
vt 0 1
vt 0.4375 1
vt 0.4375 1
vt 0 1
vt 0 1
vt 0.4375 1
vt 0.4375 1
vt 0 1
vt 0 0.6875
vt 1 0.6875
vt 1 0.34375
vt 0 0.34375
vt 0 1
vt 0.4375 1
vt 0.4375 0.5625
vt 0 0.5625
vn -0.94302952738004 -0.2588190451025206 0.20906461293484874
vn -0.21643961393810268 0 -0.9762960071199334
vn 0.94302952738004 0.2588190451025206 -0.20906461293484874
vn 0.21643961393810268 0 0.9762960071199334
vn -0.25268400030018473 0.9659258262890684 0.05601869420181794
vn 0.25268400030018473 -0.9659258262890684 -0.05601869420181794
g Frond
f 140/412/103 143/411/103 141/410/103 138/409/103
f 139/416/104 140/415/104 138/414/104 137/413/104
f 144/420/105 139/419/105 137/418/105 142/417/105
f 143/424/106 144/423/106 142/422/106 141/421/106
f 142/428/107 137/427/107 138/426/107 141/425/107
f 143/432/108 140/431/108 139/430/108 144/429/108
o cube
v -0.15207961718702334 0.4888418515904791 -0.45226771564656515
v -0.2366402326855171 0.5247184233747062 -0.4335210785207472
v -0.15207961718702334 0.4888418515904791 -0.45226771564656515
v -0.2366402326855171 0.5247184233747062 -0.4335210785207472
v -0.04725557048967732 0.5247184233747062 0.4207379277091945
v 0.03730504500881637 0.4888418515904791 0.4019912905833767
v -0.04725557048967732 0.5247184233747062 0.4207379277091945
v 0.03730504500881637 0.4888418515904791 0.4019912905833767
vt 0 1
vt 0.4375 1
vt 0.4375 1
vt 0 1
vt 0 1
vt 0.4375 1
vt 0.4375 1
vt 0 1
vt 0 1
vt 0.4375 1
vt 0.4375 1
vt 0 1
vt 0 1
vt 0.4375 1
vt 0.4375 1
vt 0 1
vt 0 0.09375
vt 1 0.09375
vt 1 0
vt 0 0
vt 0 1
vt 0.4375 1
vt 0.4375 0.5625
vt 0 0.5625
vn -0.9019798986506 0.3826834323650899 0.19996412934205762
vn -0.21643961393810268 0 -0.9762960071199334
vn 0.9019798986506 -0.3826834323650899 -0.19996412934205762
vn 0.21643961393810268 0 0.9762960071199334
vn 0.3736123070089884 0.9238795325112867 -0.08282785436160804
vn -0.3736123070089884 -0.9238795325112867 0.08282785436160804
g Frond
f 148/436/109 151/435/109 149/434/109 146/433/109
f 147/440/110 148/439/110 146/438/110 145/437/110
f 152/444/111 147/443/111 145/442/111 150/441/111
f 151/448/112 152/447/112 150/446/112 149/445/112
f 150/452/113 145/451/113 146/450/113 149/449/113
f 151/456/114 148/455/114 147/454/114 152/453/114
o cube
v -0.23661954350495362 0.5247137253314162 -0.4335256652016527
v -0.4804612409176132 0.5356185721727502 -0.37946726235547135
v -0.23661954350495362 0.5247137253314162 -0.4335256652016527
v -0.4804612409176132 0.5356185721727502 -0.37946726235547135
v -0.29107657872177345 0.5356185721727502 0.47479174387447054
v -0.04723488130911385 0.5247137253314162 0.4207333410282892
v -0.29107657872177345 0.5356185721727502 0.47479174387447054
v -0.04723488130911385 0.5247137253314162 0.4207333410282892
vt 0 1
vt 0.4375 1
vt 0.4375 1
vt 0 1
vt 0 1
vt 0.4375 1
vt 0.4375 1
vt 0 1
vt 0 1
vt 0.4375 1
vt 0.4375 1
vt 0 1
vt 0 1
vt 0.4375 1
vt 0.4375 1
vt 0 1
vt 0 0.34375
vt 1 0.34375
vt 1 0.09375
vt 0 0.09375
vt 0 1
vt 0.4375 1
vt 0.4375 0.5625
vt 0 0.5625
vn -0.9753667896506383 0.04361938736533614 0.2162336113847253
vn -0.21643961393810268 0 -0.9762960071199334
vn 0.9753667896506383 -0.04361938736533614 -0.2162336113847253
vn 0.21643961393810268 0 0.9762960071199334
vn 0.042585433717795364 0.9990482215818578 -0.009440963361569878
vn -0.042585433717795364 -0.9990482215818578 0.009440963361569878
g Frond
f 156/460/115 159/459/115 157/458/115 154/457/115
f 155/464/116 156/463/116 154/462/116 153/461/116
f 160/468/117 155/467/117 153/466/117 158/465/117
f 159/472/118 160/471/118 158/470/118 157/469/118
f 158/476/119 153/475/119 154/474/119 157/473/119
f 159/480/120 156/479/120 155/478/120 160/477/120
o cube
v -0.8182704726102402 0.4547521833150582 0.03917562717982759
v -0.9986944481952345 0.26392461168936676 0.17761981292465046
v -0.8182704726102402 0.4547521833150582 0.03917562717982759
v -0.9986944481952345 0.26392461168936676 0.17761981292465046
v -0.46602819781260424 0.26392461168936676 0.8718039856794815
v -0.28560422222761 0.45475218331505807 0.7333597999346586
v -0.46602819781260424 0.26392461168936676 0.8718039856794815
v -0.28560422222761 0.45475218331505807 0.7333597999346586
vt 0 1
vt 0.4375 1
vt 0.4375 1
vt 0 1
vt 0 1
vt 0.4375 1
vt 0.4375 1
vt 0 1
vt 0 1
vt 0.4375 1
vt 0.4375 1
vt 0 1
vt 0 1
vt 0.4375 1
vt 0.4375 1
vt 0 1
vt 0 1
vt 1 1
vt 1 0.6875
vt 0 0.6875
vt 0 1
vt 0.4375 1
vt 0.4375 0.5625
vt 0 0.5625
vn -0.6077439177599806 -0.6427876096865393 0.4663383098772983
vn -0.6087614290087201 0 -0.7933533402912356
vn 0.6077439177599806 0.6427876096865393 -0.4663383098772983
vn 0.6087614290087201 0 0.7933533402912356
vn -0.5099576972426348 0.766044443118978 0.3913043038218772
vn 0.5099576972426348 -0.766044443118978 -0.3913043038218772
g Frond
f 164/484/121 167/483/121 165/482/121 162/481/121
f 163/488/122 164/487/122 162/486/122 161/485/122
f 168/492/123 163/491/123 161/490/123 166/489/123
f 167/496/124 168/495/124 166/494/124 165/493/124
f 166/500/125 161/499/125 162/498/125 165/497/125
f 167/504/126 164/503/126 163/502/126 168/501/126
o cube
v -0.578814361295098 0.5356206423225542 -0.1445655094687749
v -0.8182895115325993 0.45473969072801657 0.03919023625877571
v -0.578814361295098 0.5356206423225542 -0.1445655094687749
v -0.8182895115325993 0.45473969072801657 0.03919023625877571
v -0.2856232611499691 0.45473969072801657 0.7333744090136067
v -0.046148110912467843 0.5356206423225542 0.549618663286056
v -0.2856232611499691 0.45473969072801657 0.7333744090136067
v -0.046148110912467843 0.5356206423225542 0.549618663286056
vt 0 1
vt 0.4375 1
vt 0.4375 1
vt 0 1
vt 0 1
vt 0.4375 1
vt 0.4375 1
vt 0 1
vt 0 1
vt 0.4375 1
vt 0.4375 1
vt 0 1
vt 0 1
vt 0.4375 1
vt 0.4375 1
vt 0 1
vt 0 0.6875
vt 1 0.6875
vt 1 0.34375
vt 0 0.34375
vt 0 1
vt 0.4375 1
vt 0.4375 0.5625
vt 0 0.5625
vn -0.7663204807600041 -0.2588190451025205 0.5880183863281622
vn -0.6087614290087202 0 -0.7933533402912355
vn 0.7663204807600041 0.2588190451025205 -0.5880183863281622
vn 0.6087614290087202 0 0.7933533402912355
vn -0.20533495396307266 0.9659258262890684 0.1575590517512829
vn 0.20533495396307266 -0.9659258262890684 -0.1575590517512829
g Frond
f 172/508/127 175/507/127 173/506/127 170/505/127
f 171/512/128 172/511/128 170/510/128 169/509/128
f 176/516/129 171/515/129 169/514/129 174/513/129
f 175/520/130 176/519/130 174/518/130 173/517/130
f 174/524/131 169/523/131 170/522/131 173/521/131
f 175/528/132 172/527/132 171/526/132 176/525/132
o cube
v -0.31198133589664406 0.4888418515904791 -0.34931369114108385
v -0.3806966090039442 0.5247184233747064 -0.29658660759950767
v -0.31198133589664406 0.4888418515904791 -0.34931369114108385
v -0.3806966090039442 0.5247184233747064 -0.29658660759950767
v 0.15196964137868596 0.5247184233747062 0.3975975651553234
v 0.22068491448598615 0.4888418515904791 0.3448704816137472
v 0.15196964137868596 0.5247184233747062 0.3975975651553234
v 0.22068491448598615 0.4888418515904791 0.3448704816137472
vt 0 1
vt 0.4375 1
vt 0.4375 1
vt 0 1
vt 0 1
vt 0.4375 1
vt 0.4375 1
vt 0 1
vt 0 1
vt 0.4375 1
vt 0.4375 1
vt 0 1
vt 0 1
vt 0.4375 1
vt 0.4375 1
vt 0 1
vt 0 0.09375
vt 1 0.09375
vt 1 0
vt 0 0
vt 0 1
vt 0.4375 1
vt 0.4375 0.5625
vt 0 0.5625
vn -0.7329629131445344 0.38268343236508984 0.5624222244434793
vn -0.6087614290087202 0 -0.7933533402912355
vn 0.7329629131445344 -0.38268343236508984 -0.5624222244434793
vn 0.6087614290087202 0 0.7933533402912355
vn 0.30360317934095915 0.9238795325112867 -0.23296291314453396
vn -0.30360317934095915 -0.9238795325112867 0.23296291314453396
g Frond
f 180/532/133 183/531/133 181/530/133 178/529/133
f 179/536/134 180/535/134 178/534/134 177/533/134
f 184/540/135 179/539/135 177/538/135 182/537/135
f 183/544/136 184/543/136 182/542/136 181/541/136
f 182/548/137 177/547/137 178/546/137 181/545/137
f 183/552/138 180/551/138 179/550/138 184/549/138
o cube
v -0.3806797966536035 0.524713725331416 -0.29659950816965536
v -0.5788293575795997 0.5356185721727502 -0.14455400241495736
v -0.3806797966536035 0.524713725331416 -0.29659950816965536
v -0.5788293575795997 0.5356185721727502 -0.14455400241495736
v -0.046163107196969644 0.53561857217275 0.5496301703398738
v 0.15198645372902675 0.524713725331416 0.3975846645851757
v -0.046163107196969644 0.53561857217275 0.5496301703398738
v 0.15198645372902675 0.524713725331416 0.3975846645851757
vt 0 1
vt 0.4375 1
vt 0.4375 1
vt 0 1
vt 0 1
vt 0.4375 1
vt 0.4375 1
vt 0 1
vt 0 1
vt 0.4375 1
vt 0.4375 1
vt 0 1
vt 0 1
vt 0.4375 1
vt 0.4375 1
vt 0 1
vt 0 0.34375
vt 1 0.34375
vt 1 0.09375
vt 0 0.09375
vt 0 1
vt 0.4375 1
vt 0.4375 0.5625
vt 0 0.5625
vn -0.7925982437039852 0.04361938736533612 0.6081820230187923
vn -0.6087614290087202 0 -0.7933533402912355
vn 0.7925982437039852 -0.04361938736533612 -0.6081820230187923
vn 0.6087614290087202 0 0.7933533402912355
vn 0.03460558666774677 0.9990482215818579 -0.02655380058500688
vn -0.03460558666774677 -0.9990482215818579 0.02655380058500688
g Frond
f 188/556/139 191/555/139 189/554/139 186/553/139
f 187/560/140 188/559/140 186/558/140 185/557/140
f 192/564/141 187/563/141 185/562/141 190/561/141
f 191/568/142 192/567/142 190/566/142 189/565/142
f 190/572/143 185/571/143 186/570/143 189/569/143
f 191/576/144 188/575/144 187/574/144 192/573/144
o cube
v -0.6715332290996593 0.4547521833150582 0.46012208914347497
v -0.758562882535636 0.2639246116893669 0.6702302587972402
v -0.6715332290996593 0.4547521833150582 0.46012208914347497
v -0.758562882535636 0.2639246116893669 0.6702302587972402
v 0.049831708411739895 0.26392461168936676 1.0050782621166938
v 0.1368613618477167 0.45475218331505807 0.7949700924629286
v 0.049831708411739895 0.26392461168936676 1.0050782621166938
v 0.1368613618477167 0.45475218331505807 0.7949700924629286
vt 0 1
vt 0.4375 1
vt 0.4375 1
vt 0 1
vt 0 1
vt 0.4375 1
vt 0.4375 1
vt 0 1
vt 0 1
vt 0.4375 1
vt 0.4375 1
vt 0 1
vt 0 1
vt 0.4375 1
vt 0.4375 1
vt 0 1
vt 0 1
vt 1 1
vt 1 0.6875
vt 0 0.6875
vt 0 1
vt 0.4375 1
vt 0.4375 0.5625
vt 0 0.5625
vn -0.2931525168369744 -0.6427876096865394 0.7077327819916304
vn -0.9238795325112867 0 -0.38268343236508995
vn 0.2931525168369744 0.6427876096865394 -0.7077327819916304
vn 0.9238795325112867 0 0.38268343236508995
vn -0.24598416875659646 0.766044443118978 0.5938583163412473
vn 0.24598416875659646 -0.766044443118978 -0.5938583163412473
g Frond
f 196/580/145 199/579/145 197/578/145 194/577/145
f 195/584/146 196/583/146 194/582/146 193/581/146
f 200/588/147 195/587/147 193/586/147 198/585/147
f 199/592/148 200/591/148 198/590/148 197/589/148
f 198/596/149 193/595/149 194/594/149 197/593/149
f 199/600/150 196/599/150 195/598/150 200/597/150
o cube
v -0.5560287219336132 0.5356206423225545 0.18126954142798613
v -0.6715424127506089 0.45473969072801657 0.4601442604381495
v -0.5560287219336132 0.5356206423225545 0.18126954142798613
v -0.6715424127506089 0.45473969072801657 0.4601442604381495
v 0.1368521781967671 0.45473969072801657 0.794992263757603
v 0.2523658690137628 0.5356206423225542 0.5161175447474398
v 0.1368521781967671 0.45473969072801657 0.794992263757603
v 0.2523658690137628 0.5356206423225542 0.5161175447474398
vt 0 1
vt 0.4375 1
vt 0.4375 1
vt 0 1
vt 0 1
vt 0.4375 1
vt 0.4375 1
vt 0 1
vt 0 1
vt 0.4375 1
vt 0.4375 1
vt 0 1
vt 0 1
vt 0.4375 1
vt 0.4375 1
vt 0 1
vt 0 0.6875
vt 1 0.6875
vt 1 0.34375
vt 0 0.34375
vt 0 1
vt 0.4375 1
vt 0.4375 0.5625
vt 0 0.5625
vn -0.3696438106143862 -0.2588190451025206 0.8923991008325227
vn -0.9238795325112867 0 -0.38268343236508995
vn 0.3696438106143862 0.2588190451025206 -0.8923991008325227
vn 0.9238795325112867 0 0.38268343236508995
vn -0.09904576054128751 0.9659258262890683 0.23911761839433443
vn 0.09904576054128751 -0.9659258262890683 -0.23911761839433443
g Frond
f 204/604/151 207/603/151 205/602/151 202/601/151
f 203/608/152 204/607/152 202/606/152 201/605/152
f 208/612/153 203/611/153 201/610/153 206/609/153
f 207/616/154 208/615/154 206/614/154 205/613/154
f 206/620/155 201/619/155 202/618/155 205/617/155
f 207/624/156 204/623/156 203/622/156 208/621/156
o cube
v -0.42731863420604826 0.4888418515904791 -0.12946409797813185
v -0.4604642645741676 0.5247184233747064 -0.04944346761001245
v -0.42731863420604826 0.4888418515904791 -0.12946409797813185
v -0.4604642645741676 0.5247184233747064 -0.04944346761001245
v 0.3479303263732083 0.5247184233747062 0.28540453570944124
v 0.38107595674132766 0.4888418515904791 0.20538390534132178
v 0.3479303263732083 0.5247184233747062 0.28540453570944124
v 0.38107595674132766 0.4888418515904791 0.20538390534132178
vt 0 1
vt 0.4375 1
vt 0.4375 1
vt 0 1
vt 0 1
vt 0.4375 1
vt 0.4375 1
vt 0 1
vt 0 1
vt 0.4375 1
vt 0.4375 1
vt 0 1
vt 0 1
vt 0.4375 1
vt 0.4375 1
vt 0 1
vt 0 0.09375
vt 1 0.09375
vt 1 0
vt 0 0
vt 0 1
vt 0.4375 1
vt 0.4375 0.5625
vt 0 0.5625
vn -0.3535533905932738 0.3826834323650898 0.8535533905932737
vn -0.9238795325112867 0 -0.38268343236508984
vn 0.3535533905932738 -0.3826834323650898 -0.8535533905932737
vn 0.9238795325112867 0 0.38268343236508984
vn 0.14644660940672638 0.9238795325112868 -0.35355339059327373
vn -0.14644660940672638 -0.9238795325112868 0.35355339059327373
g Frond
f 212/628/157 215/627/157 213/626/157 210/625/157
f 211/632/158 212/631/158 210/630/158 209/629/158
f 216/636/159 211/635/159 209/634/159 214/633/159
f 215/640/160 216/639/160 214/638/160 213/637/160
f 214/644/161 209/643/161 210/642/161 213/641/161
f 215/648/162 212/647/162 211/646/162 216/645/162
o cube
v -0.46045615493674924 0.5247137253314162 -0.04946304600665402
v -0.5560359555700451 0.5356185721727502 0.18128700497116568
v -0.46045615493674924 0.5247137253314162 -0.04946304600665402
v -0.5560359555700451 0.5356185721727502 0.18128700497116568
v 0.2523586353773306 0.53561857217275 0.5161350082906195
v 0.3479384360106268 0.524713725331416 0.28538495731279956
v 0.2523586353773306 0.53561857217275 0.5161350082906195
v 0.3479384360106268 0.524713725331416 0.28538495731279956
vt 0 1
vt 0.4375 1
vt 0.4375 1
vt 0 1
vt 0 1
vt 0.4375 1
vt 0.4375 1
vt 0 1
vt 0 1
vt 0.4375 1
vt 0.4375 1
vt 0 1
vt 0 1
vt 0.4375 1
vt 0.4375 1
vt 0 1
vt 0 0.34375
vt 1 0.34375
vt 1 0.09375
vt 0 0.09375
vt 0 1
vt 0.4375 1
vt 0.4375 0.5625
vt 0 0.5625
vn -0.38231920253318424 0.04361938736533606 0.9230002039112792
vn -0.9238795325112867 0 -0.3826834323650899
vn 0.38231920253318424 -0.04361938736533606 -0.9230002039112792
vn 0.9238795325112867 0 0.3826834323650899
vn 0.016692416874629346 0.9990482215818578 -0.04029905920751537
vn -0.016692416874629346 -0.9990482215818578 0.04029905920751537
g Frond
f 220/652/163 223/651/163 221/650/163 218/649/163
f 219/656/164 220/655/164 218/654/164 217/653/164
f 224/660/165 219/659/165 217/658/165 222/657/165
f 223/664/166 224/663/166 222/662/166 221/661/166
f 222/668/167 217/667/167 218/666/167 221/665/167
f 223/672/168 220/671/168 219/670/168 224/669/168
o cube
v -0.32372596316030966 0.45475218331505807 0.7411051449239103
v -0.2842349911348363 0.26392461168936676 0.9650695766110087
v -0.32372596316030966 0.45475218331505807 0.7411051449239103
v -0.2842349911348363 0.26392461168936676 0.9650695766110087
v 0.5774717927508459 0.26392461168936665 0.8131274211524442
v 0.5379808207253727 0.45475218331505807 0.5891629894653461
v 0.5774717927508459 0.26392461168936665 0.8131274211524442
v 0.5379808207253727 0.45475218331505807 0.5891629894653461
vt 0 1
vt 0.4375 1
vt 0.4375 1
vt 0 1
vt 0 1
vt 0.4375 1
vt 0.4375 1
vt 0 1
vt 0 1
vt 0.4375 1
vt 0.4375 1
vt 0 1
vt 0 1
vt 0.4375 1
vt 0.4375 1
vt 0 1
vt 0 1
vt 1 1
vt 1 0.6875
vt 0 0.6875
vt 0 1
vt 0.4375 1
vt 0.4375 0.5625
vt 0 0.5625
vn 0.1330222215594892 -0.6427876096865396 0.7544065067354889
vn -0.9848077530122081 0 0.17364817766693072
vn -0.1330222215594892 0.6427876096865396 -0.7544065067354889
vn 0.9848077530122081 0 -0.17364817766693072
vn 0.11161889704895 0.7660444431189781 0.6330222215594891
vn -0.11161889704895 -0.7660444431189781 -0.6330222215594891
g Frond
f 228/676/169 231/675/169 229/674/169 226/673/169
f 227/680/170 228/679/170 226/678/170 225/677/170
f 232/684/171 227/683/171 225/682/171 230/681/171
f 231/688/172 232/687/172 230/686/172 229/685/172
f 230/692/173 225/691/173 226/690/173 229/689/173
f 231/696/174 228/695/174 227/694/174 232/693/174
o cube
v -0.3761378145376794 0.5356206423225545 0.44386276507492817
v -0.32372179594501665 0.45473969072801657 0.7411287783762399
v -0.3761378145376794 0.5356206423225545 0.44386276507492817
v -0.32372179594501665 0.45473969072801657 0.7411287783762399
v 0.5379849879406655 0.45473969072801657 0.5891866229176757
v 0.48556896934800275 0.5356206423225542 0.2919206096163638
v 0.5379849879406655 0.45473969072801657 0.5891866229176757
v 0.48556896934800275 0.5356206423225542 0.2919206096163638
vt 0 1
vt 0.4375 1
vt 0.4375 1
vt 0 1
vt 0 1
vt 0.4375 1
vt 0.4375 1
vt 0 1
vt 0 1
vt 0.4375 1
vt 0.4375 1
vt 0 1
vt 0 1
vt 0.4375 1
vt 0.4375 1
vt 0 1
vt 0 0.6875
vt 1 0.6875
vt 1 0.34375
vt 0 0.34375
vt 0 1
vt 0.4375 1
vt 0.4375 0.5625
vt 0 0.5625
vn 0.16773125949652096 -0.2588190451025207 0.9512512425641977
vn -0.9848077530122081 0 0.17364817766693078
vn -0.16773125949652096 0.2588190451025207 -0.9512512425641977
vn 0.9848077530122081 0 -0.17364817766693078
vn 0.04494345552754798 0.9659258262890683 0.2548870022441787
vn -0.04494345552754798 -0.9659258262890683 -0.2548870022441787
g Frond
f 236/700/175 239/699/175 237/698/175 234/697/175
f 235/704/176 236/703/176 234/702/176 233/701/176
f 240/708/177 235/707/177 233/706/177 238/705/177
f 239/712/178 240/711/178 238/710/178 237/709/178
f 238/716/179 233/715/179 234/714/179 237/713/179
f 239/720/180 236/719/180 235/718/180 240/717/180
o cube
v -0.43454189031151563 0.4888418515904791 0.11263679194719645
v -0.41950157807360683 0.5247184233747064 0.19793464130342242
v -0.43454189031151563 0.4888418515904791 0.11263679194719645
v -0.41950157807360683 0.5247184233747064 0.19793464130342242
v 0.44220520581207534 0.5247184233747062 0.04599248584485793
v 0.42716489357416654 0.4888418515904791 -0.03930536351136793
v 0.44220520581207534 0.5247184233747062 0.04599248584485793
v 0.42716489357416654 0.4888418515904791 -0.03930536351136793
vt 0 1
vt 0.4375 1
vt 0.4375 1
vt 0 1
vt 0 1
vt 0.4375 1
vt 0.4375 1
vt 0 1
vt 0 1
vt 0.4375 1
vt 0.4375 1
vt 0 1
vt 0 1
vt 0.4375 1
vt 0.4375 1
vt 0 1
vt 0 0.09375
vt 1 0.09375
vt 1 0
vt 0 0
vt 0 1
