# Made in Blockbench 4.9.3

o cube
v 0.0625 0.9375 0.1875
v 0.0625 0.9375 -0.8125
v 0.0625 -0.0625 0.1875
v 0.0625 -0.0625 -0.8125
v 0.0625 0.9375 -0.8125
v 0.0625 0.9375 0.1875
v 0.0625 -0.0625 -0.8125
v 0.0625 -0.0625 0.1875
vt 0 1
vt 0 1
vt 0 0
vt 0 0
vt 0 1
vt 1 1
vt 1 0
vt 0 0
vt 0 1
vt 0 1
vt 0 0
vt 0 0
vt 0 1
vt 0 1
vt 0 1
vt 0 1
vt 0 1
vt 0 1
vt 0 0
vt 0 0
vt 0 1
vt 0 1
vt 0 0
vt 0 0
vn 0 0 -1
vn 1 0 0
vn 0 0 1
vn -1 0 0
vn 0 1 0
vn 0 -1 0
g Pitcher
f 4/4/1 7/3/1 5/2/1 2/1/1
f 3/8/2 4/7/2 2/6/2 1/5/2
f 8/12/3 3/11/3 1/10/3 6/9/3
f 7/16/4 8/15/4 6/14/4 5/13/4
f 6/20/5 1/19/5 2/18/5 5/17/5
f 7/24/6 4/23/6 3/22/6 8/21/6
o cube
v 0.046875 0.9375 0.5
v 0.046875 0.9375 -0.5
v 0.046875 0 0.5
v 0.046875 0 -0.5
v 0.046875 0.9375 -0.5
v 0.046875 0.9375 0.5
v 0.046875 0 -0.5
v 0.046875 0 0.5
vt 0 1
vt 0 1
vt 0 0.5
vt 0 0.5
vt 0 1
vt 0 1
vt 0 1
vt 0 1
vt 0 1
vt 0 1
vt 0 0.5
vt 0 0.5
vt 0 1
vt 1 1
vt 1 0
vt 0 0
vt 0 1
vt 0 1
vt 0 0.5
vt 0 0.5
vt 0 1
vt 0 1
vt 0 0.5
vt 0 0.5
vn 0 0 -1
vn 1 0 0
vn 0 0 1
vn -1 0 0
vn 0 1 0
vn 0 -1 0
g Flower
f 12/28/7 15/27/7 13/26/7 10/25/7
f 11/32/8 12/31/8 10/30/8 9/29/8
f 16/36/9 11/35/9 9/34/9 14/33/9
f 15/40/10 16/39/10 14/38/10 13/37/10
f 14/44/11 9/43/11 10/42/11 13/41/11
f 15/48/12 12/47/12 11/46/12 16/45/12
o cube
v -0.5 0.9375 -0.04687499999999989
v 0.5 0.9375 -0.04687500000000011
v -0.5 0 -0.04687499999999989
v 0.5 0 -0.04687500000000011
v 0.5 0.9375 -0.04687500000000011
v -0.5 0.9375 -0.04687499999999989
v 0.5 0 -0.04687500000000011
v -0.5 0 -0.04687499999999989
vt 0 1
vt 0 1
vt 0 0.5
vt 0 0.5
vt 0 1
vt 0 1
vt 0 1
vt 0 1
vt 0 1
vt 0 1
vt 0 0.5
vt 0 0.5
vt 0 1
vt 1 1
vt 1 0
vt 0 0
vt 0 1
vt 0 1
vt 0 0.5
vt 0 0.5
vt 0 1
vt 0 1
vt 0 0.5
vt 0 0.5
vn 1 0 0
vn 0 0 1
vn -1 0 0
vn 0 0 -1
vn 0 1 0
vn 0 -1 0
g Flower
f 20/52/13 23/51/13 21/50/13 18/49/13
f 19/56/14 20/55/14 18/54/14 17/53/14
f 24/60/15 19/59/15 17/58/15 22/57/15
f 23/64/16 24/63/16 22/62/16 21/61/16
f 22/68/17 17/67/17 18/66/17 21/65/17
f 23/72/18 20/71/18 19/70/18 24/69/18
o cube
v -0.13728973067765626 0.0035567553724479284 -0.026110304958401775
v -0.17899839320140531 0.12721142063984459 0.1295485426959737
v -0.13728973067765626 0.0035567553724479284 -0.026110304958401775
v -0.17899839320140531 0.12721142063984459 0.1295485426959737
v 0.09266824544239516 0.12721142063984492 0.2023413991310573
v 0.1343769079661442 0.0035567553724482615 0.04668255147668188
v 0.09266824544239516 0.12721142063984492 0.2023413991310573
v 0.1343769079661442 0.0035567553724482615 0.04668255147668188
vt 0 1
vt 0.3125 1
vt 0.3125 1
vt 0 1
vt 0 1
vt 0.5625 1
vt 0.5625 1
vt 0 1
vt 0 1
vt 0.3125 1
vt 0.3125 1
vt 0 1
vt 0 1
vt 0.5625 1
vt 0.5625 1
vt 0 1
vt 0.3125 0.21875
vt 0.59375 0.21875
vt 0.59375 0
vt 0.3125 0
vt 0 1
vt 0.3125 1
vt 0.3125 0.4375
vt 0 0.4375
vn -0.20533495396307203 0.6087614290087221 0.7663204807600027
vn -0.9659258262890686 0 -0.2588190451025196
vn 0.20533495396307203 -0.6087614290087221 -0.7663204807600027
vn 0.9659258262890686 0 0.2588190451025196
vn 0.157559051751282 0.793353340291234 -0.5880183863281643
vn -0.157559051751282 -0.793353340291234 0.5880183863281643
g Leaf
f 28/76/19 31/75/19 29/74/19 26/73/19
f 27/80/20 28/79/20 26/78/20 25/77/20
f 32/84/21 27/83/21 25/82/21 30/81/21
f 31/88/22 32/87/22 30/86/22 29/85/22
f 30/92/23 25/91/23 26/90/23 29/89/23
f 31/96/24 28/95/24 27/94/24 32/93/24
o cube
v -0.178995382113962 0.12720436098658772 0.12953730516464934
v -0.2266423556784533 0.21304869540266758 0.3073582313342228
v -0.178995382113962 0.12720436098658772 0.12953730516464934
v -0.2266423556784533 0.21304869540266758 0.3073582313342228
v 0.04502428296534711 0.2130486954026679 0.3801510877693064
v 0.09267125652983854 0.12720436098658805 0.20233016159973294
v 0.04502428296534711 0.2130486954026679 0.3801510877693064
v 0.09267125652983854 0.12720436098658805 0.20233016159973294
vt 0 1
vt 0.3125 1
vt 0.3125 1
vt 0 1
vt 0 1
vt 0.5625 1
vt 0.5625 1
vt 0 1
vt 0 1
vt 0.3125 1
vt 0.3125 1
vt 0 1
vt 0 1
vt 0.5625 1
vt 0.5625 1
vt 0 1
vt 0.3125 0.4375
vt 0.59375 0.4375
vt 0.59375 0.21875
vt 0.3125 0.21875
vt 0 1
vt 0.3125 1
vt 0.3125 0.4375
vt 0 0.4375
vn -0.23456971600980359 0.4226182617407011 0.8754260980655925
vn -0.9659258262890686 0 -0.2588190451025196
vn 0.23456971600980359 -0.4226182617407011 -0.8754260980655925
vn 0.9659258262890686 0 0.2588190451025196
vn 0.10938165494661407 0.9063077870366493 -0.4082178936767367
vn -0.10938165494661407 -0.9063077870366493 0.4082178936767367
g Leaf
f 36/100/25 39/99/25 37/98/25 34/97/25
f 35/104/26 36/103/26 34/102/26 33/101/26
f 40/108/27 35/107/27 33/106/27 38/105/27
f 39/112/28 40/111/28 38/110/28 37/109/28
f 38/116/29 33/115/29 34/114/29 37/113/29
f 39/120/30 36/119/30 35/118/30 40/117/30
o cube
v -0.2266362249202396 0.21304289912523322 0.3073353510330801
v -0.2831990045154992 0.2225846401114009 0.51843051829991
v -0.2266362249202396 0.21304289912523322 0.3073353510330801
v -0.2831990045154992 0.2225846401114009 0.51843051829991
v -0.011532365871698702 0.2225846401114011 0.5912233747349938
v 0.04503041372356087 0.21304289912523355 0.3801282074681638
v -0.011532365871698702 0.2225846401114011 0.5912233747349938
v 0.04503041372356087 0.21304289912523355 0.3801282074681638
vt 0 1
vt 0.3125 1
vt 0.3125 1
vt 0 1
vt 0 1
vt 0.5625 1
vt 0.5625 1
vt 0 1
vt 0 1
vt 0.3125 1
vt 0.3125 1
vt 0 1
vt 0 1
vt 0.5625 1
vt 0.5625 1
vt 0 1
vt 0.3125 0.65625
vt 0.59375 0.65625
vt 0.59375 0.4375
vt 0.3125 0.4375
vt 0 1
vt 0.3125 1
vt 0.3125 0.4375
vt 0 0.4375
vn -0.2585727067211869 0.043619387365337915 0.9650064789340804
vn -0.9659258262890686 0 -0.25881904510251963
vn 0.2585727067211869 -0.043619387365337915 -0.9650064789340804
vn 0.9659258262890686 0 0.25881904510251963
vn 0.01128952818585268 0.9990482215818577 -0.04213309278308711
vn -0.01128952818585268 -0.9990482215818577 0.04213309278308711
g Leaf
f 44/124/31 47/123/31 45/122/31 42/121/31
f 43/128/32 44/127/32 42/126/32 41/125/32
f 48/132/33 43/131/33 41/130/33 46/129/33
f 47/136/34 48/135/34 46/134/34 45/133/34
f 46/140/35 41/139/35 42/138/35 45/137/35
f 47/144/36 44/143/36 43/142/36 48/141/36
o cube
v -0.06446756456297842 0.0018352632110023581 -0.12025007871304366
v -0.23745912105218092 0.07130810482402827 -0.039582791125977124
v -0.06446756456297842 0.0018352632110023581 -0.12025007871304366
v -0.23745912105218092 0.07130810482402827 -0.039582791125977124
v -0.118597734937611 0.07130810482402838 0.21531627397808162
v 0.05439382155159145 0.0018352632110025802 0.13464898639101508
v -0.118597734937611 0.07130810482402838 0.21531627397808162
v 0.05439382155159145 0.0018352632110025802 0.13464898639101508
vt 0 1
vt 0.3125 1
vt 0.3125 1
vt 0 1
vt 0 1
vt 0.5625 1
vt 0.5625 1
vt 0 1
vt 0 1
vt 0.3125 1
vt 0.3125 1
vt 0 1
vt 0 1
vt 0.5625 1
vt 0.5625 1
vt 0 1
vt 0.3125 0.21875
vt 0.59375 0.21875
vt 0.59375 0
vt 0.3125 0
vt 0 1
vt 0.3125 1
vt 0.3125 0.4375
vt 0 0.4375
vn -0.8516507396391507 0.3420201433256656 0.3971312619670969
vn -0.4226182617406927 0 -0.9063077870366532
vn 0.8516507396391507 -0.3420201433256656 -0.3971312619670969
vn 0.4226182617406927 0 0.9063077870366532
vn 0.3099755192194426 0.9396926207859096 -0.14454395845259596
vn -0.3099755192194426 -0.9396926207859096 0.14454395845259596
g Leaf
f 52/148/37 55/147/37 53/146/37 50/145/37
f 51/152/38 52/151/38 50/150/38 49/149/38
f 56/156/39 51/155/39 49/154/39 54/153/39
f 55/160/40 56/159/40 54/158/40 53/157/40
f 54/164/41 49/163/41 50/162/41 53/161/41
f 55/168/42 52/167/42 51/166/42 56/165/42
o cube
v -0.237447141138187 0.07130487030883781 -0.039588377451616474
v -0.4199659626639257 0.09781800310353517 0.04552154678325926
v -0.237447141138187 0.07130487030883781 -0.039588377451616474
v -0.4199659626639257 0.09781800310353517 0.04552154678325926
v -0.30110457654935585 0.09781800310353528 0.30042061188731783
v -0.11858575502361712 0.07130487030883803 0.2153106876524422
v -0.30110457654935585 0.09781800310353528 0.30042061188731783
v -0.11858575502361712 0.07130487030883803 0.2153106876524422
vt 0 1
vt 0.3125 1
vt 0.3125 1
vt 0 1
vt 0 1
vt 0.5625 1
vt 0.5625 1
vt 0 1
vt 0 1
vt 0.3125 1
vt 0.3125 1
vt 0 1
vt 0 1
vt 0.5625 1
vt 0.5625 1
vt 0 1
vt 0.3125 0.4375
vt 0.59375 0.4375
vt 0.59375 0.21875
vt 0.3125 0.21875
vt 0 1
vt 0.3125 1
vt 0.3125 0.4375
vt 0 0.4375
vn -0.8985541982805597 0.13052619222004827 0.419002703925542
vn -0.4226182617406927 0 -0.9063077870366532
vn 0.8985541982805597 -0.13052619222004827 -0.419002703925542
vn 0.4226182617406927 0 0.9063077870366532
vn 0.11829690442127247 0.9914448613738109 -0.055162752467668906
vn -0.11829690442127247 -0.9914448613738109 0.055162752467668906
g Leaf
f 60/172/43 63/171/43 61/170/43 58/169/43
f 59/176/44 60/175/44 58/174/44 57/173/44
f 64/180/45 59/179/45 57/178/45 62/177/45
f 63/184/46 64/183/46 62/182/46 61/181/46
f 62/188/47 57/187/47 58/186/47 61/185/47
f 63/192/48 60/191/48 59/190/48 64/189/48
o cube
v -0.41994390849910124 0.09781959804330365 0.045511262757307325
v -0.6114433674509502 0.04120293192712654 0.13480892699909164
v -0.41994390849910124 0.09781959804330365 0.045511262757307325
v -0.6114433674509502 0.04120293192712654 0.13480892699909164
v -0.4925819813363803 0.04120293192712676 0.3897079921031503
v -0.30108252238453137 0.09781959804330387 0.300410327861366
v -0.4925819813363803 0.04120293192712676 0.3897079921031503
v -0.30108252238453137 0.09781959804330387 0.300410327861366
vt 0 1
vt 0.3125 1
vt 0.3125 1
vt 0 1
vt 0 1
vt 0.5625 1
vt 0.5625 1
vt 0 1
vt 0 1
vt 0.3125 1
vt 0.3125 1
vt 0 1
vt 0 1
vt 0.5625 1
vt 0.5625 1
vt 0 1
vt 0.3125 0.65625
vt 0.59375 0.65625
vt 0.59375 0.4375
vt 0.3125 0.4375
vt 0 1
vt 0.3125 1
vt 0.3125 0.4375
vt 0 0.4375
vn -0.8754260980655953 -0.258819045102524 0.40821789367672834
vn -0.4226182617406928 0 -0.9063077870366533
vn 0.8754260980655953 0.258819045102524 -0.40821789367672834
vn 0.4226182617406928 0 0.9063077870366533
vn -0.23456971600980847 0.9659258262890675 0.1093816549466141
vn 0.23456971600980847 -0.9659258262890675 -0.1093816549466141
g Leaf
f 68/196/49 71/195/49 69/194/49 66/193/49
f 67/200/50 68/199/50 66/198/50 65/197/50
f 72/204/51 67/203/51 65/202/51 70/201/51
f 71/208/52 72/207/52 70/206/52 69/205/52
f 70/212/53 65/211/53 66/210/53 69/209/53
f 71/216/54 68/215/54 67/214/54 72/213/54
o cube
v -0.059942063382135424 0.0035567553724481504 0.13218494522199342
v 0.08299964124120685 0.12721142063984425 0.20659568679860574
v -0.059942063382135424 0.0035567553724481504 0.13218494522199342
v 0.08299964124120685 0.12721142063984425 0.20659568679860574
v 0.21286643871356015 0.12721142063984425 -0.042876110032769144
v 0.06992473409021782 0.0035567553724480394 -0.11728685160938135
v 0.21286643871356015 0.12721142063984425 -0.042876110032769144
v 0.06992473409021782 0.0035567553724480394 -0.11728685160938135
vt 0 1
vt 0.3125 1
vt 0.3125 1
vt 0 1
vt 0 1
vt 0.5625 1
vt 0.5625 1
vt 0 1
vt 0 1
vt 0.3125 1
vt 0.3125 1
vt 0 1
vt 0 1
vt 0.5625 1
vt 0.5625 1
vt 0 1
vt 0.3125 0.21875
vt 0.59375 0.21875
vt 0.59375 0
vt 0.3125 0
vt 0 1
vt 0.3125 1
vt 0.3125 0.4375
vt 0 0.4375
vn 0.7037130073764547 0.6087614290087194 0.36632980468486026
vn -0.46174861323503397 0 0.8870108331782218
vn -0.7037130073764547 -0.6087614290087194 -0.36632980468486026
vn 0.46174861323503397 0 -0.8870108331782218
vn -0.539977982351789 0.793353340291236 -0.28109474563575376
vn 0.539977982351789 -0.793353340291236 0.28109474563575376
g Leaf
f 76/220/55 79/219/55 77/218/55 74/217/55
f 75/224/56 76/223/56 74/222/56 73/221/56
f 80/228/57 75/227/57 73/226/57 78/225/57
f 79/232/58 80/231/58 78/230/58 77/229/58
f 78/236/59 73/235/59 74/234/59 77/233/59
f 79/240/60 76/239/60 75/238/60 80/237/60
o cube
v 0.08298932180284879 0.12720436098658738 0.20659031483901624
v 0.24628248944095443 0.21304869540266658 0.2915953574916368
v 0.08298932180284879 0.12720436098658738 0.20659031483901624
v 0.24628248944095443 0.21304869540266658 0.2915953574916368
v 0.37614928691330773 0.21304869540266658 0.042123560660262016
v 0.2128561192752021 0.12720436098658727 -0.04288148199235858
v 0.37614928691330773 0.21304869540266658 0.042123560660262016
v 0.2128561192752021 0.12720436098658727 -0.04288148199235858
vt 0 1
vt 0.3125 1
vt 0.3125 1
vt 0 1
vt 0 1
vt 0.5625 1
vt 0.5625 1
vt 0 1
vt 0 1
vt 0.3125 1
vt 0.3125 1
vt 0 1
vt 0 1
vt 0.5625 1
vt 0.5625 1
vt 0 1
vt 0.3125 0.4375
vt 0.59375 0.4375
vt 0.59375 0.21875
vt 0.3125 0.21875
vt 0 1
vt 0.3125 1
vt 0.3125 0.4375
vt 0 0.4375
vn 0.80390482529529 0.42261826174069805 0.41848636382828597
vn -0.4617486132350339 0 0.8870108331782217
vn -0.80390482529529 -0.42261826174069805 -0.41848636382828597
vn 0.4617486132350339 0 -0.8870108331782217
vn -0.3748669764629482 0.9063077870366507 -0.19514339628656802
vn 0.3748669764629482 -0.9063077870366507 0.19514339628656802
g Leaf
f 84/244/61 87/243/61 85/242/61 82/241/61
f 83/248/62 84/247/62 82/246/62 81/245/62
f 88/252/63 83/251/63 81/250/63 86/249/63
f 87/256/64 88/255/64 86/254/64 85/253/64
f 86/260/65 81/259/65 82/258/65 85/257/65
f 87/264/66 84/263/66 83/262/66 88/261/66
o cube
v 0.24626147843324808 0.21304289912523222 0.29158441985332595
v 0.44011042117930466 0.2225846401113991 0.392495792231215
v 0.24626147843324808 0.21304289912523222 0.29158441985332595
v 0.44011042117930466 0.2225846401113991 0.392495792231215
v 0.5699772186516578 0.2225846401113991 0.14302399539984023
v 0.3761282759056014 0.21304289912523222 0.04211262302195118
v 0.5699772186516578 0.2225846401113991 0.14302399539984023
v 0.3761282759056014 0.21304289912523222 0.04211262302195118
vt 0 1
vt 0.3125 1
vt 0.3125 1
vt 0 1
vt 0 1
vt 0.5625 1
vt 0.5625 1
vt 0 1
vt 0 1
vt 0.3125 1
vt 0.3125 1
vt 0 1
vt 0 1
vt 0.5625 1
vt 0.5625 1
vt 0 1
vt 0.3125 0.65625
vt 0.59375 0.65625
vt 0.59375 0.4375
vt 0.3125 0.4375
vt 0 1
vt 0.3125 1
vt 0.3125 0.4375
vt 0 0.4375
vn 0.8861665954105444 0.04361938736533442 0.4613091308703498
vn -0.46174861323503397 0 0.8870108331782217
vn -0.8861665954105444 -0.04361938736533442 -0.4613091308703498
vn 0.46174861323503397 0 -0.8870108331782217
vn -0.03869086912964885 0.9990482215818578 -0.02014119162610504
vn 0.03869086912964885 -0.9990482215818578 0.02014119162610504
g Leaf
f 92/268/67 95/267/67 93/266/67 90/265/67
f 91/272/68 92/271/68 90/270/68 89/269/68
f 96/276/69 91/275/69 89/274/69 94/273/69
f 95/280/70 96/279/70 94/278/70 93/277/70
f 94/284/71 89/283/71 90/282/71 93/281/71
f 95/288/72 92/287/72 91/286/72 96/285/72
o cube
v 0.03595472414154466 0.0025699692653514683 0.14091905834423635
v 0.21185795462829904 0.09636265632871877 0.1019222510036728
v 0.03595472414154466 0.0025699692653514683 0.14091905834423635
v 0.21185795462829904 0.09636265632871877 0.1019222510036728
v 0.1509843132082087 0.09636265632871888 -0.1726610009988087
v -0.02491891727854567 0.0025699692653515793 -0.13366419365824517
v 0.1509843132082087 0.09636265632871888 -0.1726610009988087
v -0.02491891727854567 0.0025699692653515793 -0.13366419365824517
vt 0 1
vt 0.3125 1
vt 0.3125 1
vt 0 1
vt 0 1
vt 0.5625 1
vt 0.5625 1
vt 0 1
vt 0 1
vt 0.3125 1
vt 0.3125 1
vt 0 1
vt 0 1
vt 0.5625 1
vt 0.5625 1
vt 0 1
vt 0.3125 0.21875
vt 0.59375 0.21875
vt 0.59375 0
vt 0.3125 0
vt 0 1
vt 0.3125 1
vt 0.3125 0.4375
vt 0 0.4375
vn 0.8659851347040214 0.4617486132350391 -0.19198428229200512
vn 0.21643961393809888 0 0.9762960071199343
vn -0.8659851347040214 -0.4617486132350391 0.19198428229200512
vn -0.21643961393809888 0 -0.9762960071199343
vn -0.4508033273945356 0.8870108331782192 0.09994069158504447
vn 0.4508033273945356 -0.8870108331782192 -0.09994069158504447
g Leaf
f 100/292/73 103/291/73 101/290/73 98/289/73
f 99/296/74 100/295/74 98/294/74 97/293/74
f 104/300/75 99/299/75 97/298/75 102/297/75
f 103/304/76 104/303/76 102/302/76 101/301/76
f 102/308/77 97/307/77 98/306/77 101/305/77
f 103/312/78 100/311/78 99/310/78 104/309/78
o cube
v 0.2118455721697674 0.09635772414141519 0.1019249961286397
v 0.4033984449188379 0.14893034267786587 0.05945874662624928
v 0.2118455721697674 0.09635772414141519 0.1019249961286397
v 0.4033984449188379 0.14893034267786587 0.05945874662624928
v 0.3425248034987476 0.14893034267786587 -0.21512450537623223
v 0.15097193074967719 0.09635772414141519 -0.17265825587384187
v 0.3425248034987476 0.14893034267786587 -0.21512450537623223
v 0.15097193074967719 0.09635772414141519 -0.17265825587384187
vt 0 1
vt 0.3125 1
vt 0.3125 1
vt 0 1
vt 0 1
vt 0.5625 1
vt 0.5625 1
vt 0 1
vt 0 1
vt 0.3125 1
vt 0.3125 1
vt 0 1
vt 0 1
vt 0.5625 1
vt 0.5625 1
vt 0 1
vt 0.3125 0.4375
vt 0.59375 0.4375
vt 0.59375 0.21875
vt 0.3125 0.21875
vt 0 1
vt 0.3125 1
vt 0.3125 0.4375
vt 0 0.4375
vn 0.9430295273800392 0.2588190451025263 -0.20906461293484474
vn 0.21643961393809893 0 0.9762960071199343
vn -0.9430295273800392 -0.2588190451025263 0.20906461293484474
vn -0.21643961393809893 0 -0.9762960071199343
vn -0.25268400030019067 0.9659258262890668 0.05601869420181827
vn 0.25268400030019067 -0.9659258262890668 -0.05601869420181827
g Leaf
f 108/316/79 111/315/79 109/314/79 106/313/79
f 107/320/80 108/319/80 106/318/80 105/317/80
f 112/324/81 107/323/81 105/322/81 110/321/81
f 111/328/82 112/327/82 110/326/82 109/325/82
f 110/332/83 105/331/83 106/330/83 109/329/83
f 111/336/84 108/335/84 107/334/84 112/333/84
o cube
v 0.4033746876551727 0.14892874773809728 0.0594640134848029
v 0.6151123631574165 0.12037614318996226 0.012522900945533544
v 0.4033746876551727 0.14892874773809728 0.0594640134848029
v 0.6151123631574165 0.12037614318996226 0.012522900945533544
v 0.5542387217373261 0.12037614318996226 -0.2620603510569479
v 0.3425010462350824 0.14892874773809728 -0.2151192385176786
v 0.5542387217373261 0.12037614318996226 -0.2620603510569479
v 0.3425010462350824 0.14892874773809728 -0.2151192385176786
vt 0 1
vt 0.3125 1
vt 0.3125 1
vt 0 1
vt 0 1
vt 0.5625 1
vt 0.5625 1
vt 0 1
vt 0 1
vt 0.3125 1
vt 0.3125 1
vt 0 1
vt 0 1
vt 0.5625 1
vt 0.5625 1
vt 0 1
vt 0.3125 0.65625
vt 0.59375 0.65625
vt 0.59375 0.4375
vt 0.3125 0.4375
vt 0 1
vt 0.3125 1
vt 0.3125 0.4375
vt 0 0.4375
vn 0.9679436594388285 -0.13052619222004583 -0.21458794303665962
vn 0.2164396139380989 0 0.9762960071199343
vn -0.9679436594388285 0.13052619222004583 0.21458794303665962
vn -0.2164396139380989 0 -0.9762960071199343
vn 0.12743220028899974 0.9914448613738113 -0.02825103865291671
vn -0.12743220028899974 -0.9914448613738113 0.02825103865291671
g Leaf
f 116/340/85 119/339/85 117/338/85 114/337/85
f 115/344/86 116/343/86 114/342/86 113/341/86
f 120/348/87 115/347/87 113/346/87 118/345/87
f 119/352/88 120/351/88 118/350/88 117/349/88
f 118/356/89 113/355/89 114/354/89 117/353/89
f 119/360/90 116/359/90 115/358/90 120/357/90
o cube
v 0.05429931271937849 0.0028168356711713027 -0.12499161241776291
v -0.10513056812246757 0.10437933567117141 -0.19933498679305445
v 0.05429931271937849 0.0028168356711713027 -0.12499161241776291
v -0.10513056812246757 0.10437933567117141 -0.19933498679305445
v -0.22399195423703916 0.1043793356711713 0.055564078311003406
v -0.06456207339519315 0.0028168356711711917 0.1299074526862949
v -0.22399195423703916 0.1043793356711713 0.055564078311003406
v -0.06456207339519315 0.0028168356711711917 0.1299074526862949
vt 0 1
vt 0.3125 1
vt 0.3125 1
vt 0 1
vt 0 1
vt 0.5625 1
vt 0.5625 1
vt 0 1
vt 0 1
vt 0.3125 1
vt 0.3125 1
vt 0 1
vt 0 1
vt 0.5625 1
vt 0.5625 1
vt 0 1
vt 0.3125 0.21875
vt 0.59375 0.21875
vt 0.59375 0
vt 0.3125 0
vt 0 1
vt 0.3125 1
vt 0.3125 0.4375
vt 0 0.4375
vn -0.7848855672213958 0.5000000000000007 -0.36599815077066605
vn 0.4226182617406989 0 -0.9063077870366503
vn 0.7848855672213958 -0.5000000000000007 0.36599815077066605
vn -0.4226182617406989 0 0.9063077870366503
vn 0.4531538935183256 0.8660254037844383 0.21130913087035003
vn -0.4531538935183256 -0.8660254037844383 -0.21130913087035003
g Leaf
f 124/364/91 127/363/91 125/362/91 122/361/91
f 123/368/92 124/367/92 122/366/92 121/365/92
f 128/372/93 123/371/93 121/370/93 126/369/93
f 127/376/94 128/375/94 126/374/94 125/373/94
f 126/380/95 121/379/95 122/378/95 125/377/95
f 127/384/96 124/383/96 123/382/96 128/381/96
o cube
v -0.10511927925406761 0.10437385494922591 -0.19932972270726768
v -0.2806926275071235 0.1654547204735315 -0.281200919565582
v -0.10511927925406761 0.10437385494922591 -0.19932972270726768
v -0.2806926275071235 0.1654547204735315 -0.281200919565582
v -0.39955401362169507 0.1654547204735315 -0.02630185446152411
v -0.2239806653686392 0.1043738549492258 0.05556934239679023
v -0.39955401362169507 0.1654547204735315 -0.02630185446152411
v -0.2239806653686392 0.1043738549492258 0.05556934239679023
vt 0 1
vt 0.3125 1
vt 0.3125 1
vt 0 1
vt 0 1
vt 0.5625 1
vt 0.5625 1
vt 0 1
vt 0 1
vt 0.3125 1
vt 0.3125 1
vt 0 1
vt 0 1
vt 0.5625 1
vt 0.5625 1
vt 0 1
vt 0.3125 0.4375
vt 0.59375 0.4375
vt 0.59375 0.21875
vt 0.3125 0.21875
vt 0 1
vt 0.3125 1
vt 0.3125 0.4375
vt 0 0.4375
vn -0.8643610990919673 0.3007057995042739 -0.4030581999178553
vn 0.422618261740699 0 -0.9063077870366503
vn 0.8643610990919673 -0.3007057995042739 0.4030581999178553
vn -0.422618261740699 0 0.9063077870366503
vn 0.272532007697805 0.9537169507482268 0.1270837622818437
vn -0.272532007697805 -0.9537169507482268 -0.1270837622818437
g Leaf
f 132/388/97 135/387/97 133/386/97 130/385/97
f 131/392/98 132/391/98 130/390/98 129/389/98
f 136/396/99 131/395/99 129/394/99 134/393/99
f 135/400/100 136/399/100 134/398/100 133/397/100
f 134/404/101 129/403/101 130/402/101 133/401/101
f 135/408/102 132/407/102 131/406/102 136/405/102
o cube
v -0.2806706573850778 0.16545206561419645 -0.2811906747294215
v -0.47817106632245954 0.14638674688814635 -0.37328662790566636
v -0.2806706573850778 0.16545206561419645 -0.2811906747294215
v -0.47817106632245954 0.14638674688814635 -0.37328662790566636
v -0.5970324524370312 0.14638674688814635 -0.11838756280160856
v -0.3995320434996493 0.16545206561419634 -0.026291609625363588
v -0.5970324524370312 0.14638674688814635 -0.11838756280160856
v -0.3995320434996493 0.16545206561419634 -0.026291609625363588
vt 0 1
vt 0.3125 1
vt 0.3125 1
vt 0 1
vt 0 1
vt 0.5625 1
vt 0.5625 1
vt 0 1
vt 0 1
vt 0.3125 1
vt 0.3125 1
vt 0 1
vt 0 1
vt 0.5625 1
vt 0.5625 1
vt 0 1
vt 0.3125 0.65625
vt 0.59375 0.65625
vt 0.59375 0.4375
vt 0.3125 0.4375
vt 0 1
vt 0.3125 1
vt 0.3125 0.4375
vt 0 0.4375
vn -0.902859012285174 -0.08715574274765737 -0.42101007166283405
vn 0.42261826174069883 0 -0.9063077870366503
vn 0.902859012285174 0.08715574274765737 0.42101007166283405
vn -0.42261826174069883 0 0.9063077870366503
vn -0.07898992833716507 0.9961946980917458 -0.036833608500734166
vn 0.07898992833716507 -0.9961946980917458 0.036833608500734166
g Leaf
f 140/412/103 143/411/103 141/410/103 138/409/103
f 139/416/104 140/415/104 138/414/104 137/413/104
f 144/420/105 139/419/105 137/418/105 142/417/105
f 143/424/106 144/423/106 142/422/106 141/421/106
f 142/428/107 137/427/107 138/426/107 141/425/107
f 143/432/108 140/431/108 139/430/108 144/429/108
o cube
v 0.12460039264164224 0.0023237729822576103 0.07028651138438247
v 0.21664727726255228 0.08816810739833714 -0.08914336945746343
v 0.12460039264164224 0.0023237729822576103 0.07028651138438247
v 0.21664727726255228 0.08816810739833714 -0.08914336945746343
v -0.02692236755182087 0.08816810739833714 -0.22976836945746376
v -0.11896925217273091 0.0023237729822576103 -0.07033848861561787
v -0.02692236755182087 0.08816810739833714 -0.22976836945746376
v -0.11896925217273091 0.0023237729822576103 -0.07033848861561787
vt 0 1
vt 0.3125 1
vt 0.3125 1
vt 0 1
vt 0 1
vt 0.5625 1
vt 0.5625 1
vt 0 1
vt 0 1
vt 0.3125 1
vt 0.3125 1
vt 0 1
vt 0 1
vt 0.5625 1
vt 0.5625 1
vt 0 1
vt 0.3125 0.21875
vt 0.59375 0.21875
vt 0.59375 0
vt 0.3125 0
vt 0 1
vt 0.3125 1
vt 0.3125 0.4375
vt 0 0.4375
vn 0.4531538935183262 0.42261826174069955 -0.7848855672213954
vn 0.8660254037844379 0 0.5000000000000012
vn -0.4531538935183262 -0.42261826174069955 0.7848855672213954
vn -0.8660254037844379 0 -0.5000000000000012
vn -0.21130913087035022 0.90630778703665 0.3659981507706665
vn 0.21130913087035022 -0.90630778703665 -0.3659981507706665
g Leaf
f 148/436/109 151/435/109 149/434/109 146/433/109
f 147/440/110 148/439/110 146/438/110 145/437/110
f 152/444/111 147/443/111 145/442/111 150/441/111
f 151/448/112 152/447/112 150/446/112 149/445/112
f 150/452/113 145/451/113 146/450/113 149/449/113
f 151/456/114 148/455/114 147/454/114 152/453/114
o cube
v 0.21664083417950242 0.0881637331343742 -0.0891322097102637
v 0.31579589740262093 0.13212802971555138 -0.2608738170404086
v 0.21664083417950242 0.0881637331343742 -0.0891322097102637
v 0.31579589740262093 0.13212802971555138 -0.2608738170404086
v 0.07222625258824777 0.13212802971555138 -0.4014988170404089
v -0.026928810634870737 0.0881637331343742 -0.22975720971026403
v 0.07222625258824777 0.13212802971555138 -0.4014988170404089
v -0.026928810634870737 0.0881637331343742 -0.22975720971026403
vt 0 1
vt 0.3125 1
vt 0.3125 1
vt 0 1
vt 0 1
vt 0.5625 1
vt 0.5625 1
vt 0 1
vt 0 1
vt 0.3125 1
vt 0.3125 1
vt 0 1
vt 0 1
vt 0.5625 1
vt 0.5625 1
vt 0 1
vt 0.3125 0.4375
vt 0.59375 0.4375
vt 0.59375 0.21875
vt 0.3125 0.21875
vt 0 1
vt 0.3125 1
vt 0.3125 0.4375
vt 0 0.4375
vn 0.48814800355996796 0.2164396139381029 -0.845497143779175
vn 0.8660254037844379 0 0.5000000000000012
vn -0.48814800355996796 -0.2164396139381029 0.845497143779175
vn -0.8660254037844379 0 -0.5000000000000012
vn -0.10821980696905166 0.9762960071199334 0.18744220405569342
vn 0.10821980696905166 -0.9762960071199334 -0.18744220405569342
g Leaf
f 156/460/115 159/459/115 157/458/115 154/457/115
f 155/464/116 156/463/116 154/462/116 153/461/116
f 160/468/117 155/467/117 153/466/117 158/465/117
f 159/472/118 160/471/118 158/470/118 157/469/118
f 158/476/119 153/475/119 154/474/119 157/473/119
f 159/480/120 156/479/120 155/478/120 160/477/120
o cube
v 0.3157837071585542 0.13212749773140786 -0.26085270291832846
v 0.4234970551442647 0.0941419588667668 -0.44741769428292527
v 0.3157837071585542 0.13212749773140786 -0.26085270291832846
v 0.4234970551442647 0.0941419588667668 -0.44741769428292527
v 0.17992741032989157 0.0941419588667668 -0.5880426942829255
v 0.07221406234418104 0.13212749773140786 -0.4014777029183288
v 0.17992741032989157 0.0941419588667668 -0.5880426942829255
v 0.07221406234418104 0.13212749773140786 -0.4014777029183288
vt 0 1
vt 0.3125 1
vt 0.3125 1
vt 0 1
vt 0 1
vt 0.5625 1
vt 0.5625 1
vt 0 1
vt 0 1
vt 0.3125 1
vt 0.3125 1
vt 0 1
vt 0 1
vt 0.5625 1
vt 0.5625 1
vt 0 1
vt 0.3125 0.65625
vt 0.59375 0.65625
vt 0.59375 0.4375
vt 0.3125 0.4375
vt 0 1
vt 0.3125 1
vt 0.3125 0.4375
vt 0 0.4375
vn 0.4924038765061053 -0.17364817766693036 -0.8528685319524426
vn 0.866025403784438 0 0.5000000000000012
vn -0.4924038765061053 0.17364817766693036 0.8528685319524426
vn -0.866025403784438 0 -0.5000000000000012
vn 0.0868240888334654 0.9848077530122081 -0.1503837331804351
vn -0.0868240888334654 -0.9848077530122081 0.1503837331804351
g Leaf
f 164/484/121 167/483/121 165/482/121 162/481/121
f 163/488/122 164/487/122 162/486/122 161/485/122
f 168/492/123 163/491/123 161/490/123 166/489/123
f 167/496/124 168/495/124 166/494/124 165/493/124
f 166/500/125 161/499/125 162/498/125 165/497/125
f 167/504/126 164/503/126 163/502/126 168/501/126
o cube
v 0.11556517160341917 0.0025699692653514683 -0.07547377874570771
v 0.01875771140875304 0.09636265632871777 -0.22743105277065057
v 0.11556517160341917 0.0025699692653514683 -0.07547377874570771
v 0.01875771140875304 0.09636265632871777 -0.22743105277065057
v -0.218446132726121 0.09636265632871777 -0.0763155379231063
v -0.12163867253145494 0.0025699692653514683 0.07564173610183655
v -0.218446132726121 0.09636265632871777 -0.0763155379231063
v -0.12163867253145494 0.0025699692653514683 0.07564173610183655
vt 0 1
vt 0.3125 1
vt 0.3125 1
vt 0 1
vt 0 1
vt 0.5625 1
vt 0.5625 1
vt 0 1
vt 0 1
vt 0.3125 1
vt 0.3125 1
vt 0 1
vt 0 1
vt 0.5625 1
vt 0.5625 1
vt 0 1
vt 0.3125 0.21875
vt 0.59375 0.21875
vt 0.59375 0
vt 0.3125 0
vt 0 1
vt 0.3125 1
vt 0.3125 0.4375
vt 0 0.4375
vn -0.4765905732660487 0.4617486132350339 -0.7480973490458728
vn 0.8433914458128855 0 -0.537299608346824
vn 0.4765905732660487 -0.4617486132350339 0.7480973490458728
vn -0.8433914458128855 0 0.537299608346824
vn 0.24809734904587288 0.8870108331782218 0.38943483051839023
vn -0.24809734904587288 -0.8870108331782218 -0.38943483051839023
g Leaf
f 172/508/127 175/507/127 173/506/127 170/505/127
f 171/512/128 172/511/128 170/510/128 169/509/128
f 176/516/129 171/515/129 169/514/129 174/513/129
f 175/520/130 176/519/130 174/518/130 173/517/130
f 174/524/131 169/523/131 170/522/131 173/521/131
f 175/528/132 172/527/132 171/526/132 176/525/132
o cube
v 0.018764526032669204 0.09635772414141408 -0.22742035595377597
v -0.08665563624926181 0.14893034267786365 -0.39289686422510817
v 0.018764526032669204 0.09635772414141408 -0.22742035595377597
v -0.08665563624926181 0.14893034267786365 -0.39289686422510817
v -0.3238594803841359 0.14893034267786365 -0.2417813493775639
v -0.2184393181022049 0.09635772414141408 -0.0763048411062317
v -0.3238594803841359 0.14893034267786365 -0.2417813493775639
v -0.2184393181022049 0.09635772414141408 -0.0763048411062317
vt 0 1
vt 0.3125 1
vt 0.3125 1
vt 0 1
vt 0 1
vt 0.5625 1
vt 0.5625 1
vt 0 1
vt 0 1
vt 0.3125 1
vt 0.3125 1
vt 0 1
vt 0 1
vt 0.5625 1
vt 0.5625 1
vt 0 1
vt 0.3125 0.4375
vt 0.59375 0.4375
vt 0.59375 0.21875
vt 0.3125 0.21875
vt 0 1
vt 0.3125 1
vt 0.3125 0.4375
vt 0 0.4375
vn -0.5189915681571988 0.25881904510252074 -0.8146535791819437
vn 0.8433914458128856 0 -0.537299608346824
vn 0.5189915681571988 -0.25881904510252074 0.8146535791819437
vn -0.8433914458128856 0 0.537299608346824
vn 0.13906337156628343 0.9659258262890683 0.2182857686529254
vn -0.13906337156628343 -0.9659258262890683 -0.2182857686529254
g Leaf
f 180/532/133 183/531/133 181/530/133 178/529/133
f 179/536/134 180/535/134 178/534/134 177/533/134
f 184/540/135 179/539/135 177/538/135 182/537/135
f 183/544/136 184/543/136 182/542/136 181/541/136
f 182/548/137 177/547/137 178/546/137 181/545/137
f 183/552/138 180/551/138 179/550/138 184/549/138
o cube
v -0.08664256155842048 0.14892874773809506 -0.39287634107146924
v -0.2031713287457747 0.1203761431899587 -0.5757898662447409
v -0.08664256155842048 0.14892874773809506 -0.39287634107146924
v -0.2031713287457747 0.1203761431899587 -0.5757898662447409
v -0.4403751728806488 0.12037614318995882 -0.4246743513971967
v -0.32384640569329454 0.14892874773809506 -0.24176082622392497
v -0.4403751728806488 0.12037614318995882 -0.4246743513971967
v -0.32384640569329454 0.14892874773809506 -0.24176082622392497
vt 0 1
vt 0.3125 1
vt 0.3125 1
vt 0 1
vt 0 1
vt 0.5625 1
vt 0.5625 1
vt 0 1
vt 0 1
vt 0.3125 1
vt 0.3125 1
vt 0 1
vt 0 1
vt 0.5625 1
vt 0.5625 1
vt 0 1
vt 0.3125 0.65625
vt 0.59375 0.65625
vt 0.59375 0.4375
vt 0.3125 0.4375
vt 0 1
vt 0.3125 1
vt 0.3125 0.4375
vt 0 0.4375
vn -0.5327029357136195 -0.13052619222005163 -0.8361761150778139
vn 0.8433914458128856 0 -0.537299608346824
vn 0.5327029357136195 0.13052619222005163 0.8361761150778139
vn -0.8433914458128856 0 0.537299608346824
vn -0.07013167195883595 0.9914448613738105 -0.11008467397291997
vn 0.07013167195883595 -0.9914448613738105 0.11008467397291997
g Leaf
f 188/556/139 191/555/139 189/554/139 186/553/139
f 187/560/140 188/559/140 186/558/140 185/557/140
f 192/564/141 187/563/141 185/562/141 190/561/141
f 191/568/142 192/567/142 190/566/142 189/565/142
f 190/572/143 185/571/143 186/570/143 189/569/143
f 191/576/144 188/575/144 187/574/144 192/573/144
