# Made in Blockbench 4.9.3

o cube
v 0.0625 0.125 0.1875
v 0.0625 0.125 -0.8125
v 0.0625 -0.875 0.1875
v 0.0625 -0.875 -0.8125
v 0.0625 0.125 -0.8125
v 0.0625 0.125 0.1875
v 0.0625 -0.875 -0.8125
v 0.0625 -0.875 0.1875
vt 0 1
vt 0 1
vt 0 0
vt 0 0
vt 0 1
vt 1 1
vt 1 0
vt 0 0
vt 0 1
vt 0 1
vt 0 0
vt 0 0
vt 0 1
vt 0 1
vt 0 1
vt 0 1
vt 0 1
vt 0 1
vt 0 0
vt 0 0
vt 0 1
vt 0 1
vt 0 0
vt 0 0
vn 0 0 -1
vn 1 0 0
vn 0 0 1
vn -1 0 0
vn 0 1 0
vn 0 -1 0
g Pitcher
f 4/4/1 7/3/1 5/2/1 2/1/1
f 3/8/2 4/7/2 2/6/2 1/5/2
f 8/12/3 3/11/3 1/10/3 6/9/3
f 7/16/4 8/15/4 6/14/4 5/13/4
f 6/20/5 1/19/5 2/18/5 5/17/5
f 7/24/6 4/23/6 3/22/6 8/21/6
o cube
v 0.046875 1.0624469627220998 0.010616091681266537
v 0.046875 0.6006983494870659 -0.8763947414969551
v 0.046875 0.23087430661751696 0.4435054165891108
v 0.046875 -0.23087430661751696 -0.44350541658911086
v 0.046875 0.6006983494870659 -0.8763947414969551
v 0.046875 1.0624469627220998 0.010616091681266537
v 0.046875 -0.23087430661751696 -0.44350541658911086
v 0.046875 0.23087430661751696 0.4435054165891108
vt 0 1
vt 0 1
vt 0 0.5
vt 0 0.5
vt 0 1
vt 0 1
vt 0 1
vt 0 1
vt 0 1
vt 0 1
vt 0 0.5
vt 0 0.5
vt 0 1
vt 1 1
vt 1 0
vt 0 0
vt 0 1
vt 0 1
vt 0 0.5
vt 0 0.5
vt 0 1
vt 0 1
vt 0 0.5
vt 0 0.5
vn 0 -0.4617486132350339 -0.8870108331782217
vn 1 0 0
vn 0 0.4617486132350339 0.8870108331782217
vn -1 0 0
vn 0 0.8870108331782217 -0.4617486132350339
vn 0 -0.8870108331782217 0.4617486132350339
g Flower
f 12/28/7 15/27/7 13/26/7 10/25/7
f 11/32/8 12/31/8 10/30/8 9/29/8
f 16/36/9 11/35/9 9/34/9 14/33/9
f 15/40/10 16/39/10 14/38/10 13/37/10
f 14/44/11 9/43/11 10/42/11 13/41/11
f 15/48/12 12/47/12 11/46/12 16/45/12
o cube
v -0.5 0.8604319444317716 -0.48682614783420763
v 0.5 0.8604319444317712 -0.4868261478342083
v -0.49999999999999994 0.02885928832718987 -0.05393682292636093
v 0.5 0.028859288327189647 -0.053936822926361594
v 0.5 0.8604319444317712 -0.4868261478342083
v -0.5 0.8604319444317716 -0.48682614783420763
v 0.5 0.028859288327189647 -0.053936822926361594
v -0.49999999999999994 0.02885928832718987 -0.05393682292636093
vt 0 1
vt 0 1
vt 0 0.5
vt 0 0.5
vt 0 1
vt 0 1
vt 0 1
vt 0 1
vt 0 1
vt 0 1
vt 0 0.5
vt 0 0.5
vt 0 1
vt 1 1
vt 1 0
vt 0 0
vt 0 1
vt 0 1
vt 0 0.5
vt 0 0.5
vt 0 1
vt 0 1
vt 0 0.5
vt 0 0.5
vn 1 0 0
vn 0 0.46174861323503646 0.8870108331782204
vn -1 0 0
vn 0 -0.46174861323503646 -0.8870108331782204
vn 0 0.8870108331782205 -0.4617486132350366
vn 0 -0.8870108331782205 0.4617486132350366
g Flower
f 20/52/13 23/51/13 21/50/13 18/49/13
f 19/56/14 20/55/14 18/54/14 17/53/14
f 24/60/15 19/59/15 17/58/15 22/57/15
f 23/64/16 24/63/16 22/62/16 21/61/16
f 22/68/17 17/67/17 18/66/17 21/65/17
f 23/72/18 20/71/18 19/70/18 24/69/18
o cube
v 0.140625 0 0
v 0.140625 0 -0.203125
v 0.140625 0 0
v 0.140625 0 -0.203125
v -0.140625 0 -0.203125
v -0.140625 0 0
v -0.140625 0 -0.203125
v -0.140625 0 0
vt 0 1
vt 0.3125 1
vt 0.3125 1
vt 0 1
vt 0 1
vt 0.5625 1
vt 0.5625 1
vt 0 1
vt 0 1
vt 0.3125 1
vt 0.3125 1
vt 0 1
vt 0 1
vt 0.5625 1
vt 0.5625 1
vt 0 1
vt 0.3125 0.21875
vt 0.59375 0.21875
vt 0.59375 0
vt 0.3125 0
vt 0 1
vt 0.3125 1
vt 0.3125 0.4375
vt 0 0.4375
vn 0 0 -1
vn 1 0 0
vn 0 0 1
vn -1 0 0
vn 0 1 0
vn 0 -1 0
g Leaf
f 28/76/19 31/75/19 29/74/19 26/73/19
f 27/80/20 28/79/20 26/78/20 25/77/20
f 32/84/21 27/83/21 25/82/21 30/81/21
f 31/88/22 32/87/22 30/86/22 29/85/22
f 30/92/23 25/91/23 26/90/23 29/89/23
f 31/96/24 28/95/24 27/94/24 32/93/24
o cube
v 0.140625 0.000001481499625310967 -0.20311147252348638
v 0.140625 -0.043962815081551754 -0.40142159896972285
v 0.140625 0.000001481499625310967 -0.20311147252348638
v 0.140625 -0.043962815081551754 -0.40142159896972285
v -0.140625 -0.043962815081551754 -0.40142159896972285
v -0.140625 0.000001481499625310967 -0.20311147252348638
v -0.140625 -0.043962815081551754 -0.40142159896972285
v -0.140625 0.000001481499625310967 -0.20311147252348638
vt 0 1
vt 0.3125 1
vt 0.3125 1
vt 0 1
vt 0 1
vt 0.5625 1
vt 0.5625 1
vt 0 1
vt 0 1
vt 0.3125 1
vt 0.3125 1
vt 0 1
vt 0 1
vt 0.5625 1
vt 0.5625 1
vt 0 1
vt 0.3125 0.4375
vt 0.59375 0.4375
vt 0.59375 0.21875
vt 0.3125 0.21875
vt 0 1
vt 0.3125 1
vt 0.3125 0.4375
vt 0 0.4375
vn 0 -0.21643961393810288 -0.9762960071199334
vn 1 0 0
vn 0 0.21643961393810288 0.9762960071199334
vn -1 0 0
vn 0 0.9762960071199334 -0.21643961393810288
vn 0 -0.9762960071199334 0.21643961393810288
g Leaf
f 36/100/25 39/99/25 37/98/25 34/97/25
f 35/104/26 36/103/26 34/102/26 33/101/26
f 40/108/27 35/107/27 33/106/27 38/105/27
f 39/112/28 40/111/28 38/110/28 37/109/28
f 38/116/29 33/115/29 34/114/29 37/113/29
f 39/120/30 36/119/30 35/118/30 40/117/30
o cube
v 0.140625 -0.04395299358340832 -0.4013992779172618
v 0.140625 -0.16942283903519967 -0.5805887876054787
v 0.140625 -0.04395299358340832 -0.4013992779172618
v 0.140625 -0.16942283903519967 -0.5805887876054787
v -0.140625 -0.16942283903519967 -0.5805887876054787
v -0.140625 -0.04395299358340832 -0.4013992779172618
v -0.140625 -0.16942283903519967 -0.5805887876054787
v -0.140625 -0.04395299358340832 -0.4013992779172618
vt 0 1
vt 0.3125 1
vt 0.3125 1
vt 0 1
vt 0 1
vt 0.5625 1
vt 0.5625 1
vt 0 1
vt 0 1
vt 0.3125 1
vt 0.3125 1
vt 0 1
vt 0 1
vt 0.5625 1
vt 0.5625 1
vt 0 1
vt 0.3125 0.65625
vt 0.59375 0.65625
vt 0.59375 0.4375
vt 0.3125 0.4375
vt 0 1
vt 0.3125 1
vt 0.3125 0.4375
vt 0 0.4375
vn 0 -0.573576436351046 -0.8191520442889918
vn 1 0 0
vn 0 0.573576436351046 0.8191520442889918
vn -1 0 0
vn 0 0.8191520442889918 -0.573576436351046
vn 0 -0.8191520442889918 0.573576436351046
g Leaf
f 44/124/31 47/123/31 45/122/31 42/121/31
f 43/128/32 44/127/32 42/126/32 41/125/32
f 48/132/33 43/131/33 41/130/33 46/129/33
f 47/136/34 48/135/34 46/134/34 45/133/34
f 46/140/35 41/139/35 42/138/35 45/137/35
f 47/144/36 44/143/36 43/142/36 48/141/36
o cube
v 0.10886982433606607 -0.0006081481130169597 -0.08426918371419234
v -0.013726958128192746 -0.02712128090771493 -0.244040421250308
v 0.10886982433606607 -0.0006081481130169597 -0.08426918371419234
v -0.013726958128192746 -0.02712128090771493 -0.244040421250308
v -0.23685758508510252 -0.02712128090771493 -0.07282626934160524
v -0.1142608026208437 -0.0006081481130169597 0.08694496819451047
v -0.23685758508510252 -0.02712128090771493 -0.07282626934160524
v -0.1142608026208437 -0.0006081481130169597 0.08694496819451047
vt 0 1
vt 0.3125 1
vt 0.3125 1
vt 0 1
vt 0 1
vt 0.5625 1
vt 0.5625 1
vt 0 1
vt 0 1
vt 0.3125 1
vt 0.3125 1
vt 0 1
vt 0 1
vt 0.5625 1
vt 0.5625 1
vt 0 1
vt 0.3125 0.21875
vt 0.59375 0.21875
vt 0.59375 0
vt 0.3125 0
vt 0 1
vt 0.3125 1
vt 0.3125 0.4375
vt 0 0.4375
vn -0.6035533905932742 -0.1305261922200516 -0.7865660924854929
vn 0.793353340291235 0 -0.608761429008721
vn 0.6035533905932742 0.1305261922200516 0.7865660924854929
vn -0.793353340291235 0 0.608761429008721
vn -0.0794593112989456 0.9914448613738104 -0.1035533905932737
vn 0.0794593112989456 -0.9914448613738104 0.1035533905932737
g Leaf
f 52/148/37 55/147/37 53/146/37 50/145/37
f 51/152/38 52/151/38 50/150/38 49/149/38
f 56/156/39 51/155/39 49/154/39 54/153/39
f 55/160/40 56/159/40 54/158/40 53/157/40
f 54/164/41 49/163/41 50/162/41 53/161/41
f 55/168/42 52/167/42 51/166/42 56/165/42
o cube
v -0.01371891129281666 -0.027118046392524575 -0.24402993441027487
v -0.12991628777034064 -0.09659088800555105 -0.39546130369336596
v -0.01371891129281666 -0.027118046392524575 -0.24402993441027487
v -0.12991628777034064 -0.09659088800555105 -0.39546130369336596
v -0.35304691472725047 -0.09659088800555105 -0.22424715178466315
v -0.23684953824972643 -0.027118046392524575 -0.07281578250157211
v -0.35304691472725047 -0.09659088800555105 -0.22424715178466315
v -0.23684953824972643 -0.027118046392524575 -0.07281578250157211
vt 0 1
vt 0.3125 1
vt 0.3125 1
vt 0 1
vt 0 1
vt 0.5625 1
vt 0.5625 1
vt 0 1
vt 0 1
vt 0.3125 1
vt 0.3125 1
vt 0 1
vt 0 1
vt 0.5625 1
vt 0.5625 1
vt 0 1
vt 0.3125 0.4375
vt 0.59375 0.4375
vt 0.59375 0.21875
vt 0.3125 0.21875
vt 0 1
vt 0.3125 1
vt 0.3125 0.4375
vt 0 0.4375
vn -0.5720486226585798 -0.3420201433256687 -0.7455082795475251
vn 0.793353340291235 0 -0.608761429008721
vn 0.5720486226585798 0.3420201433256687 0.7455082795475251
vn -0.793353340291235 0 0.608761429008721
vn -0.20820867120070172 0.9396926207859084 -0.2713428231543062
vn 0.20820867120070172 -0.9396926207859084 0.2713428231543062
g Leaf
f 60/172/43 63/171/43 61/170/43 58/169/43
f 59/176/44 60/175/44 58/174/44 57/173/44
f 64/180/45 59/179/45 57/178/45 62/177/45
f 63/184/46 64/183/46 62/182/46 61/181/46
f 62/188/47 57/187/47 58/186/47 61/185/47
f 63/192/48 60/191/48 59/190/48 64/189/48
o cube
v -0.12990359623292463 -0.09657823704970164 -0.39544476375978493
v -0.22808428485560983 -0.24436359496562732 -0.52339632829589
v -0.12990359623292463 -0.09657823704970164 -0.39544476375978493
v -0.22808428485560983 -0.24436359496562732 -0.52339632829589
v -0.4512149118125196 -0.24436359496562732 -0.35218217638718724
v -0.3530342231898344 -0.09657823704970164 -0.22423061185108212
v -0.4512149118125196 -0.24436359496562732 -0.35218217638718724
v -0.3530342231898344 -0.09657823704970164 -0.22423061185108212
vt 0 1
vt 0.3125 1
vt 0.3125 1
vt 0 1
vt 0 1
vt 0.5625 1
vt 0.5625 1
vt 0 1
vt 0 1
vt 0.3125 1
vt 0.3125 1
vt 0 1
vt 0 1
vt 0.5625 1
vt 0.5625 1
vt 0 1
vt 0.3125 0.65625
vt 0.59375 0.65625
vt 0.59375 0.4375
vt 0.3125 0.4375
vt 0 1
vt 0.3125 1
vt 0.3125 0.4375
vt 0 0.4375
vn -0.44882600513227533 -0.6755902076156602 -0.5849214378793378
vn 0.793353340291235 0 -0.608761429008721
vn 0.44882600513227533 0.6755902076156602 0.5849214378793378
vn -0.793353340291235 0 0.608761429008721
vn -0.41127326021240784 0.7372773368101241 -0.5359817478799329
vn 0.41127326021240784 -0.7372773368101241 0.5359817478799329
g Leaf
f 68/196/49 71/195/49 69/194/49 66/193/49
f 67/200/50 68/199/50 66/198/50 65/197/50
f 72/204/51 67/203/51 65/202/51 70/201/51
f 71/208/52 72/207/52 70/206/52 69/205/52
f 70/212/53 65/211/53 66/210/53 69/209/53
f 71/216/54 68/215/54 67/214/54 72/213/54
o cube
v 0.11395723868986363 -0.001155894303288607 0.08734058041164305
v 0.23339847341277165 -0.05372851283973812 -0.0683182672427326
v 0.11395723868986363 -0.001155894303288607 0.08734058041164305
v 0.23339847341277165 -0.05372851283973812 -0.0683182672427326
v 0.010267846455861873 -0.05372851283973812 -0.2395324191514353
v -0.10917338826704615 -0.001155894303288607 -0.0838735714970596
v 0.010267846455861873 -0.05372851283973812 -0.2395324191514353
v -0.10917338826704615 -0.001155894303288607 -0.0838735714970596
vt 0 1
vt 0.3125 1
vt 0.3125 1
vt 0 1
vt 0 1
vt 0.5625 1
vt 0.5625 1
vt 0 1
vt 0 1
vt 0.3125 1
vt 0.3125 1
vt 0 1
vt 0 1
vt 0.5625 1
vt 0.5625 1
vt 0 1
vt 0.3125 0.21875
vt 0.59375 0.21875
vt 0.59375 0
vt 0.3125 0
vt 0 1
vt 0.3125 1
vt 0.3125 0.4375
vt 0 0.4375
vn 0.5880183863281627 -0.2588190451025207 -0.7663204807600037
vn 0.793353340291235 0 0.6087614290087209
vn -0.5880183863281627 0.2588190451025207 0.7663204807600037
vn -0.793353340291235 0 -0.6087614290087209
vn 0.15755905175128304 0.9659258262890683 -0.20533495396307258
vn -0.15755905175128304 -0.9659258262890683 0.20533495396307258
g Leaf
f 76/220/55 79/219/55 77/218/55 74/217/55
f 75/224/56 76/223/56 74/222/56 73/221/56
f 80/228/57 75/227/57 73/226/57 78/225/57
f 79/232/58 80/231/58 78/230/58 77/229/58
f 78/236/59 73/235/59 74/234/59 77/233/59
f 79/240/60 76/239/60 75/238/60 80/237/60
o cube
v 0.23339075243153717 -0.05372358065243443 -0.06830820506408458
v 0.3430737800967446 -0.14751626771580068 -0.21124990968742674
v 0.23339075243153717 -0.05372358065243443 -0.06830820506408458
v 0.3430737800967446 -0.14751626771580068 -0.21124990968742674
v 0.11994315313983472 -0.14751626771580068 -0.38246406159612945
v 0.010260125474627402 -0.05372358065243443 -0.2395223569727873
v 0.11994315313983472 -0.14751626771580068 -0.38246406159612945
v 0.010260125474627402 -0.05372358065243443 -0.2395223569727873
vt 0 1
vt 0.3125 1
vt 0.3125 1
vt 0 1
vt 0 1
vt 0.5625 1
vt 0.5625 1
vt 0 1
vt 0 1
vt 0.3125 1
vt 0.3125 1
vt 0 1
vt 0 1
vt 0.5625 1
vt 0.5625 1
vt 0 1
vt 0.3125 0.4375
vt 0.59375 0.4375
vt 0.59375 0.21875
vt 0.3125 0.21875
vt 0 1
vt 0.3125 1
vt 0.3125 0.4375
vt 0 0.4375
vn 0.5399779823517904 -0.46174861323503386 -0.7037130073764537
vn 0.793353340291235 0 0.6087614290087209
vn -0.5399779823517904 0.46174861323503386 0.7037130073764537
vn -0.793353340291235 0 -0.6087614290087209
vn 0.28109474563575443 0.8870108331782219 -0.3663298046848597
vn -0.28109474563575443 -0.8870108331782219 0.3663298046848597
g Leaf
f 84/244/61 87/243/61 85/242/61 82/241/61
f 83/248/62 84/247/62 82/246/62 81/245/62
f 88/252/63 83/251/63 81/250/63 86/249/63
f 87/256/64 88/255/64 86/254/64 85/253/64
f 86/260/65 81/259/65 82/258/65 85/257/65
f 87/264/66 84/263/66 83/262/66 88/261/66
o cube
v 0.34306220237342955 -0.14750100376360742 -0.21123482130464288
v 0.42866001883446536 -0.31507322569588386 -0.3227880675764692
v 0.34306220237342955 -0.14750100376360742 -0.21123482130464288
v 0.42866001883446536 -0.31507322569588386 -0.3227880675764692
v 0.20552939187755548 -0.31507322569588386 -0.4940022194851719
v 0.11993157541651978 -0.14750100376360742 -0.3824489732133456
v 0.20552939187755548 -0.31507322569588386 -0.4940022194851719
v 0.11993157541651978 -0.14750100376360742 -0.3824489732133456
vt 0 1
vt 0.3125 1
vt 0.3125 1
vt 0 1
vt 0 1
vt 0.5625 1
vt 0.5625 1
vt 0 1
vt 0 1
vt 0.3125 1
vt 0.3125 1
vt 0 1
vt 0 1
vt 0.5625 1
vt 0.5625 1
vt 0 1
vt 0.3125 0.65625
vt 0.59375 0.65625
vt 0.59375 0.4375
vt 0.3125 0.4375
vt 0 1
vt 0.3125 1
vt 0.3125 0.4375
vt 0 0.4375
vn 0.3913043038218776 -0.7660444431189779 -0.5099576972426347
vn 0.7933533402912352 0 0.6087614290087209
vn -0.3913043038218776 0.7660444431189779 0.5099576972426347
vn -0.7933533402912352 0 -0.6087614290087209
vn 0.4663383098772988 0.6427876096865395 -0.6077439177599802
vn -0.4663383098772988 -0.6427876096865395 0.6077439177599802
g Leaf
f 92/268/67 95/267/67 93/266/67 90/265/67
f 91/272/68 92/271/68 90/270/68 89/269/68
f 96/276/69 91/275/69 89/274/69 94/273/69
f 95/280/70 96/279/70 94/278/70 93/277/70
f 94/284/71 89/283/71 90/282/71 93/281/71
f 95/288/72 92/287/72 91/286/72 96/285/72
o cube
v 0.13494033358306967 -0.002033886411566932 0.044524438192881544
v 0.1878379148122593 -0.10359638641156699 -0.12324525549120224
v 0.13494033358306967 -0.002033886411566932 0.044524438192881544
v 0.1878379148122593 -0.10359638641156699 -0.12324525549120224
v -0.08039497758567948 -0.10359638641156699 -0.20781876160177903
v -0.13329255881486912 -0.002033886411566932 -0.0400490679176953
v -0.08039497758567948 -0.10359638641156699 -0.20781876160177903
v -0.13329255881486912 -0.002033886411566932 -0.0400490679176953
vt 0 1
vt 0.3125 1
vt 0.3125 1
vt 0 1
vt 0 1
vt 0.5625 1
vt 0.5625 1
vt 0 1
vt 0 1
vt 0.3125 1
vt 0.3125 1
vt 0 1
vt 0 1
vt 0.5625 1
vt 0.5625 1
vt 0 1
vt 0.3125 0.21875
vt 0.59375 0.21875
vt 0.59375 0
vt 0.3125 0
vt 0 1
vt 0.3125 1
vt 0.3125 0.4375
vt 0 0.4375
vn 0.26041886143601045 -0.5000000000000003 -0.8259431073677966
vn 0.953716950748227 0 0.300705799504273
vn -0.26041886143601045 0.5000000000000003 0.8259431073677966
vn -0.953716950748227 0 -0.300705799504273
vn 0.1503528997521366 0.8660254037844386 -0.4768584753741138
vn -0.1503528997521366 -0.8660254037844386 0.4768584753741138
g Leaf
f 100/292/73 103/291/73 101/290/73 98/289/73
f 99/296/74 100/295/74 98/294/74 97/293/74
f 104/300/75 99/299/75 97/298/75 102/297/75
f 103/304/76 104/303/76 102/302/76 101/301/76
f 102/308/77 97/307/77 98/306/77 101/305/77
f 103/312/78 100/311/78 99/310/78 104/309/78
o cube
v 0.1878346147499922 -0.10358833965699893 -0.12323478903086837
v 0.23286815261380944 -0.24081760057892998 -0.2660629236517781
v 0.1878346147499922 -0.10358833965699893 -0.12323478903086837
v 0.23286815261380944 -0.24081760057892998 -0.2660629236517781
v -0.035364739784129406 -0.24081760057892998 -0.3506364297623549
v -0.08039827764794666 -0.10358833965699893 -0.20780829514144517
v -0.035364739784129406 -0.24081760057892998 -0.3506364297623549
v -0.08039827764794666 -0.10358833965699893 -0.20780829514144517
vt 0 1
vt 0.3125 1
vt 0.3125 1
vt 0 1
vt 0 1
vt 0.5625 1
vt 0.5625 1
vt 0 1
vt 0 1
vt 0.3125 1
vt 0.3125 1
vt 0 1
vt 0 1
vt 0.5625 1
vt 0.5625 1
vt 0 1
vt 0.3125 0.4375
vt 0.59375 0.4375
vt 0.59375 0.21875
vt 0.3125 0.21875
vt 0 1
vt 0.3125 1
vt 0.3125 0.4375
vt 0 0.4375
vn 0.22170357102186947 -0.6755902076156606 -0.7031538935183247
vn 0.953716950748227 0 0.300705799504273
vn -0.22170357102186947 0.6755902076156606 0.7031538935183247
vn -0.953716950748227 0 -0.300705799504273
vn 0.20315389351832497 0.7372773368101239 -0.6443218327625694
vn -0.20315389351832497 -0.7372773368101239 0.6443218327625694
g Leaf
f 108/316/79 111/315/79 109/314/79 106/313/79
f 107/320/80 108/319/80 106/318/80 105/317/80
f 112/324/81 107/323/81 105/322/81 110/321/81
f 111/328/82 112/327/82 110/326/82 109/325/82
f 110/332/83 105/331/83 106/330/83 109/329/83
f 111/336/84 108/335/84 107/334/84 112/333/84
o cube
v 0.23286381648146726 -0.24079793438580405 -0.26604917119697924
v 0.2606633894806205 -0.4390527628000712 -0.35421815242901017
v 0.23286381648146726 -0.24079793438580405 -0.26604917119697924
v 0.2606633894806205 -0.4390527628000712 -0.35421815242901017
v -0.007569502917318394 -0.4390527628000712 -0.43879165853958696
v -0.03536907591647159 -0.24079793438580405 -0.35062267730755603
v -0.007569502917318394 -0.4390527628000712 -0.43879165853958696
v -0.03536907591647159 -0.24079793438580405 -0.35062267730755603
vt 0 1
vt 0.3125 1
vt 0.3125 1
vt 0 1
vt 0 1
vt 0.5625 1
vt 0.5625 1
vt 0 1
vt 0 1
vt 0.3125 1
vt 0.3125 1
vt 0 1
vt 0 1
vt 0.5625 1
vt 0.5625 1
vt 0 1
vt 0.3125 0.65625
vt 0.59375 0.65625
vt 0.59375 0.4375
vt 0.3125 0.4375
vt 0 1
vt 0.3125 1
vt 0.3125 0.4375
vt 0 0.4375
vn 0.1270837622818431 -0.9063077870366502 -0.40305819991785574
vn 0.9537169507482269 0 0.300705799504273
vn -0.1270837622818431 0.9063077870366502 0.40305819991785574
vn -0.9537169507482269 0 -0.300705799504273
vn 0.2725320076978043 0.4226182617406993 -0.8643610990919676
vn -0.2725320076978043 -0.4226182617406993 0.8643610990919676
g Leaf
f 116/340/85 119/339/85 117/338/85 114/337/85
f 115/344/86 116/343/86 114/342/86 113/341/86
f 120/348/87 115/347/87 113/346/87 118/345/87
f 119/352/88 120/351/88 118/350/88 117/349/88
f 118/356/89 113/355/89 114/354/89 117/353/89
f 119/360/90 116/359/90 115/358/90 120/357/90
o cube
v 0.1335638574411736 -0.002434364414413359 -0.039188618604619696
v 0.0867731998253819 -0.13300059763199168 -0.18758962509802157
v 0.1335638574411736 -0.002434364414413359 -0.039188618604619696
v 0.0867731998253819 -0.13300059763199168 -0.18758962509802157
v -0.181459692572557 -0.13300059763199168 -0.10301611898744478
v -0.1346690349567652 -0.002434364414413359 0.04538488750595715
v -0.181459692572557 -0.13300059763199168 -0.10301611898744478
v -0.1346690349567652 -0.002434364414413359 0.04538488750595715
vt 0 1
vt 0.3125 1
vt 0.3125 1
vt 0 1
vt 0 1
vt 0.5625 1
vt 0.5625 1
vt 0 1
vt 0 1
vt 0.3125 1
vt 0.3125 1
vt 0 1
vt 0 1
vt 0.5625 1
vt 0.5625 1
vt 0 1
vt 0.3125 0.21875
vt 0.59375 0.21875
vt 0.59375 0
vt 0.3125 0
vt 0 1
vt 0.3125 1
vt 0.3125 0.4375
vt 0 0.4375
vn -0.23035400672389794 -0.6427876096865395 -0.7305895704290553
vn 0.953716950748227 0 -0.3007057995042731
vn 0.23035400672389794 0.6427876096865395 0.7305895704290553
vn -0.953716950748227 0 0.3007057995042731
vn -0.19328996208223143 0.766044443118978 -0.6130374390889878
vn 0.19328996208223143 -0.766044443118978 0.6130374390889878
g Leaf
f 124/364/91 127/363/91 125/362/91 122/361/91
f 123/368/92 124/367/92 122/366/92 121/365/92
f 128/372/93 123/371/93 121/370/93 126/369/93
f 127/376/94 128/375/94 126/374/94 125/373/94
f 126/380/95 121/379/95 122/378/95 125/377/95
f 127/384/96 124/383/96 123/382/96 128/381/96
o cube
v 0.08677602957479125 -0.13299076744314287 -0.18758065027950288
v 0.04959235459312561 -0.29414066468980005 -0.30551220058411677
v 0.08677602957479125 -0.13299076744314287 -0.18758065027950288
v 0.04959235459312561 -0.29414066468980005 -0.30551220058411677
v -0.2186405378048133 -0.29414066468980005 -0.22093869447353998
v -0.1814568628231476 -0.13299076744314287 -0.10300714416892603
v -0.2186405378048133 -0.29414066468980005 -0.22093869447353998
v -0.1814568628231476 -0.13299076744314287 -0.10300714416892603
vt 0 1
vt 0.3125 1
vt 0.3125 1
vt 0 1
vt 0 1
vt 0.5625 1
vt 0.5625 1
vt 0 1
vt 0 1
vt 0.3125 1
vt 0.3125 1
vt 0 1
vt 0 1
vt 0.5625 1
vt 0.5625 1
vt 0 1
vt 0.3125 0.4375
vt 0.59375 0.4375
vt 0.59375 0.21875
vt 0.3125 0.21875
vt 0 1
vt 0.3125 1
vt 0.3125 0.4375
vt 0 0.4375
vn -0.18305809221743108 -0.7933533402912354 -0.5805860938073302
vn 0.953716950748227 0 -0.3007057995042731
vn 0.18305809221743108 0.7933533402912354 0.5805860938073302
vn -0.953716950748227 0 0.3007057995042731
vn -0.2385659504816615 0.6087614290087205 -0.7566345285684772
vn 0.2385659504816615 -0.6087614290087205 0.7566345285684772
g Leaf
f 132/388/97 135/387/97 133/386/97 130/385/97
f 131/392/98 132/391/98 130/390/98 129/389/98
f 136/396/99 131/395/99 129/394/99 134/393/99
f 135/400/100 136/399/100 134/398/100 133/397/100
f 134/404/101 129/403/101 130/402/101 133/401/101
f 135/408/102 132/407/102 131/406/102 136/405/102
o cube
v 0.049595597939990466 -0.2941187932897671 -0.3055019140020576
v 0.032570638090259174 -0.5054150677905007 -0.3594981881719078
v 0.049595597939990466 -0.2941187932897671 -0.3055019140020576
v 0.032570638090259174 -0.5054150677905007 -0.3594981881719078
v -0.23566225430767962 -0.5054150677905007 -0.274924682061331
v -0.21863729445794833 -0.2941187932897671 -0.22092840789148083
v -0.23566225430767962 -0.5054150677905007 -0.274924682061331
v -0.21863729445794833 -0.2941187932897671 -0.22092840789148083
vt 0 1
vt 0.3125 1
vt 0.3125 1
vt 0 1
vt 0 1
vt 0.5625 1
vt 0.5625 1
vt 0 1
vt 0 1
vt 0.3125 1
vt 0.3125 1
vt 0 1
vt 0 1
vt 0.5625 1
vt 0.5625 1
vt 0 1
vt 0.3125 0.65625
vt 0.59375 0.65625
vt 0.59375 0.4375
vt 0.3125 0.4375
vt 0 1
vt 0.3125 1
vt 0.3125 0.4375
vt 0 0.4375
vn -0.07782838788448597 -0.9659258262890684 -0.24684011049074384
vn 0.953716950748227 0 -0.30070579950427306
vn 0.07782838788448597 0.9659258262890684 0.24684011049074384
vn -0.953716950748227 0 0.30070579950427306
vn -0.29045949785607983 0.2588190451025207 -0.9212198336973717
vn 0.29045949785607983 -0.2588190451025207 0.9212198336973717
g Leaf
f 140/412/103 143/411/103 141/410/103 138/409/103
f 139/416/104 140/415/104 138/414/104 137/413/104
f 144/420/105 139/419/105 137/418/105 142/417/105
f 143/424/106 144/423/106 142/422/106 141/421/106
f 142/428/107 137/427/107 138/426/107 141/425/107
f 143/432/108 140/431/108 139/430/108 144/429/108
o cube
v 0.12427160310714502 0.00021436662817353458 0.0708559915631286
v 0.22573743811155245 0.009074554686757441 -0.10488798989690573
v 0.12427160310714502 0.00021436662817353458 0.0708559915631286
v 0.22573743811155245 0.009074554686757441 -0.10488798989690573
v -0.017832206702820874 0.009074554686757441 -0.24551298989690573
v -0.1192980417072283 0.00021436662817353458 -0.0697690084368714
v -0.017832206702820874 0.009074554686757441 -0.24551298989690573
v -0.1192980417072283 0.00021436662817353458 -0.0697690084368714
vt 0 1
vt 0.3125 1
vt 0.3125 1
vt 0 1
vt 0 1
vt 0.5625 1
vt 0.5625 1
vt 0 1
vt 0 1
vt 0.3125 1
vt 0.3125 1
vt 0 1
vt 0 1
vt 0.5625 1
vt 0.5625 1
vt 0 1
vt 0.3125 0.21875
vt 0.59375 0.21875
vt 0.59375 0
vt 0.3125 0
vt 0 1
vt 0.3125 1
vt 0.3125 0.4375
vt 0 0.4375
vn 0.499524110790929 0.04361938736533599 -0.8652011394955537
vn 0.8660254037844387 0 0.5000000000000001
vn -0.499524110790929 -0.04361938736533599 0.8652011394955537
vn -0.8660254037844387 0 -0.5000000000000001
vn -0.021809693682668004 0.9990482215818579 0.037775497555894946
vn 0.021809693682668004 -0.9990482215818579 -0.037775497555894946
g Leaf
f 148/436/109 151/435/109 149/434/109 146/433/109
f 147/440/110 148/439/110 146/438/110 145/437/110
f 152/444/111 147/443/111 145/442/111 150/441/111
f 151/448/112 152/447/112 150/446/112 149/445/112
f 150/452/113 145/451/113 146/450/113 149/449/113
f 151/456/114 148/455/114 147/454/114 152/453/114
o cube
v 0.22573064849982272 0.009075444716085235 -0.10487622994442614
v 0.32575018591512517 -0.026196841372509938 -0.27811515049726615
v 0.22573064849982272 0.009075444716085235 -0.10487622994442614
v 0.32575018591512517 -0.026196841372509938 -0.27811515049726615
v 0.08218054110075179 -0.026196841372509938 -0.4187401504972662
v -0.017838996314550604 0.009075444716085235 -0.2455012299444262
v 0.08218054110075179 -0.026196841372509938 -0.4187401504972662
v -0.017838996314550604 0.009075444716085235 -0.2455012299444262
vt 0 1
vt 0.3125 1
vt 0.3125 1
vt 0 1
vt 0 1
vt 0.5625 1
vt 0.5625 1
vt 0 1
vt 0 1
vt 0.3125 1
vt 0.3125 1
vt 0 1
vt 0 1
vt 0.5625 1
vt 0.5625 1
vt 0 1
vt 0.3125 0.4375
vt 0.59375 0.4375
vt 0.59375 0.21875
vt 0.3125 0.21875
vt 0 1
vt 0.3125 1
vt 0.3125 0.4375
vt 0 0.4375
vn 0.4924038765061041 -0.17364817766693036 -0.8528685319524432
vn 0.8660254037844388 0 0.5000000000000001
vn -0.4924038765061041 0.17364817766693036 0.8528685319524432
vn -0.8660254037844388 0 -0.5000000000000001
vn 0.0868240888334652 0.9848077530122081 -0.1503837331804353
vn -0.0868240888334652 -0.9848077530122081 0.1503837331804353
g Leaf
f 156/460/115 159/459/115 157/458/115 154/457/115
f 155/464/116 156/463/116 154/462/116 153/461/116
f 160/468/117 155/467/117 153/466/117 158/465/117
f 159/472/118 160/471/118 158/470/118 157/469/118
f 158/476/119 153/475/119 154/474/119 157/473/119
f 159/480/120 156/479/120 155/478/120 160/477/120
o cube
v 0.3257388218073767 -0.02618800285289019 -0.2780954672852631
v 0.4179847611931611 -0.14372229217875787 -0.4378701210933606
v 0.3257388218073767 -0.02618800285289019 -0.2780954672852631
v 0.4179847611931611 -0.14372229217875787 -0.4378701210933606
v 0.1744151163787877 -0.14372229217875787 -0.5784951210933607
v 0.0821691769930033 -0.02618800285289019 -0.4187204672852631
v 0.1744151163787877 -0.14372229217875787 -0.5784951210933607
v 0.0821691769930033 -0.02618800285289019 -0.4187204672852631
vt 0 1
vt 0.3125 1
vt 0.3125 1
vt 0 1
vt 0 1
vt 0.5625 1
vt 0.5625 1
vt 0 1
vt 0 1
vt 0.3125 1
vt 0.3125 1
vt 0 1
vt 0 1
vt 0.5625 1
vt 0.5625 1
vt 0 1
vt 0.3125 0.65625
vt 0.59375 0.65625
vt 0.59375 0.4375
vt 0.3125 0.4375
vt 0 1
vt 0.3125 1
vt 0.3125 0.4375
vt 0 0.4375
vn 0.42169572290644297 -0.5372996083468238 -0.7303984174084458
vn 0.8660254037844386 0 0.5000000000000001
vn -0.42169572290644297 0.5372996083468238 0.7303984174084458
vn -0.8660254037844386 0 -0.5000000000000001
vn 0.26864980417341194 0.8433914458128858 -0.4653151102717788
vn -0.26864980417341194 -0.8433914458128858 0.4653151102717788
g Leaf
f 164/484/121 167/483/121 165/482/121 162/481/121
f 163/488/122 164/487/122 162/486/122 161/485/122
f 168/492/123 163/491/123 161/490/123 166/489/123
f 167/496/124 168/495/124 166/494/124 165/493/124
f 166/500/125 161/499/125 162/498/125 165/497/125
f 167/504/126 164/503/126 163/502/126 168/501/126
o cube
v 0.11576260000332539 0.0008867108932170131 -0.07516387823386139
v 0.008281683442780463 0.03615899698181224 -0.24387512277431717
v 0.11576260000332539 0.0008867108932170131 -0.07516387823386139
v 0.008281683442780463 0.03615899698181224 -0.24387512277431717
v -0.2289221606920936 0.03615899698181224 -0.0927596079267729
v -0.12144124413154866 0.0008867108932170131 0.07595163661368287
v -0.2289221606920936 0.03615899698181224 -0.0927596079267729
v -0.12144124413154866 0.0008867108932170131 0.07595163661368287
vt 0 1
vt 0.3125 1
vt 0.3125 1
vt 0 1
vt 0 1
vt 0.5625 1
vt 0.5625 1
vt 0 1
vt 0 1
vt 0.3125 1
vt 0.3125 1
vt 0 1
vt 0 1
vt 0.5625 1
vt 0.5625 1
vt 0 1
vt 0.3125 0.21875
vt 0.59375 0.21875
vt 0.59375 0
vt 0.3125 0
vt 0 1
vt 0.3125 1
vt 0.3125 0.4375
vt 0 0.4375
vn -0.5291368199903751 0.17364817766693033 -0.8305784346607052
vn 0.8433914458128855 0 -0.537299608346824
vn 0.5291368199903751 -0.17364817766693033 0.8305784346607052
vn -0.8433914458128855 0 0.537299608346824
vn 0.0933010978505814 0.9848077530122081 0.14645338762528523
vn -0.0933010978505814 -0.9848077530122081 -0.14645338762528523
g Leaf
f 172/508/127 175/507/127 173/506/127 170/505/127
f 171/512/128 172/511/128 170/510/128 169/509/128
f 176/516/129 171/515/129 169/514/129 174/513/129
f 175/520/130 176/519/130 174/518/130 173/517/130
f 174/524/131 169/523/131 170/522/131 173/521/131
f 175/528/132 172/527/132 171/526/132 176/525/132
o cube
v 0.008288979554226916 0.03615810695248434 -0.2438636701734107
v -0.10074612726267629 0.02729791889390043 -0.41501450474336843
v 0.008288979554226916 0.03615810695248434 -0.2438636701734107
v -0.10074612726267629 0.02729791889390043 -0.41501450474336843
v -0.3379499713975504 0.02729791889390043 -0.26389898989582417
v -0.2289148645806472 0.03615810695248434 -0.09274815532586644
v -0.3379499713975504 0.02729791889390043 -0.26389898989582417
v -0.2289148645806472 0.03615810695248434 -0.09274815532586644
vt 0 1
vt 0.3125 1
vt 0.3125 1
vt 0 1
vt 0 1
vt 0.5625 1
vt 0.5625 1
vt 0 1
vt 0 1
vt 0.3125 1
vt 0.3125 1
vt 0 1
vt 0 1
vt 0.5625 1
vt 0.5625 1
vt 0 1
vt 0.3125 0.4375
vt 0.59375 0.4375
vt 0.59375 0.21875
vt 0.3125 0.21875
vt 0 1
vt 0.3125 1
vt 0.3125 0.4375
vt 0 0.4375
vn -0.5367882181755232 -0.043619387365336014 -0.8425887240367153
vn 0.8433914458128856 0 -0.5372996083468241
vn 0.5367882181755232 0.043619387365336014 0.8425887240367153
vn -0.8433914458128856 0 0.5372996083468241
vn -0.02343667974772344 0.9990482215818577 -0.03678821817552303
vn 0.02343667974772344 -0.9990482215818577 0.03678821817552303
g Leaf
f 180/532/133 183/531/133 181/530/133 178/529/133
f 179/536/134 180/535/134 178/534/134 177/533/134
f 184/540/135 179/539/135 177/538/135 182/537/135
f 183/544/136 184/543/136 182/542/136 181/541/136
f 182/548/137 177/547/137 178/546/137 181/545/137
f 183/552/138 180/551/138 179/550/138 184/549/138
o cube
v -0.10073340001539888 0.027303715171334897 -0.41499452696688066
v -0.20725564167525146 -0.0651440295844431 -0.582200953342575
v -0.10073340001539888 0.027303715171334897 -0.41499452696688066
v -0.20725564167525146 -0.0651440295844431 -0.582200953342575
v -0.4444594858101255 -0.0651440295844431 -0.4310854384950308
v -0.337937244150273 0.027303715171334897 -0.2638790121193364
v -0.4444594858101255 -0.0651440295844431 -0.4310854384950308
v -0.337937244150273 0.027303715171334897 -0.2638790121193364
vt 0 1
vt 0.3125 1
vt 0.3125 1
vt 0 1
vt 0 1
vt 0.5625 1
vt 0.5625 1
vt 0 1
vt 0 1
vt 0.3125 1
vt 0.3125 1
vt 0 1
vt 0 1
vt 0.5625 1
vt 0.5625 1
vt 0 1
vt 0.3125 0.65625
vt 0.59375 0.65625
vt 0.59375 0.4375
vt 0.3125 0.4375
vt 0 1
vt 0.3125 1
vt 0.3125 0.4375
vt 0 0.4375
vn -0.48695881901646876 -0.4226182617406994 -0.764372234860317
vn 0.8433914458128855 0 -0.537299608346824
vn 0.48695881901646876 0.4226182617406994 0.764372234860317
vn -0.8433914458128855 0 0.537299608346824
vn -0.22707262651349328 0.90630778703665 -0.3564326267964169
vn 0.22707262651349328 -0.90630778703665 0.3564326267964169
g Leaf
f 188/556/139 191/555/139 189/554/139 186/553/139
f 187/560/140 188/559/140 186/558/140 185/557/140
f 192/564/141 187/563/141 185/562/141 190/561/141
f 191/568/142 192/567/142 190/566/142 189/565/142
f 190/572/143 185/571/143 186/570/143 189/569/143
f 191/576/144 188/575/144 187/574/144 192/573/144
