# Made in Blockbench 4.9.1

o cube
v 0.36343749999999997 0.0040381540718078535 -0.030672825398752268
v 0.36343749999999997 0.5051121764592619 -0.16493520504568493
v 0.36343749999999997 0.0040381540718078535 -0.030672825398752268
v 0.36343749999999997 0.5051121764592619 -0.16493520504568493
v -0.3628125 0.5051121764592619 -0.16493520504568493
v -0.3628125 0.0040381540718078535 -0.030672825398752268
v -0.3628125 0.5051121764592619 -0.16493520504568493
v -0.3628125 0.0040381540718078535 -0.030672825398752268
vt 0 0.25
vt 1 0.25
vt 1 0
vt 0 0
vt 0 1
vt 0.125 1
vt 0.125 0.875
vt 0 0.875
vt 0 1
vt 0.125 1
vt 0.125 0.875
vt 0 0.875
vt 0 0.25
vt 1 0.25
vt 1 0
vt 0 0
vt 0.25 0.25
vt 0.6875000000000001 0.25
vt 0.6875000000000001 0
vt 0.25 0
vt 0 1
vt 0 1
vt 0 0.9375
vt 0 0.9375
vn 0 0.9659258262890683 -0.2588190451025209
vn 1 0 0
vn 0 -0.9659258262890683 0.2588190451025209
vn -1 0 0
vn 0 0.2588190451025209 0.9659258262890683
vn 0 -0.2588190451025209 -0.9659258262890683
g Frond
f 4/4/1 7/3/1 5/2/1 2/1/1
f 3/8/2 4/7/2 2/6/2 1/5/2
f 8/12/3 3/11/3 1/10/3 6/9/3
f 7/16/4 8/15/4 6/14/4 5/13/4
f 6/20/5 1/19/5 2/18/5 5/17/5
f 7/24/6 4/23/6 3/22/6 8/21/6
o cube
v 0.36343749999999997 0.8342663108176214 -0.41762694291867
v 0.36343749999999997 1.2244801513795023 -1.0301399804402782
v 0.36343749999999997 0.8342663108176214 -0.41762694291867
v 0.36343749999999997 1.2244801513795023 -1.0301399804402782
v -0.3628125 1.2244801513795023 -1.0301399804402782
v -0.3628125 0.8342663108176214 -0.41762694291867
v -0.3628125 1.2244801513795023 -1.0301399804402782
v -0.3628125 0.8342663108176214 -0.41762694291867
vt 0 1
vt 1 1
vt 1 0.5
vt 0 0.5
vt 0 1
vt 0.125 1
vt 0.125 0.875
vt 0 0.875
vt 0 1
vt 0.125 1
vt 0.125 0.875
vt 0 0.875
vt 0 1
vt 1 1
vt 1 0.5
vt 0 0.5
vt 0.25 1
vt 0.6875000000000001 1
vt 0.6875000000000001 0.5
vt 0.25 0.5
vt 0 1
vt 0 1
vt 0 0.9375
vt 0 0.9375
vn 0 0.5372996083468238 -0.8433914458128857
vn 1 0 0
vn 0 -0.5372996083468238 0.8433914458128857
vn -1 0 0
vn 0 0.8433914458128857 0.5372996083468238
vn 0 -0.8433914458128857 -0.5372996083468238
g Frond
f 12/28/7 15/27/7 13/26/7 10/25/7
f 11/32/8 12/31/8 10/30/8 9/29/8
f 16/36/9 11/35/9 9/34/9 14/33/9
f 15/40/10 16/39/10 14/38/10 13/37/10
f 14/44/11 9/43/11 10/42/11 13/41/11
f 15/48/12 12/47/12 11/46/12 16/45/12
o cube
v 0.36343749999999997 0.5050490174610023 -0.16501751545474014
v 0.36343749999999997 0.8342906536818648 -0.41765350849335914
v 0.36343749999999997 0.5050490174610023 -0.16501751545474014
v 0.36343749999999997 0.8342906536818648 -0.41765350849335914
v -0.3628125 0.8342906536818648 -0.41765350849335914
v -0.3628125 0.5050490174610023 -0.16501751545474014
v -0.3628125 0.8342906536818648 -0.41765350849335914
v -0.3628125 0.5050490174610023 -0.16501751545474014
vt 0 0.5
vt 1 0.5
vt 1 0.25
vt 0 0.25
vt 0 1
vt 0.125 1
vt 0.125 0.875
vt 0 0.875
vt 0 1
vt 0.125 1
vt 0.125 0.875
vt 0 0.875
vt 0 0.5
vt 1 0.5
vt 1 0.25
vt 0 0.25
vt 0.25 0.5
vt 0.6875000000000001 0.5
vt 0.6875000000000001 0.25
vt 0.25 0.25
vt 0 1
vt 0 1
vt 0 0.9375
vt 0 0.9375
vn 0 0.7933533402912352 -0.6087614290087205
vn 1 0 0
vn 0 -0.7933533402912352 0.6087614290087205
vn -1 0 0
vn 0 0.6087614290087205 0.7933533402912352
vn 0 -0.6087614290087205 -0.7933533402912352
g Frond
f 20/52/13 23/51/13 21/50/13 18/49/13
f 19/56/14 20/55/14 18/54/14 17/53/14
f 24/60/15 19/59/15 17/58/15 22/57/15
f 23/64/16 24/63/16 22/62/16 21/61/16
f 22/68/17 17/67/17 18/66/17 21/65/17
f 23/72/18 20/71/18 19/70/18 24/69/18
o cube
v 0.16090658401179558 0.8905980973001002 -0.37161133580415184
v -0.18562637054313563 1.4631143523084247 -0.6537090345871666
v 0.16090658401179558 0.8905980973001002 -0.37161133580415184
v -0.18562637054313563 1.4631143523084247 -0.6537090345871666
v -0.5934859713525588 1.5113753211330465 -0.05474285239013582
v -0.2469530167976275 0.938859066124722 0.22735484639287895
v -0.5934859713525588 1.5113753211330465 -0.05474285239013582
v -0.2469530167976275 0.938859066124722 0.22735484639287895
vt 0 1
vt 1 1
vt 1 0.5
vt 0 0.5
vt 0 1
vt 0.125 1
vt 0.125 0.875
vt 0 0.875
vt 0 1
vt 0.125 1
vt 0.125 0.875
vt 0 0.875
vt 0 1
vt 1 1
vt 1 0.5
vt 0 0.5
vt 0.25 1
vt 0.6875000000000001 1
vt 0.6875000000000001 0.5
vt 0.25 0.5
vt 0 1
vt 0 1
vt 0 0.9375
vt 0 0.9375
vn -0.4771538100584254 0.7883184234193801 -0.38843056631051964
vn 0.5615966964673641 -0.06645228065352433 -0.8247382887394575
vn 0.4771538100584254 -0.7883184234193801 0.38843056631051964
vn -0.5615966964673641 0.06645228065352433 0.8247382887394575
vn 0.6759684845195606 0.611668339620033 0.4110090634557838
vn -0.6759684845195606 -0.611668339620033 -0.4110090634557838
g Frond
f 28/76/19 31/75/19 29/74/19 26/73/19
f 27/80/20 28/79/20 26/78/20 25/77/20
f 32/84/21 27/83/21 25/82/21 30/81/21
f 31/88/22 32/87/22 30/86/22 29/85/22
f 30/92/23 25/91/23 26/90/23 29/89/23
f 31/96/24 28/95/24 27/94/24 32/93/24
o cube
v 0.19669963696409287 -0.019449195060392055 -0.27391249063768774
v 0.2511076924201633 0.49641990001225866 -0.27842943101958617
v 0.19669963696409287 -0.019449195060392055 -0.27391249063768774
v 0.2511076924201633 0.49641990001225866 -0.27842943101958617
v -0.15675190838925984 0.5446808688368807 0.3205367511774446
v -0.21115996384533026 0.028811773764229942 0.32505369155934316
v -0.15675190838925984 0.5446808688368807 0.3205367511774446
v -0.21115996384533026 0.028811773764229942 0.32505369155934316
vt 0 0.25
vt 1 0.25
vt 1 0
vt 0 0
vt 0 1
vt 0.125 1
vt 0.125 0.875
vt 0 0.875
vt 0 1
vt 0.125 1
vt 0.125 0.875
vt 0 0.875
vt 0 0.25
vt 1 0.25
vt 1 0
vt 0 0
vt 0.25 0.25
vt 0.6875000000000001 0.25
vt 0.6875000000000001 0
vt 0.25 0
vt 0 1
vt 0 1
vt 0 0.9375
vt 0 0.9375
vn 0.10488299846953346 0.9944464483328208 -0.008707354953057227
vn 0.5615966964673641 -0.06645228065352428 -0.8247382887394574
vn -0.10488299846953346 -0.9944464483328208 0.008707354953057227
vn -0.5615966964673641 0.06645228065352428 0.8247382887394574
vn 0.820736685636132 -0.0816110028990204 0.565447554647496
vn -0.820736685636132 0.0816110028990204 -0.565447554647496
g Frond
f 36/100/25 39/99/25 37/98/25 34/97/25
f 35/104/26 36/103/26 34/102/26 33/101/26
f 40/108/27 35/107/27 33/106/27 38/105/27
f 39/112/28 40/111/28 38/110/28 37/109/28
f 38/116/29 33/115/29 34/114/29 37/113/29
f 39/120/30 36/119/30 35/118/30 40/117/30
o cube
v 0.25102485854349177 0.49638823971984547 -0.27848328487051527
v 0.1608938818653931 0.8906298975979223 -0.3716225474647474
v 0.25102485854349177 0.49638823971984547 -0.27848328487051527
v 0.1608938818653931 0.8906298975979223 -0.3716225474647474
v -0.24696571894403008 0.9388908664225444 0.22734363473228347
v -0.1568347422659313 0.5446492085444674 0.3204828973265156
v -0.24696571894403008 0.9388908664225444 0.22734363473228347
v -0.1568347422659313 0.5446492085444674 0.3204828973265156
vt 0 0.5
vt 1 0.5
vt 1 0.25
vt 0 0.25
vt 0 1
vt 0.125 1
vt 0.125 0.875
vt 0 0.875
vt 0 1
vt 0.125 1
vt 0.125 0.875
vt 0 0.875
vt 0 0.5
vt 1 0.5
vt 1 0.25
vt 0 0.25
vt 0.25 0.5
vt 0.6875000000000001 0.5
vt 0.6875000000000001 0.25
vt 0.25 0.25
vt 0 1
vt 0 1
vt 0 0.9375
vt 0 0.9375
vn -0.21718307633276807 0.9499798985013903 -0.22443195805839072
vn 0.5615966964673641 -0.06645228065352426 -0.8247382887394574
vn 0.21718307633276807 -0.9499798985013903 0.22443195805839072
vn -0.5615966964673641 0.06645228065352426 0.8247382887394574
vn 0.7983988112914363 0.3051594449451523 0.5190732619671219
vn -0.7983988112914363 -0.3051594449451523 -0.5190732619671219
g Frond
f 44/124/31 47/123/31 45/122/31 42/121/31
f 43/128/32 44/127/32 42/126/32 41/125/32
f 48/132/33 43/131/33 41/130/33 46/129/33
f 47/136/34 48/135/34 46/134/34 45/133/34
f 46/140/35 41/139/35 42/138/35 45/137/35
f 47/144/36 44/143/36 43/142/36 48/141/36
o cube
v -0.4607994458172105 0.8409444245522315 -0.02891851420099978
v -0.9481205103623437 1.2575043114521791 0.31230736872188314
v -0.4607994458172105 0.8409444245522315 -0.02891851420099978
v -0.9481205103623437 1.2575043114521791 0.31230736872188314
v -0.5315606234623964 1.257504311452179 0.9072165408867634
v -0.044239558917263166 0.8409444245522315 0.5659906579638805
v -0.5315606234623964 1.257504311452179 0.9072165408867634
v -0.044239558917263166 0.8409444245522315 0.5659906579638805
vt 0 1
vt 1 1
vt 1 0.5
vt 0 0.5
vt 0 1
vt 0.125 1
vt 0.125 0.875
vt 0 0.875
vt 0 1
vt 0.125 1
vt 0.125 0.875
vt 0 0.875
vt 0 1
vt 1 1
vt 1 0.5
vt 0 0.5
vt 0.25 1
vt 0.6875000000000001 1
vt 0.6875000000000001 0.5
vt 0.25 0.5
vt 0 1
vt 0 1
vt 0 0.9375
vt 0 0.9375
vn -0.6710100716628341 0.5735764363510466 0.4698463103929542
vn -0.5735764363510463 0 -0.8191520442889917
vn 0.6710100716628341 -0.5735764363510466 -0.4698463103929542
vn 0.5735764363510463 0 0.8191520442889917
vn 0.4698463103929545 0.8191520442889915 -0.32898992833716584
vn -0.4698463103929545 -0.8191520442889915 0.32898992833716584
g Frond
f 52/148/37 55/147/37 53/146/37 50/145/37
f 51/152/38 52/151/38 50/150/38 49/149/38
f 56/156/39 51/155/39 49/154/39 54/153/39
f 55/160/40 56/159/40 54/158/40 53/157/40
f 54/164/41 49/163/41 50/162/41 53/161/41
f 55/168/42 52/167/42 51/166/42 56/165/42
o cube
v -0.1737916864840009 -0.0053722404965705906 -0.2298835108107915
v -0.2657644804494314 0.5010813131968948 -0.16548346716598838
v -0.1737916864840009 -0.0053722404965705906 -0.2298835108107915
v -0.2657644804494314 0.5010813131968948 -0.16548346716598838
v 0.15079540645051592 0.5010813131968948 0.42942570499889177
v 0.24276820041594638 -0.005372240496570646 0.36502566135408876
v 0.15079540645051592 0.5010813131968948 0.42942570499889177
v 0.24276820041594638 -0.005372240496570646 0.36502566135408876
vt 0 0.25
vt 1 0.25
vt 1 0
vt 0 0
vt 0 1
vt 0.125 1
vt 0.125 0.875
vt 0 0.875
vt 0 1
vt 0.125 1
vt 0.125 0.875
vt 0 0.875
vt 0 0.25
vt 1 0.25
vt 1 0
vt 0 0
vt 0.25 0.25
vt 0.6875000000000001 0.25
vt 0.6875000000000001 0
vt 0.25 0
vt 0 1
vt 0 1
vt 0 0.9375
vt 0 0.9375
vn -0.17729695222251682 0.9762960071199336 0.12414466244781314
vn -0.5735764363510462 0 -0.8191520442889919
vn 0.17729695222251682 -0.9762960071199336 -0.12414466244781314
vn 0.5735764363510462 0 0.8191520442889919
vn 0.7997348700634735 0.21643961393810252 -0.5599803845876071
vn -0.7997348700634735 -0.21643961393810252 0.5599803845876071
g Frond
f 60/172/43 63/171/43 61/170/43 58/169/43
f 59/176/44 60/175/44 58/174/44 57/173/44
f 64/180/45 59/179/45 57/178/45 62/177/45
f 63/184/46 64/183/46 62/182/46 61/181/46
f 62/188/47 57/187/47 58/186/47 61/185/47
f 63/192/48 60/191/48 59/190/48 64/189/48
o cube
v -0.2658340977443665 0.5010218046416233 -0.1654347206112851
v -0.46082031655744227 0.8409699030215549 -0.028903900351361422
v -0.2658340977443665 0.5010218046416233 -0.1654347206112851
v -0.46082031655744227 0.8409699030215549 -0.028903900351361422
v -0.04426042965749499 0.8409699030215549 0.5660052718135187
v 0.15072578915558077 0.5010218046416233 0.4294744515535951
v -0.04426042965749499 0.8409699030215549 0.5660052718135187
v 0.15072578915558077 0.5010218046416233 0.4294744515535951
vt 0 0.5
vt 1 0.5
vt 1 0.25
vt 0 0.25
vt 0 1
vt 0.125 1
vt 0.125 0.875
vt 0 0.875
vt 0 1
vt 0.125 1
vt 0.125 0.875
vt 0 0.875
vt 0 0.5
vt 1 0.5
vt 1 0.25
vt 0 0.25
vt 0.25 0.5
vt 0.6875000000000001 0.5
vt 0.6875000000000001 0.25
vt 0.25 0.25
vt 0 1
vt 0 1
vt 0 0.9375
vt 0 0.9375
vn -0.4698463103929538 0.8191520442889922 0.32898992833716556
vn -0.5735764363510463 0 -0.8191520442889917
vn 0.4698463103929538 -0.8191520442889922 -0.32898992833716556
vn 0.5735764363510463 0 0.8191520442889917
vn 0.6710100716628347 0.5735764363510457 -0.4698463103929545
vn -0.6710100716628347 -0.5735764363510457 0.4698463103929545
g Frond
f 68/196/49 71/195/49 69/194/49 66/193/49
f 67/200/50 68/199/50 66/198/50 65/197/50
f 72/204/51 67/203/51 65/202/51 70/201/51
f 71/208/52 72/207/52 70/206/52 69/205/52
f 70/212/53 65/211/53 66/210/53 69/209/53
f 71/216/54 68/215/54 67/214/54 72/213/54
o cube
v -0.20874270645922488 0.8770118484874845 -0.3510895685712018
v -0.6839524906860854 1.4243002652941257 -0.3053718225162984
v -0.20874270645922488 0.8770118484874845 -0.3510895685712018
v -0.6839524906860854 1.4243002652941257 -0.3053718225162984
v -0.5540208748142266 1.4775974948829023 0.40717027660142313
v -0.07881109058736602 0.9303090780762611 0.3614525305465197
v -0.5540208748142266 1.4775974948829023 0.40717027660142313
v -0.07881109058736602 0.9303090780762611 0.3614525305465197
vt 0 1
vt 1 1
vt 1 0.5
vt 0 0.5
vt 0 1
vt 0.125 1
vt 0.125 0.875
vt 0 0.875
vt 0 1
vt 0.125 1
vt 0.125 0.875
vt 0 0.875
vt 0 1
vt 1 1
vt 1 0.5
vt 0 0.5
vt 0.25 1
vt 0.6875000000000001 1
vt 0.6875000000000001 0.5
vt 0.25 0.5
vt 0 1
vt 0 1
vt 0 0.9375
vt 0 0.9375
vn -0.6543336099509268 0.7535812968077678 0.06295042486045208
vn -0.1789075605808729 -0.0733868910000366 -0.9811250934495306
vn 0.6543336099509268 -0.7535812968077678 -0.06295042486045208
vn 0.1789075605808729 0.0733868910000366 0.9811250934495306
vn 0.7347377842846996 0.6532454311595849 -0.1828409008223775
vn -0.7347377842846996 -0.6532454311595849 0.1828409008223775
g Frond
f 76/220/55 79/219/55 77/218/55 74/217/55
f 75/224/56 76/223/56 74/222/56 73/221/56
f 80/228/57 75/227/57 73/226/57 78/225/57
f 79/232/58 80/231/58 78/230/58 77/229/58
f 78/236/59 73/235/59 74/234/59 77/233/59
f 79/240/60 76/239/60 75/238/60 80/237/60
o cube
v -0.06502171654861094 -0.0266715481978258 -0.3097026511505637
v -0.057781880270275254 0.4904831025986689 -0.34970533143849303
v -0.06502171654861094 -0.0266715481978258 -0.3097026511505637
v -0.057781880270275254 0.4904831025986689 -0.34970533143849303
v 0.07214973560158355 0.5437803321874455 0.36283676767922857
v 0.06490989932324787 0.026625681390950784 0.40283944796715787
v 0.07214973560158355 0.5437803321874455 0.36283676767922857
v 0.06490989932324787 0.026625681390950784 0.40283944796715787
vt 0 0.25
vt 1 0.25
vt 1 0
vt 0 0
vt 0 1
vt 0.125 1
vt 0.125 0.875
vt 0 0.875
vt 0 1
vt 0.125 1
vt 0.125 0.875
vt 0 0.875
vt 0 0.25
vt 1 0.25
vt 1 0
vt 0 0
vt 0.25 0.25
vt 0.6875000000000001 0.25
vt 0.6875000000000001 0
vt 0.25 0
vt 0 1
vt 0 1
vt 0 0.9375
vt 0 0.9375
vn 0.013956310897996463 0.9969246280414361 -0.0771136005550444
vn -0.1789075605808729 -0.07338689100003659 -0.9811250934495306
vn -0.013956310897996463 -0.9969246280414361 0.0771136005550444
vn 0.1789075605808729 0.07338689100003659 0.9811250934495306
vn 0.983766896247846 -0.027489092996918325 -0.17733314301925338
vn -0.983766896247846 0.027489092996918325 0.17733314301925338
g Frond
f 84/244/61 87/243/61 85/242/61 82/241/61
f 83/248/62 84/247/62 82/246/62 81/245/62
f 88/252/63 83/251/63 81/250/63 86/249/63
f 87/256/64 88/255/64 86/254/64 85/253/64
f 86/260/65 81/259/65 82/258/65 85/257/65
f 87/264/66 84/263/66 83/262/66 88/261/66
o cube
v -0.05787673090125095 0.4904461561936305 -0.34968527194053683
v -0.20876132804508118 0.8770426762959289 -0.35108847881670596
v -0.05787673090125095 0.4904461561936305 -0.34968527194053683
v -0.20876132804508118 0.8770426762959289 -0.35108847881670596
v -0.07882971217322238 0.9303399058847055 0.3614536203010157
v 0.07205488497060786 0.543743385782407 0.3628568271771848
v -0.07882971217322238 0.9303399058847055 0.3614536203010157
v 0.07205488497060786 0.543743385782407 0.3628568271771848
vt 0 0.5
vt 1 0.5
vt 1 0.25
vt 0 0.25
vt 0 1
vt 0.125 1
vt 0.125 0.875
vt 0 0.875
vt 0 1
vt 0.125 1
vt 0.125 0.875
vt 0 0.875
vt 0 0.5
vt 1 0.5
vt 1 0.25
vt 0 0.25
vt 0.25 0.5
vt 0.6875000000000001 0.5
vt 0.6875000000000001 0.25
vt 0.25 0.25
vt 0 1
vt 0 1
vt 0 0.9375
vt 0 0.9375
vn -0.3635773425152534 0.9315578797645744 -0.0033812213883593475
vn -0.17890756058087287 -0.07338689100003658 -0.9811250934495306
vn 0.3635773425152534 -0.9315578797645744 0.0033812213883593475
vn 0.17890756058087287 0.07338689100003658 0.9811250934495306
vn 0.9142229491631391 0.3561099280810349 -0.19334455861381986
vn -0.9142229491631391 -0.3561099280810349 0.19334455861381986
g Frond
f 92/268/67 95/267/67 93/266/67 90/265/67
f 91/272/68 92/271/68 90/270/68 89/269/68
f 96/276/69 91/275/69 89/274/69 94/273/69
f 95/280/70 96/279/70 94/278/70 93/277/70
f 94/284/71 89/283/71 90/282/71 93/281/71
f 95/288/72 92/287/72 91/286/72 96/285/72
o cube
v -0.2250420713289194 0.9139291821969389 0.34093624127950595
v -0.017685524966042587 1.4493768480552915 0.7856137899676561
v -0.2250420713289194 0.9139291821969389 0.34093624127950595
v -0.017685524966042587 1.4493768480552915 0.7856137899676561
v 0.6405205053693246 1.4493768480552915 0.47868727737847294
v 0.43316395900644766 0.9139291821969389 0.034009728690322816
v 0.6405205053693246 1.4493768480552915 0.47868727737847294
v 0.43316395900644766 0.9139291821969389 0.034009728690322816
vt 0 1
vt 1 1
vt 1 0.5
vt 0 0.5
vt 0 1
vt 0.125 1
vt 0.125 0.875
vt 0 0.875
vt 0 1
vt 0.125 1
vt 0.125 0.875
vt 0 0.875
vt 0 1
vt 1 1
vt 1 0.5
vt 0 0.5
vt 0.25 1
vt 0.6875000000000001 1
vt 0.6875000000000001 0.5
vt 0.25 0.5
vt 0 1
vt 0 1
vt 0 0.9375
vt 0 0.9375
vn 0.2855167591915687 0.7372773368101242 0.6122926660077798
vn -0.9063077870366499 0 0.42261826174069966
vn -0.2855167591915687 -0.7372773368101242 -0.6122926660077798
vn 0.9063077870366499 0 -0.42261826174069966
vn -0.311586866503507 0.6755902076156601 -0.6682001915566584
vn 0.311586866503507 -0.6755902076156601 0.6682001915566584
g Frond
f 100/292/73 103/291/73 101/290/73 98/289/73
f 99/296/74 100/295/74 98/294/74 97/293/74
f 104/300/75 99/299/75 97/298/75 102/297/75
f 103/304/76 104/303/76 102/302/76 101/301/76
f 102/308/77 97/307/77 98/306/77 101/305/77
f 103/312/78 100/311/78 99/310/78 104/309/78
o cube
v -0.2921919363643051 0.011839268688794924 0.19693289099983846
v -0.29219193636430507 0.5305892686887947 0.19693289099983846
v -0.2921919363643051 0.011839268688794924 0.19693289099983846
v -0.29219193636430507 0.5305892686887947 0.19693289099983846
v 0.3660140939710619 0.5305892686887947 -0.10999362158934467
v 0.3660140939710619 0.011839268688794924 -0.10999362158934467
v 0.3660140939710619 0.5305892686887947 -0.10999362158934467
v 0.3660140939710619 0.011839268688794924 -0.10999362158934467
vt 0 0.25
vt 1 0.25
vt 1 0
vt 0 0
vt 0 1
vt 0.125 1
vt 0.125 0.875
vt 0 0.875
vt 0 1
vt 0.125 1
vt 0.125 0.875
vt 0 0.875
vt 0 0.25
vt 1 0.25
vt 1 0
vt 0 0
vt 0.25 0.25
vt 0.6875000000000001 0.25
vt 0.6875000000000001 0
vt 0.25 0
vt 0 1
vt 0 1
vt 0 0.9375
vt 0 0.9375
vn 0 1 0
vn -0.9063077870366499 0 0.4226182617406997
vn 0 -1 0
vn 0.9063077870366499 0 -0.4226182617406997
vn -0.42261826174069966 0 -0.9063077870366499
vn 0.42261826174069966 0 0.9063077870366499
g Frond
f 108/316/79 111/315/79 109/314/79 106/313/79
f 107/320/80 108/319/80 106/318/80 105/317/80
f 112/324/81 107/323/81 105/322/81 110/321/81
f 111/328/82 112/327/82 110/326/82 109/325/82
f 110/332/83 105/331/83 106/330/83 109/329/83
f 111/336/84 108/335/84 107/334/84 112/333/84
o cube
v -0.2921514273467385 0.530549565282687 0.1970197628683531
v -0.22503388944875247 0.9139595712748712 0.3409537873781465
v -0.2921514273467385 0.530549565282687 0.1970197628683531
v -0.22503388944875247 0.9139595712748712 0.3409537873781465
v 0.4331721408866145 0.9139595712748712 0.03402727478896339
v 0.3660546029886286 0.530549565282687 -0.10990674972083003
v 0.4331721408866145 0.9139595712748712 0.03402727478896339
v 0.3660546029886286 0.530549565282687 -0.10990674972083003
vt 0 0.5
vt 1 0.5
vt 1 0.25
vt 0 0.25
vt 0 1
vt 0.125 1
vt 0.125 0.875
vt 0 0.875
vt 0 1
vt 0.125 1
vt 0.125 0.875
vt 0 0.875
vt 0 0.5
vt 1 0.5
vt 1 0.25
vt 0 0.25
vt 0.25 0.5
vt 0.6875000000000001 0.5
vt 0.6875000000000001 0.25
vt 0.25 0.25
vt 0 1
vt 0 1
vt 0 0.9375
vt 0 0.9375
vn 0.16172900698309883 0.9238795325112868 0.34682897472239377
vn -0.9063077870366499 0 0.4226182617406997
vn -0.16172900698309883 -0.9238795325112868 -0.34682897472239377
vn 0.9063077870366499 0 -0.4226182617406997
vn -0.39044836208773026 0.3826834323650897 -0.8373192145987591
vn 0.39044836208773026 -0.3826834323650897 0.8373192145987591
g Frond
f 116/340/85 119/339/85 117/338/85 114/337/85
f 115/344/86 116/343/86 114/342/86 113/341/86
f 120/348/87 115/347/87 113/346/87 118/345/87
f 119/352/88 120/351/88 118/350/88 117/349/88
f 118/356/89 113/355/89 114/354/89 117/353/89
f 119/360/90 116/359/90 115/358/90 120/357/90
o cube
v 0.24253363188253463 0.8152556427506319 0.5683485886099724
v 0.7872211318825348 1.1783806427506318 0.8828240633591966
v 0.24253363188253463 0.8152556427506319 0.5683485886099724
v 0.7872211318825348 1.1783806427506318 0.8828240633591966
v 1.1503461318825345 1.1783806427506318 0.25387311386074796
v 0.6056586318825343 0.8152556427506317 -0.06060236088847626
v 1.1503461318825345 1.1783806427506318 0.25387311386074796
v 0.6056586318825343 0.8152556427506317 -0.06060236088847626
vt 0 1
vt 1 1
vt 1 0.5
vt 0 0.5
vt 0 1
vt 0.125 1
vt 0.125 0.875
vt 0 0.875
vt 0 1
vt 0.125 1
vt 0.125 0.875
vt 0 0.875
vt 0 1
vt 1 1
vt 1 0.5
vt 0 0.5
vt 0.25 1
vt 0.6875000000000001 1
vt 0.6875000000000001 0.5
vt 0.25 0.5
vt 0 1
vt 0 1
vt 0 0.9375
vt 0 0.9375
vn 0.7500000000000002 0.4999999999999999 0.43301270189221913
vn -0.49999999999999983 0 0.8660254037844387
vn -0.7500000000000002 -0.4999999999999999 -0.43301270189221913
vn 0.49999999999999983 0 -0.8660254037844387
vn -0.4330127018922193 0.8660254037844387 -0.24999999999999992
vn 0.4330127018922193 -0.8660254037844387 0.24999999999999992
g Frond
f 124/364/91 127/363/91 125/362/91 122/361/91
f 123/368/92 124/367/92 122/366/92 121/365/92
f 128/372/93 123/371/93 121/370/93 126/369/93
f 127/376/94 128/375/94 126/374/94 125/373/94
f 126/380/95 121/379/95 122/378/95 125/377/95
f 127/384/96 124/383/96 123/382/96 128/381/96
o cube
v -0.12362179323418138 0.0026963807912556703 0.35694865535359477
v 0.011470491135749272 0.49743704899189845 0.4349442221000156
v -0.12362179323418138 0.0026963807912556703 0.35694865535359477
v 0.011470491135749272 0.49743704899189845 0.4349442221000156
v 0.37459549113574897 0.49743704899189845 -0.19400672739843305
v 0.2395032067658185 0.0026963807912555593 -0.27200229414485394
v 0.37459549113574897 0.49743704899189845 -0.19400672739843305
v 0.2395032067658185 0.0026963807912555593 -0.27200229414485394
vt 0 0.25
vt 1 0.25
vt 1 0
vt 0 0
vt 0 1
vt 0.125 1
vt 0.125 0.875
vt 0 0.875
vt 0 1
vt 0.125 1
vt 0.125 0.875
vt 0 0.875
vt 0 0.25
vt 1 0.25
vt 1 0
vt 0 0
vt 0.25 0.25
vt 0.6875000000000001 0.25
vt 0.6875000000000001 0
vt 0.25 0
vt 0 1
vt 0 1
vt 0 0.9375
vt 0 0.9375
vn 0.2604188614360108 0.9537169507482268 0.1503528997521365
vn -0.49999999999999994 0 0.8660254037844388
vn -0.2604188614360108 -0.9537169507482268 -0.1503528997521365
vn 0.49999999999999994 0 -0.8660254037844388
vn -0.8259431073677969 0.30070579950427334 -0.4768584753741132
vn 0.8259431073677969 -0.30070579950427334 0.4768584753741132
g Frond
f 132/388/97 135/387/97 133/386/97 130/385/97
f 131/392/98 132/391/98 130/390/98 129/389/98
f 136/396/99 131/395/99 129/394/99 134/393/99
f 135/400/100 136/399/100 134/398/100 133/397/100
f 134/404/101 129/403/101 130/402/101 133/401/101
f 135/408/102 132/407/102 131/406/102 136/405/102
o cube
v 0.01153932033287175 0.4973703597773933 0.4349839606555024
v 0.24255753601183583 0.8152788036717691 0.568362389665459
v 0.01153932033287175 0.4973703597773933 0.4349839606555024
v 0.24255753601183583 0.8152788036717691 0.568362389665459
v 0.6056825360118356 0.8152788036717691 -0.06058855983298944
v 0.37466432033287156 0.4973703597773932 -0.19396698884294628
v 0.6056825360118356 0.8152788036717691 -0.06058855983298944
v 0.37466432033287156 0.4973703597773932 -0.19396698884294628
vt 0 0.5
vt 1 0.5
vt 1 0.25
vt 0 0.25
vt 0 1
vt 0.125 1
vt 0.125 0.875
vt 0 0.875
vt 0 1
vt 0.125 1
vt 0.125 0.875
vt 0 0.875
vt 0 0.5
vt 1 0.5
vt 1 0.25
vt 0 0.25
vt 0.25 0.5
vt 0.6875000000000001 0.5
vt 0.6875000000000001 0.25
vt 0.25 0.25
vt 0 1
vt 0 1
vt 0 0.9375
vt 0 0.9375
vn 0.5566703992264195 0.7660444431189782 0.32139380484326946
vn -0.4999999999999999 0 0.8660254037844387
vn -0.5566703992264195 -0.7660444431189782 -0.32139380484326946
vn 0.4999999999999999 0 -0.8660254037844387
vn -0.6634139481689385 0.6427876096865394 -0.3830222215594889
vn 0.6634139481689385 -0.6427876096865394 0.3830222215594889
g Frond
f 140/412/103 143/411/103 141/410/103 138/409/103
f 139/416/104 140/415/104 138/414/104 137/413/104
f 144/420/105 139/419/105 137/418/105 142/417/105
f 143/424/106 144/423/106 142/422/106 141/421/106
f 142/428/107 137/427/107 138/426/107 141/425/107
f 143/432/108 140/431/108 139/430/108 144/429/108
o cube
v -0.3975448342839599 0.7726177922497424 0.48050760621241784
v -0.48345796111991135 1.0795443048389255 1.1330825927136716
v -0.3975448342839599 0.7726177922497424 0.48050760621241784
v -0.48345796111991135 1.0795443048389255 1.1330825927136716
v 0.23657886945281836 1.0795443048389253 1.2278772398134843
v 0.3224919962887698 0.7726177922497424 0.5753022533122305
v 0.23657886945281836 1.0795443048389253 1.2278772398134843
v 0.3224919962887698 0.7726177922497424 0.5753022533122305
vt 0 1
vt 1 1
vt 1 0.5
vt 0 0.5
vt 0 1
vt 0.125 1
vt 0.125 0.875
vt 0 0.875
vt 0 1
vt 0.125 1
vt 0.125 0.875
vt 0 0.875
vt 0 1
vt 1 1
vt 1 0.5
vt 0 0.5
vt 0.25 1
vt 0.6875000000000001 1
vt 0.6875000000000001 0.5
vt 0.25 0.5
vt 0 1
vt 0 1
vt 0 0.9375
vt 0 0.9375
vn -0.11829690442127565 0.4226182617406996 0.8985541982805563
vn -0.9914448613738105 0 -0.130526192220052
vn 0.11829690442127565 -0.4226182617406996 -0.8985541982805563
vn 0.9914448613738105 0 0.130526192220052
vn 0.055162752467670904 0.9063077870366499 -0.41900270392554867
vn -0.055162752467670904 -0.9063077870366499 0.41900270392554867
g Frond
f 148/436/109 151/435/109 149/434/109 146/433/109
f 147/440/110 148/439/110 146/438/110 145/437/110
f 152/444/111 147/443/111 145/442/111 150/441/111
f 151/448/112 152/447/112 150/446/112 149/445/112
f 150/452/113 145/451/113 146/450/113 149/449/113
f 151/456/114 148/455/114 147/454/114 152/453/114
o cube
v -0.3333246174701312 0 -0.007293369771321556
v -0.3592362895572695 0.4792625074902299 0.18952532005214473
v -0.3333246174701312 0 -0.007293369771321556
v -0.3592362895572695 0.4792625074902299 0.18952532005214473
v 0.3608005410154601 0.4792625074902299 0.2843199671519574
v 0.3867122131025984 0 0.08750127732849111
v 0.3608005410154601 0.4792625074902299 0.2843199671519574
v 0.3867122131025984 0 0.08750127732849111
vt 0 0.25
vt 1 0.25
vt 1 0
vt 0 0
vt 0 1
vt 0.125 1
vt 0.125 0.875
vt 0 0.875
vt 0 1
vt 0.125 1
vt 0.125 0.875
vt 0 0.875
vt 0 0.25
vt 1 0.25
vt 1 0
vt 0 0
vt 0.25 0.25
vt 0.6875000000000001 0.25
vt 0.6875000000000001 0
vt 0.25 0
vt 0 1
vt 0 1
vt 0 0.9375
vt 0 0.9375
vn -0.04995021125231486 0.9238795325112867 0.37940952255126037
vn -0.9914448613738104 0 -0.130526192220052
vn 0.04995021125231486 -0.9238795325112867 -0.37940952255126037
vn 0.9914448613738104 0 0.130526192220052
vn 0.12059047744874005 0.3826834323650898 -0.9159756150367535
vn -0.12059047744874005 -0.3826834323650898 0.9159756150367535
g Frond
f 156/460/115 159/459/115 157/458/115 154/457/115
f 155/464/116 156/463/116 154/462/116 153/461/116
f 160/468/117 155/467/117 153/466/117 158/465/117
f 159/472/118 160/471/118 158/470/118 157/469/118
f 158/476/119 153/475/119 154/474/119 157/473/119
f 159/480/120 156/479/120 155/478/120 160/477/120
o cube
v -0.3592458652626673 0.4791891451616819 0.18959805475580216
v -0.39754868685378913 0.7726384593540991 0.48053686938554285
v -0.3592458652626673 0.4791891451616819 0.18959805475580216
v -0.39754868685378913 0.7726384593540991 0.48053686938554285
v 0.3224881437189405 0.7726384593540991 0.5753315164853556
v 0.3607909653100623 0.47918914516168165 0.28439270185561494
v 0.3224881437189405 0.7726384593540991 0.5753315164853556
v 0.3607909653100623 0.47918914516168165 0.28439270185561494
vt 0 0.5
vt 1 0.5
vt 1 0.25
vt 0 0.25
vt 0 1
vt 0.125 1
vt 0.125 0.875
vt 0 0.875
vt 0 1
vt 0.125 1
vt 0.125 0.875
vt 0 0.875
vt 0 0.5
vt 1 0.5
vt 1 0.25
vt 0 0.25
vt 0.25 0.5
vt 0.6875000000000001 0.5
vt 0.6875000000000001 0.25
vt 0.25 0.25
vt 0 1
vt 0 1
vt 0 0.9375
vt 0 0.9375
vn -0.09229595564125745 0.7071067811865477 0.7010573846499778
vn -0.9914448613738104 0 -0.130526192220052
vn 0.09229595564125745 -0.7071067811865477 -0.7010573846499778
vn 0.9914448613738104 0 0.130526192220052
vn 0.09229595564125766 0.7071067811865474 -0.7010573846499781
vn -0.09229595564125766 -0.7071067811865474 0.7010573846499781
g Frond
f 164/484/121 167/483/121 165/482/121 162/481/121
f 163/488/122 164/487/122 162/486/122 161/485/122
f 168/492/123 163/491/123 161/490/123 166/489/123
f 167/496/124 168/495/124 166/494/124 165/493/124
f 166/500/125 161/499/125 162/498/125 165/497/125
f 167/504/126 164/503/126 163/502/126 168/501/126
o cube
v -0.07141005926015231 0.7726177922497424 -0.5846359521976492
v -0.5160876079483023 1.079544304838925 -1.0699163413156723
v -0.07141005926015231 0.7726177922497424 -0.5846359521976492
v -0.5160876079483023 1.079544304838925 -1.0699163413156723
v -1.051535273806655 1.079544304838925 -0.5792689530347992
v -0.606857725118505 0.7726177922497421 -0.09398856391677612
v -1.051535273806655 1.079544304838925 -0.5792689530347992
v -0.606857725118505 0.7726177922497421 -0.09398856391677612
vt 0 1
vt 1 1
vt 1 0.5
vt 0 0.5
vt 0 1
vt 0.125 1
vt 0.125 0.875
vt 0 0.875
vt 0 1
vt 0.125 1
vt 0.125 0.875
vt 0 0.875
vt 0 1
vt 1 1
vt 1 0.5
vt 0 0.5
vt 0.25 1
vt 0.6875000000000001 1
vt 0.6875000000000001 0.5
vt 0.25 0.5
vt 0 1
vt 0 1
vt 0 0.9375
vt 0 0.9375
vn -0.6122926660077799 0.4226182617406995 -0.6682001915566586
vn 0.7372773368101242 0 -0.6755902076156601
vn 0.6122926660077799 -0.4226182617406995 0.6682001915566586
vn -0.7372773368101242 0 0.6755902076156601
vn 0.28551675919156844 0.90630778703665 0.311586866503507
vn -0.28551675919156844 -0.90630778703665 -0.311586866503507
g Frond
f 172/508/127 175/507/127 173/506/127 170/505/127
f 171/512/128 172/511/128 170/510/128 169/509/128
f 176/516/129 171/515/129 169/514/129 174/513/129
f 175/520/130 176/519/130 174/518/130 173/517/130
f 174/524/131 169/523/131 170/522/131 173/521/131
f 175/528/132 172/527/132 171/526/132 176/525/132
o cube
v 0.26098720808089304 0 -0.22188798861617076
v 0.12687104620354184 0.47926250749023 -0.36825009620370663
v 0.26098720808089304 0 -0.22188798861617076
v 0.12687104620354184 0.47926250749023 -0.36825009620370663
v -0.4085766196548107 0.4792625074902299 0.12239729207716643
v -0.27446045777745964 0 0.2687593996647022
v -0.4085766196548107 0.4792625074902299 0.12239729207716643
v -0.27446045777745964 0 0.2687593996647022
vt 0 0.25
vt 1 0.25
vt 1 0
vt 0 0
vt 0 1
vt 0.125 1
vt 0.125 0.875
vt 0 0.875
vt 0 1
vt 0.125 1
vt 0.125 0.875
vt 0 0.875
vt 0 0.25
vt 1 0.25
vt 1 0
vt 0 0
vt 0.25 0.25
vt 0.6875000000000001 0.25
vt 0.6875000000000001 0
vt 0.25 0
vt 0 1
vt 0 1
vt 0 0.9375
vt 0 0.9375
vn -0.2585371795226046 0.9238795325112867 -0.28214382185549075
vn 0.7372773368101243 0 -0.67559020761566
vn 0.2585371795226046 -0.9238795325112867 0.28214382185549075
vn -0.7372773368101243 0 0.67559020761566
vn 0.6241639651811591 0.3826834323650899 0.6811554412633042
vn -0.6241639651811591 -0.3826834323650899 -0.6811554412633042
g Frond
f 180/532/133 183/531/133 181/530/133 178/529/133
f 179/536/134 180/535/134 178/534/134 177/533/134
f 184/540/135 179/539/135 177/538/135 182/537/135
f 183/544/136 184/543/136 182/542/136 181/541/136
f 182/548/137 177/547/137 178/546/137 181/545/137
f 183/552/138 180/551/138 179/550/138 184/549/138
o cube
v 0.12682148333276688 0.47918914516168176 -0.36830418458592074
v -0.0714299997671613 0.7726384593540989 -0.5846577134424634
v 0.12682148333276688 0.47918914516168176 -0.36830418458592074
v -0.0714299997671613 0.7726384593540989 -0.5846577134424634
v -0.6068776656255139 0.7726384593540989 -0.09401032516159047
v -0.40862618252558575 0.47918914516168165 0.12234320369495233
v -0.6068776656255139 0.7726384593540989 -0.09401032516159047
v -0.40862618252558575 0.47918914516168165 0.12234320369495233
vt 0 0.5
vt 1 0.5
vt 1 0.25
vt 0 0.25
vt 0 1
vt 0.125 1
vt 0.125 0.875
vt 0 0.875
vt 0 1
vt 0.125 1
vt 0.125 0.875
vt 0 0.875
vt 0 0.5
vt 1 0.5
vt 1 0.25
vt 0 0.25
vt 0.25 0.5
vt 0.6875000000000001 0.5
vt 0.6875000000000001 0.25
vt 0.25 0.25
vt 0 1
vt 0 1
vt 0 0.9375
vt 0 0.9375
vn -0.47771441710826085 0.7071067811865476 -0.521333804473597
vn 0.7372773368101243 0 -0.6755902076156601
vn 0.47771441710826085 -0.7071067811865476 0.521333804473597
vn -0.7372773368101243 0 0.6755902076156601
vn 0.4777144171082608 0.7071067811865476 0.5213338044735971
vn -0.4777144171082608 -0.7071067811865476 -0.5213338044735971
g Frond
f 188/556/139 191/555/139 189/554/139 186/553/139
f 187/560/140 188/559/140 186/558/140 185/557/140
f 192/564/141 187/563/141 185/562/141 190/561/141
f 191/568/142 192/567/142 190/566/142 189/565/142
f 190/572/143 185/571/143 186/570/143 189/569/143
f 191/576/144 188/575/144 187/574/144 192/573/144
o cube
v 0.6025867442923585 0.7946930892315642 -0.08860850271738663
v 1.0580990054777977 1.1300380195935076 -0.5441207639028256
v 0.6025867442923585 0.7946930892315642 -0.08860850271738663
v 1.0580990054777977 1.1300380195935076 -0.5441207639028256
v 0.5445627056410676 1.1300380195935076 -1.0576570637395557
v 0.08905044445562837 0.7946930892315642 -0.6021448025541167
v 0.5445627056410676 1.1300380195935076 -1.0576570637395557
v 0.08905044445562837 0.7946930892315642 -0.6021448025541167
vt 0 1
vt 1 1
vt 1 0.5
vt 0 0.5
vt 0 1
vt 0.125 1
vt 0.125 0.875
vt 0 0.875
vt 0 1
vt 0.125 1
vt 0.125 0.875
vt 0 0.875
vt 0 1
vt 1 1
vt 1 0.5
vt 0 0.5
vt 0.25 1
vt 0.6875000000000001 1
vt 0.6875000000000001 0.5
vt 0.25 0.5
vt 0 1
vt 0 1
vt 0 0.9375
vt 0 0.9375
vn 0.6272113751262501 0.4617486132350339 -0.62721137512625
vn 0.7071067811865475 0 0.7071067811865477
vn -0.6272113751262501 -0.4617486132350339 0.62721137512625
vn -0.7071067811865475 0 -0.7071067811865477
vn -0.3265055756219769 0.8870108331782217 0.32650557562197685
vn 0.3265055756219769 -0.8870108331782217 -0.32650557562197685
g Frond
f 196/580/145 199/579/145 197/578/145 194/577/145
f 195/584/146 196/583/146 194/582/146 193/581/146
f 200/588/147 195/587/147 193/586/147 198/585/147
f 199/592/148 200/591/148 198/590/148 197/589/148
f 198/596/149 193/595/149 194/594/149 197/593/149
f 199/600/150 196/599/150 195/598/150 200/597/150
o cube
v 0.27884441561532225 0.0013494747966150689 0.2351338259596495
v 0.4043013862389595 0.48881502182930503 0.10967685533601235
v 0.27884441561532225 0.0013494747966150689 0.2351338259596495
v 0.4043013862389595 0.48881502182930503 0.10967685533601235
v -0.10923491359777066 0.48881502182930503 -0.40385944450071776
v -0.2346918842214079 0.0013494747966150689 -0.2784024738770806
v -0.10923491359777066 0.48881502182930503 -0.40385944450071776
v -0.2346918842214079 0.0013494747966150689 -0.2784024738770806
vt 0 0.25
vt 1 0.25
vt 1 0
vt 0 0
vt 0 1
vt 0.125 1
vt 0.125 0.875
vt 0 0.875
vt 0 1
vt 0.125 1
vt 0.125 0.875
vt 0 0.875
vt 0 0.25
vt 1 0.25
vt 1 0
vt 0 0
vt 0.25 0.25
vt 0.6875000000000001 0.25
vt 0.6875000000000001 0
vt 0.25 0
vt 0 1
vt 0 1
vt 0 0.9375
vt 0 0.9375
vn 0.24184476264797547 0.9396926207859084 -0.2418447626479754
vn 0.7071067811865475 0 0.7071067811865476
vn -0.24184476264797547 -0.9396926207859084 0.2418447626479754
vn -0.7071067811865475 0 -0.7071067811865476
vn -0.6644630243886748 0.34202014332566893 0.6644630243886747
vn 0.6644630243886748 -0.34202014332566893 -0.6644630243886747
g Frond
f 204/604/151 207/603/151 205/602/151 202/601/151
f 203/608/152 204/607/152 202/606/152 201/605/152
f 208/612/153 203/611/153 201/610/153 206/609/153
f 207/616/154 208/615/154 206/614/154 205/613/154
f 206/620/155 201/619/155 202/618/155 205/617/155
f 207/624/156 204/623/156 203/622/156 208/621/156
o cube
v 0.4043554746211735 0.4887449293452647 0.10962276695379813
v 0.602606957721102 0.7947150241214662 -0.08862871614613
v 0.4043554746211735 0.4887449293452647 0.10962276695379813
v 0.602606957721102 0.7947150241214662 -0.08862871614613
v 0.08907065788437185 0.7947150241214662 -0.6021650159828602
v -0.1091808252155565 0.4887449293452648 -0.40391353288293197
v 0.08907065788437185 0.7947150241214662 -0.6021650159828602
v -0.1091808252155565 0.4887449293452648 -0.40391353288293197
vt 0 0.5
vt 1 0.5
vt 1 0.25
vt 0 0.25
vt 0 1
vt 0.125 1
vt 0.125 0.875
vt 0 0.875
vt 0 1
vt 0.125 1
vt 0.125 0.875
vt 0 0.875
vt 0 0.5
vt 1 0.5
vt 1 0.25
vt 0 0.25
vt 0.25 0.5
vt 0.6875000000000001 0.5
vt 0.6875000000000001 0.25
vt 0.25 0.25
vt 0 1
vt 0 1
vt 0 0.9375
vt 0 0.9375
vn 0.47771441710826085 0.7372773368101242 -0.47771441710826074
vn 0.7071067811865475 0 0.7071067811865477
vn -0.47771441710826085 -0.7372773368101242 0.47771441710826074
vn -0.7071067811865475 0 -0.7071067811865477
vn -0.5213338044735969 0.6755902076156602 0.5213338044735969
vn 0.5213338044735969 -0.6755902076156602 -0.5213338044735969
g Frond
f 212/628/157 215/627/157 213/626/157 210/625/157
f 211/632/158 212/631/158 210/630/158 209/629/158
f 216/636/159 211/635/159 209/634/159 214/633/159
f 215/640/160 216/639/160 214/638/160 213/637/160
f 214/644/161 209/643/161 210/642/161 213/641/161
f 215/648/162 212/647/162 211/646/162 216/645/162
o cube
v 0.3285308100319153 0.9050144632949308 0.2748011741420511
v 0.8682259088709396 1.381087981144575 0.1772190631206132
v 0.3285308100319153 0.9050144632949308 0.2748011741420511
v 0.8682259088709396 1.381087981144575 0.1772190631206132
v 0.7722416441341862 1.3425552953129485 -0.5416281498151718
v 0.23254654529516172 0.8664817774633042 -0.44404603879373394
v 0.7722416441341862 1.3425552953129485 -0.5416281498151718
v 0.23254654529516172 0.8664817774633042 -0.44404603879373394
vt 0 1
vt 1 1
vt 1 0.5
vt 0 0.5
vt 0 1
vt 0.125 1
vt 0.125 0.875
vt 0 0.875
vt 0 1
vt 0.125 1
vt 0.125 0.875
vt 0 0.875
vt 0 1
vt 1 1
vt 1 0.5
vt 0 0.5
vt 0.25 1
vt 0.6875000000000001 1
vt 0.6875000000000001 0.5
vt 0.25 0.5
vt 0 1
vt 0 1
vt 0 0.9375
vt 0 0.9375
vn 0.7431257815339407 0.6555229161440883 -0.13436435252521564
vn 0.1321642199473372 0.05305705450137918 0.9898068336465199
vn -0.7431257815339407 -0.6555229161440883 0.13436435252521564
vn -0.1321642199473372 -0.05305705450137918 -0.9898068336465199
vn -0.6559700387862862 0.7533091366614294 0.04720860977756091
vn 0.6559700387862862 -0.7533091366614294 -0.04720860977756091
g Frond
f 220/652/163 223/651/163 221/650/163 218/649/163
f 219/656/164 220/655/164 218/654/164 217/653/164
f 224/660/165 219/659/165 217/658/165 222/657/165
f 223/664/166 224/663/166 222/662/166 221/661/166
f 222/668/167 217/667/167 218/666/167 221/665/167
f 223/672/168 220/671/168 219/670/168 224/669/168
o cube
v 0.07744650694013433 0.02781373238088214 0.35534825195337083
v 0.13177149182621872 0.5425332865502126 0.3205037534944677
v 0.07744650694013433 0.02781373238088214 0.35534825195337083
v 0.13177149182621872 0.5425332865502126 0.3205037534944677
v 0.035787227089465135 0.504000600718586 -0.39834345944131727
v -0.01853775779661926 -0.010718953450744528 -0.36349896098241413
v 0.035787227089465135 0.504000600718586 -0.39834345944131727
v -0.01853775779661926 -0.010718953450744528 -0.36349896098241413
vt 0 0.25
vt 1 0.25
vt 1 0
vt 0 0
vt 0 1
vt 0.125 1
vt 0.125 0.875
vt 0 0.875
vt 0 1
vt 0.125 1
vt 0.125 0.875
vt 0 0.875
vt 0 0.25
vt 1 0.25
vt 1 0
vt 0 0
vt 0.25 0.25
vt 0.6875000000000001 0.25
vt 0.6875000000000001 0
vt 0.25 0
vt 0 1
vt 0 1
vt 0 0.9375
vt 0 0.9375
vn 0.10472286243100615 0.9922304658685885 -0.0671701175111386
vn 0.1321642199473372 0.05305705450137916 0.98980683364652
vn -0.10472286243100615 -0.9922304658685885 0.0671701175111386
vn -0.1321642199473372 -0.05305705450137916 -0.98980683364652
vn -0.9856803442546517 0.11253289105786486 0.12558107890996267
vn 0.9856803442546517 -0.11253289105786486 -0.12558107890996267
g Frond
f 228/676/169 231/675/169 229/674/169 226/673/169
f 227/680/170 228/679/170 226/678/170 225/677/170
f 232/684/171 227/683/171 225/682/171 230/681/171
f 231/688/172 232/687/172 230/686/172 229/685/172
f 230/692/173 225/691/173 226/690/173 229/689/173
f 231/696/174 228/695/174 227/694/174 232/693/174
o cube
v 0.13186181389855722 0.5424831050619647 0.32049438311636713
v 0.3285530752127297 0.9050424376296116 0.2747967016572149
v 0.13186181389855722 0.5424831050619647 0.32049438311636713
v 0.3285530752127297 0.9050424376296116 0.2747967016572149
v 0.2325688104759761 0.8665097517979852 -0.44405051127857004
v 0.035877549161803524 0.5039504192303381 -0.3983528298194178
