# Made in Blockbench 4.7.4

o cube
v -0.14563188670397598 0.6514155116421798 0.24929984409109696
v -0.10082122767287671 0.6514155118568687 0.18530359058982893
v -0.09521268158301155 0.6405624992532379 0.2846037514818601
v -0.050402022551912284 0.6405624994679269 0.2206074979805921
v -0.10082122767287671 0.6514155118568687 0.18530359058982893
v -0.14563188670397598 0.6514155116421798 0.24929984409109696
v -0.050402022551912284 0.6405624994679269 0.2206074979805921
v -0.09521268158301155 0.6405624992532379 0.2846037514818601
vt 0 1
vt 0 1
vt 0 0.375
vt 0 0.375
vt 0 1
vt 0.0625 1
vt 0.0625 0.375
vt 0 0.375
vt 0 1
vt 0 1
vt 0 0.375
vt 0 0.375
vt 0 1
vt 0.1875 1
vt 0.1875 0.8125
vt 0 0.8125
vt 0.4375 0.71875
vt 0 0.71875
vt 0 1
vt 0.4375 1
vt 0 1
vt 0 1
vt 0 0.9375
vt 0 0.9375
vn 0.5735764355980708 0 -0.8191520448162308
vn 0.1422442751008298 0.984807749387606 0.09960051680166161
vn -0.5735764355980708 0 0.8191520448162308
vn -0.1422442751008298 -0.984807749387606 -0.09960051680166161
vn -0.8067072819354314 0.17364819822306998 -0.5648625182522115
vn 0.8067072819354314 -0.17364819822306998 0.5648625182522115
g Stem
f 4/4/1 7/3/1 5/2/1 2/1/1
f 3/8/2 4/7/2 2/6/2 1/5/2
f 8/12/3 3/11/3 1/10/3 6/9/3
f 7/16/4 8/15/4 6/14/4 5/13/4
f 6/20/5 1/19/5 2/18/5 5/17/5
f 7/24/6 4/23/6 3/22/6 8/21/6
o cube
v -0.0020866107588407568 0.6754390313527701 0.06838570113929354
v -0.2925166610750135 0.7751366909366255 -0.14687173205837134
v -0.0020866107588407568 0.6754390313527701 0.06838570113929354
v -0.2925166610750135 0.7751366909366255 -0.14687173205837134
v -0.5245381269311297 0.7266303527689897 0.14371074253283
v -0.23410807661495686 0.6269326931851342 0.3589681757304949
v -0.5245381269311297 0.7266303527689897 0.14371074253283
v -0.23410807661495686 0.6269326931851342 0.3589681757304949
vt 0 1
vt 0.1875 1
vt 0.1875 1
vt 0 1
vt 0 1
vt 0.375 1
vt 0.375 1
vt 0 1
vt 0 1
vt 0.1875 1
vt 0.1875 1
vt 0 1
vt 0 1
vt 0.375 1
vt 0.375 1
vt 0 1
vt 0 1
vt 1 1
vt 1 0
vt 0 0
vt 0 1
vt 0.1875 1
vt 0.1875 0.8125
vt 0 0.8125
vn -0.7744801341764607 0.2658604255569476 -0.5740198218604393
vn 0.6187239089496428 0.12935023511369562 -0.77488659890987
vn 0.7744801341764607 -0.2658604255569476 0.5740198218604393
vn -0.6187239089496428 -0.12935023511369562 0.77488659890987
vn 0.13176208202698436 0.955294065091326 0.2646733891822216
vn -0.13176208202698436 -0.955294065091326 -0.2646733891822216
g Frond
f 12/28/7 15/27/7 13/26/7 10/25/7
f 11/32/8 12/31/8 10/30/8 9/29/8
f 16/36/9 11/35/9 9/34/9 14/33/9
f 15/40/10 16/39/10 14/38/10 13/37/10
f 14/44/11 9/43/11 10/42/11 13/41/11
f 15/48/12 12/47/12 11/46/12 16/45/12
o cube
v -0.09840061202402128 0.640625 0.2820451664493673
v -0.05617622404804251 0.640625 0.23596533289873445
v -0.09840061202402128 0 0.2820451664493673
v -0.05617622404804251 0 0.23596533289873445
v -0.05617622404804251 0.640625 0.23596533289873445
v -0.09840061202402128 0.640625 0.2820451664493673
v -0.05617622404804251 0 0.23596533289873445
v -0.09840061202402128 0 0.2820451664493673
vt 0 1
vt 0 1
vt 0 0.375
vt 0 0.375
vt 0 1
vt 0.0625 1
vt 0.0625 0.375
vt 0 0.375
vt 0 1
vt 0 1
vt 0 0.375
vt 0 0.375
vt 0 1
vt 0.1875 1
vt 0.1875 0.4375
vt 0 0.4375
vt 0.4375 0.71875
vt 0 0.71875
vt 0 1
vt 0.4375 1
vt 0 1
vt 0 1
vt 0 0.9375
vt 0 0.9375
vn 0.6755902076156601 0 -0.7372773368101242
vn 0.7372773368101242 0 0.6755902076156601
vn -0.6755902076156601 0 0.7372773368101242
vn -0.7372773368101242 0 -0.6755902076156601
vn 0 1 0
vn 0 -1 0
g Stem
f 20/52/13 23/51/13 21/50/13 18/49/13
f 19/56/14 20/55/14 18/54/14 17/53/14
f 24/60/15 19/59/15 17/58/15 22/57/15
f 23/64/16 24/63/16 22/62/16 21/61/16
f 22/68/17 17/67/17 18/66/17 21/65/17
f 23/72/18 20/71/18 19/70/18 24/69/18
o cube
v -0.10032833481134829 0.640625 0.23789305568606145
v -0.054248501260715454 0.640625 0.2801174436620403
v -0.10032833481134829 0 0.23789305568606145
v -0.054248501260715454 0 0.2801174436620403
v -0.054248501260715454 0.640625 0.2801174436620403
v -0.10032833481134829 0.640625 0.23789305568606145
v -0.054248501260715454 0 0.2801174436620403
v -0.10032833481134829 0 0.23789305568606145
vt 0 1
vt 0 1
vt 0 0.375
vt 0 0.375
vt 0 1
vt 0.0625 1
vt 0.0625 0.375
vt 0 0.375
vt 0 1
vt 0 1
vt 0 0.375
vt 0 0.375
vt 0 1
vt 0.1875 1
vt 0.1875 0.4375
vt 0 0.4375
vt 0.4375 0.71875
vt 0 0.71875
vt 0 1
vt 0.4375 1
vt 0 1
vt 0 1
vt 0 0.9375
vt 0 0.9375
vn 0.7372773368101243 0 0.67559020761566
vn -0.67559020761566 0 0.7372773368101243
vn -0.7372773368101243 0 -0.67559020761566
vn 0.67559020761566 0 -0.7372773368101243
vn 0 1 0
vn 0 -1 0
g Stem
f 28/76/19 31/75/19 29/74/19 26/73/19
f 27/80/20 28/79/20 26/78/20 25/77/20
f 32/84/21 27/83/21 25/82/21 30/81/21
f 31/88/22 32/87/22 30/86/22 29/85/22
f 30/92/23 25/91/23 26/90/23 29/89/23
f 31/96/24 28/95/24 27/94/24 32/93/24
o cube
v -0.03370012623911178 0.6137929707292078 0.4402156452339365
v 0.3279329846822683 0.7010519801244692 0.48746348502246506
v -0.03370012623911178 0.6137929707292078 0.4402156452339365
v 0.3279329846822683 0.7010519801244692 0.48746348502246506
v 0.366015927212495 0.7438866504184647 0.1168695286375232
v 0.0043828162911148105 0.6566276410232033 0.06962168884899456
v 0.366015927212495 0.7438866504184647 0.1168695286375232
v 0.0043828162911148105 0.6566276410232033 0.06962168884899456
vt 0 1
vt 0.1875 1
vt 0.1875 1
vt 0 1
vt 0 1
vt 0.375 1
vt 0.375 1
vt 0 1
vt 0 1
vt 0.1875 1
vt 0.1875 1
vt 0 1
vt 0 1
vt 0.375 1
vt 0.375 1
vt 0 1
vt 0 1
vt 1 1
vt 1 0
vt 0 0
vt 0 1
vt 0.1875 1
vt 0.1875 0.8125
vt 0 0.8125
vn 0.9643549624570137 0.23269069172069715 0.12599423943607618
vn -0.10155451341393772 -0.11422578745065465 0.9882505503598449
vn -0.9643549624570137 -0.23269069172069715 -0.12599423943607618
vn 0.10155451341393772 0.11422578745065465 -0.9882505503598449
vn -0.24434849537042402 0.9658196060692812 0.08652341499495085
vn 0.24434849537042402 -0.9658196060692812 -0.08652341499495085
g Frond
f 36/100/25 39/99/25 37/98/25 34/97/25
f 35/104/26 36/103/26 34/102/26 33/101/26
f 40/108/27 35/107/27 33/106/27 38/105/27
f 39/112/28 40/111/28 38/110/28 37/109/28
f 38/116/29 33/115/29 34/114/29 37/113/29
f 39/120/30 36/119/30 35/118/30 40/117/30
o cube
v -0.31794860239127487 0.6238194049078547 0.3367113166125968
v -0.39796881560282943 0.7172065476209315 0.8213509838432773
v -0.31794860239127487 0.6238194049078547 0.3367113166125968
v -0.39796881560282943 0.7172065476209315 0.8213509838432773
v 0.09541162257780678 0.7454074695843982 0.8973802625528213
v 0.17543183578936128 0.6520203268713214 0.4127405953221409
v 0.09541162257780678 0.7454074695843982 0.8973802625528213
v 0.17543183578936128 0.6520203268713214 0.4127405953221409
vt 0 1
vt 0.1875 1
vt 0.1875 1
vt 0 1
vt 0 1
vt 0.375 1
vt 0.375 1
vt 0 1
vt 0 1
vt 0.1875 1
vt 0.1875 1
vt 0 1
vt 0 1
vt 0.375 1
vt 0.375 1
vt 0 1
vt 0 1
vt 1 1
vt 1 0
vt 0 0
vt 0 1
vt 0.1875 1
vt 0.1875 0.8125
vt 0 0.8125
vn -0.16004042642310923 0.18677428542615357 0.9692793344613612
vn -0.986760876361273 -0.056401843926933586 -0.15205855741908839
vn 0.16004042642310923 -0.18677428542615357 -0.9692793344613612
vn 0.986760876361273 0.056401843926933586 0.15205855741908839
vn -0.02626851333900981 0.980782441882598 -0.19332813272197805
vn 0.02626851333900981 -0.980782441882598 0.19332813272197805
g Frond
f 44/124/31 47/123/31 45/122/31 42/121/31
f 43/128/32 44/127/32 42/126/32 41/125/32
f 48/132/33 43/131/33 41/130/33 46/129/33
f 47/136/34 48/135/34 46/134/34 45/133/34
f 46/140/35 41/139/35 42/138/35 45/137/35
f 47/144/36 44/143/36 43/142/36 48/141/36
o cube
v -0.025005608598600904 0.6405624967804142 0.3818416187004421
v -0.10305625090655113 0.6405624979434594 0.38524938341010406
v -0.030458032134060176 0.6405624986412866 0.25696059100772173
v -0.1085086744420104 0.6405624998043318 0.2603683557173838
v -0.10305625090655113 0.6405624979434594 0.38524938341010406
v -0.025005608598600904 0.6405624967804142 0.3818416187004421
v -0.1085086744420104 0.6405624998043318 0.2603683557173838
v -0.030458032134060176 0.6405624986412866 0.25696059100772173
vt 0 1
vt 0 1
vt 0 0.375
vt 0 0.375
vt 0 1
vt 0.0625 1
vt 0.0625 0.375
vt 0 0.375
vt 0 1
vt 0 1
vt 0 0.375
vt 0 0.375
vt 0 1
vt 0.1875 1
vt 0.1875 0.6875
vt 0 0.6875
vt 0.4375 0.71875
vt 0 0.71875
vt 0 1
vt 0.4375 1
vt 0 1
vt 0 1
vt 0 0.9375
vt 0 0.9375
vn -0.9990482215417622 0 0.043619388283674065
vn 0 0.9999999999999999 0
vn 0.9990482215417622 0 -0.043619388283674065
vn 0 -0.9999999999999999 0
vn 0.043619388283673684 0 0.9990482215417622
vn -0.043619388283673684 0 -0.9990482215417622
g Stem
f 52/148/37 55/147/37 53/146/37 50/145/37
f 51/152/38 52/151/38 50/150/38 49/149/38
f 56/156/39 51/155/39 49/154/39 54/153/39
f 55/160/40 56/159/40 54/158/40 53/157/40
f 54/164/41 49/163/41 50/162/41 53/161/41
f 55/168/42 52/167/42 51/166/42 56/165/42
o cube
v -0.009913557907110682 0.6405624990102488 0.20859982953648382
v 0.010306680060890305 0.6405624976230431 0.28406278469673063
v -0.08537651306735744 0.640562499893996 0.2288200675044848
v -0.06515627509935645 0.6405624985067904 0.3042830226647316
v 0.010306680060890305 0.6405624976230431 0.28406278469673063
v -0.009913557907110682 0.6405624990102488 0.20859982953648382
v -0.06515627509935645 0.6405624985067904 0.3042830226647316
v -0.08537651306735744 0.640562499893996 0.2288200675044848
vt 0 1
vt 0 1
vt 0 0.375
vt 0 0.375
vt 0 1
vt 0.0625 1
vt 0.0625 0.375
vt 0 0.375
vt 0 1
vt 0 1
vt 0 0.375
vt 0 0.375
vt 0 1
vt 0.1875 1
vt 0.1875 0.8125
vt 0 0.8125
vt 0.125 0.90625
vt 0 0.90625
vt 0 1
vt 0.125 1
vt 0 1
vt 0 1
vt 0 0.9375
vt 0 0.9375
vn 0.2588190459904124 0 0.9659258260511584
vn 0 0.9999999999999998 0
vn -0.2588190459904124 0 -0.9659258260511584
vn 0 -0.9999999999999998 0
vn 0.9659258260511585 0 -0.2588190459904125
vn -0.9659258260511585 0 0.2588190459904125
g Stem
f 60/172/43 63/171/43 61/170/43 58/169/43
f 59/176/44 60/175/44 58/174/44 57/173/44
f 64/180/45 59/179/45 57/178/45 62/177/45
f 63/184/46 64/183/46 62/182/46 61/181/46
f 62/188/47 57/187/47 58/186/47 61/185/47
f 63/192/48 60/191/48 59/190/48 64/189/48
o cube
v -0.1725812436820487 0.6982905116421798 -0.224644309789655
v -0.2418789649909377 0.6982905118568685 -0.1885701993169685
v -0.20100209454511603 0.6874374992532379 -0.2792402561438007
v -0.27029981585400503 0.6874374994679266 -0.24316614567111428
v -0.2418789649909377 0.6982905118568685 -0.1885701993169685
v -0.1725812436820487 0.6982905116421798 -0.224644309789655
v -0.27029981585400503 0.6874374994679266 -0.24316614567111428
v -0.20100209454511603 0.6874374992532379 -0.2792402561438007
vt 0 1
vt 0 1
vt 0 0.375
vt 0 0.375
vt 0 1
vt 0.0625 1
vt 0.0625 0.375
vt 0 0.375
vt 0 1
vt 0 1
vt 0 0.375
vt 0 0.375
vt 0 1
vt 0.1875 1
vt 0.1875 0.8125
vt 0 0.8125
vt 0.4375 0.71875
vt 0 0.71875
vt 0 1
vt 0.4375 1
vt 0 1
vt 0 1
vt 0 0.9375
vt 0 0.9375
vn -0.8870108327537765 0 0.4617486140503855
vn -0.08018181246135922 0.984807749387606 -0.1540278341616542
vn 0.8870108327537765 0 -0.4617486140503855
vn 0.08018181246135922 -0.984807749387606 0.1540278341616542
vn 0.4547336138090776 0.17364819822306998 0.8735351416663317
vn -0.4547336138090776 -0.17364819822306998 -0.8735351416663317
g Stem
f 68/196/49 71/195/49 69/194/49 66/193/49
f 67/200/50 68/199/50 66/198/50 65/197/50
f 72/204/51 67/203/51 65/202/51 70/201/51
f 71/208/52 72/207/52 70/206/52 69/205/52
f 70/212/53 65/211/53 66/210/53 69/209/53
f 71/216/54 68/215/54 67/214/54 72/213/54
o cube
v -0.38344431311954075 0.7223140313527701 -0.13045333722035823
v -0.22522453347615423 0.8220116909366255 0.19458801092338196
v -0.38344431311954075 0.7223140313527701 -0.13045333722035823
v -0.22522453347615423 0.8220116909366255 0.19458801092338196
v 0.11475707494100351 0.7735053527689897 0.04397379812907243
v -0.043462704702383004 0.6738076931851342 -0.28106755001466766
v 0.11475707494100351 0.7735053527689897 0.04397379812907243
v -0.043462704702383004 0.6738076931851342 -0.28106755001466766
vt 0 1
vt 0.1875 1
vt 0.1875 1
vt 0 1
vt 0 1
vt 0.375 1
vt 0.375 1
vt 0 1
vt 0 1
vt 0.1875 1
vt 0.1875 1
vt 0 1
vt 0 1
vt 0.375 1
vt 0.375 1
vt 0 1
vt 0 1
vt 1 1
vt 1 0
vt 0 0
vt 0 1
vt 0.1875 1
vt 0.1875 0.8125
vt 0 0.8125
vn 0.4219194123823637 0.2658604255569475 0.8667769283833066
vn -0.9066176224457535 0.12935023511369553 0.4016379007848248
vn -0.4219194123823637 -0.2658604255569475 -0.8667769283833066
vn 0.9066176224457535 -0.12935023511369553 -0.4016379007848248
vn 0.005338176255054835 0.955294065091326 -0.29560912211154694
vn -0.005338176255054835 -0.955294065091326 0.29560912211154694
g Frond
f 76/220/55 79/219/55 77/218/55 74/217/55
f 75/224/56 76/223/56 74/222/56 73/221/56
f 80/228/57 75/227/57 73/226/57 78/225/57
f 79/232/58 80/231/58 78/230/58 77/229/58
f 78/236/59 73/235/59 74/234/59 77/233/59
f 79/240/60 76/239/60 75/238/60 80/237/60
o cube
v -0.19935578879911925 0.6875 -0.27549874104214567
v -0.2580865775982386 0.6875 -0.25412248208429133
v -0.19935578879911925 0 -0.27549874104214567
v -0.2580865775982386 0 -0.25412248208429133
v -0.2580865775982386 0.6875 -0.25412248208429133
v -0.19935578879911925 0.6875 -0.27549874104214567
v -0.2580865775982386 0 -0.25412248208429133
v -0.19935578879911925 0 -0.27549874104214567
vt 0 1
vt 0 1
vt 0 0.375
vt 0 0.375
vt 0 1
vt 0.0625 1
vt 0.0625 0.375
vt 0 0.375
vt 0 1
vt 0 1
vt 0 0.375
vt 0 0.375
vt 0 1
vt 0.1875 1
vt 0.1875 0.4375
vt 0 0.4375
vt 0.4375 0.71875
vt 0 0.71875
vt 0 1
vt 0.4375 1
vt 0 1
vt 0 1
vt 0 0.9375
vt 0 0.9375
vn -0.9396926207859085 0 0.34202014332566855
vn -0.34202014332566855 0 -0.9396926207859085
vn 0.9396926207859085 0 -0.34202014332566855
vn 0.34202014332566855 0 0.9396926207859085
vn 0 1 0
vn 0 -1 0
g Stem
f 84/244/61 87/243/61 85/242/61 82/241/61
f 83/248/62 84/247/62 82/246/62 81/245/62
f 88/252/63 83/251/63 81/250/63 86/249/63
f 87/256/64 88/255/64 86/254/64 85/253/64
f 86/260/65 81/259/65 82/258/65 85/257/65
f 87/264/66 84/263/66 83/262/66 88/261/66
o cube
v -0.21803305371975173 0.6875 -0.23544521716365896
v -0.239409312677606 0.6875 -0.2941760059627782
v -0.21803305371975173 0 -0.23544521716365896
v -0.239409312677606 0 -0.2941760059627782
v -0.239409312677606 0.6875 -0.2941760059627782
v -0.21803305371975173 0.6875 -0.23544521716365896
v -0.239409312677606 0 -0.2941760059627782
v -0.21803305371975173 0 -0.23544521716365896
vt 0 1
vt 0 1
vt 0 0.375
vt 0 0.375
vt 0 1
vt 0.0625 1
vt 0.0625 0.375
vt 0 0.375
vt 0 1
vt 0 1
vt 0 0.375
vt 0 0.375
vt 0 1
vt 0.1875 1
vt 0.1875 0.4375
vt 0 0.4375
vt 0.4375 0.71875
vt 0 0.71875
vt 0 1
vt 0.4375 1
vt 0 1
vt 0 1
vt 0 0.9375
vt 0 0.9375
vn -0.34202014332566877 0 -0.9396926207859084
vn 0.9396926207859084 0 -0.34202014332566877
vn 0.34202014332566877 0 0.9396926207859084
vn -0.9396926207859084 0 0.34202014332566877
vn 0 1 0
vn 0 -1 0
g Stem
f 92/268/67 95/267/67 93/266/67 90/265/67
f 91/272/68 92/271/68 90/270/68 89/269/68
f 96/276/69 91/275/69 89/274/69 94/273/69
f 95/280/70 96/279/70 94/278/70 93/277/70
f 94/284/71 89/283/71 90/282/71 93/281/71
f 95/288/72 92/287/72 91/286/72 96/285/72
o cube
v -0.18371082136873118 0.6606679707292082 -0.44567302879985965
v -0.4826666838912327 0.7479269801244697 -0.6545659620043722
v -0.18371082136873118 0.6606679707292082 -0.44567302879985965
v -0.4826666838912327 0.7479269801244697 -0.6545659620043722
v -0.687567911908879 0.7907616504184651 -0.3434298538817932
v -0.3886120493863775 0.7035026410232037 -0.13453692067728074
v -0.687567911908879 0.7907616504184651 -0.3434298538817932
v -0.3886120493863775 0.7035026410232037 -0.13453692067728074
vt 0 1
vt 0.1875 1
vt 0.1875 1
vt 0 1
vt 0 1
vt 0.375 1
vt 0.375 1
vt 0 1
vt 0 1
vt 0.1875 1
vt 0.1875 1
vt 0 1
vt 0 1
vt 0.375 1
vt 0.375 1
vt 0 1
vt 0 1
vt 1 1
vt 1 0
vt 0 0
vt 0 1
vt 0.1875 1
vt 0.1875 0.8125
vt 0 0.8125
vn -0.797215633393337 0.23269069172069712 -0.5570478218787
vn 0.5464032747137236 -0.11422578745065459 -0.8296962883268775
vn 0.797215633393337 -0.23269069172069712 0.5570478218787
vn -0.5464032747137236 0.11422578745065459 0.8296962883268775
vn 0.2566918293506426 0.9658196060692813 0.036080372459264154
vn -0.2566918293506426 -0.9658196060692813 -0.036080372459264154
g Frond
f 100/292/73 103/291/73 101/290/73 98/289/73
f 99/296/74 100/295/74 98/294/74 97/293/74
f 104/300/75 99/299/75 97/298/75 102/297/75
f 103/304/76 104/303/76 102/302/76 101/301/76
f 102/308/77 97/307/77 98/306/77 101/305/77
f 103/312/78 100/311/78 99/310/78 104/309/78
o cube
v 0.020627676087911828 0.6706944049078549 -0.22261222835445965
v 0.315388166342247 0.7640815476209317 -0.6155436408947544
v 0.020627676087911828 0.6706944049078549 -0.22261222835445965
v 0.315388166342247 0.7640815476209317 -0.6155436408947544
v -0.08713921319280304 0.7922824695843986 -0.9108001678760487
v -0.3818997034471383 0.6988953268713218 -0.5178687553357539
v -0.08713921319280304 0.7922824695843986 -0.9108001678760487
v -0.3818997034471383 0.6988953268713218 -0.5178687553357539
vt 0 1
vt 0.1875 1
vt 0.1875 1
vt 0 1
vt 0 1
vt 0.375 1
vt 0.375 1
vt 0 1
vt 0 1
vt 0.1875 1
vt 0.1875 1
vt 0 1
vt 0 1
vt 0.375 1
vt 0.375 1
vt 0 1
vt 0 1
vt 1 1
vt 1 0
vt 0 0
vt 0 1
vt 0.1875 1
vt 0.1875 0.8125
vt 0 0.8125
vn 0.5895209805086705 0.18677428542615349 -0.7858628250805897
vn 0.8050547590701008 -0.05640184392693357 0.5905130539625889
vn -0.5895209805086705 -0.18677428542615349 0.7858628250805897
vn -0.8050547590701008 0.05640184392693357 -0.5905130539625889
vn -0.0659685412805037 0.9807824418825979 0.18361359768854527
vn 0.0659685412805037 -0.9807824418825979 -0.18361359768854527
g Frond
f 108/316/79 111/315/79 109/314/79 106/313/79
f 107/320/80 108/319/80 106/318/80 105/317/80
f 112/324/81 107/323/81 105/322/81 110/321/81
f 111/328/82 112/327/82 110/326/82 109/325/82
f 110/332/83 105/331/83 106/330/83 109/329/83
f 111/336/84 108/335/84 107/334/84 112/333/84
o cube
v -0.2183770785059097 0.6874374967804142 -0.39790931635167065
v -0.14757178261332154 0.6874374979434592 -0.3648922647182635
v -0.2712043611193609 0.6874374986412866 -0.28462084292352996
v -0.20039906522677275 0.6874374998043318 -0.25160379129012284
v -0.14757178261332154 0.6874374979434592 -0.3648922647182635
v -0.2183770785059097 0.6874374967804142 -0.39790931635167065
v -0.20039906522677275 0.6874374998043318 -0.25160379129012284
v -0.2712043611193609 0.6874374986412866 -0.28462084292352996
vt 0 1
vt 0 1
vt 0 0.375
vt 0 0.375
vt 0 1
vt 0.0625 1
vt 0.0625 0.375
vt 0 0.375
vt 0 1
vt 0 1
vt 0 0.375
vt 0 0.375
vt 0 1
vt 0.1875 1
vt 0.1875 0.6875
vt 0 0.6875
vt 0.4375 0.71875
vt 0 0.71875
vt 0 1
vt 0.4375 1
vt 0 1
vt 0 1
vt 0 0.9375
vt 0 0.9375
vn 0.906307787425126 0 0.42261826090760996
vn 0 0.9999999999999998 0
vn -0.906307787425126 0 -0.42261826090760996
vn 0 -0.9999999999999998 0
vn 0.42261826090761023 0 -0.9063077874251257
vn -0.42261826090761023 0 0.9063077874251257
g Stem
f 116/340/85 119/339/85 117/338/85 114/337/85
f 115/344/86 116/343/86 114/342/86 113/341/86
f 120/348/87 115/347/87 113/346/87 118/345/87
f 119/352/88 120/351/88 118/350/88 117/349/88
f 118/356/89 113/355/89 114/354/89 117/353/89
f 119/360/90 116/359/90 115/358/90 120/357/90
o cube
v -0.3117580468649506 0.6874374990102488 -0.2512107060817309
v -0.2948487020961475 0.6874374976230431 -0.3274838316535191
v -0.23548492129316256 0.6874374998939958 -0.23430136131292784
v -0.21857557652435944 0.6874374985067901 -0.310574486884716
v -0.2948487020961475 0.6874374976230431 -0.3274838316535191
v -0.3117580468649506 0.6874374990102488 -0.2512107060817309
v -0.21857557652435944 0.6874374985067901 -0.310574486884716
v -0.23548492129316256 0.6874374998939958 -0.23430136131292784
vt 0 1
vt 0 1
vt 0 0.375
vt 0 0.375
vt 0 1
vt 0.0625 1
vt 0.0625 0.375
vt 0 0.375
vt 0 1
vt 0 1
vt 0 0.375
vt 0 0.375
vt 0 1
vt 0.1875 1
vt 0.1875 0.8125
vt 0 0.8125
vt 0.125 0.90625
vt 0 0.90625
vt 0 1
vt 0.125 1
vt 0 1
vt 0 1
vt 0 0.9375
vt 0 0.9375
vn 0.21643961304067913 0 -0.9762960073188872
vn 0 0.9999999999999998 0
vn -0.21643961304067913 0 0.9762960073188872
vn 0 -0.9999999999999998 0
vn -0.9762960073188873 0 -0.21643961304067916
vn 0.9762960073188873 0 0.21643961304067916
g Stem
f 124/364/91 127/363/91 125/362/91 122/361/91
f 123/368/92 124/367/92 122/366/92 121/365/92
f 128/372/93 123/371/93 121/370/93 126/369/93
f 127/376/94 128/375/94 126/374/94 125/373/94
f 126/380/95 121/379/95 122/378/95 125/377/95
f 127/384/96 124/383/96 123/382/96 128/381/96
o cube
v -0.2902742692197162 0.3857905116421798 0.2099488508590499
v -0.30384053302922265 0.38579051185686875 0.28688695657559893
v -0.3508896634111834 0.37493749925323794 0.1992607215045502
v -0.36445592722068987 0.37493749946792687 0.27619882722109923
v -0.30384053302922265 0.38579051185686875 0.28688695657559893
v -0.2902742692197162 0.3857905116421798 0.2099488508590499
v -0.36445592722068987 0.37493749946792687 0.27619882722109923
v -0.3508896634111834 0.37493749925323794 0.1992607215045502
vt 0 1
vt 0 1
vt 0 0.375
vt 0 0.375
vt 0 1
vt 0.0625 1
vt 0.0625 0.375
vt 0 0.375
vt 0 1
vt 0 1
vt 0 0.375
vt 0 0.375
vt 0 1
vt 0.1875 1
vt 0.1875 0.8125
vt 0 0.8125
vt 0.4375 0.71875
vt 0 0.71875
vt 0 1
vt 0.4375 1
vt 0 1
vt 0 1
vt 0 0.9375
vt 0 0.9375
vn -0.1736481767616825 0 0.9848077531718278
vn -0.17101009146445903 0.984807749387606 -0.03015369568454212
vn 0.1736481767616825 0 -0.9848077531718278
vn 0.17101009146445903 -0.984807749387606 0.03015369568454212
vn 0.9698463070634753 0.17364819822306996 0.17101006967199497
vn -0.9698463070634753 -0.17364819822306996 -0.17101006967199497
g Stem
f 132/388/97 135/387/97 133/386/97 130/385/97
f 131/392/98 132/391/98 130/390/98 129/389/98
f 136/396/99 131/395/99 129/394/99 134/393/99
f 135/400/100 136/399/100 134/398/100 133/397/100
f 134/404/101 129/403/101 130/402/101 133/401/101
f 135/408/102 132/407/102 131/406/102 136/405/102
o cube
v -0.3439128499825175 0.4098140313527704 0.4345776024023531
v 0.010277888453237849 0.5095116909366257 0.5069260473050337
v -0.3439128499825175 0.4098140313527704 0.4345776024023531
v 0.010277888453237849 0.5095116909366257 0.5069260473050337
v 0.09775528941424971 0.4610053527689899 0.14551237922000748
v -0.2564354490215055 0.36130769318513456 0.07316393431732693
v 0.09775528941424971 0.4610053527689899 0.14551237922000748
v -0.2564354490215055 0.36130769318513456 0.07316393431732693
vt 0 1
vt 0.1875 1
vt 0.1875 1
vt 0 1
vt 0 1
vt 0.375 1
vt 0.375 1
vt 0 1
vt 0 1
vt 0.1875 1
vt 0.1875 1
vt 0 1
vt 0 1
vt 0.375 1
vt 0.375 1
vt 0 1
vt 0 1
vt 1 1
vt 1 0
vt 0 0
vt 0 1
vt 0.1875 1
vt 0.1875 0.8125
vt 0 0.8125
vn 0.9445086358286804 0.26586042555694755 0.19292918640714776
vn -0.23327306922936514 0.1293502351136956 0.9637697815600693
vn -0.9445086358286804 -0.26586042555694755 -0.19292918640714776
vn 0.23327306922936514 -0.1293502351136956 -0.9637697815600693
vn -0.23127280864242786 0.9552940650913261 -0.18419049156764983
vn 0.23127280864242786 -0.9552940650913261 0.18419049156764983
g Frond
f 140/412/103 143/411/103 141/410/103 138/409/103
f 139/416/104 140/415/104 138/414/104 137/413/104
f 144/420/105 139/419/105 137/418/105 142/417/105
f 143/424/106 144/423/106 142/422/106 141/421/106
f 142/428/107 137/427/107 138/426/107 141/425/107
f 143/432/108 140/431/108 139/430/108 144/429/108
o cube
v -0.346919112469017 0.375 0.20023230942176418
v -0.3657132249380341 0.375 0.25983961884352835
v -0.346919112469017 0 0.20023230942176418
v -0.3657132249380341 0 0.25983961884352835
v -0.3657132249380341 0.375 0.25983961884352835
v -0.346919112469017 0.375 0.20023230942176418
v -0.3657132249380341 0 0.25983961884352835
v -0.346919112469017 0 0.20023230942176418
vt 0 1
vt 0 1
vt 0 0.375
vt 0 0.375
vt 0 1
vt 0.0625 1
vt 0.0625 0.375
vt 0 0.375
vt 0 1
vt 0 1
vt 0 0.375
vt 0 0.375
vt 0 1
vt 0.1875 1
vt 0.1875 0.4375
vt 0 0.4375
vt 0.4375 0.71875
vt 0 0.71875
vt 0 1
vt 0.4375 1
vt 0 1
vt 0 1
vt 0 0.9375
vt 0 0.9375
vn -0.3007057995042733 0 0.9537169507482268
vn -0.9537169507482268 0 -0.3007057995042733
vn 0.3007057995042733 0 -0.9537169507482268
vn 0.9537169507482268 0 0.3007057995042733
vn 0 1 0
vn 0 -1 0
g Stem
f 148/436/109 151/435/109 149/434/109 146/433/109
f 147/440/110 148/439/110 146/438/110 145/437/110
f 152/444/111 147/443/111 145/442/111 150/441/111
f 151/448/112 152/447/112 150/446/112 149/445/112
f 150/452/113 145/451/113 146/450/113 149/449/113
f 151/456/114 148/455/114 147/454/114 152/453/114
o cube
v -0.32651251399264347 0.375 0.23943302036715464
v -0.38611982341440765 0.375 0.22063890789813767
v -0.32651251399264347 0 0.23943302036715464
v -0.38611982341440765 0 0.22063890789813767
v -0.38611982341440765 0.375 0.22063890789813767
v -0.32651251399264347 0.375 0.23943302036715464
v -0.38611982341440765 0 0.22063890789813767
v -0.32651251399264347 0 0.23943302036715464
vt 0 1
vt 0 1
vt 0 0.375
vt 0 0.375
vt 0 1
vt 0.0625 1
vt 0.0625 0.375
vt 0 0.375
vt 0 1
vt 0 1
vt 0 0.375
vt 0 0.375
vt 0 1
vt 0.1875 1
vt 0.1875 0.4375
vt 0 0.4375
vt 0.4375 0.71875
vt 0 0.71875
vt 0 1
vt 0.4375 1
vt 0 1
vt 0 1
vt 0 0.9375
vt 0 0.9375
vn -0.9537169507482269 0 -0.30070579950427306
vn 0.30070579950427306 0 -0.9537169507482269
vn 0.9537169507482269 0 0.30070579950427306
vn -0.30070579950427306 0 0.9537169507482269
vn 0 1 0
vn 0 -1 0
g Stem
f 156/460/115 159/459/115 157/458/115 154/457/115
f 155/464/116 156/463/116 154/462/116 153/461/116
f 160/468/117 155/467/117 153/466/117 158/465/117
f 159/472/118 160/471/118 158/470/118 157/469/118
f 158/476/119 153/475/119 154/474/119 157/473/119
f 159/480/120 156/479/120 155/478/120 160/477/120
o cube
v -0.47240339936356335 0.3481679707292079 0.08422477965619113
v -0.8201221037643298 0.43542698012446934 0.1942364512606627
v -0.47240339936356335 0.3481679707292079 0.08422477965619113
v -0.8201221037643298 0.43542698012446934 0.1942364512606627
v -0.6980171974737309 0.4782616504184648 0.5462031867351511
v -0.35029849307296446 0.39100264102320337 0.43619151513067966
v -0.6980171974737309 0.4782616504184648 0.5462031867351511
v -0.35029849307296446 0.39100264102320337 0.43619151513067966
vt 0 1
vt 0.1875 1
vt 0.1875 1
vt 0 1
vt 0 1
vt 0.375 1
vt 0.375 1
vt 0 1
vt 0 1
vt 0.1875 1
vt 0.1875 1
vt 0 1
vt 0 1
vt 0.375 1
vt 0.375 1
vt 0 1
vt 0 1
vt 1 1
vt 1 0
vt 0 0
vt 0 1
vt 0.1875 1
vt 0.1875 0.8125
vt 0 0.8125
vn -0.9272498784020439 0.23269069172069723 0.29336445761192426
vn -0.32561308344159706 -0.1142257874506546 -0.9385779612653034
vn 0.9272498784020439 -0.23269069172069723 -0.29336445761192426
vn 0.32561308344159706 0.1142257874506546 0.9385779612653034
vn 0.18488856885986893 0.9658196060692812 -0.1816829811433315
vn -0.18488856885986893 -0.9658196060692812 0.1816829811433315
g Frond
f 164/484/121 167/483/121 165/482/121 162/481/121
f 163/488/122 164/487/122 162/486/122 161/485/122
f 168/492/123 163/491/123 161/490/123 166/489/123
f 167/496/124 168/495/124 166/494/124 165/493/124
f 166/500/125 161/499/125 162/498/125 165/497/125
f 167/504/126 164/503/126 163/502/126 168/501/126
o cube
v -0.17104397252896775 0.3581944049078549 0.05790296178384191
v -0.3033386039106238 0.4515815476209317 -0.415147745945762
v -0.17104397252896775 0.3581944049078549 0.05790296178384191
v -0.3033386039106238 0.4515815476209317 -0.415147745945762
v -0.7826244986149155 0.47978246958439863 -0.27554209012223674
v -0.6503298672332595 0.38639532687132183 0.19750861760736727
v -0.7826244986149155 0.47978246958439863 -0.27554209012223674
v -0.6503298672332595 0.38639532687132183 0.19750861760736727
vt 0 1
vt 0.1875 1
vt 0.1875 1
vt 0 1
vt 0 1
vt 0.375 1
vt 0.375 1
vt 0 1
vt 0 1
vt 0.1875 1
vt 0.1875 1
vt 0 1
vt 0 1
vt 0.375 1
vt 0.375 1
vt 0 1
vt 0 1
vt 1 1
vt 1 0
vt 0 0
vt 0 1
vt 0.1875 1
vt 0.1875 0.8125
vt 0 0.8125
vn -0.2645892627633123 0.1867742854261536 -0.946101415459208
vn 0.9585717894085843 -0.0564018439269336 -0.2792113116470507
vn 0.2645892627633123 -0.1867742854261536 0.946101415459208
vn -0.9585717894085843 0.0564018439269336 0.2792113116470507
vn 0.10551135758955824 0.9807824418825979 0.164113238693339
vn -0.10551135758955824 -0.9807824418825979 -0.164113238693339
g Frond
f 172/508/127 175/507/127 173/506/127 170/505/127
f 171/512/128 172/511/128 170/510/128 169/509/128
f 176/516/129 171/515/129 169/514/129 174/513/129
f 175/520/130 176/519/130 174/518/130 173/517/130
f 174/524/131 169/523/131 170/522/131 173/521/131
f 175/528/132 172/527/132 171/526/132 176/525/132
o cube
v -0.455613378781295 0.374937496780414 0.14080407639608772
v -0.38631565747240615 0.3749374979434592 0.10472996592340134
v -0.39789480202499683 0.37493749864128634 0.25168043049030975
v -0.328597080716108 0.37493749980433155 0.21560632001762337
v -0.38631565747240615 0.3749374979434592 0.10472996592340134
v -0.455613378781295 0.374937496780414 0.14080407639608772
v -0.328597080716108 0.37493749980433155 0.21560632001762337
v -0.39789480202499683 0.37493749864128634 0.25168043049030975
vt 0 1
vt 0 1
vt 0 0.375
vt 0 0.375
vt 0 1
vt 0.0625 1
vt 0.0625 0.375
vt 0 0.375
vt 0 1
vt 0 1
vt 0 0.375
vt 0 0.375
vt 0 1
vt 0.1875 1
vt 0.1875 0.6875
vt 0 0.6875
vt 0.4375 0.71875
vt 0 0.71875
vt 0 1
vt 0.4375 1
vt 0 1
vt 0 1
vt 0 0.9375
vt 0 0.9375
vn 0.8870108327537763 0 -0.4617486140503854
vn 0 0.9999999999999998 0
vn -0.8870108327537763 0 0.4617486140503854
vn 0 -0.9999999999999998 0
vn -0.46174861405038514 0 -0.8870108327537767
vn 0.46174861405038514 0 0.8870108327537767
g Stem
f 180/532/133 183/531/133 181/530/133 178/529/133
f 179/536/134 180/535/134 178/534/134 177/533/134
f 184/540/135 179/539/135 177/538/135 182/537/135
f 183/544/136 184/543/136 182/542/136 181/541/136
f 182/548/137 177/547/137 178/546/137 181/545/137
f 183/552/138 180/551/138 179/550/138 184/549/138
o cube
v -0.396076278048024 0.37493749901024853 0.3041926351848848
v -0.4462940601097972 0.37493749762304296 0.24434541311237545
v -0.33622905597551467 0.3749374998939957 0.25397485312311163
v -0.38644683803728797 0.37493749850679015 0.19412763105060227
v -0.4462940601097972 0.37493749762304296 0.24434541311237545
v -0.396076278048024 0.37493749901024853 0.3041926351848848
v -0.38644683803728797 0.37493749850679015 0.19412763105060227
v -0.33622905597551467 0.3749374998939957 0.25397485312311163
vt 0 1
vt 0 1
vt 0 0.375
vt 0 0.375
vt 0 1
vt 0.0625 1
vt 0.0625 0.375
vt 0 0.375
vt 0 1
vt 0 1
vt 0 0.375
vt 0 0.375
vt 0 1
vt 0.1875 1
vt 0.1875 0.8125
vt 0 0.8125
vt 0.125 0.90625
vt 0 0.90625
vt 0 1
vt 0.125 1
vt 0 1
vt 0 1
vt 0 0.9375
vt 0 0.9375
vn -0.6427876103906971 0 -0.7660444425281194
vn 0 0.9999999999999998 0
vn 0.6427876103906971 0 0.7660444425281194
vn 0 -0.9999999999999998 0
vn -0.7660444425281194 0 0.6427876103906972
vn 0.7660444425281194 0 -0.6427876103906972
g Stem
f 188/556/139 191/555/139 189/554/139 186/553/139
f 187/560/140 188/559/140 186/558/140 185/557/140
f 192/564/141 187/563/141 185/562/141 190/561/141
f 191/568/142 192/567/142 190/566/142 189/565/142
f 190/572/143 185/571/143 186/570/143 189/569/143
f 191/576/144 188/575/144 187/574/144 192/573/144
o cube
v 0.3472023171836598 0.3232905116421798 0.2811653735997086
v 0.2896025252938854 0.32329051185686875 0.3339458586226285
v 0.3056194126280647 0.31243749925323794 0.23578559648692698
v 0.2480196207382902 0.31243749946792687 0.288566081509847
v 0.2896025252938854 0.32329051185686875 0.3339458586226285
v 0.3472023171836598 0.3232905116421798 0.2811653735997086
v 0.2480196207382902 0.31243749946792687 0.288566081509847
v 0.3056194126280647 0.31243749925323794 0.23578559648692698
vt 0 1
vt 0 1
vt 0 0.375
vt 0 0.375
vt 0 1
vt 0.0625 1
vt 0.0625 0.375
vt 0 0.375
vt 0 1
vt 0 1
vt 0 0.375
vt 0 0.375
vt 0 1
vt 0.1875 1
vt 0.1875 0.8125
vt 0 0.8125
vt 0.4375 0.71875
vt 0 0.71875
vt 0 1
vt 0.4375 1
vt 0 1
vt 0 1
vt 0 0.9375
vt 0 0.9375
vn -0.7372773361891128 0 0.675590208293375
vn -0.11731502041202233 0.984807749387606 -0.12802688284827296
vn 0.7372773361891128 0 -0.675590208293375
vn 0.11731502041202233 -0.984807749387606 0.12802688284827296
vn 0.6653264728895228 0.17364819822306998 0.7260764338045057
vn -0.6653264728895228 -0.17364819822306998 -0.7260764338045057
g Stem
f 196/580/145 199/579/145 197/578/145 194/577/145
f 195/584/146 196/583/146 194/582/146 193/581/146
f 200/588/147 195/587/147 193/586/147 198/585/147
f 199/592/148 200/591/148 198/590/148 197/589/148
f 198/596/149 193/595/149 194/594/149 197/593/149
f 199/600/150 196/599/150 195/598/150 200/597/150
o cube
v 0.1679026501810642 0.3473140313527703 0.4267222448868756
v 0.4048581129137755 0.44701169093662574 0.6997377853870979
v 0.1679026501810642 0.3473140313527703 0.4267222448868756
v 0.4048581129137755 0.44701169093662574 0.6997377853870979
v 0.694273302212914 0.3985053527689899 0.4662619121999291
v 0.45731783948020266 0.29880769318513445 0.19324637169970682
v 0.694273302212914 0.3985053527689899 0.4662619121999291
v 0.45731783948020266 0.29880769318513445 0.19324637169970682
vt 0 1
vt 0.1875 1
vt 0.1875 1
vt 0 1
vt 0 1
vt 0.375 1
vt 0.375 1
vt 0 1
vt 0 1
vt 0.1875 1
vt 0.1875 1
vt 0 1
vt 0 1
vt 0.375 1
vt 0.375 1
vt 0 1
vt 0 1
vt 1 1
vt 1 0
vt 0 0
vt 0 1
vt 0.1875 1
vt 0.1875 0.8125
vt 0 0.8125
vn 0.6318812339538965 0.26586042555694755 0.7280414413339258
vn -0.7717738381310356 0.1293502351136956 0.6226023284991168
vn -0.6318812339538965 -0.26586042555694755 -0.7280414413339258
vn 0.7717738381310356 -0.1293502351136956 -0.6226023284991168
vn -0.07135298839846457 0.955294065091326 -0.2869181072151043
vn 0.07135298839846457 -0.955294065091326 0.2869181072151043
g Frond
f 204/604/151 207/603/151 205/602/151 202/601/151
f 203/608/152 204/607/152 202/606/152 201/605/152
f 208/612/153 203/611/153 201/610/153 206/609/153
f 207/616/154 208/615/154 206/614/154 205/613/154
f 206/620/155 201/619/155 202/618/155 205/617/155
f 207/624/156 204/623/156 203/622/156 208/621/156
o cube
v 0.30817799723193806 0.3125 0.23897352727194032
v 0.256980994463876 0.3125 0.27482205454388076
v 0.30817799723193806 0 0.23897352727194032
v 0.256980994463876 0 0.27482205454388076
v 0.256980994463876 0.3125 0.27482205454388076
v 0.30817799723193806 0.3125 0.23897352727194032
v 0.256980994463876 0 0.27482205454388076
v 0.30817799723193806 0 0.23897352727194032
vt 0 1
vt 0 1
vt 0 0.375
vt 0 0.375
vt 0 1
vt 0.0625 1
vt 0.0625 0.375
vt 0 0.375
vt 0 1
vt 0 1
vt 0 0.375
vt 0 0.375
vt 0 1
vt 0.1875 1
vt 0.1875 0.4375
vt 0 0.4375
vt 0.4375 0.71875
vt 0 0.71875
vt 0 1
vt 0.4375 1
vt 0 1
vt 0 1
vt 0 0.9375
vt 0 0.9375
vn -0.8191520442889919 0 0.5735764363510462
vn -0.5735764363510462 0 -0.8191520442889919
vn 0.8191520442889919 0 -0.5735764363510462
vn 0.5735764363510462 0 0.8191520442889919
vn 0 1 0
vn 0 -1 0
g Stem
f 212/628/157 215/627/157 213/626/157 210/625/157
f 211/632/158 212/631/158 210/630/158 209/629/158
f 216/636/159 211/635/159 209/634/159 214/633/159
f 215/640/160 216/639/160 214/638/160 213/637/160
f 214/644/161 209/643/161 210/642/161 213/641/161
f 215/648/162 212/647/162 211/646/162 216/645/162
o cube
v 0.3005037594838772 0.3125 0.2824962922919416
v 0.26465523221193676 0.3125 0.23129928952387968
v 0.3005037594838772 0 0.2824962922919416
v 0.26465523221193676 0 0.23129928952387968
v 0.26465523221193676 0.3125 0.23129928952387968
v 0.3005037594838772 0.3125 0.2824962922919416
v 0.26465523221193676 0 0.23129928952387968
v 0.3005037594838772 0 0.2824962922919416
vt 0 1
vt 0 1
vt 0 0.375
vt 0 0.375
vt 0 1
vt 0.0625 1
vt 0.0625 0.375
vt 0 0.375
vt 0 1
vt 0 1
vt 0 0.375
vt 0 0.375
vt 0 1
vt 0.1875 1
vt 0.1875 0.4375
vt 0 0.4375
vt 0.4375 0.71875
vt 0 0.71875
vt 0 1
vt 0.4375 1
vt 0 1
vt 0 1
vt 0 0.9375
vt 0 0.9375
vn -0.5735764363510464 0 -0.8191520442889918
vn 0.8191520442889918 0 -0.5735764363510464
vn 0.5735764363510464 0 0.8191520442889918
vn -0.8191520442889918 0 0.5735764363510464
vn 0 1 0
vn 0 -1 0
g Stem
f 220/652/163 223/651/163 221/650/163 218/649/163
f 219/656/164 220/655/164 218/654/164 217/653/164
f 224/660/165 219/659/165 217/658/165 222/657/165
f 223/664/166 224/663/166 222/662/166 221/661/166
f 222/668/167 217/667/167 218/666/167 221/665/167
f 223/672/168 220/671/168 219/670/168 224/669/168
o cube
v 0.2792455286659481 0.2856679707292079 0.07054857222542377
v -0.06358912936571676 0.37292698012446934 -0.05385103602021768
v 0.2792455286659481 0.2856679707292079 0.07054857222542377
v -0.06358912936571676 0.37292698012446934 -0.05385103602021768
v -0.18098056694510595 0.4157616504184648 0.2997157064823105
v 0.1618540910865589 0.32850264102320337 0.42411531472795194
v -0.18098056694510595 0.4157616504184648 0.2997157064823105
v 0.1618540910865589 0.32850264102320337 0.42411531472795194
vt 0 1
vt 0.1875 1
vt 0.1875 1
vt 0 1
vt 0 1
vt 0.375 1
vt 0.375 1
vt 0 1
vt 0 1
vt 0.1875 1
vt 0.1875 1
vt 0 1
vt 0 1
vt 0.375 1
vt 0.375 1
vt 0 1
vt 0 1
vt 1 1
vt 1 0
vt 0 0
vt 0 1
vt 0.1875 1
vt 0.1875 0.8125
vt 0 0.8125
vn -0.9142257547511065 0.2326906917206972 -0.331732288655044
vn 0.3130438335450379 -0.11422578745065463 -0.9428446466734086
vn 0.9142257547511065 -0.2326906917206972 0.331732288655044
vn -0.3130438335450379 0.11422578745065463 0.9428446466734086
vn 0.257283554914022 0.9658196060692812 -0.03158577057762054
vn -0.257283554914022 -0.9658196060692812 0.03158577057762054
g Frond
f 228/676/169 231/675/169 229/674/169 226/673/169
f 227/680/170 228/679/170 226/678/170 225/677/170
f 232/684/171 227/683/171 225/682/171 230/681/171
f 231/688/172 232/687/172 230/686/172 229/685/172
f 230/692/173 225/691/173 226/690/173 229/689/173
f 231/696/174 228/695/174 227/694/174 232/693/174
o cube
v 0.5343537440355051 0.2956944049078549 0.23312206541893543
v 0.7173723811573307 0.3890815476209317 -0.2227101625355573
v 0.5343537440355051 0.2956944049078549 0.23312206541893543
v 0.7173723811573307 0.3890815476209317 -0.2227101625355573
v 0.25214277710237876 0.4172824695843984 -0.40372431532832287
v 0.06912413998055311 0.3238953268713217 0.05210791262616998
v 0.25214277710237876 0.4172824695843984 -0.40372431532832287
v 0.06912413998055311 0.3238953268713217 0.05210791262616998
vt 0 1
vt 0.1875 1
vt 0.1875 1
vt 0 1
vt 0 1
vt 0.375 1
vt 0.375 1
vt 0 1
vt 0 1
vt 0.1875 1
vt 0.1875 1
vt 0 1
vt 0 1
vt 0.375 1
vt 0.375 1
vt 0 1
vt 0 1
vt 1 1
vt 1 0
vt 0 0
vt 0 1
vt 0.1875 1
vt 0.1875 0.8125
vt 0 0.8125
vn 0.36603727424365146 0.18677428542615354 -0.911664455908986
vn 0.9304592081099048 -0.05640184392693359 0.36202830558553134
vn -0.36603727424365146 -0.18677428542615354 0.911664455908986
vn -0.9304592081099048 0.05640184392693359 -0.36202830558553134
vn -0.016198021723867275 0.9807824418825979 0.19443103092624286
vn 0.016198021723867275 -0.9807824418825979 -0.19443103092624286
g Frond
f 236/700/175 239/699/175 237/698/175 234/697/175
f 235/704/176 236/703/176 234/702/176 233/701/176
f 240/708/177 235/707/177 233/706/177 238/705/177
f 239/712/178 240/711/178 238/710/178 237/709/178
f 238/716/179 233/715/179 234/714/179 237/713/179
f 239/720/180 236/719/180 235/718/180 240/717/180
o cube
v 0.25812265404276136 0.3124374967804141 0.12565706320809722
v 0.3350607597593104 0.3124374979434592 0.13922332701760365
v 0.23641663194755103 0.31243749864128656 0.24875803235457572
v 0.31335473766410005 0.31243749980433166 0.26232429616408215
v 0.3350607597593104 0.3124374979434592 0.13922332701760365
v 0.25812265404276136 0.3124374967804141 0.12565706320809722
v 0.31335473766410005 0.31243749980433166 0.26232429616408215
v 0.23641663194755103 0.31243749864128656 0.24875803235457572
vt 0 1
vt 0 1
vt 0 0.375
vt 0 0.375
vt 0 1
vt 0.0625 1
vt 0.0625 0.375
vt 0 0.375
vt 0 1
vt 0 1
vt 0 0.375
vt 0 0.375
vt 0 1
vt 0.1875 1
vt 0.1875 0.6875
vt 0 0.6875
vt 0.4375 0.71875
vt 0 0.71875
vt 0 1
vt 0.4375 1
vt 0 1
vt 0 1
vt 0 0.9375
vt 0 0.9375
vn 0.9848077531718276 0 0.1736481767616824
vn 0 0.9999999999999998 0
vn -0.9848077531718276 0 -0.1736481767616824
vn 0 -0.9999999999999998 0
vn 0.17364817676168282 0 -0.9848077531718276
vn -0.17364817676168282 0 0.9848077531718276
g Stem
f 244/724/181 247/723/181 245/722/181 242/721/181
f 243/728/182 244/727/182 242/726/182 241/725/182
f 248/732/183 243/731/183 241/730/183 246/729/183
f 247/736/184 248/735/184 246/734/184 245/733/184
f 246/740/185 241/739/185 242/738/185 245/737/185
f 247/744/186 244/743/186 243/742/186 248/741/186
o cube
v 0.2058919592488142 0.31243749901024864 0.29152581260998245
v 0.20248419453915223 0.31243749762304307 0.21347517030203234
v 0.2839426015567643 0.31243749989399583 0.2881180479003205
v 0.28053483684710234 0.31243749850679037 0.21006740559237025
