# Made in Blockbench 4.11.2

o cube
v 0.1626208679776145 0.39084930698530784 0.33707990645465813
v 0.18950726339627405 0.3908493071141212 0.29868215435389733
v 0.19287239105019316 0.38433749955194274 0.358262250889116
v 0.21975878646885272 0.38433749968075603 0.3198644987883552
v 0.18950726339627405 0.3908493071141212 0.29868215435389733
v 0.1626208679776145 0.39084930698530784 0.33707990645465813
v 0.21975878646885272 0.38433749968075603 0.3198644987883552
v 0.19287239105019316 0.38433749955194274 0.358262250889116
vt 0 1
vt 0 1
vt 0 0.375
vt 0 0.375
vt 0 1
vt 0.0625 1
vt 0.0625 0.375
vt 0 0.375
vt 0 1
vt 0 1
vt 0 0.375
vt 0 0.375
vt 0 1
vt 0.1875 1
vt 0.1875 0.8125
vt 0 0.8125
vt 0.4375 0.71875
vt 0 0.71875
vt 0 1
vt 0.4375 1
vt 0 1
vt 0 1
vt 0 0.9375
vt 0 0.9375
vn 0.5735764355980708 0 -0.8191520448162308
vn 0.1422442751008298 0.984807749387606 0.09960051680166161
vn -0.5735764355980708 0 0.8191520448162308
vn -0.1422442751008298 -0.984807749387606 -0.09960051680166161
vn -0.8067072819354314 0.17364819822306998 -0.5648625182522115
vn 0.8067072819354314 -0.17364819822306998 0.5648625182522115
g Stem
f 4/4/1 7/3/1 5/2/1 2/1/1
f 3/8/2 4/7/2 2/6/2 1/5/2
f 8/12/3 3/11/3 1/10/3 6/9/3
f 7/16/4 8/15/4 6/14/4 5/13/4
f 6/20/5 1/19/5 2/18/5 5/17/5
f 7/24/6 4/23/6 3/22/6 8/21/6
o cube
v 0.2487480335446957 0.40526341881166217 0.22853142068357613
v 0.0744900033549921 0.46508201456197534 0.0993769607649773
v 0.2487480335446957 0.40526341881166217 0.22853142068357613
v 0.0744900033549921 0.46508201456197534 0.0993769607649773
v -0.06472287615867761 0.43597821166139383 0.27372644551969816
v 0.109535154031026 0.37615961591108066 0.402880905438297
v -0.06472287615867761 0.43597821166139383 0.27372644551969816
v 0.109535154031026 0.37615961591108066 0.402880905438297
vt 0 1
vt 0.1875 1
vt 0.1875 1
vt 0 1
vt 0 1
vt 0.375 1
vt 0.375 1
vt 0 1
vt 0 1
vt 0.1875 1
vt 0.1875 1
vt 0 1
vt 0 1
vt 0.375 1
vt 0.375 1
vt 0 1
vt 0 1
vt 1 1
vt 1 0
vt 0 0
vt 0 1
vt 0.1875 1
vt 0.1875 0.8125
vt 0 0.8125
vn -0.7744801341764607 0.2658604255569476 -0.5740198218604393
vn 0.6187239089496428 0.12935023511369562 -0.77488659890987
vn 0.7744801341764607 -0.2658604255569476 0.5740198218604393
vn -0.6187239089496428 -0.12935023511369562 0.77488659890987
vn 0.13176208202698436 0.955294065091326 0.2646733891822216
vn -0.13176208202698436 -0.955294065091326 -0.2646733891822216
g Frond
f 12/28/7 15/27/7 13/26/7 10/25/7
f 11/32/8 12/31/8 10/30/8 9/29/8
f 16/36/9 11/35/9 9/34/9 14/33/9
f 15/40/10 16/39/10 14/38/10 13/37/10
f 14/44/11 9/43/11 10/42/11 13/41/11
f 15/48/12 12/47/12 11/46/12 16/45/12
o cube
v 0.1909596327855873 0.38437499999999997 0.35672709986962037
v 0.21629426557117454 0.38437499999999997 0.3290791997392407
v 0.1909596327855873 0 0.35672709986962037
v 0.21629426557117454 0 0.3290791997392407
v 0.21629426557117454 0.38437499999999997 0.3290791997392407
v 0.1909596327855873 0.38437499999999997 0.35672709986962037
v 0.21629426557117454 0 0.3290791997392407
v 0.1909596327855873 0 0.35672709986962037
vt 0 1
vt 0 1
vt 0 0.375
vt 0 0.375
vt 0 1
vt 0.0625 1
vt 0.0625 0.375
vt 0 0.375
vt 0 1
vt 0 1
vt 0 0.375
vt 0 0.375
vt 0 1
vt 0.1875 1
vt 0.1875 0.4375
vt 0 0.4375
vt 0.4375 0.71875
vt 0 0.71875
vt 0 1
vt 0.4375 1
vt 0 1
vt 0 1
vt 0 0.9375
vt 0 0.9375
vn 0.6755902076156601 0 -0.7372773368101242
vn 0.7372773368101242 0 0.6755902076156601
vn -0.6755902076156601 0 0.7372773368101242
vn -0.7372773368101242 0 -0.6755902076156601
vn 0 1 0
vn 0 -1 0
g Stem
f 20/52/13 23/51/13 21/50/13 18/49/13
f 19/56/14 20/55/14 18/54/14 17/53/14
f 24/60/15 19/59/15 17/58/15 22/57/15
f 23/64/16 24/63/16 22/62/16 21/61/16
f 22/68/17 17/67/17 18/66/17 21/65/17
f 23/72/18 20/71/18 19/70/18 24/69/18
o cube
v 0.189802999113191 0.38437499999999997 0.33023583341163687
v 0.21745089924357072 0.38437499999999997 0.3555704661972242
v 0.189802999113191 0 0.33023583341163687
v 0.21745089924357072 0 0.3555704661972242
v 0.21745089924357072 0.38437499999999997 0.3555704661972242
v 0.189802999113191 0.38437499999999997 0.33023583341163687
v 0.21745089924357072 0 0.3555704661972242
v 0.189802999113191 0 0.33023583341163687
vt 0 1
vt 0 1
vt 0 0.375
vt 0 0.375
vt 0 1
vt 0.0625 1
vt 0.0625 0.375
vt 0 0.375
vt 0 1
vt 0 1
vt 0 0.375
vt 0 0.375
vt 0 1
vt 0.1875 1
vt 0.1875 0.4375
vt 0 0.4375
vt 0.4375 0.71875
vt 0 0.71875
vt 0 1
vt 0.4375 1
vt 0 1
vt 0 1
vt 0 0.9375
vt 0 0.9375
vn 0.7372773368101243 0 0.67559020761566
vn -0.67559020761566 0 0.7372773368101243
vn -0.7372773368101243 0 -0.67559020761566
vn 0.67559020761566 0 -0.7372773368101243
vn 0 1 0
vn 0 -1 0
g Stem
f 28/76/19 31/75/19 29/74/19 26/73/19
f 27/80/20 28/79/20 26/78/20 25/77/20
f 32/84/21 27/83/21 25/82/21 30/81/21
f 31/88/22 32/87/22 30/86/22 29/85/22
f 30/92/23 25/91/23 26/90/23 29/89/23
f 31/96/24 28/95/24 27/94/24 32/93/24
o cube
v 0.2297799242565329 0.3682757824375247 0.45162938714036194
v 0.44675979080936107 0.4206311880746816 0.4799780910134791
v 0.2297799242565329 0.3682757824375247 0.45162938714036194
v 0.44675979080936107 0.4206311880746816 0.4799780910134791
v 0.46960955632749707 0.44633199025107884 0.257621717182514
v 0.25262968977466893 0.393976584613922 0.2292730133093968
v 0.46960955632749707 0.44633199025107884 0.257621717182514
v 0.25262968977466893 0.393976584613922 0.2292730133093968
vt 0 1
vt 0.1875 1
vt 0.1875 1
vt 0 1
vt 0 1
vt 0.375 1
vt 0.375 1
vt 0 1
vt 0 1
vt 0.1875 1
vt 0.1875 1
vt 0 1
vt 0 1
vt 0.375 1
vt 0.375 1
vt 0 1
vt 0 1
vt 1 1
vt 1 0
vt 0 0
vt 0 1
vt 0.1875 1
vt 0.1875 0.8125
vt 0 0.8125
vn 0.9643549624570137 0.23269069172069715 0.12599423943607618
vn -0.10155451341393772 -0.11422578745065465 0.9882505503598449
vn -0.9643549624570137 -0.23269069172069715 -0.12599423943607618
vn 0.10155451341393772 0.11422578745065465 -0.9882505503598449
vn -0.24434849537042402 0.9658196060692812 0.08652341499495085
vn 0.24434849537042402 -0.9658196060692812 -0.08652341499495085
g Frond
f 36/100/25 39/99/25 37/98/25 34/97/25
f 35/104/26 36/103/26 34/102/26 33/101/26
f 40/108/27 35/107/27 33/106/27 38/105/27
f 39/112/28 40/111/28 38/110/28 37/109/28
f 38/116/29 33/115/29 34/114/29 37/113/29
f 39/120/30 36/119/30 35/118/30 40/117/30
o cube
v 0.05923083856523503 0.37429164294471295 0.3895267899675579
v 0.011218710638302265 0.4303239285725591 0.6803105903059662
v 0.05923083856523503 0.37429164294471295 0.3895267899675579
v 0.011218710638302265 0.4303239285725591 0.6803105903059662
v 0.3072469735466841 0.44724448175063913 0.7259281575316927
v 0.35525910147361683 0.39121219612279307 0.4351443571932844
v 0.3072469735466841 0.44724448175063913 0.7259281575316927
v 0.35525910147361683 0.39121219612279307 0.4351443571932844
vt 0 1
vt 0.1875 1
vt 0.1875 1
vt 0 1
vt 0 1
vt 0.375 1
vt 0.375 1
vt 0 1
vt 0 1
vt 0.1875 1
vt 0.1875 1
vt 0 1
vt 0 1
vt 0.375 1
vt 0.375 1
vt 0 1
vt 0 1
vt 1 1
vt 1 0
vt 0 0
vt 0 1
vt 0.1875 1
vt 0.1875 0.8125
vt 0 0.8125
vn -0.16004042642310923 0.18677428542615357 0.9692793344613612
vn -0.986760876361273 -0.056401843926933586 -0.15205855741908839
vn 0.16004042642310923 -0.18677428542615357 -0.9692793344613612
vn 0.986760876361273 0.056401843926933586 0.15205855741908839
vn -0.02626851333900981 0.980782441882598 -0.19332813272197805
vn 0.02626851333900981 -0.980782441882598 0.19332813272197805
g Frond
f 44/124/31 47/123/31 45/122/31 42/121/31
f 43/128/32 44/127/32 42/126/32 41/125/32
f 48/132/33 43/131/33 41/130/33 46/129/33
f 47/136/34 48/135/34 46/134/34 45/133/34
f 46/140/35 41/139/35 42/138/35 45/137/35
f 47/144/36 44/143/36 43/142/36 48/141/36
o cube
v 0.23499663484083955 0.38433749806824846 0.41660497122026524
v 0.1881662494560693 0.38433749876607554 0.4186496300460625
v 0.231725180719564 0.3843374991847719 0.3416763546046333
v 0.1848947953347938 0.38433749988259897 0.34372101343043054
v 0.1881662494560693 0.38433749876607554 0.4186496300460625
v 0.23499663484083955 0.38433749806824846 0.41660497122026524
v 0.1848947953347938 0.38433749988259897 0.34372101343043054
v 0.231725180719564 0.3843374991847719 0.3416763546046333
vt 0 1
vt 0 1
vt 0 0.375
vt 0 0.375
vt 0 1
vt 0.0625 1
vt 0.0625 0.375
vt 0 0.375
vt 0 1
vt 0 1
vt 0 0.375
vt 0 0.375
vt 0 1
vt 0.1875 1
vt 0.1875 0.6875
vt 0 0.6875
vt 0.4375 0.71875
vt 0 0.71875
vt 0 1
vt 0.4375 1
vt 0 1
vt 0 1
vt 0 0.9375
vt 0 0.9375
vn -0.9990482215417622 0 0.043619388283674065
vn 0 0.9999999999999999 0
vn 0.9990482215417622 0 -0.043619388283674065
vn 0 -0.9999999999999999 0
vn 0.043619388283673684 0 0.9990482215417622
vn -0.043619388283673684 0 -0.9990482215417622
g Stem
f 52/148/37 55/147/37 53/146/37 50/145/37
f 51/152/38 52/151/38 50/150/38 49/149/38
f 56/156/39 51/155/39 49/154/39 54/153/39
f 55/160/40 56/159/40 54/158/40 53/157/40
f 54/164/41 49/163/41 50/162/41 53/161/41
f 55/168/42 52/167/42 51/166/42 56/165/42
o cube
v 0.24405186525573375 0.3843374994061492 0.31265989772189035
v 0.2561840080365343 0.3843374985738259 0.3579376708180384
v 0.1987740921595857 0.38433749993639754 0.32479204050269095
v 0.21090623494038624 0.3843374991040742 0.370069813598839
v 0.2561840080365343 0.3843374985738259 0.3579376708180384
v 0.24405186525573375 0.3843374994061492 0.31265989772189035
v 0.21090623494038624 0.3843374991040742 0.370069813598839
v 0.1987740921595857 0.38433749993639754 0.32479204050269095
vt 0 1
vt 0 1
vt 0 0.375
vt 0 0.375
vt 0 1
vt 0.0625 1
vt 0.0625 0.375
vt 0 0.375
vt 0 1
vt 0 1
vt 0 0.375
vt 0 0.375
vt 0 1
vt 0.1875 1
vt 0.1875 0.8125
vt 0 0.8125
vt 0.125 0.90625
vt 0 0.90625
vt 0 1
vt 0.125 1
vt 0 1
vt 0 1
vt 0 0.9375
vt 0 0.9375
vn 0.2588190459904124 0 0.9659258260511584
vn 0 0.9999999999999998 0
vn -0.2588190459904124 0 -0.9659258260511584
vn 0 -0.9999999999999998 0
vn 0.9659258260511585 0 -0.2588190459904125
vn -0.9659258260511585 0 0.2588190459904125
g Stem
f 60/172/43 63/171/43 61/170/43 58/169/43
f 59/176/44 60/175/44 58/174/44 57/173/44
f 64/180/45 59/179/45 57/178/45 62/177/45
f 63/184/46 64/183/46 62/182/46 61/181/46
f 62/188/47 57/187/47 58/186/47 61/185/47
f 63/192/48 60/191/48 59/190/48 64/189/48
o cube
v 0.26213732130795053 0.24375 0.06653739813293866
v 0.3077396603220077 0.24375 0.01677117789825519
v 0.26213732130795053 0 0.06653739813293866
v 0.3077396603220077 0 0.01677117789825519
v 0.3077396603220077 0.24375 0.01677117789825519
v 0.26213732130795053 0.24375 0.06653739813293866
v 0.3077396603220077 0 0.01677117789825519
v 0.26213732130795053 0 0.06653739813293866
vt 0 1
vt 0 1
vt 0 0.375
vt 0 0.375
vt 0 0.84375
vt 0.25 0.84375
vt 0.25 0
vt 0 0
vt 0 1
vt 0 1
vt 0 0.375
vt 0 0.375
vt 0.40625 0.71875
vt 0.59375 0.71875
vt 0.59375 0.15625
vt 0.40625 0.15625
vt 0.9375 0.5625
vt 0.5 0.5625
vt 0.5 0.84375
vt 0.9375 0.84375
vt 0 1
vt 0 1
vt 0 0.9375
vt 0 0.9375
vn 0.6755902076156601 0 -0.7372773368101242
vn 0.7372773368101242 0 0.6755902076156601
vn -0.6755902076156601 0 0.7372773368101242
vn -0.7372773368101242 0 -0.6755902076156601
vn 0 1 0
vn 0 -1 0
g Fiddlehead
f 68/196/49 71/195/49 69/194/49 66/193/49
f 67/200/50 68/199/50 66/198/50 65/197/50
f 72/204/51 67/203/51 65/202/51 70/201/51
f 71/208/52 72/207/52 70/206/52 69/205/52
f 70/212/53 65/211/53 66/210/53 69/209/53
f 71/216/54 68/215/54 67/214/54 72/213/54
o cube
v 0.012137321307950505 0.24375 -0.4334626018670614
v 0.05773966032200764 0.24375 -0.4832288221017449
v 0.012137321307950505 0 -0.4334626018670614
v 0.05773966032200764 0 -0.4832288221017449
v 0.05773966032200764 0.24375 -0.4832288221017449
v 0.012137321307950505 0.24375 -0.4334626018670614
v 0.05773966032200764 0 -0.4832288221017449
v 0.012137321307950505 0 -0.4334626018670614
vt 0 1
vt 0 1
vt 0 0.375
vt 0 0.375
vt 0 0.84375
vt 0.25 0.84375
vt 0.25 0
vt 0 0
vt 0 1
vt 0 1
vt 0 0.375
vt 0 0.375
vt 0.40625 0.71875
vt 0.59375 0.71875
vt 0.59375 0.15625
vt 0.40625 0.15625
vt 0.9375 0.5625
vt 0.5 0.5625
vt 0.5 0.84375
vt 0.9375 0.84375
vt 0 1
vt 0 1
vt 0 0.9375
vt 0 0.9375
vn 0.6755902076156601 0 -0.7372773368101242
vn 0.7372773368101242 0 0.6755902076156601
vn -0.6755902076156601 0 0.7372773368101242
vn -0.7372773368101242 0 -0.6755902076156601
vn 0 1 0
vn 0 -1 0
g Fiddlehead
f 76/220/55 79/219/55 77/218/55 74/217/55
f 75/224/56 76/223/56 74/222/56 73/221/56
f 80/228/57 75/227/57 73/226/57 78/225/57
f 79/232/58 80/231/58 78/230/58 77/229/58
f 78/236/59 73/235/59 74/234/59 77/233/59
f 79/240/60 76/239/60 75/238/60 80/237/60
o cube
v -0.005948134744266365 0.38433749940614914 -0.18734010227810982
v 0.006184008036534225 0.3843374985738258 -0.14206232918196177
v -0.05122590784041438 0.3843374999363975 -0.17520795949730922
v -0.039093765059613796 0.38433749910407417 -0.12993018640116116
v 0.006184008036534225 0.3843374985738258 -0.14206232918196177
v -0.005948134744266365 0.38433749940614914 -0.18734010227810982
v -0.039093765059613796 0.38433749910407417 -0.12993018640116116
v -0.05122590784041438 0.3843374999363975 -0.17520795949730922
vt 0 1
vt 0 1
vt 0 0.375
vt 0 0.375
vt 0 1
vt 0.0625 1
vt 0.0625 0.375
vt 0 0.375
vt 0 1
vt 0 1
vt 0 0.375
vt 0 0.375
vt 0 1
vt 0.1875 1
vt 0.1875 0.8125
vt 0 0.8125
vt 0.125 0.90625
vt 0 0.90625
vt 0 1
vt 0.125 1
vt 0 1
vt 0 1
vt 0 0.9375
vt 0 0.9375
vn 0.2588190459904124 0 0.9659258260511584
vn 0 0.9999999999999998 0
vn -0.2588190459904124 0 -0.9659258260511584
vn 0 -0.9999999999999998 0
vn 0.9659258260511585 0 -0.2588190459904125
vn -0.9659258260511585 0 0.2588190459904125
g Stem
f 84/244/61 87/243/61 85/242/61 82/241/61
f 83/248/62 84/247/62 82/246/62 81/245/62
f 88/252/63 83/251/63 81/250/63 86/249/63
f 87/256/64 88/255/64 86/254/64 85/253/64
f 86/260/65 81/259/65 82/258/65 85/257/65
f 87/264/66 84/263/66 83/262/66 88/261/66
o cube
v -0.015003365159160592 0.3843374980682485 -0.08339502877973476
v -0.061833750543930685 0.38433749876607565 -0.08135036995393755
v -0.018274819280436116 0.384337499184772 -0.15832364539536664
v -0.06510520466520621 0.3843374998825991 -0.15627898656956946
v -0.061833750543930685 0.38433749876607565 -0.08135036995393755
v -0.015003365159160592 0.3843374980682485 -0.08339502877973476
v -0.06510520466520621 0.3843374998825991 -0.15627898656956946
v -0.018274819280436116 0.384337499184772 -0.15832364539536664
vt 0 1
vt 0 1
vt 0 0.375
vt 0 0.375
vt 0 1
vt 0.0625 1
vt 0.0625 0.375
vt 0 0.375
vt 0 1
vt 0 1
vt 0 0.375
vt 0 0.375
vt 0 1
vt 0.1875 1
vt 0.1875 0.6875
vt 0 0.6875
vt 0.4375 0.71875
vt 0 0.71875
vt 0 1
vt 0.4375 1
vt 0 1
vt 0 1
vt 0 0.9375
vt 0 0.9375
vn -0.9990482215417622 0 0.043619388283674065
vn 0 0.9999999999999999 0
vn 0.9990482215417622 0 -0.043619388283674065
vn 0 -0.9999999999999999 0
vn 0.043619388283673684 0 0.9990482215417622
vn -0.043619388283673684 0 -0.9990482215417622
g Stem
f 92/268/67 95/267/67 93/266/67 90/265/67
f 91/272/68 92/271/68 90/270/68 89/269/68
f 96/276/69 91/275/69 89/274/69 94/273/69
f 95/280/70 96/279/70 94/278/70 93/277/70
f 94/284/71 89/283/71 90/282/71 93/281/71
f 95/288/72 92/287/72 91/286/72 96/285/72
o cube
v -0.1907691614347649 0.37429164294471273 -0.11047321003244193
v -0.2387812893616977 0.43032392857255886 0.18031059030596655
v -0.1907691614347649 0.37429164294471273 -0.11047321003244193
v -0.2387812893616977 0.43032392857255886 0.18031059030596655
v 0.05724697354668412 0.44724448175063897 0.22592815753169304
v 0.10525910147361695 0.39121219612279284 -0.06485564280671541
v 0.05724697354668412 0.44724448175063897 0.22592815753169304
v 0.10525910147361695 0.39121219612279284 -0.06485564280671541
vt 0 1
vt 0.1875 1
vt 0.1875 1
vt 0 1
vt 0 1
vt 0.375 1
vt 0.375 1
vt 0 1
vt 0 1
vt 0.1875 1
vt 0.1875 1
vt 0 1
vt 0 1
vt 0.375 1
vt 0.375 1
vt 0 1
vt 0 1
vt 1 1
vt 1 0
vt 0 0
vt 0 1
vt 0.1875 1
vt 0.1875 0.8125
vt 0 0.8125
vn -0.16004042642310923 0.18677428542615357 0.9692793344613612
vn -0.986760876361273 -0.056401843926933586 -0.15205855741908839
vn 0.16004042642310923 -0.18677428542615357 -0.9692793344613612
vn 0.986760876361273 0.056401843926933586 0.15205855741908839
vn -0.02626851333900981 0.980782441882598 -0.19332813272197805
vn 0.02626851333900981 -0.980782441882598 0.19332813272197805
g Frond
f 100/292/73 103/291/73 101/290/73 98/289/73
f 99/296/74 100/295/74 98/294/74 97/293/74
f 104/300/75 99/299/75 97/298/75 102/297/75
f 103/304/76 104/303/76 102/302/76 101/301/76
f 102/308/77 97/307/77 98/306/77 101/305/77
f 103/312/78 100/311/78 99/310/78 104/309/78
o cube
v -0.020220075743466952 0.36827578243752473 -0.04837061285963806
v 0.19675979080936115 0.4206311880746816 -0.020021908986520898
v -0.020220075743466952 0.36827578243752473 -0.04837061285963806
v 0.19675979080936115 0.4206311880746816 -0.020021908986520898
v 0.21960955632749715 0.4463319902510789 -0.24237828281748602
v 0.0026296897746690487 0.39397658461392204 -0.27072698669060313
v 0.21960955632749715 0.4463319902510789 -0.24237828281748602
v 0.0026296897746690487 0.39397658461392204 -0.27072698669060313
vt 0 1
vt 0.1875 1
vt 0.1875 1
vt 0 1
vt 0 1
vt 0.375 1
vt 0.375 1
vt 0 1
vt 0 1
vt 0.1875 1
vt 0.1875 1
vt 0 1
vt 0 1
vt 0.375 1
vt 0.375 1
vt 0 1
vt 0 1
vt 1 1
vt 1 0
vt 0 0
vt 0 1
vt 0.1875 1
vt 0.1875 0.8125
vt 0 0.8125
vn 0.9643549624570137 0.23269069172069715 0.12599423943607618
vn -0.10155451341393772 -0.11422578745065465 0.9882505503598449
vn -0.9643549624570137 -0.23269069172069715 -0.12599423943607618
vn 0.10155451341393772 0.11422578745065465 -0.9882505503598449
vn -0.24434849537042402 0.9658196060692812 0.08652341499495085
vn 0.24434849537042402 -0.9658196060692812 -0.08652341499495085
g Frond
f 108/316/79 111/315/79 109/314/79 106/313/79
f 107/320/80 108/319/80 106/318/80 105/317/80
f 112/324/81 107/323/81 105/322/81 110/321/81
f 111/328/82 112/327/82 110/326/82 109/325/82
f 110/332/83 105/331/83 106/330/83 109/329/83
f 111/336/84 108/335/84 107/334/84 112/333/84
o cube
v -0.06019700088680899 0.38437499999999997 -0.1697641665883632
v -0.032549100756429264 0.38437499999999997 -0.14442953380277593
v -0.06019700088680899 0 -0.1697641665883632
v -0.032549100756429264 0 -0.14442953380277593
v -0.032549100756429264 0.38437499999999997 -0.14442953380277593
v -0.06019700088680899 0.38437499999999997 -0.1697641665883632
v -0.032549100756429264 0 -0.14442953380277593
v -0.06019700088680899 0 -0.1697641665883632
vt 0 1
vt 0 1
vt 0 0.375
vt 0 0.375
vt 0 1
vt 0.0625 1
vt 0.0625 0.375
vt 0 0.375
vt 0 1
vt 0 1
vt 0 0.375
vt 0 0.375
vt 0 1
vt 0.1875 1
vt 0.1875 0.4375
vt 0 0.4375
vt 0.4375 0.71875
vt 0 0.71875
vt 0 1
vt 0.4375 1
vt 0 1
vt 0 1
vt 0 0.9375
vt 0 0.9375
vn 0.7372773368101243 0 0.67559020761566
vn -0.67559020761566 0 0.7372773368101243
vn -0.7372773368101243 0 -0.67559020761566
vn 0.67559020761566 0 -0.7372773368101243
vn 0 1 0
vn 0 -1 0
g Stem
f 116/340/85 119/339/85 117/338/85 114/337/85
f 115/344/86 116/343/86 114/342/86 113/341/86
f 120/348/87 115/347/87 113/346/87 118/345/87
f 119/352/88 120/351/88 118/350/88 117/349/88
f 118/356/89 113/355/89 114/354/89 117/353/89
f 119/360/90 116/359/90 115/358/90 120/357/90
o cube
v -0.059040367214412755 0.38437499999999997 -0.14327290013037977
v -0.03370573442882551 0.38437499999999997 -0.17092080026075943
v -0.059040367214412755 0 -0.14327290013037977
v -0.03370573442882551 0 -0.17092080026075943
v -0.03370573442882551 0.38437499999999997 -0.17092080026075943
v -0.059040367214412755 0.38437499999999997 -0.14327290013037977
v -0.03370573442882551 0 -0.17092080026075943
v -0.059040367214412755 0 -0.14327290013037977
vt 0 1
vt 0 1
vt 0 0.375
vt 0 0.375
vt 0 1
vt 0.0625 1
vt 0.0625 0.375
vt 0 0.375
vt 0 1
vt 0 1
vt 0 0.375
vt 0 0.375
vt 0 1
vt 0.1875 1
vt 0.1875 0.4375
vt 0 0.4375
vt 0.4375 0.71875
vt 0 0.71875
vt 0 1
vt 0.4375 1
vt 0 1
vt 0 1
vt 0 0.9375
vt 0 0.9375
vn 0.6755902076156601 0 -0.7372773368101242
vn 0.7372773368101242 0 0.6755902076156601
vn -0.6755902076156601 0 0.7372773368101242
vn -0.7372773368101242 0 -0.6755902076156601
vn 0 1 0
vn 0 -1 0
g Stem
f 124/364/91 127/363/91 125/362/91 122/361/91
f 123/368/92 124/367/92 122/366/92 121/365/92
f 128/372/93 123/371/93 121/370/93 126/369/93
f 127/376/94 128/375/94 126/374/94 125/373/94
f 126/380/95 121/379/95 122/378/95 125/377/95
f 127/384/96 124/383/96 123/382/96 128/381/96
o cube
v -0.0012519664553045096 0.40526341881166217 -0.2714685793164242
v -0.175509996645008 0.4650820145619753 -0.40062303923502296
v -0.0012519664553045096 0.40526341881166217 -0.2714685793164242
v -0.175509996645008 0.4650820145619753 -0.40062303923502296
v -0.31472287615867783 0.43597821166139383 -0.22627355448030195
v -0.14046484596897432 0.37615961591108066 -0.09711909456170319
v -0.31472287615867783 0.43597821166139383 -0.22627355448030195
v -0.14046484596897432 0.37615961591108066 -0.09711909456170319
vt 0 1
vt 0.1875 1
vt 0.1875 1
vt 0 1
vt 0 1
vt 0.375 1
vt 0.375 1
vt 0 1
vt 0 1
vt 0.1875 1
vt 0.1875 1
vt 0 1
vt 0 1
vt 0.375 1
vt 0.375 1
vt 0 1
vt 0 1
vt 1 1
vt 1 0
vt 0 0
vt 0 1
vt 0.1875 1
vt 0.1875 0.8125
vt 0 0.8125
vn -0.7744801341764607 0.2658604255569476 -0.5740198218604393
vn 0.6187239089496428 0.12935023511369562 -0.77488659890987
vn 0.7744801341764607 -0.2658604255569476 0.5740198218604393
vn -0.6187239089496428 -0.12935023511369562 0.77488659890987
vn 0.13176208202698436 0.955294065091326 0.2646733891822216
vn -0.13176208202698436 -0.955294065091326 -0.2646733891822216
g Frond
f 132/388/97 135/387/97 133/386/97 130/385/97
f 131/392/98 132/391/98 130/390/98 129/389/98
f 136/396/99 131/395/99 129/394/99 134/393/99
f 135/400/100 136/399/100 134/398/100 133/397/100
f 134/404/101 129/403/101 130/402/101 133/401/101
f 135/408/102 132/407/102 131/406/102 136/405/102
o cube
v -0.08737913202238548 0.39084930698530784 -0.16292009354534176
v -0.06049273660372591 0.3908493071141212 -0.20131784564610256
v -0.05712760894980673 0.38433749955194274 -0.14173774911088377
v -0.030241213531147157 0.38433749968075603 -0.18013550121164457
v -0.06049273660372591 0.3908493071141212 -0.20131784564610256
v -0.08737913202238548 0.39084930698530784 -0.16292009354534176
v -0.030241213531147157 0.38433749968075603 -0.18013550121164457
v -0.05712760894980673 0.38433749955194274 -0.14173774911088377
vt 0 1
vt 0 1
vt 0 0.375
vt 0 0.375
vt 0 1
vt 0.0625 1
vt 0.0625 0.375
vt 0 0.375
vt 0 1
vt 0 1
vt 0 0.375
vt 0 0.375
vt 0 1
vt 0.1875 1
vt 0.1875 0.8125
vt 0 0.8125
vt 0.4375 0.71875
vt 0 0.71875
vt 0 1
vt 0.4375 1
vt 0 1
vt 0 1
vt 0 0.9375
vt 0 0.9375
vn 0.5735764355980708 0 -0.8191520448162308
vn 0.1422442751008298 0.984807749387606 0.09960051680166161
vn -0.5735764355980708 0 0.8191520448162308
vn -0.1422442751008298 -0.984807749387606 -0.09960051680166161
vn -0.8067072819354314 0.17364819822306998 -0.5648625182522115
vn 0.8067072819354314 -0.17364819822306998 0.5648625182522115
g Stem
f 140/412/103 143/411/103 141/410/103 138/409/103
f 139/416/104 140/415/104 138/414/104 137/413/104
f 144/420/105 139/419/105 137/418/105 142/417/105
f 143/424/106 144/423/106 142/422/106 141/421/106
f 142/428/107 137/427/107 138/426/107 141/425/107
f 143/432/108 140/431/108 139/430/108 144/429/108
o cube
v -0.3003626786920495 0.24375 0.00403739813293863
v -0.2547603396779924 0.24375 -0.04572882210174484
v -0.3003626786920495 0 0.00403739813293863
v -0.2547603396779924 0 -0.04572882210174484
v -0.2547603396779924 0.24375 -0.04572882210174484
v -0.3003626786920495 0.24375 0.00403739813293863
v -0.2547603396779924 0 -0.04572882210174484
v -0.3003626786920495 0 0.00403739813293863
vt 0 1
vt 0 1
vt 0 0.375
vt 0 0.375
vt 0 0.84375
vt 0.25 0.84375
vt 0.25 0
vt 0 0
vt 0 1
vt 0 1
vt 0 0.375
vt 0 0.375
vt 0.40625 0.71875
vt 0.59375 0.71875
vt 0.59375 0.15625
vt 0.40625 0.15625
vt 0.9375 0.5625
vt 0.5 0.5625
vt 0.5 0.84375
vt 0.9375 0.84375
vt 0 1
vt 0 1
vt 0 0.9375
vt 0 0.9375
vn 0.6755902076156601 0 -0.7372773368101242
vn 0.7372773368101242 0 0.6755902076156601
vn -0.6755902076156601 0 0.7372773368101242
vn -0.7372773368101242 0 -0.6755902076156601
vn 0 1 0
vn 0 -1 0
g Fiddlehead
f 148/436/109 151/435/109 149/434/109 146/433/109
f 147/440/110 148/439/110 146/438/110 145/437/110
f 152/444/111 147/443/111 145/442/111 150/441/111
f 151/448/112 152/447/112 150/446/112 149/445/112
f 150/452/113 145/451/113 146/450/113 149/449/113
f 151/456/114 148/455/114 147/454/114 152/453/114
o cube
v -0.3184481347442664 0.38433749940614925 0.2501598977218903
v -0.3063159919634658 0.38433749857382593 0.29543767081803834
v -0.36372590784041436 0.3843374999363976 0.26229204050269084
v -0.35159376505961376 0.3843374991040743 0.3075698135988389
v -0.3063159919634658 0.38433749857382593 0.29543767081803834
v -0.3184481347442664 0.38433749940614925 0.2501598977218903
v -0.35159376505961376 0.3843374991040743 0.3075698135988389
v -0.36372590784041436 0.3843374999363976 0.26229204050269084
vt 0 1
vt 0 1
vt 0 0.375
vt 0 0.375
vt 0 1
vt 0.0625 1
vt 0.0625 0.375
vt 0 0.375
vt 0 1
vt 0 1
vt 0 0.375
vt 0 0.375
vt 0 1
vt 0.1875 1
vt 0.1875 0.8125
vt 0 0.8125
vt 0.125 0.90625
vt 0 0.90625
vt 0 1
vt 0.125 1
vt 0 1
vt 0 1
vt 0 0.9375
vt 0 0.9375
vn 0.2588190459904124 0 0.9659258260511584
vn 0 0.9999999999999998 0
vn -0.2588190459904124 0 -0.9659258260511584
vn 0 -0.9999999999999998 0
vn 0.9659258260511585 0 -0.2588190459904125
vn -0.9659258260511585 0 0.2588190459904125
g Stem
f 156/460/115 159/459/115 157/458/115 154/457/115
f 155/464/116 156/463/116 154/462/116 153/461/116
f 160/468/117 155/467/117 153/466/117 158/465/117
f 159/472/118 160/471/118 158/470/118 157/469/118
f 158/476/119 153/475/119 154/474/119 157/473/119
f 159/480/120 156/479/120 155/478/120 160/477/120
o cube
v -0.3275033651591607 0.38433749806824846 0.3541049712202654
v -0.37433375054393064 0.3843374987660756 0.3561496300460626
v -0.33077481928043617 0.38433749918477195 0.2791763546046335
v -0.37760520466520614 0.384337499882599 0.2812210134304307
v -0.37433375054393064 0.3843374987660756 0.3561496300460626
v -0.3275033651591607 0.38433749806824846 0.3541049712202654
v -0.37760520466520614 0.384337499882599 0.2812210134304307
v -0.33077481928043617 0.38433749918477195 0.2791763546046335
vt 0 1
vt 0 1
vt 0 0.375
vt 0 0.375
vt 0 1
vt 0.0625 1
vt 0.0625 0.375
vt 0 0.375
vt 0 1
vt 0 1
vt 0 0.375
vt 0 0.375
vt 0 1
vt 0.1875 1
vt 0.1875 0.6875
vt 0 0.6875
vt 0.4375 0.71875
vt 0 0.71875
vt 0 1
vt 0.4375 1
vt 0 1
vt 0 1
vt 0 0.9375
vt 0 0.9375
vn -0.9990482215417622 0 0.043619388283674065
vn 0 0.9999999999999999 0
vn 0.9990482215417622 0 -0.043619388283674065
vn 0 -0.9999999999999999 0
vn 0.043619388283673684 0 0.9990482215417622
vn -0.043619388283673684 0 -0.9990482215417622
g Stem
f 164/484/121 167/483/121 165/482/121 162/481/121
f 163/488/122 164/487/122 162/486/122 161/485/122
f 168/492/123 163/491/123 161/490/123 166/489/123
f 167/496/124 168/495/124 166/494/124 165/493/124
f 166/500/125 161/499/125 162/498/125 165/497/125
f 167/504/126 164/503/126 163/502/126 168/501/126
o cube
v -0.5032691614347649 0.37429164294471284 0.3270267899675579
v -0.5512812893616976 0.43032392857255897 0.6178105903059664
v -0.5032691614347649 0.37429164294471284 0.3270267899675579
v -0.5512812893616976 0.43032392857255897 0.6178105903059664
v -0.255253026453316 0.447244481750639 0.6634281575316929
v -0.20724089852638317 0.3912121961227929 0.37264435719328437
v -0.255253026453316 0.447244481750639 0.6634281575316929
v -0.20724089852638317 0.3912121961227929 0.37264435719328437
vt 0 1
vt 0.1875 1
vt 0.1875 1
vt 0 1
vt 0 1
vt 0.375 1
vt 0.375 1
vt 0 1
vt 0 1
vt 0.1875 1
vt 0.1875 1
vt 0 1
vt 0 1
vt 0.375 1
vt 0.375 1
vt 0 1
vt 0 1
vt 1 1
vt 1 0
vt 0 0
vt 0 1
vt 0.1875 1
vt 0.1875 0.8125
vt 0 0.8125
vn -0.16004042642310923 0.18677428542615357 0.9692793344613612
vn -0.986760876361273 -0.056401843926933586 -0.15205855741908839
vn 0.16004042642310923 -0.18677428542615357 -0.9692793344613612
vn 0.986760876361273 0.056401843926933586 0.15205855741908839
vn -0.02626851333900981 0.980782441882598 -0.19332813272197805
vn 0.02626851333900981 -0.980782441882598 0.19332813272197805
g Frond
f 172/508/127 175/507/127 173/506/127 170/505/127
f 171/512/128 172/511/128 170/510/128 169/509/128
f 176/516/129 171/515/129 169/514/129 174/513/129
f 175/520/130 176/519/130 174/518/130 173/517/130
f 174/524/131 169/523/131 170/522/131 173/521/131
f 175/528/132 172/527/132 171/526/132 176/525/132
o cube
v -0.3327200757434671 0.3682757824375248 0.38912938714036177
v -0.11574020919063899 0.4206311880746817 0.4174780910134789
v -0.3327200757434671 0.3682757824375248 0.38912938714036177
v -0.11574020919063899 0.4206311880746817 0.4174780910134789
v -0.09289044367250301 0.44633199025107895 0.1951217171825139
v -0.3098703102253311 0.39397658461392204 0.16677301330939673
v -0.09289044367250301 0.44633199025107895 0.1951217171825139
v -0.3098703102253311 0.39397658461392204 0.16677301330939673
vt 0 1
vt 0.1875 1
vt 0.1875 1
vt 0 1
vt 0 1
vt 0.375 1
vt 0.375 1
vt 0 1
vt 0 1
vt 0.1875 1
vt 0.1875 1
vt 0 1
vt 0 1
vt 0.375 1
vt 0.375 1
vt 0 1
vt 0 1
vt 1 1
vt 1 0
vt 0 0
vt 0 1
vt 0.1875 1
vt 0.1875 0.8125
vt 0 0.8125
vn 0.9643549624570137 0.23269069172069715 0.12599423943607618
vn -0.10155451341393772 -0.11422578745065465 0.9882505503598449
vn -0.9643549624570137 -0.23269069172069715 -0.12599423943607618
vn 0.10155451341393772 0.11422578745065465 -0.9882505503598449
vn -0.24434849537042402 0.9658196060692812 0.08652341499495085
vn 0.24434849537042402 -0.9658196060692812 -0.08652341499495085
g Frond
f 180/532/133 183/531/133 181/530/133 178/529/133
f 179/536/134 180/535/134 178/534/134 177/533/134
f 184/540/135 179/539/135 177/538/135 182/537/135
f 183/544/136 184/543/136 182/542/136 181/541/136
f 182/548/137 177/547/137 178/546/137 181/545/137
f 183/552/138 180/551/138 179/550/138 184/549/138
o cube
v -0.372697000886809 0.38437499999999997 0.26773583341163676
v -0.34504910075642936 0.38437499999999997 0.2930704661972241
v -0.372697000886809 0 0.26773583341163676
v -0.34504910075642936 0 0.2930704661972241
v -0.34504910075642936 0.38437499999999997 0.2930704661972241
v -0.372697000886809 0.38437499999999997 0.26773583341163676
v -0.34504910075642936 0 0.2930704661972241
v -0.372697000886809 0 0.26773583341163676
vt 0 1
vt 0 1
vt 0 0.375
vt 0 0.375
vt 0 1
vt 0.0625 1
vt 0.0625 0.375
vt 0 0.375
vt 0 1
vt 0 1
vt 0 0.375
vt 0 0.375
vt 0 1
vt 0.1875 1
vt 0.1875 0.4375
vt 0 0.4375
vt 0.4375 0.71875
vt 0 0.71875
vt 0 1
vt 0.4375 1
vt 0 1
vt 0 1
vt 0 0.9375
vt 0 0.9375
vn 0.7372773368101243 0 0.67559020761566
vn -0.67559020761566 0 0.7372773368101243
vn -0.7372773368101243 0 -0.67559020761566
vn 0.67559020761566 0 -0.7372773368101243
vn 0 1 0
vn 0 -1 0
g Stem
f 188/556/139 191/555/139 189/554/139 186/553/139
f 187/560/140 188/559/140 186/558/140 185/557/140
f 192/564/141 187/563/141 185/562/141 190/561/141
f 191/568/142 192/567/142 190/566/142 189/565/142
f 190/572/143 185/571/143 186/570/143 189/569/143
f 191/576/144 188/575/144 187/574/144 192/573/144
o cube
v -0.3715403672144128 0.38437499999999997 0.2942270998696203
v -0.3462057344288256 0.38437499999999997 0.2665791997392407
v -0.3715403672144128 0 0.2942270998696203
v -0.3462057344288256 0 0.2665791997392407
v -0.3462057344288256 0.38437499999999997 0.2665791997392407
v -0.3715403672144128 0.38437499999999997 0.2942270998696203
v -0.3462057344288256 0 0.2665791997392407
v -0.3715403672144128 0 0.2942270998696203
vt 0 1
vt 0 1
vt 0 0.375
vt 0 0.375
vt 0 1
vt 0.0625 1
vt 0.0625 0.375
vt 0 0.375
vt 0 1
vt 0 1
vt 0 0.375
vt 0 0.375
vt 0 1
vt 0.1875 1
vt 0.1875 0.4375
vt 0 0.4375
vt 0.4375 0.71875
vt 0 0.71875
vt 0 1
vt 0.4375 1
vt 0 1
vt 0 1
vt 0 0.9375
vt 0 0.9375
vn 0.6755902076156601 0 -0.7372773368101242
vn 0.7372773368101242 0 0.6755902076156601
vn -0.6755902076156601 0 0.7372773368101242
vn -0.7372773368101242 0 -0.6755902076156601
vn 0 1 0
vn 0 -1 0
g Stem
f 196/580/145 199/579/145 197/578/145 194/577/145
f 195/584/146 196/583/146 194/582/146 193/581/146
f 200/588/147 195/587/147 193/586/147 198/585/147
f 199/592/148 200/591/148 198/590/148 197/589/148
f 198/596/149 193/595/149 194/594/149 197/593/149
f 199/600/150 196/599/150 195/598/150 200/597/150
o cube
v -0.3137519664553047 0.4052634188116621 0.16603142068357613
v -0.48800999664500816 0.4650820145619753 0.03687696076497736
v -0.3137519664553047 0.4052634188116621 0.16603142068357613
v -0.48800999664500816 0.4650820145619753 0.03687696076497736
v -0.627222876158678 0.4359782116613938 0.21122644551969827
v -0.4529648459689744 0.3761596159110806 0.340380905438297
v -0.627222876158678 0.4359782116613938 0.21122644551969827
v -0.4529648459689744 0.3761596159110806 0.340380905438297
vt 0 1
vt 0.1875 1
vt 0.1875 1
vt 0 1
vt 0 1
vt 0.375 1
vt 0.375 1
vt 0 1
vt 0 1
vt 0.1875 1
vt 0.1875 1
vt 0 1
vt 0 1
vt 0.375 1
vt 0.375 1
vt 0 1
vt 0 1
vt 1 1
vt 1 0
vt 0 0
vt 0 1
vt 0.1875 1
vt 0.1875 0.8125
vt 0 0.8125
vn -0.7744801341764607 0.2658604255569476 -0.5740198218604393
vn 0.6187239089496428 0.12935023511369562 -0.77488659890987
vn 0.7744801341764607 -0.2658604255569476 0.5740198218604393
vn -0.6187239089496428 -0.12935023511369562 0.77488659890987
vn 0.13176208202698436 0.955294065091326 0.2646733891822216
vn -0.13176208202698436 -0.955294065091326 -0.2646733891822216
g Frond
f 204/604/151 207/603/151 205/602/151 202/601/151
f 203/608/152 204/607/152 202/606/152 201/605/152
f 208/612/153 203/611/153 201/610/153 206/609/153
f 207/616/154 208/615/154 206/614/154 205/613/154
f 206/620/155 201/619/155 202/618/155 205/617/155
f 207/624/156 204/623/156 203/622/156 208/621/156
o cube
v -0.3998791320223854 0.39084930698530795 0.27457990645465813
v -0.37299273660372584 0.3908493071141213 0.23618215435389733
v -0.3696276089498067 0.38433749955194285 0.2957622508891161
v -0.3427412135311471 0.38433749968075615 0.2573644987883553
v -0.37299273660372584 0.3908493071141213 0.23618215435389733
v -0.3998791320223854 0.39084930698530795 0.27457990645465813
v -0.3427412135311471 0.38433749968075615 0.2573644987883553
v -0.3696276089498067 0.38433749955194285 0.2957622508891161
vt 0 1
vt 0 1
vt 0 0.375
vt 0 0.375
vt 0 1
vt 0.0625 1
vt 0.0625 0.375
vt 0 0.375
vt 0 1
vt 0 1
vt 0 0.375
vt 0 0.375
vt 0 1
vt 0.1875 1
vt 0.1875 0.8125
vt 0 0.8125
vt 0.4375 0.71875
vt 0 0.71875
vt 0 1
vt 0.4375 1
vt 0 1
vt 0 1
vt 0 0.9375
vt 0 0.9375
vn 0.5735764355980708 0 -0.8191520448162308
vn 0.1422442751008298 0.984807749387606 0.09960051680166161
vn -0.5735764355980708 0 0.8191520448162308
vn -0.1422442751008298 -0.984807749387606 -0.09960051680166161
vn -0.8067072819354314 0.17364819822306998 -0.5648625182522115
vn 0.8067072819354314 -0.17364819822306998 0.5648625182522115
g Stem
f 212/628/157 215/627/157 213/626/157 210/625/157
f 211/632/158 212/631/158 210/630/158 209/629/158
f 216/636/159 211/635/159 209/634/159 214/633/159
f 215/640/160 216/639/160 214/638/160 213/637/160
f 214/644/161 209/643/161 210/642/161 213/641/161
f 215/648/162 212/647/162 211/646/162 216/645/162
o cube
v 0.1464512537907709 0.41897430698530796 0.052713414126207114
v 0.10487262100543748 0.41897430711412126 0.074357880409819
v 0.12939874327293044 0.4124624995519428 0.019955846313719605
v 0.08782011048759703 0.41246249968075616 0.04160031259733152
v 0.10487262100543748 0.41897430711412126 0.074357880409819
v 0.1464512537907709 0.41897430698530796 0.052713414126207114
v 0.08782011048759703 0.41246249968075616 0.04160031259733152
v 0.12939874327293044 0.4124624995519428 0.019955846313719605
vt 0 1
vt 0 1
vt 0 0.375
vt 0 0.375
vt 0 1
vt 0.0625 1
vt 0.0625 0.375
vt 0 0.375
vt 0 1
vt 0 1
vt 0 0.375
vt 0 0.375
vt 0 1
vt 0.1875 1
vt 0.1875 0.8125
vt 0 0.8125
vt 0.4375 0.71875
vt 0 0.71875
vt 0 1
vt 0.4375 1
vt 0 1
vt 0 1
vt 0 0.9375
vt 0 0.9375
vn -0.8870108327537765 0 0.4617486140503855
vn -0.08018181246135922 0.984807749387606 -0.1540278341616542
vn 0.8870108327537765 0 -0.4617486140503855
vn 0.08018181246135922 -0.984807749387606 0.1540278341616542
vn 0.4547336138090776 0.17364819822306998 0.8735351416663317
vn -0.4547336138090776 -0.17364819822306998 -0.8735351416663317
g Stem
f 220/652/163 223/651/163 221/650/163 218/649/163
f 219/656/164 220/655/164 218/654/164 217/653/164
f 224/660/165 219/659/165 217/658/165 222/657/165
f 223/664/166 224/663/166 222/662/166 221/661/166
f 222/668/167 217/667/167 218/666/167 221/665/167
f 223/672/168 220/671/168 219/670/168 224/669/168
o cube
v 0.019933412128275624 0.43338841881166207 0.10922799766778513
v 0.1148652799143075 0.4932070145619753 0.3042528065540292
v 0.019933412128275624 0.43338841881166207 0.10922799766778513
v 0.1148652799143075 0.4932070145619753 0.3042528065540292
v 0.31885424496460224 0.4641032116613938 0.21388427887744355
v 0.22392237717857033 0.40428461591108056 0.018859469991199473
v 0.31885424496460224 0.4641032116613938 0.21388427887744355
v 0.22392237717857033 0.40428461591108056 0.018859469991199473
vt 0 1
vt 0.1875 1
vt 0.1875 1
vt 0 1
vt 0 1
vt 0.375 1
vt 0.375 1
vt 0 1
vt 0 1
vt 0.1875 1
vt 0.1875 1
vt 0 1
vt 0 1
vt 0.375 1
vt 0.375 1
vt 0 1
vt 0 1
vt 1 1
vt 1 0
vt 0 0
vt 0 1
vt 0.1875 1
vt 0.1875 0.8125
vt 0 0.8125
vn 0.4219194123823637 0.2658604255569475 0.8667769283833066
vn -0.9066176224457535 0.12935023511369553 0.4016379007848248
vn -0.4219194123823637 -0.2658604255569475 -0.8667769283833066
vn 0.9066176224457535 -0.12935023511369553 -0.4016379007848248
vn 0.005338176255054835 0.955294065091326 -0.29560912211154694
vn -0.005338176255054835 -0.955294065091326 0.29560912211154694
g Frond
f 228/676/169 231/675/169 229/674/169 226/673/169
f 227/680/170 228/679/170 226/678/170 225/677/170
f 232/684/171 227/683/171 225/682/171 230/681/171
f 231/688/172 232/687/172 230/686/172 229/685/172
f 230/692/173 225/691/173 226/690/173 229/689/173
f 231/696/174 228/695/174 227/694/174 232/693/174
o cube
v 0.13038652672052842 0.4125 0.02220075537471261
v 0.09514805344105681 0.4125 0.0350265107494252
v 0.13038652672052842 0 0.02220075537471261
v 0.09514805344105681 0 0.0350265107494252
v 0.09514805344105681 0.4125 0.0350265107494252
v 0.13038652672052842 0.4125 0.02220075537471261
v 0.09514805344105681 0 0.0350265107494252
v 0.13038652672052842 0 0.02220075537471261
vt 0 1
vt 0 1
vt 0 0.375
vt 0 0.375
vt 0 1
vt 0.0625 1
vt 0.0625 0.375
vt 0 0.375
vt 0 1
vt 0 1
vt 0 0.375
vt 0 0.375
vt 0 1
vt 0.1875 1
vt 0.1875 0.4375
vt 0 0.4375
vt 0.4375 0.71875
vt 0 0.71875
vt 0 1
vt 0.4375 1
vt 0 1
vt 0 1
vt 0 0.9375
vt 0 0.9375
vn -0.9396926207859085 0 0.34202014332566855
vn -0.34202014332566855 0 -0.9396926207859085
vn 0.9396926207859085 0 -0.34202014332566855
vn 0.34202014332566855 0 0.9396926207859085
vn 0 1 0
vn 0 -1 0
g Stem
f 236/700/175 239/699/175 237/698/175 234/697/175
f 235/704/176 236/703/176 234/702/176 233/701/176
f 240/708/177 235/707/177 233/706/177 238/705/177
f 239/712/178 240/711/178 238/710/178 237/709/178
f 238/716/179 233/715/179 234/714/179 237/713/179
f 239/720/180 236/719/180 235/718/180 240/717/180
o cube
v 0.11918016776814883 0.4125 0.04623286970180468
v 0.10635441239343629 0.4125 0.01099439642233313
v 0.11918016776814883 0 0.04623286970180468
v 0.10635441239343629 0 0.01099439642233313
v 0.10635441239343629 0.4125 0.01099439642233313
v 0.11918016776814883 0.4125 0.04623286970180468
v 0.10635441239343629 0 0.01099439642233313
v 0.11918016776814883 0 0.04623286970180468
vt 0 1
vt 0 1
vt 0 0.375
vt 0 0.375
vt 0 1
vt 0.0625 1
vt 0.0625 0.375
vt 0 0.375
vt 0 1
vt 0 1
vt 0 0.375
vt 0 0.375
vt 0 1
vt 0.1875 1
vt 0.1875 0.4375
vt 0 0.4375
vt 0.4375 0.71875
vt 0 0.71875
vt 0 1
vt 0.4375 1
vt 0 1
vt 0 1
vt 0 0.9375
vt 0 0.9375
vn -0.34202014332566877 0 -0.9396926207859084
vn 0.9396926207859084 0 -0.34202014332566877
vn 0.34202014332566877 0 0.9396926207859084
vn -0.9396926207859084 0 0.34202014332566877
vn 0 1 0
vn 0 -1 0
g Stem
f 244/724/181 247/723/181 245/722/181 242/721/181
f 243/728/182 244/727/182 242/726/182 241/725/182
f 248/732/183 243/731/183 241/730/183 246/729/183
f 247/736/184 248/735/184 246/734/184 245/733/184
f 246/740/185 241/739/185 242/738/185 245/737/185
f 247/744/186 244/743/186 243/742/186 248/741/186
o cube
v 0.1397735071787613 0.39640078243752486 -0.0799038172799158
v -0.03960001033473955 0.4487561880746817 -0.20523957720262326
v 0.1397735071787613 0.39640078243752486 -0.0799038172799158
v -0.03960001033473955 0.4487561880746817 -0.20523957720262326
v -0.16254074714532732 0.474456990251079 -0.018557912329075943
v 0.01683277036817349 0.4221015846139221 0.10677784759363157
v -0.16254074714532732 0.474456990251079 -0.018557912329075943
