# Made in Blockbench 4.9.3

o cube
v 0.0625 -0.3300022736519786 0.017547006899389483
v 0.0625 -0.28216684460634234 -0.09793793466452139
v 0.0625 -0.3300022736519786 0.017547006899389483
v 0.0625 -0.28216684460634234 -0.09793793466452139
v 0 -0.28216684460634234 -0.09793793466452139
v 0 -0.3300022736519786 0.017547006899389483
v 0 -0.28216684460634234 -0.09793793466452139
v 0 -0.3300022736519786 0.017547006899389483
vt 0 1
vt 0.125 1
vt 0.125 1
vt 0 1
vt 0 1
vt 0.5 1
vt 0.5 1
vt 0 1
vt 0 1
vt 0.125 1
vt 0.125 1
vt 0 1
vt 0 1
vt 0.5 1
vt 0.5 1
vt 0 1
vt 0 0.25
vt 0.0625 0.25
vt 0.0625 0
vt 0 0
vt 0.125 0.6875
vt 0.1875 0.6875
vt 0.1875 0
vt 0.125 0
vn 0 0.3826834323650897 -0.9238795325112867
vn 1 0 0
vn 0 -0.3826834323650897 0.9238795325112867
vn -1 0 0
vn 0 0.9238795325112867 0.3826834323650897
vn 0 -0.9238795325112867 -0.3826834323650897
g Sporocarp
f 4/4/1 7/3/1 5/2/1 2/1/1
f 3/8/2 4/7/2 2/6/2 1/5/2
f 8/12/3 3/11/3 1/10/3 6/9/3
f 7/16/4 8/15/4 6/14/4 5/13/4
f 6/20/5 1/19/5 2/18/5 5/17/5
f 7/24/6 4/23/6 3/22/6 8/21/6
o cube
v 0.0625 -0.2821668446063424 -0.09793793466452139
v 0.0625 -0.18641128921647016 -0.1782863858753388
v 0.0625 -0.2821668446063424 -0.09793793466452139
v 0.0625 -0.18641128921647016 -0.1782863858753388
v 0 -0.18641128921647016 -0.1782863858753388
v 0 -0.2821668446063424 -0.09793793466452139
v 0 -0.18641128921647016 -0.1782863858753388
v 0 -0.2821668446063424 -0.09793793466452139
vt 0 1
vt 0.125 1
vt 0.125 1
vt 0 1
vt 0 1
vt 0.5 1
vt 0.5 1
vt 0 1
vt 0 1
vt 0.125 1
vt 0.125 1
vt 0 1
vt 0 1
vt 0.5 1
vt 0.5 1
vt 0 1
vt 0 0.5
vt 0.0625 0.5
vt 0.0625 0.25
vt 0 0.25
vt 0.125 0.6875
vt 0.1875 0.6875
vt 0.1875 0
vt 0.125 0
vn 0 0.7660444431189779 -0.6427876096865395
vn 1 0 0
vn 0 -0.7660444431189779 0.6427876096865395
vn -1 0 0
vn 0 0.6427876096865395 0.7660444431189779
vn 0 -0.6427876096865395 -0.7660444431189779
g Sporocarp
f 12/28/7 15/27/7 13/26/7 10/25/7
f 11/32/8 12/31/8 10/30/8 9/29/8
f 16/36/9 11/35/9 9/34/9 14/33/9
f 15/40/10 16/39/10 14/38/10 13/37/10
f 14/44/11 9/43/11 10/42/11 13/41/11
f 15/48/12 12/47/12 11/46/12 16/45/12
o cube
v 0.0625 -0.1864112892164701 -0.1782863858753388
v 0.0625 -0.0643742883264784 -0.20534133761760154
v 0.0625 -0.1864112892164701 -0.1782863858753388
v 0.0625 -0.0643742883264784 -0.20534133761760154
v 0 -0.0643742883264784 -0.20534133761760154
v 0 -0.1864112892164701 -0.1782863858753388
v 0 -0.0643742883264784 -0.20534133761760154
v 0 -0.1864112892164701 -0.1782863858753388
vt 0 1
vt 0.125 1
vt 0.125 1
vt 0 1
vt 0 1
vt 0.5 1
vt 0.5 1
vt 0 1
vt 0 1
vt 0.125 1
vt 0.125 1
vt 0 1
vt 0 1
vt 0.5 1
vt 0.5 1
vt 0 1
vt 0 1
vt 0.0625 1
vt 0.0625 0.5
vt 0 0.5
vt 0.125 0.6875
vt 0.1875 0.6875
vt 0.1875 0
vt 0.125 0
vn 0 0.9762960071199335 -0.2164396139381023
vn 1 0 0
vn 0 -0.9762960071199335 0.2164396139381023
vn -1 0 0
vn 0 0.2164396139381023 0.9762960071199335
vn 0 -0.2164396139381023 -0.9762960071199335
g Sporocarp
f 20/52/13 23/51/13 21/50/13 18/49/13
f 19/56/14 20/55/14 18/54/14 17/53/14
f 24/60/15 19/59/15 17/58/15 22/57/15
f 23/64/16 24/63/16 22/62/16 21/61/16
f 22/68/17 17/67/17 18/66/17 21/65/17
f 23/72/18 20/71/18 19/70/18 24/69/18
o cube
v 0.15625 0.00344553435979833 -0.10270449362548872
v 0.15625 -0.07173091551626998 -0.34113373131254543
v 0.15625 -0.056161775061965846 -0.08391038115647165
v 0.15625 -0.13133822493803415 -0.32233961884352835
v -0.09375 -0.07173091551626998 -0.34113373131254543
v -0.09375 0.00344553435979833 -0.10270449362548872
v -0.09375 -0.13133822493803415 -0.32233961884352835
v -0.09375 -0.056161775061965846 -0.08391038115647165
vt 0.3125 0.625
vt 0.5625 0.625
vt 0.5625 0.5625
vt 0.3125 0.5625
vt 0.25 0.3125
vt 0.25 0.5625
vt 0.3125 0.5625
vt 0.3125 0.3125
vt 0.3125 0.3125
vt 0.5625 0.3125
vt 0.5625 0.25
vt 0.3125 0.25
vt 0.625 0.3125
vt 0.625 0.5625
vt 0.5625 0.5625
vt 0.5625 0.3125
vt 0.3125 0.5625
vt 0.5625 0.5625
vt 0.5625 0.3125
vt 0.3125 0.3125
vt 0.3125 0.9375
vt 0.5625 0.9375
vt 0.5625 0.6875
vt 0.3125 0.6875
vn 0 -0.30070579950427306 -0.9537169507482269
vn 1 0 0
vn 0 0.30070579950427306 0.9537169507482269
vn -1 0 0
vn 0 0.9537169507482269 -0.30070579950427306
vn 0 -0.9537169507482269 0.30070579950427306
g Sporocarp
f 28/76/19 31/75/19 29/74/19 26/73/19
f 27/80/20 28/79/20 26/78/20 25/77/20
f 32/84/21 27/83/21 25/82/21 30/81/21
f 31/88/22 32/87/22 30/86/22 29/85/22
f 30/92/23 25/91/23 26/90/23 29/89/23
f 31/96/24 28/95/24 27/94/24 32/93/24
o cube
v 0.18236394758848062 0.20657053435979833 -0.1165181549157166
v 0.2639115496352378 0.13139408448373002 -0.3405683501498532
v 0.17593598254814868 0.14696322493803415 -0.09885746611436086
v 0.2574835845949057 0.07178677506196585 -0.32290766134849747
v 0.028988394438760556 0.13139408448373002 -0.4260733859812704
v -0.05255920760799648 0.20657053435979833 -0.20202319074713382
v 0.022560429398428616 0.07178677506196585 -0.40841269717991463
v -0.05898717264832842 0.14696322493803415 -0.18436250194577802
vt 0.3125 0.625
vt 0.5625 0.625
vt 0.5625 0.5625
vt 0.3125 0.5625
vt 0.25 0.3125
vt 0.25 0.5625
vt 0.3125 0.5625
vt 0.3125 0.3125
vt 0.3125 0.3125
vt 0.5625 0.3125
vt 0.5625 0.25
vt 0.3125 0.25
vt 0.625 0.3125
vt 0.625 0.5625
vt 0.5625 0.5625
vt 0.5625 0.3125
vt 0.3125 0.5625
vt 0.5625 0.5625
vt 0.5625 0.3125
vt 0.3125 0.3125
vt 0.3125 0.9375
vt 0.5625 0.9375
vt 0.5625 0.6875
vt 0.3125 0.6875
vn 0.32619040818702827 -0.3007057995042731 -0.8962007809365465
vn 0.9396926207859084 0 0.34202014332566866
vn -0.32619040818702827 0.3007057995042731 0.8962007809365465
vn -0.9396926207859084 0 -0.34202014332566866
vn 0.10284744064531126 0.953716950748227 -0.2825710208216923
vn -0.10284744064531126 -0.953716950748227 0.2825710208216923
g Sporocarp
f 36/100/25 39/99/25 37/98/25 34/97/25
f 35/104/26 36/103/26 34/102/26 33/101/26
f 40/108/27 35/107/27 33/106/27 38/105/27
f 39/112/28 40/111/28 38/110/28 37/109/28
f 38/116/29 33/115/29 34/114/29 37/113/29
f 39/120/30 36/119/30 35/118/30 40/117/30
o cube
v 0.05313932894515616 -0.1268772736519786 -0.03558309567083723
v 0.09263750521080139 -0.07904184460634239 -0.14410344307033607
v 0.05313932894515616 -0.1268772736519786 -0.03558309567083723
v 0.09263750521080139 -0.07904184460634239 -0.14410344307033607
v 0.03390671641168208 -0.07904184460634239 -0.1654797020281904
v -0.005591459853963143 -0.1268772736519786 -0.056959354628691505
v 0.03390671641168208 -0.07904184460634239 -0.1654797020281904
v -0.005591459853963143 -0.1268772736519786 -0.056959354628691505
vt 0 1
vt 0.125 1
vt 0.125 1
vt 0 1
vt 0 1
vt 0.5 1
vt 0.5 1
vt 0 1
vt 0 1
vt 0.125 1
vt 0.125 1
vt 0 1
vt 0 1
vt 0.5 1
vt 0.5 1
vt 0 1
vt 0 0.25
vt 0.0625 0.25
vt 0.0625 0
vt 0 0
vt 0.125 0.6875
vt 0.1875 0.6875
vt 0.1875 0
vt 0.125 0
vn 0.31598541012516207 0.3826834323650898 -0.8681627791959909
vn 0.9396926207859084 0 0.34202014332566866
vn -0.31598541012516207 -0.3826834323650898 0.8681627791959909
vn -0.9396926207859084 0 -0.34202014332566866
vn -0.13088544238586683 0.9238795325112867 0.3596047974904981
vn 0.13088544238586683 -0.9238795325112867 -0.3596047974904981
g Sporocarp
f 44/124/31 47/123/31 45/122/31 42/121/31
f 43/128/32 44/127/32 42/126/32 41/125/32
f 48/132/33 43/131/33 41/130/33 46/129/33
f 47/136/34 48/135/34 46/134/34 45/133/34
f 46/140/35 41/139/35 42/138/35 45/137/35
f 47/144/36 44/143/36 43/142/36 48/141/36
o cube
v 0.09263750521080139 -0.07904184460634245 -0.14410344307033612
v 0.12011829400992069 0.01671371078352979 -0.21960628976471785
v 0.09263750521080139 -0.07904184460634245 -0.14410344307033612
v 0.12011829400992069 0.01671371078352979 -0.21960628976471785
v 0.061387505210801385 0.01671371078352979 -0.2409825487225722
v 0.03390671641168208 -0.07904184460634245 -0.1654797020281904
v 0.061387505210801385 0.01671371078352979 -0.2409825487225722
v 0.03390671641168208 -0.07904184460634245 -0.1654797020281904
vt 0 1
vt 0.125 1
vt 0.125 1
vt 0 1
vt 0 1
vt 0.5 1
vt 0.5 1
vt 0 1
vt 0 1
vt 0.125 1
vt 0.125 1
vt 0 1
vt 0 1
vt 0.5 1
vt 0.5 1
vt 0 1
vt 0 0.5
vt 0.0625 0.5
vt 0.0625 0.25
vt 0 0.25
vt 0.125 0.6875
vt 0.1875 0.6875
vt 0.1875 0
vt 0.125 0
vn 0.2198463103929542 0.7660444431189779 -0.6040227735550538
vn 0.9396926207859084 0 0.34202014332566866
vn -0.2198463103929542 -0.7660444431189779 0.6040227735550538
vn -0.9396926207859084 0 -0.34202014332566866
vn -0.26200263022938486 0.6427876096865395 0.7198463103929541
vn 0.26200263022938486 -0.6427876096865395 -0.7198463103929541
g Sporocarp
f 52/148/37 55/147/37 53/146/37 50/145/37
f 51/152/38 52/151/38 50/150/38 49/149/38
f 56/156/39 51/155/39 49/154/39 54/153/39
f 55/160/40 56/159/40 54/158/40 53/157/40
f 54/164/41 49/163/41 50/162/41 53/161/41
f 55/168/42 52/167/42 51/166/42 56/165/42
o cube
v 0.12011829400992069 0.01671371078353001 -0.21960628976471785
v 0.12937163248247852 0.1387507116735217 -0.24502962827264108
v 0.12011829400992069 0.01671371078353001 -0.21960628976471785
v 0.12937163248247852 0.1387507116735217 -0.24502962827264108
v 0.07064084368335921 0.1387507116735217 -0.2664058872304954
v 0.061387505210801385 0.01671371078353001 -0.2409825487225722
v 0.07064084368335921 0.1387507116735217 -0.2664058872304954
v 0.061387505210801385 0.01671371078353001 -0.2409825487225722
vt 0 1
vt 0.125 1
vt 0.125 1
vt 0 1
vt 0 1
vt 0.5 1
vt 0.5 1
vt 0 1
vt 0 1
vt 0.125 1
vt 0.125 1
vt 0 1
vt 0 1
vt 0.5 1
vt 0.5 1
vt 0 1
vt 0 1
vt 0.0625 1
vt 0.0625 0.5
vt 0 0.5
vt 0.125 0.6875
vt 0.1875 0.6875
vt 0.1875 0
vt 0.125 0
vn 0.07402670778046214 0.9762960071199335 -0.20338670806338557
vn 0.9396926207859084 0 0.34202014332566866
vn -0.07402670778046214 -0.9762960071199335 0.20338670806338557
vn -0.9396926207859084 0 -0.34202014332566866
vn -0.3339129002834377 0.2164396139381023 0.9174181535933482
vn 0.3339129002834377 -0.2164396139381023 -0.9174181535933482
g Sporocarp
f 60/172/43 63/171/43 61/170/43 58/169/43
f 59/176/44 60/175/44 58/174/44 57/173/44
f 64/180/45 59/179/45 57/178/45 62/177/45
f 63/184/46 64/183/46 62/182/46 61/181/46
f 62/188/47 57/187/47 58/186/47 61/185/47
f 63/192/48 60/191/48 59/190/48 64/189/48
o cube
v 0.0482101812464788 0.25344553435979833 -0.20658288975635386
v -0.08854721122795983 0.17826908448373002 -0.4018926872259723
v 0.05899004130083829 0.19383822493803415 -0.1911876541067613
v -0.07776735117360023 0.11866177506196585 -0.38649745157637977
v -0.2933352223002078 0.17826908448373002 -0.25849857813821076
v -0.15657782982576923 0.25344553435979833 -0.06318878066859229
v -0.28255536224584826 0.11866177506196585 -0.2431033424886182
v -0.14579796977140969 0.19383822493803415 -0.047793545018999684
vt 0.3125 0.625
vt 0.5625 0.625
vt 0.5625 0.5625
vt 0.3125 0.5625
vt 0.25 0.3125
vt 0.25 0.5625
vt 0.3125 0.5625
vt 0.3125 0.3125
vt 0.3125 0.3125
vt 0.5625 0.3125
vt 0.5625 0.25
vt 0.3125 0.25
vt 0.625 0.3125
vt 0.625 0.5625
vt 0.5625 0.5625
vt 0.5625 0.3125
vt 0.3125 0.5625
vt 0.5625 0.5625
vt 0.5625 0.3125
vt 0.3125 0.3125
vt 0.3125 0.9375
vt 0.5625 0.9375
vt 0.5625 0.6875
vt 0.3125 0.6875
vn -0.5470295698977541 -0.300705799504273 -0.7812391898784738
vn 0.8191520442889919 0 -0.573576436351046
vn 0.5470295698977541 0.300705799504273 0.7812391898784738
vn -0.8191520442889919 0 0.573576436351046
vn -0.17247776086975308 0.9537169507482269 -0.24632377039348097
vn 0.17247776086975308 -0.9537169507482269 0.24632377039348097
g Sporocarp
f 68/196/49 71/195/49 69/194/49 66/193/49
f 67/200/50 68/199/50 66/198/50 65/197/50
f 72/204/51 67/203/51 65/202/51 70/201/51
f 71/208/52 72/207/52 70/206/52 69/205/52
f 70/212/53 65/211/53 66/210/53 69/209/53
f 71/216/54 68/215/54 67/214/54 72/213/54
o cube
v 0.04038810423131134 -0.0800022736519786 -0.05430583636467057
v -0.025851337003125474 -0.03216684460634234 -0.14890556233134294
v 0.04038810423131134 -0.0800022736519786 -0.05430583636467057
v -0.025851337003125474 -0.03216684460634234 -0.14890556233134294
v -0.07704833977118752 -0.03216684460634234 -0.11305703505940251
v -0.01080889853675071 -0.0800022736519786 -0.01845730909273019
v -0.07704833977118752 -0.03216684460634234 -0.11305703505940251
v -0.01080889853675071 -0.0800022736519786 -0.01845730909273019
vt 0 1
vt 0.125 1
vt 0.125 1
vt 0 1
vt 0 1
vt 0.5 1
vt 0.5 1
vt 0 1
vt 0 1
vt 0.125 1
vt 0.125 1
vt 0 1
vt 0 1
vt 0.5 1
vt 0.5 1
vt 0 1
vt 0 0.25
vt 0.0625 0.25
vt 0.0625 0
vt 0 0
vt 0.125 0.6875
vt 0.1875 0.6875
vt 0.1875 0
vt 0.125 0
vn -0.5299155298754943 0.3826834323650897 -0.7567978077333786
vn 0.8191520442889918 0 -0.573576436351046
vn 0.5299155298754943 -0.3826834323650897 0.7567978077333786
vn -0.8191520442889918 0 0.573576436351046
vn 0.2194981993865547 0.9238795325112867 0.3134759159373914
vn -0.2194981993865547 -0.9238795325112867 -0.3134759159373914
g Sporocarp
f 76/220/55 79/219/55 77/218/55 74/217/55
f 75/224/56 76/223/56 74/222/56 73/221/56
f 80/228/57 75/227/57 73/226/57 78/225/57
f 79/232/58 80/231/58 78/230/58 77/229/58
f 78/236/59 73/235/59 74/234/59 77/233/59
f 79/240/60 76/239/60 75/238/60 80/237/60
o cube
v -0.025851337003125474 -0.03216684460634234 -0.1489055623313429
v -0.07193731531495201 0.0635887107835299 -0.2147231603961383
v -0.025851337003125474 -0.03216684460634234 -0.1489055623313429
v -0.07193731531495201 0.0635887107835299 -0.2147231603961383
v -0.123134318083014 0.0635887107835299 -0.17887463312419793
v -0.07704833977118752 -0.03216684460634234 -0.11305703505940246
v -0.123134318083014 0.0635887107835299 -0.17887463312419793
v -0.07704833977118752 -0.03216684460634234 -0.11305703505940246
vt 0 1
vt 0.125 1
vt 0.125 1
vt 0 1
vt 0 1
vt 0.5 1
vt 0.5 1
vt 0 1
vt 0 1
vt 0.125 1
vt 0.125 1
vt 0 1
vt 0 1
vt 0.5 1
vt 0.5 1
vt 0 1
vt 0 0.5
vt 0.0625 0.5
vt 0.0625 0.25
vt 0 0.25
vt 0.125 0.6875
vt 0.1875 0.6875
vt 0.1875 0
vt 0.125 0
vn -0.36868782649461246 0.7660444431189779 -0.5265407845183634
vn 0.8191520442889918 0 -0.573576436351046
vn 0.36868782649461246 -0.7660444431189779 0.5265407845183634
vn -0.8191520442889918 0 0.573576436351046
vn 0.4393850417707049 0.6427876096865395 0.627506871597133
vn -0.4393850417707049 -0.6427876096865395 -0.627506871597133
g Sporocarp
f 84/244/61 87/243/61 85/242/61 82/241/61
f 83/248/62 84/247/62 82/246/62 81/245/62
f 88/252/63 83/251/63 81/250/63 86/249/63
f 87/256/64 88/255/64 86/254/64 85/253/64
f 86/260/65 81/259/65 82/258/65 85/257/65
f 87/264/66 84/263/66 83/262/66 88/261/66
o cube
v -0.07193731531495196 0.06358871078352979 -0.2147231603961382
v -0.08745539812092862 0.18562571167352138 -0.23688527942395277
v -0.07193731531495196 0.06358871078352979 -0.2147231603961382
v -0.08745539812092862 0.18562571167352138 -0.23688527942395277
v -0.1386524008889906 0.18562571167352138 -0.2010367521520124
v -0.123134318083014 0.06358871078352979 -0.17887463312419782
v -0.1386524008889906 0.18562571167352138 -0.2010367521520124
v -0.123134318083014 0.06358871078352979 -0.17887463312419782
vt 0 1
vt 0.125 1
vt 0.125 1
vt 0 1
vt 0 1
vt 0.5 1
vt 0.5 1
vt 0 1
vt 0 1
vt 0.125 1
vt 0.125 1
vt 0 1
vt 0 1
vt 0.5 1
vt 0.5 1
vt 0 1
vt 0 1
vt 0.0625 1
vt 0.0625 0.5
vt 0 0.5
vt 0.125 0.6875
vt 0.1875 0.6875
vt 0.1875 0
vt 0.125 0
vn -0.12414466244781294 0.9762960071199336 -0.17729695222251668
vn 0.8191520442889919 0 -0.5735764363510462
vn 0.12414466244781294 -0.9762960071199336 0.17729695222251668
vn -0.8191520442889919 0 0.5735764363510462
vn 0.5599803845876069 0.2164396139381023 0.7997348700634735
vn -0.5599803845876069 -0.2164396139381023 -0.7997348700634735
g Sporocarp
f 92/268/67 95/267/67 93/266/67 90/265/67
f 91/272/68 92/271/68 90/270/68 89/269/68
f 96/276/69 91/275/69 89/274/69 94/273/69
f 95/280/70 96/279/70 94/278/70 93/277/70
f 94/284/71 89/283/71 90/282/71 93/281/71
f 95/288/72 92/287/72 91/286/72 96/285/72
o cube
v -0.01789081646192081 0.06594553435979833 -0.13839187832346683
v -0.0694963486184636 -0.009230915516269977 -0.3711693910579899
v -0.013823026014817552 0.006338224938034154 -0.12004326136260257
v -0.06542855817136028 -0.06883822493803415 -0.3528207740971256
v -0.31357035039844694 -0.009230915516269977 -0.3170594875734642
v -0.2619648182419042 0.06594553435979833 -0.08428197483894112
v -0.30950255995134357 -0.06883822493803415 -0.2987108706125999
v -0.25789702779480084 0.006338224938034154 -0.0659333578780768
vt 0.3125 0.625
vt 0.5625 0.625
vt 0.5625 0.5625
vt 0.3125 0.5625
vt 0.25 0.3125
vt 0.25 0.5625
vt 0.3125 0.5625
vt 0.3125 0.3125
vt 0.3125 0.3125
vt 0.5625 0.3125
vt 0.5625 0.25
vt 0.3125 0.25
vt 0.625 0.3125
vt 0.625 0.5625
vt 0.5625 0.5625
vt 0.5625 0.3125
vt 0.3125 0.5625
vt 0.5625 0.5625
vt 0.5625 0.3125
vt 0.3125 0.3125
vt 0.3125 0.9375
vt 0.5625 0.9375
vt 0.5625 0.6875
vt 0.3125 0.6875
vn -0.2064221286261709 -0.30070579950427306 -0.9311100509380921
vn 0.9762960071199335 0 -0.21643961393810293
vn 0.2064221286261709 0.30070579950427306 0.9311100509380921
vn -0.9762960071199335 0 0.21643961393810293
vn -0.06508464715365345 0.953716950748227 -0.29357787137382907
vn 0.06508464715365345 -0.953716950748227 0.29357787137382907
g Sporocarp
f 100/292/73 103/291/73 101/290/73 98/289/73
f 99/296/74 100/295/74 98/294/74 97/293/74
f 104/300/75 99/299/75 97/298/75 102/297/75
f 103/304/76 104/303/76 102/302/76 101/301/76
f 102/308/77 97/307/77 98/306/77 101/305/77
f 103/312/78 100/311/78 99/310/78 104/309/78
o cube
v -0.08339137878033243 -0.26750227365197865 -0.000699604704150647
v -0.10838689494808967 -0.21966684460634245 -0.11344709203547565
v -0.08339137878033243 -0.26750227365197865 -0.000699604704150647
v -0.10838689494808967 -0.21966684460634245 -0.11344709203547565
v -0.16940539539308552 -0.21966684460634245 -0.0999196161643442
v -0.14440987922532827 -0.26750227365197865 0.012827871166980809
v -0.16940539539308552 -0.21966684460634245 -0.0999196161643442
v -0.14440987922532827 -0.26750227365197865 0.012827871166980809
vt 0 1
vt 0.125 1
vt 0.125 1
vt 0 1
vt 0 1
vt 0.5 1
vt 0.5 1
vt 0 1
vt 0 1
vt 0.125 1
vt 0.125 1
vt 0 1
vt 0 1
vt 0.5 1
vt 0.5 1
vt 0 1
vt 0 0.25
vt 0.0625 0.25
vt 0.0625 0
vt 0 0
vt 0.125 0.6875
vt 0.1875 0.6875
vt 0.1875 0
vt 0.125 0
vn -0.19996412934205787 0.3826834323650897 -0.9019798986505999
vn 0.9762960071199335 0 -0.21643961393810293
vn 0.19996412934205787 -0.3826834323650897 0.9019798986505999
vn -0.9762960071199335 0 0.21643961393810293
vn 0.08282785436160812 0.9238795325112867 0.3736123070089882
vn -0.08282785436160812 -0.9238795325112867 -0.3736123070089882
g Sporocarp
f 108/316/79 111/315/79 109/314/79 106/313/79
f 107/320/80 108/319/80 106/318/80 105/317/80
f 112/324/81 107/323/81 105/322/81 110/321/81
f 111/328/82 112/327/82 110/326/82 109/325/82
f 110/332/83 105/331/83 106/330/83 109/329/83
f 111/336/84 108/335/84 107/334/84 112/333/84
o cube
v -0.10838689494808967 -0.21966684460634234 -0.1134470920354757
v -0.1257774827086835 -0.12391128921647016 -0.19189096413086748
v -0.10838689494808967 -0.21966684460634234 -0.1134470920354757
v -0.1257774827086835 -0.12391128921647016 -0.19189096413086748
v -0.1867959831536793 -0.12391128921647016 -0.17836348825973602
v -0.16940539539308552 -0.21966684460634234 -0.0999196161643443
v -0.1867959831536793 -0.12391128921647016 -0.17836348825973602
v -0.16940539539308552 -0.21966684460634234 -0.0999196161643443
vt 0 1
vt 0.125 1
vt 0.125 1
vt 0 1
vt 0 1
vt 0.5 1
vt 0.5 1
vt 0 1
vt 0 1
vt 0.125 1
vt 0.125 1
vt 0 1
vt 0 1
vt 0.5 1
vt 0.5 1
vt 0 1
vt 0 0.5
vt 0.0625 0.5
vt 0.0625 0.25
vt 0 0.25
vt 0.125 0.6875
vt 0.1875 0.6875
vt 0.1875 0
vt 0.125 0
vn -0.13912470208475056 0.7660444431189779 -0.6275509767631346
vn 0.9762960071199334 0 -0.2164396139381029
vn 0.13912470208475056 -0.7660444431189779 0.6275509767631346
vn -0.9762960071199334 0 0.2164396139381029
vn 0.16580236352810063 0.6427876096865396 0.7478861310934711
vn -0.16580236352810063 -0.6427876096865396 -0.7478861310934711
g Sporocarp
f 116/340/85 119/339/85 117/338/85 114/337/85
f 115/344/86 116/343/86 114/342/86 113/341/86
f 120/348/87 115/347/87 113/346/87 118/345/87
f 119/352/88 120/351/88 118/350/88 117/349/88
f 118/356/89 113/355/89 114/354/89 117/353/89
f 119/360/90 116/359/90 115/358/90 120/357/90
o cube
v -0.12577748270868344 -0.12391128921646999 -0.19189096413086737
v -0.1316332460188928 -0.0018742883264782906 -0.21830460548966102
v -0.12577748270868344 -0.12391128921646999 -0.19189096413086737
v -0.1316332460188928 -0.0018742883264782906 -0.21830460548966102
v -0.1926517464638886 -0.0018742883264782906 -0.20477712961852956
v -0.1867959831536793 -0.12391128921646999 -0.17836348825973591
v -0.1926517464638886 -0.0018742883264782906 -0.20477712961852956
v -0.1867959831536793 -0.12391128921646999 -0.17836348825973591
vt 0 1
vt 0.125 1
vt 0.125 1
vt 0 1
vt 0 1
vt 0.5 1
vt 0.5 1
vt 0 1
vt 0 1
vt 0.125 1
vt 0.125 1
vt 0 1
vt 0 1
vt 0.5 1
vt 0.5 1
vt 0 1
vt 0 1
vt 0.0625 1
vt 0.0625 0.5
vt 0 0.5
vt 0.125 0.6875
vt 0.1875 0.6875
vt 0.1875 0
vt 0.125 0
vn -0.04684610648167489 0.9762960071199335 -0.21130913087034914
vn 0.9762960071199334 0 -0.21643961393810288
vn 0.04684610648167489 -0.9762960071199335 0.21130913087034914
vn -0.9762960071199334 0 0.21643961393810288
vn 0.21130913087034975 0.2164396139381023 0.9531538935183251
vn -0.21130913087034975 -0.2164396139381023 -0.9531538935183251
g Sporocarp
f 124/364/91 127/363/91 125/362/91 122/361/91
f 123/368/92 124/367/92 122/366/92 121/365/92
f 128/372/93 123/371/93 121/370/93 126/369/93
f 127/376/94 128/375/94 126/374/94 125/373/94
f 126/380/95 121/379/95 122/378/95 125/377/95
f 127/384/96 124/383/96 123/382/96 128/381/96
o cube
v 0.25552201202922653 -0.05905446564020167 -0.06495024200367827
v 0.3172320396519125 -0.13423091551626998 -0.2952552004280213
v 0.2506577377864462 -0.11866177506196585 -0.04679652338767326
v 0.31236776540913214 -0.19383822493803415 -0.27710148181201627
v 0.07575058307964544 -0.13423091551626998 -0.3599599617036514
v 0.01404055545695948 -0.05905446564020167 -0.12965500327930846
v 0.07088630883686509 -0.19383822493803415 -0.34180624308764646
v 0.009176281214179127 -0.11866177506196585 -0.11150128466330345
vt 0.3125 0.625
vt 0.5625 0.625
vt 0.5625 0.5625
vt 0.3125 0.5625
vt 0.25 0.3125
vt 0.25 0.5625
vt 0.3125 0.5625
vt 0.3125 0.3125
vt 0.3125 0.3125
vt 0.5625 0.3125
vt 0.5625 0.25
vt 0.3125 0.25
vt 0.625 0.3125
vt 0.625 0.5625
vt 0.5625 0.5625
vt 0.5625 0.3125
vt 0.3125 0.5625
vt 0.5625 0.5625
vt 0.5625 0.3125
vt 0.3125 0.3125
vt 0.3125 0.9375
vt 0.5625 0.9375
vt 0.5625 0.6875
vt 0.3125 0.6875
vn 0.2468401104907439 -0.3007057995042731 -0.9212198336973718
vn 0.9659258262890683 0 0.25881904510252074
vn -0.2468401104907439 0.3007057995042731 0.9212198336973718
vn -0.9659258262890683 0 -0.25881904510252074
vn 0.07782838788448601 0.953716950748227 -0.2904594978560799
vn -0.07782838788448601 -0.953716950748227 0.2904594978560799
g Sporocarp
f 132/388/97 135/387/97 133/386/97 130/385/97
f 131/392/98 132/391/98 130/390/98 129/389/98
f 136/396/99 131/395/99 129/394/99 134/393/99
f 135/400/100 136/399/100 134/398/100 133/397/100
f 134/404/101 129/403/101 130/402/101 133/401/101
f 135/408/102 132/407/102 131/406/102 136/405/102
o cube
v 0.1338430872766322 -0.39250227365197865 0.026939502524953585
v 0.16373278957592396 -0.34466684460634245 -0.08461038507911167
v 0.1338430872766322 -0.39250227365197865 0.026939502524953585
v 0.16373278957592396 -0.34466684460634245 -0.08461038507911167
v 0.10336242543285712 -0.34466684460634245 -0.10078657539801927
v 0.07347272313356534 -0.39250227365197865 0.010763312206046094
v 0.10336242543285712 -0.34466684460634245 -0.10078657539801927
v 0.07347272313356534 -0.39250227365197865 0.010763312206046094
vt 0 1
vt 0.125 1
vt 0.125 1
vt 0 1
vt 0 1
vt 0.5 1
vt 0.5 1
vt 0 1
vt 0 1
vt 0.125 1
vt 0.125 1
vt 0 1
vt 0 1
vt 0.5 1
vt 0.5 1
vt 0 1
vt 0 0.25
vt 0.0625 0.25
vt 0.0625 0
vt 0 0
vt 0.125 0.6875
vt 0.1875 0.6875
vt 0.1875 0
vt 0.125 0
vn 0.23911761839433449 0.3826834323650897 -0.8923991008325228
vn 0.9659258262890684 0 0.25881904510252074
vn -0.23911761839433449 -0.3826834323650897 0.8923991008325228
vn -0.9659258262890684 0 -0.25881904510252074
vn -0.09904576054128761 0.9238795325112868 0.36964381061438606
vn 0.09904576054128761 -0.9238795325112868 -0.36964381061438606
g Sporocarp
f 140/412/103 143/411/103 141/410/103 138/409/103
f 139/416/104 140/415/104 138/414/104 137/413/104
f 144/420/105 139/419/105 137/418/105 142/417/105
f 143/424/106 144/423/106 142/422/106 141/421/106
f 142/428/107 137/427/107 138/426/107 141/425/107
f 143/432/108 140/431/108 139/430/108 144/429/108
o cube
v 0.16373278957592396 -0.34466684460634234 -0.08461038507911162
v 0.1845284989937741 -0.24891128921647016 -0.16222102920596737
v 0.16373278957592396 -0.34466684460634234 -0.08461038507911162
v 0.1845284989937741 -0.24891128921647016 -0.16222102920596737
v 0.12415813485070737 -0.24891128921647016 -0.17839721952487486
v 0.10336242543285712 -0.34466684460634234 -0.10078657539801916
v 0.12415813485070737 -0.24891128921647016 -0.17839721952487486
v 0.10336242543285712 -0.34466684460634234 -0.10078657539801916
vt 0 1
vt 0.125 1
vt 0.125 1
vt 0 1
vt 0 1
vt 0.5 1
vt 0.5 1
vt 0 1
vt 0 1
vt 0.125 1
vt 0.125 1
vt 0 1
vt 0 1
vt 0.5 1
vt 0.5 1
vt 0 1
vt 0 0.5
vt 0.0625 0.5
vt 0.0625 0.25
vt 0 0.25
vt 0.125 0.6875
vt 0.1875 0.6875
vt 0.1875 0
vt 0.125 0
vn 0.16636567534280194 0.7660444431189779 -0.6208851530148458
vn 0.9659258262890683 0 0.25881904510252074
vn -0.16636567534280194 -0.7660444431189779 0.6208851530148458
vn -0.9659258262890683 0 -0.25881904510252074
vn -0.19826689127414612 0.6427876096865396 0.7399421116938479
vn 0.19826689127414612 -0.6427876096865396 -0.7399421116938479
g Sporocarp
f 148/436/109 151/435/109 149/434/109 146/433/109
f 147/440/110 148/439/110 146/438/110 145/437/110
f 152/444/111 147/443/111 145/442/111 150/441/111
f 151/448/112 152/447/112 150/446/112 149/445/112
f 150/452/113 145/451/113 146/450/113 149/449/113
f 151/456/114 148/455/114 147/454/114 152/453/114
o cube
v 0.18452849899377421 -0.24891128921646988 -0.16222102920596737
v 0.19153083576900143 -0.12687428832647818 -0.18835410582282341
v 0.18452849899377421 -0.24891128921646988 -0.16222102920596737
v 0.19153083576900143 -0.12687428832647818 -0.18835410582282341
v 0.1311604716259347 -0.12687428832647818 -0.20453029614173102
v 0.12415813485070748 -0.24891128921646988 -0.17839721952487497
v 0.1311604716259347 -0.12687428832647818 -0.20453029614173102
v 0.12415813485070748 -0.24891128921646988 -0.17839721952487497
vt 0 1
vt 0.125 1
vt 0.125 1
vt 0 1
vt 0 1
vt 0.5 1
vt 0.5 1
vt 0 1
vt 0 1
vt 0.125 1
vt 0.125 1
vt 0 1
vt 0 1
vt 0.5 1
vt 0.5 1
vt 0 1
vt 0 1
vt 0.0625 1
vt 0.0625 0.5
vt 0 0.5
vt 0.125 0.6875
vt 0.1875 0.6875
vt 0.1875 0
vt 0.125 0
vn 0.056018694201817876 0.9762960071199336 -0.2090646129348484
vn 0.9659258262890683 0 0.2588190451025207
vn -0.056018694201817876 -0.9762960071199336 0.2090646129348484
vn -0.9659258262890683 0 -0.2588190451025207
vn -0.25268400030018495 0.2164396139381023 0.9430295273800399
vn 0.25268400030018495 -0.2164396139381023 -0.9430295273800399
g Sporocarp
f 156/460/115 159/459/115 157/458/115 154/457/115
f 155/464/116 156/463/116 154/462/116 153/461/116
f 160/468/117 155/467/117 153/466/117 158/465/117
f 159/472/118 160/471/118 158/470/118 157/469/118
f 158/476/119 153/475/119 154/474/119 157/473/119
f 159/480/120 156/479/120 155/478/120 160/477/120
o cube
v 0.3698639475884806 0.05032053435979833 -0.05401815491571654
v 0.45141154963523766 -0.024855915516269977 -0.2780683501498532
v 0.3634359825481486 -0.009286775061965846 -0.03635746611436075
v 0.4449835845949057 -0.08446322493803415 -0.26040766134849747
v 0.21648839443876056 -0.024855915516269977 -0.3635733859812704
v 0.1349407923920034 0.05032053435979833 -0.1395231907471337
v 0.21006042939842862 -0.08446322493803415 -0.34591269717991463
v 0.12851282735167158 -0.009286775061965846 -0.12186250194577797
vt 0.3125 0.625
vt 0.5625 0.625
vt 0.5625 0.5625
vt 0.3125 0.5625
vt 0.25 0.3125
vt 0.25 0.5625
vt 0.3125 0.5625
vt 0.3125 0.3125
vt 0.3125 0.3125
vt 0.5625 0.3125
vt 0.5625 0.25
vt 0.3125 0.25
vt 0.625 0.3125
vt 0.625 0.5625
vt 0.5625 0.5625
vt 0.5625 0.3125
vt 0.3125 0.5625
vt 0.5625 0.5625
vt 0.5625 0.3125
vt 0.3125 0.3125
vt 0.3125 0.9375
vt 0.5625 0.9375
vt 0.5625 0.6875
vt 0.3125 0.6875
vn 0.32619040818702827 -0.3007057995042731 -0.8962007809365465
vn 0.9396926207859084 0 0.34202014332566866
vn -0.32619040818702827 0.3007057995042731 0.8962007809365465
vn -0.9396926207859084 0 -0.34202014332566866
vn 0.10284744064531126 0.953716950748227 -0.2825710208216923
vn -0.10284744064531126 -0.953716950748227 0.2825710208216923
g Sporocarp
f 164/484/121 167/483/121 165/482/121 162/481/121
f 163/488/122 164/487/122 162/486/122 161/485/122
f 168/492/123 163/491/123 161/490/123 166/489/123
f 167/496/124 168/495/124 166/494/124 165/493/124
f 166/500/125 161/499/125 162/498/125 165/497/125
f 167/504/126 164/503/126 163/502/126 168/501/126
o cube
v 0.24063932894515616 -0.2831272736519786 0.026916904329162827
v 0.2801375052108015 -0.2352918446063424 -0.08160344307033607
v 0.24063932894515616 -0.2831272736519786 0.026916904329162827
v 0.2801375052108015 -0.2352918446063424 -0.08160344307033607
v 0.2214067164116822 -0.2352918446063424 -0.1029797020281904
v 0.18190854014603697 -0.2831272736519786 0.005540645371308495
v 0.2214067164116822 -0.2352918446063424 -0.1029797020281904
v 0.18190854014603697 -0.2831272736519786 0.005540645371308495
vt 0 1
vt 0.125 1
vt 0.125 1
vt 0 1
vt 0 1
vt 0.5 1
vt 0.5 1
vt 0 1
vt 0 1
vt 0.125 1
vt 0.125 1
vt 0 1
vt 0 1
vt 0.5 1
vt 0.5 1
vt 0 1
vt 0 0.25
vt 0.0625 0.25
vt 0.0625 0
vt 0 0
vt 0.125 0.6875
vt 0.1875 0.6875
vt 0.1875 0
vt 0.125 0
vn 0.31598541012516207 0.3826834323650898 -0.8681627791959909
vn 0.9396926207859084 0 0.34202014332566866
vn -0.31598541012516207 -0.3826834323650898 0.8681627791959909
vn -0.9396926207859084 0 -0.34202014332566866
vn -0.13088544238586683 0.9238795325112867 0.3596047974904981
vn 0.13088544238586683 -0.9238795325112867 -0.3596047974904981
g Sporocarp
f 172/508/127 175/507/127 173/506/127 170/505/127
f 171/512/128 172/511/128 170/510/128 169/509/128
f 176/516/129 171/515/129 169/514/129 174/513/129
f 175/520/130 176/519/130 174/518/130 173/517/130
f 174/524/131 169/523/131 170/522/131 173/521/131
f 175/528/132 172/527/132 171/526/132 176/525/132
o cube
v 0.2801375052108015 -0.23529184460634234 -0.08160344307033618
v 0.3076182940099207 -0.1395362892164702 -0.15710628976471785
v 0.2801375052108015 -0.23529184460634234 -0.08160344307033618
v 0.3076182940099207 -0.1395362892164702 -0.15710628976471785
v 0.2488875052108015 -0.1395362892164702 -0.17848254872257213
v 0.2214067164116822 -0.23529184460634234 -0.10297970202819046
v 0.2488875052108015 -0.1395362892164702 -0.17848254872257213
v 0.2214067164116822 -0.23529184460634234 -0.10297970202819046
vt 0 1
vt 0.125 1
vt 0.125 1
vt 0 1
vt 0 1
vt 0.5 1
vt 0.5 1
vt 0 1
vt 0 1
vt 0.125 1
vt 0.125 1
vt 0 1
vt 0 1
vt 0.5 1
vt 0.5 1
vt 0 1
vt 0 0.5
vt 0.0625 0.5
vt 0.0625 0.25
vt 0 0.25
vt 0.125 0.6875
vt 0.1875 0.6875
vt 0.1875 0
vt 0.125 0
vn 0.2198463103929542 0.7660444431189779 -0.6040227735550538
vn 0.9396926207859084 0 0.34202014332566866
vn -0.2198463103929542 -0.7660444431189779 0.6040227735550538
vn -0.9396926207859084 0 -0.34202014332566866
vn -0.26200263022938486 0.6427876096865395 0.7198463103929541
vn 0.26200263022938486 -0.6427876096865395 -0.7198463103929541
g Sporocarp
f 180/532/133 183/531/133 181/530/133 178/529/133
f 179/536/134 180/535/134 178/534/134 177/533/134
f 184/540/135 179/539/135 177/538/135 182/537/135
f 183/544/136 184/543/136 182/542/136 181/541/136
f 182/548/137 177/547/137 178/546/137 181/545/137
f 183/552/138 180/551/138 179/550/138 184/549/138
o cube
v 0.3076182940099207 -0.13953628921647 -0.1571062897647179
v 0.3168716324824785 -0.01749928832647829 -0.18252962827264113
v 0.3076182940099207 -0.13953628921647 -0.1571062897647179
v 0.3168716324824785 -0.01749928832647829 -0.18252962827264113
v 0.2581408436833592 -0.01749928832647829 -0.2039058872304954
v 0.2488875052108015 -0.13953628921647 -0.1784825487225722
v 0.2581408436833592 -0.01749928832647829 -0.2039058872304954
v 0.2488875052108015 -0.13953628921647 -0.1784825487225722
vt 0 1
vt 0.125 1
vt 0.125 1
vt 0 1
vt 0 1
vt 0.5 1
vt 0.5 1
vt 0 1
vt 0 1
vt 0.125 1
vt 0.125 1
vt 0 1
vt 0 1
vt 0.5 1
vt 0.5 1
vt 0 1
vt 0 1
vt 0.0625 1
vt 0.0625 0.5
vt 0 0.5
vt 0.125 0.6875
vt 0.1875 0.6875
vt 0.1875 0
vt 0.125 0
vn 0.07402670778046214 0.9762960071199335 -0.20338670806338557
vn 0.9396926207859084 0 0.34202014332566866
vn -0.07402670778046214 -0.9762960071199335 0.20338670806338557
vn -0.9396926207859084 0 -0.34202014332566866
vn -0.3339129002834377 0.2164396139381023 0.9174181535933482
vn 0.3339129002834377 -0.2164396139381023 -0.9174181535933482
g Sporocarp
f 188/556/139 191/555/139 189/554/139 186/553/139
f 187/560/140 188/559/140 186/558/140 185/557/140
f 192/564/141 187/563/141 185/562/141 190/561/141
f 191/568/142 192/567/142 190/566/142 189/565/142
f 190/572/143 185/571/143 186/570/143 189/569/143
f 191/576/144 188/575/144 187/574/144 192/573/144
o cube
v 0.17132980868610725 0.40969553435979833 -0.14583119359821606
v 0.1096197810634214 0.33451908448373 -0.376136152022559
v 0.17619408292888772 0.35008822493803415 -0.12767747498221105
v 0.11448405530620176 0.27491177506196585 -0.357982433406554
v -0.13186167550884575 0.33451908448373 -0.3114313907469288
v -0.0701516478861598 0.40969553435979833 -0.08112643232258587
v -0.1269974012660654 0.27491177506196585 -0.2932776721309238
v -0.06528737364337944 0.35008822493803415 -0.06297271370658086
vt 0.3125 0.625
vt 0.5625 0.625
vt 0.5625 0.5625
vt 0.3125 0.5625
vt 0.25 0.3125
vt 0.25 0.5625
vt 0.3125 0.5625
vt 0.3125 0.3125
vt 0.3125 0.3125
vt 0.5625 0.3125
vt 0.5625 0.25
vt 0.3125 0.25
vt 0.625 0.3125
vt 0.625 0.5625
vt 0.5625 0.5625
vt 0.5625 0.3125
vt 0.3125 0.5625
vt 0.5625 0.5625
vt 0.5625 0.3125
vt 0.3125 0.3125
vt 0.3125 0.9375
vt 0.5625 0.9375
vt 0.5625 0.6875
vt 0.3125 0.6875
vn -0.2468401104907439 -0.3007057995042731 -0.9212198336973718
vn 0.9659258262890683 0 -0.25881904510252074
vn 0.2468401104907439 0.3007057995042731 0.9212198336973718
vn -0.9659258262890683 0 0.25881904510252074
vn -0.07782838788448601 0.953716950748227 -0.2904594978560799
vn 0.07782838788448601 -0.953716950748227 0.2904594978560799
g Sporocarp
f 196/580/145 199/579/145 197/578/145 194/577/145
f 195/584/146 196/583/146 194/582/146 193/581/146
f 200/588/147 195/587/147 193/586/147 198/585/147
f 199/592/148 200/591/148 198/590/148 197/589/148
f 198/596/149 193/595/149 194/594/149 197/593/149
f 199/600/150 196/599/150 195/598/150 200/597/150
o cube
v 0.11189764100950139 0.07624772634802146 -0.005412878112861452
v 0.0820079387102095 0.12408315539365766 -0.11696276571692676
v 0.11189764100950139 0.07624772634802146 -0.005412878112861452
v 0.0820079387102095 0.12408315539365766 -0.11696276571692676
v 0.02163757456714277 0.12408315539365766 -0.10078657539801922
v 0.051527276866434546 0.07624772634802146 0.010763312206046094
v 0.02163757456714277 0.12408315539365766 -0.10078657539801922
v 0.051527276866434546 0.07624772634802146 0.010763312206046094
vt 0 1
vt 0.125 1
vt 0.125 1
vt 0 1
vt 0 1
vt 0.5 1
vt 0.5 1
vt 0 1
vt 0 1
vt 0.125 1
vt 0.125 1
vt 0 1
vt 0 1
vt 0.5 1
vt 0.5 1
vt 0 1
vt 0 0.25
vt 0.0625 0.25
vt 0.0625 0
vt 0 0
vt 0.125 0.6875
vt 0.1875 0.6875
vt 0.1875 0
vt 0.125 0
vn -0.23911761839433449 0.3826834323650897 -0.8923991008325228
vn 0.9659258262890684 0 -0.25881904510252074
vn 0.23911761839433449 -0.3826834323650897 0.8923991008325228
vn -0.9659258262890684 0 0.25881904510252074
vn 0.09904576054128761 0.9238795325112868 0.36964381061438606
vn -0.09904576054128761 -0.9238795325112868 -0.36964381061438606
g Sporocarp
f 204/604/151 207/603/151 205/602/151 202/601/151
f 203/608/152 204/607/152 202/606/152 201/605/152
f 208/612/153 203/611/153 201/610/153 206/609/153
f 207/616/154 208/615/154 206/614/154 205/613/154
f 206/620/155 201/619/155 202/618/155 205/617/155
f 207/624/156 204/623/156 203/622/156 208/621/156
o cube
v 0.0820079387102095 0.12408315539365766 -0.11696276571692676
v 0.061212229292359366 0.2198387107835298 -0.19457340984378246
v 0.0820079387102095 0.12408315539365766 -0.11696276571692676
v 0.061212229292359366 0.2198387107835298 -0.19457340984378246
v 0.00084186514929252 0.2198387107835298 -0.17839721952487497
v 0.02163757456714277 0.12408315539365766 -0.10078657539801922
v 0.00084186514929252 0.2198387107835298 -0.17839721952487497
v 0.02163757456714277 0.12408315539365766 -0.10078657539801922
vt 0 1
vt 0.125 1
vt 0.125 1
vt 0 1
vt 0 1
vt 0.5 1
vt 0.5 1
vt 0 1
vt 0 1
vt 0.125 1
vt 0.125 1
vt 0 1
vt 0 1
vt 0.5 1
vt 0.5 1
vt 0 1
vt 0 0.5
vt 0.0625 0.5
vt 0.0625 0.25
vt 0 0.25
vt 0.125 0.6875
vt 0.1875 0.6875
vt 0.1875 0
vt 0.125 0
vn -0.16636567534280194 0.7660444431189779 -0.6208851530148458
vn 0.9659258262890683 0 -0.25881904510252074
vn 0.16636567534280194 -0.7660444431189779 0.6208851530148458
vn -0.9659258262890683 0 0.25881904510252074
vn 0.19826689127414612 0.6427876096865396 0.7399421116938479
vn -0.19826689127414612 -0.6427876096865396 -0.7399421116938479
g Sporocarp
f 212/628/157 215/627/157 213/626/157 210/625/157
f 211/632/158 212/631/158 210/630/158 209/629/158
f 216/636/159 211/635/159 209/634/159 214/633/159
f 215/640/160 216/639/160 214/638/160 213/637/160
f 214/644/161 209/643/161 210/642/161 213/641/161
f 215/648/162 212/647/162 211/646/162 216/645/162
o cube
v 0.061212229292359366 0.21983871078353 -0.19457340984378246
v 0.05420989251713204 0.3418757116735218 -0.2207064864606385
v 0.061212229292359366 0.21983871078353 -0.19457340984378246
v 0.05420989251713204 0.3418757116735218 -0.2207064864606385
v -0.006160471625934694 0.3418757116735218 -0.20453029614173096
v 0.00084186514929252 0.21983871078353 -0.17839721952487492
v -0.006160471625934694 0.3418757116735218 -0.20453029614173096
v 0.00084186514929252 0.21983871078353 -0.17839721952487492
vt 0 1
vt 0.125 1
vt 0.125 1
vt 0 1
vt 0 1
vt 0.5 1
vt 0.5 1
vt 0 1
vt 0 1
vt 0.125 1
vt 0.125 1
vt 0 1
vt 0 1
vt 0.5 1
vt 0.5 1
vt 0 1
vt 0 1
vt 0.0625 1
vt 0.0625 0.5
vt 0 0.5
vt 0.125 0.6875
vt 0.1875 0.6875
vt 0.1875 0
vt 0.125 0
vn -0.056018694201817876 0.9762960071199336 -0.2090646129348484
vn 0.9659258262890683 0 -0.2588190451025207
vn 0.056018694201817876 -0.9762960071199336 0.2090646129348484
vn -0.9659258262890683 0 0.2588190451025207
vn 0.25268400030018495 0.2164396139381023 0.9430295273800399
vn -0.25268400030018495 -0.2164396139381023 -0.9430295273800399
g Sporocarp
f 220/652/163 223/651/163 221/650/163 218/649/163
f 219/656/164 220/655/164 218/654/164 217/653/164
f 224/660/165 219/659/165 217/658/165 222/657/165
f 223/664/166 224/663/166 222/662/166 221/661/166
f 222/668/167 217/667/167 218/666/167 221/665/167
f 223/672/168 220/671/168 219/670/168 224/669/168
o cube
v 0.3519095326395141 0.31594553435979833 -0.0893863983107902
v 0.3726900099428875 0.24076908448373002 -0.3269083407646927
v 0.3502715178079939 0.25633822493803415 -0.07066380311381548
v 0.3710519951113673 0.18116177506196585 -0.30818574556771794
v 0.12364133541995115 0.24076908448373002 -0.3486972764516073
v 0.10286085811657775 0.31594553435979833 -0.11117533399770474
v 0.12200332058843089 0.18116177506196585 -0.3299746812546325
v 0.10122284328505748 0.25633822493803415 -0.09245273880073002
vt 0.3125 0.625
vt 0.5625 0.625
vt 0.5625 0.5625
vt 0.3125 0.5625
vt 0.25 0.3125
vt 0.25 0.5625
vt 0.3125 0.5625
vt 0.3125 0.3125
vt 0.3125 0.3125
vt 0.5625 0.3125
vt 0.5625 0.25
vt 0.3125 0.25
vt 0.625 0.3125
vt 0.625 0.5625
vt 0.5625 0.5625
vt 0.5625 0.3125
vt 0.3125 0.5625
vt 0.5625 0.5625
vt 0.5625 0.3125
vt 0.3125 0.3125
vt 0.3125 0.9375
vt 0.5625 0.9375
vt 0.5625 0.6875
vt 0.3125 0.6875
vn 0.08312190921349345 -0.3007057995042731 -0.95008776981561
vn 0.9961946980917455 0 0.08715574274765818
vn -0.08312190921349345 0.3007057995042731 0.95008776981561
vn -0.9961946980917455 0 -0.08715574274765818
vn 0.02620823730432331 0.953716950748227 -0.29956152315159634
vn -0.02620823730432331 -0.953716950748227 0.29956152315159634
g Sporocarp
f 228/676/169 231/675/169 229/674/169 226/673/169
f 227/680/170 228/679/170 226/678/170 225/677/170
f 232/684/171 227/683/171 225/682/171 230/681/171
f 231/688/172 232/687/172 230/686/172 229/685/172
f 230/692/173 225/691/173 226/690/173 229/689/173
f 231/696/174 228/695/174 227/694/174 232/693/174
o cube
