# Made in Blockbench 4.9.3

o cube
v 0.037800000000000056 -0.28371155280759 0.05381161099139797
v 0.037800000000000056 -0.23120034388111022 -0.24399425351949372
v 0.037800000000000056 -0.3209372858714515 0.04724770987558802
v 0.037800000000000056 -0.2684260769449718 -0.25055815463530373
v 0 -0.23120034388111022 -0.24399425351949372
v 0 -0.28371155280759 0.05381161099139797
v 0 -0.2684260769449718 -0.25055815463530373
v 0 -0.3209372858714515 0.04724770987558802
vt 0 1
vt 0.0625 1
vt 0.0625 0.9375
vt 0 0.9375
vt 0 1
vt 0.0625 1
vt 0.0625 0.5
vt 0 0.5
vt 0 1
vt 0.0625 1
vt 0.0625 0.9375
vt 0 0.9375
vt 0 1
vt 0.0625 1
vt 0.0625 0.5
vt 0 0.5
vt 0 1
vt 0.0625 1
vt 0.0625 0.5
vt 0 0.5
vt 0 1
vt 0.0625 1
vt 0.0625 0.5
vt 0 0.5
vn 0 0.17364817766693033 -0.984807753012208
vn 1 0 0
vn 0 -0.17364817766693033 0.984807753012208
vn -1 0 0
vn 0 0.984807753012208 0.17364817766693033
vn 0 -0.984807753012208 -0.17364817766693033
g Sporocarp
f 4/4/1 7/3/1 5/2/1 2/1/1
f 3/8/2 4/7/2 2/6/2 1/5/2
f 8/12/3 3/11/3 1/10/3 6/9/3
f 7/16/4 8/15/4 6/14/4 5/13/4
f 6/20/5 1/19/5 2/18/5 5/17/5
f 7/24/6 4/23/6 3/22/6 8/21/6
o cube
v 0.13229999999999997 -0.23120034388111022 -0.24399425351949378
v 0.13229999999999997 -0.23120034388111022 -0.3951942535194938
v 0.13229999999999997 -0.26900034388111027 -0.24399425351949378
v 0.13229999999999997 -0.26900034388111027 -0.3951942535194938
v -0.09450000000000003 -0.23120034388111022 -0.3951942535194938
v -0.09450000000000003 -0.23120034388111022 -0.24399425351949378
v -0.09450000000000003 -0.26900034388111027 -0.3951942535194938
v -0.09450000000000003 -0.26900034388111027 -0.24399425351949378
vt 0.25 0.5625
vt 0.625 0.5625
vt 0.625 0.5
vt 0.25 0.5
vt 0.25 0.3125
vt 0.25 0.5625
vt 0.3125 0.5625
vt 0.3125 0.3125
vt 0.25 0.375
vt 0.625 0.375
vt 0.625 0.3125
vt 0.25 0.3125
vt 0.625 0.3125
vt 0.625 0.5625
vt 0.5625 0.5625
vt 0.5625 0.3125
vt 0.25 0.5625
vt 0.625 0.5625
vt 0.625 0.3125
vt 0.25 0.3125
vt 0.25 0.875
vt 0.625 0.875
vt 0.625 0.625
vt 0.25 0.625
vn 0 0 -1
vn 1 0 0
vn 0 0 1
vn -1 0 0
vn 0 1 0
vn 0 -1 0
g Sporocarp
f 12/28/7 15/27/7 13/26/7 10/25/7
f 11/32/8 12/31/8 10/30/8 9/29/8
f 16/36/9 11/35/9 9/34/9 14/33/9
f 15/40/10 16/39/10 14/38/10 13/37/10
f 14/44/11 9/43/11 10/42/11 13/41/11
f 15/48/12 12/47/12 11/46/12 16/45/12
o cube
v 0.09450000000000003 -0.23120034388111022 -0.3951942535194938
v 0.09450000000000003 -0.23120034388111022 -0.4329942535194937
v 0.09450000000000003 -0.26900034388111027 -0.3951942535194938
v 0.09450000000000003 -0.26900034388111027 -0.4329942535194937
v -0.05669999999999997 -0.23120034388111022 -0.4329942535194937
v -0.05669999999999997 -0.23120034388111022 -0.3951942535194938
v -0.05669999999999997 -0.26900034388111027 -0.4329942535194937
v -0.05669999999999997 -0.26900034388111027 -0.3951942535194938
vt 0.3125 0.625
vt 0.5625 0.625
vt 0.5625 0.5625
vt 0.3125 0.5625
vt 0.25 0.8125
vt 0.25 0.875
vt 0.3125 0.875
vt 0.3125 0.8125
vt 0.3125 0.3125
vt 0.5625 0.3125
vt 0.5625 0.25
vt 0.3125 0.25
vt 0.5625 0.875
vt 0.5625 0.9375
vt 0.5 0.9375
vt 0.5 0.875
vt 0.3125 0.625
vt 0.5625 0.625
vt 0.5625 0.5625
vt 0.3125 0.5625
vt 0.3125 0.9375
vt 0.5625 0.9375
vt 0.5625 0.875
vt 0.3125 0.875
vn 0 0 -1
vn 1 0 0
vn 0 0 1
vn -1 0 0
vn 0 1 0
vn 0 -1 0
g Sporocarp
f 20/52/13 23/51/13 21/50/13 18/49/13
f 19/56/14 20/55/14 18/54/14 17/53/14
f 24/60/15 19/59/15 17/58/15 22/57/15
f 23/64/16 24/63/16 22/62/16 21/61/16
f 22/68/17 17/67/17 18/66/17 21/65/17
f 23/72/18 20/71/18 19/70/18 24/69/18
o cube
v 0.3210576049393834 -0.08912561948210174 -0.1667522947970882
v 0.3887377409067976 -0.08048584018787486 -0.35270194011317746
v 0.3217963495775118 -0.13859648931839214 -0.1687819790090892
v 0.389476485544926 -0.1299567100241653 -0.35473162432517846
v 0.10954754573033798 -0.08048584018787486 -0.4543188608563802
v 0.0418674097629238 -0.08912561948210174 -0.2683692155402909
v 0.11028629036846638 -0.1299567100241653 -0.4563485450683812
v 0.0426061544010522 -0.13859648931839214 -0.2703988997522919
vt 0.25 0.5625
vt 0.625 0.5625
vt 0.625 0.5
vt 0.25 0.5
vt 0.25 0.3125
vt 0.25 0.5625
vt 0.3125 0.5625
vt 0.3125 0.3125
vt 0.25 0.375
vt 0.625 0.375
vt 0.625 0.3125
vt 0.25 0.3125
vt 0.625 0.3125
vt 0.625 0.5625
vt 0.5625 0.5625
vt 0.5625 0.3125
vt 0.25 0.5625
vt 0.625 0.5625
vt 0.625 0.3125
vt 0.25 0.3125
vt 0.25 0.875
vt 0.625 0.875
vt 0.625 0.625
vt 0.25 0.625
vn 0.34169461593468137 0.04361938736533599 -0.9387982416297569
vn 0.9396926207859085 0 0.3420201433256687
vn -0.34169461593468137 -0.04361938736533599 0.9387982416297569
vn -0.9396926207859085 0 -0.3420201433256687
vn -0.01491870911847008 0.9990482215818578 0.040988816430408324
vn 0.01491870911847008 -0.9990482215818578 -0.040988816430408324
g Sporocarp
f 28/76/19 31/75/19 29/74/19 26/73/19
f 27/80/20 28/79/20 26/78/20 25/77/20
f 32/84/21 27/83/21 25/82/21 30/81/21
f 31/88/22 32/87/22 30/86/22 29/85/22
f 30/92/23 25/91/23 26/90/23 29/89/23
f 31/96/24 28/95/24 27/94/24 32/93/24
o cube
v 0.3422060417107211 -0.08048584018787486 -0.3696380935703779
v 0.3591260757025747 -0.07832589536431822 -0.41612550489940014
v 0.3429447863488495 -0.1299567100241653 -0.3716677777823788
v 0.3598648203407031 -0.12779676520060862 -0.41815518911140115
v 0.17299927891826816 -0.07832589536431822 -0.48387011872820207
v 0.15607924492641456 -0.08048584018787486 -0.4373827073991797
v 0.17373802355639656 -0.12779676520060862 -0.48589980294020296
v 0.15681798956454296 -0.1299567100241653 -0.43941239161118073
vt 0.3125 0.625
vt 0.5625 0.625
vt 0.5625 0.5625
vt 0.3125 0.5625
vt 0.25 0.8125
vt 0.25 0.875
vt 0.3125 0.875
vt 0.3125 0.8125
vt 0.3125 0.3125
vt 0.5625 0.3125
vt 0.5625 0.25
vt 0.3125 0.25
vt 0.5625 0.875
vt 0.5625 0.9375
vt 0.5 0.9375
vt 0.5 0.875
vt 0.3125 0.625
vt 0.5625 0.625
vt 0.5625 0.5625
vt 0.3125 0.5625
vt 0.3125 0.9375
vt 0.5625 0.9375
vt 0.5625 0.875
vt 0.3125 0.875
vn 0.34169461593468137 0.04361938736533599 -0.9387982416297569
vn 0.9396926207859085 0 0.3420201433256687
vn -0.34169461593468137 -0.04361938736533599 0.9387982416297569
vn -0.9396926207859085 0 -0.3420201433256687
vn -0.01491870911847008 0.9990482215818578 0.040988816430408324
vn 0.01491870911847008 -0.9990482215818578 -0.040988816430408324
g Sporocarp
f 36/100/25 39/99/25 37/98/25 34/97/25
f 35/104/26 36/103/26 34/102/26 33/101/26
f 40/108/27 35/107/27 33/106/27 38/105/27
f 39/112/28 40/111/28 38/110/28 37/109/28
f 38/116/29 33/115/29 34/114/29 37/113/29
f 39/120/30 36/119/30 35/118/30 40/117/30
o cube
v 0.0724507649793098 -0.17486687390599742 0.1543370185969939
v 0.2047283569491919 -0.08912561948210163 -0.20909267844008939
v 0.07611641949518266 -0.22321109958656227 0.1442657155871112
v 0.20839401146506487 -0.13746984516266647 -0.21916398144997207
v 0.1581966577531153 -0.08912561948210163 -0.22602883189728984
v 0.02591906578323311 -0.17486687390599742 0.13740086513979344
v 0.16186231226898817 -0.13746984516266647 -0.23610013490717252
v 0.029584720299106082 -0.22321109958656227 0.12732956212991065
vt 0 1
vt 0.0625 1
vt 0.0625 0.9375
vt 0 0.9375
vt 0 1
vt 0.0625 1
vt 0.0625 0.5
vt 0 0.5
vt 0 1
vt 0.0625 1
vt 0.0625 0.9375
vt 0 0.9375
vt 0 1
vt 0.0625 1
vt 0.0625 0.5
vt 0 0.5
vt 0 1
vt 0.0625 1
vt 0.0625 0.5
vt 0 0.5
vt 0 1
vt 0.0625 1
vt 0.0625 0.5
vt 0 0.5
vn 0.3339129002834376 0.21643961393810285 -0.9174181535933481
vn 0.9396926207859084 0 0.34202014332566866
vn -0.3339129002834376 -0.21643961393810285 0.9174181535933481
vn -0.9396926207859084 0 -0.34202014332566866
vn -0.07402670778046233 0.9762960071199334 0.2033867080633861
vn 0.07402670778046233 -0.9762960071199334 -0.2033867080633861
g Sporocarp
f 44/124/31 47/123/31 45/122/31 42/121/31
f 43/128/32 44/127/32 42/126/32 41/125/32
f 48/132/33 43/131/33 41/130/33 46/129/33
f 47/136/34 48/135/34 46/134/34 45/133/34
f 46/140/35 41/139/35 42/138/35 45/137/35
f 47/144/36 44/143/36 43/142/36 48/141/36
o cube
v -0.03049999999999997 0.018799656118889785 -0.3951942535194938
v -0.03049999999999997 0.018799656118889785 -0.4329942535194937
v -0.03049999999999997 -0.019000343881110215 -0.3951942535194938
v -0.03049999999999997 -0.019000343881110215 -0.4329942535194937
v -0.18169999999999997 0.018799656118889785 -0.4329942535194937
v -0.18169999999999997 0.018799656118889785 -0.3951942535194938
v -0.18169999999999997 -0.019000343881110215 -0.4329942535194937
v -0.18169999999999997 -0.019000343881110215 -0.3951942535194938
vt 0.3125 0.625
vt 0.5625 0.625
vt 0.5625 0.5625
vt 0.3125 0.5625
vt 0.25 0.8125
vt 0.25 0.875
vt 0.3125 0.875
vt 0.3125 0.8125
vt 0.3125 0.3125
vt 0.5625 0.3125
vt 0.5625 0.25
vt 0.3125 0.25
vt 0.5625 0.875
vt 0.5625 0.9375
vt 0.5 0.9375
vt 0.5 0.875
vt 0.3125 0.625
vt 0.5625 0.625
vt 0.5625 0.5625
vt 0.3125 0.5625
vt 0.3125 0.9375
vt 0.5625 0.9375
vt 0.5625 0.875
vt 0.3125 0.875
vn 0 0 -1
vn 1 0 0
vn 0 0 1
vn -1 0 0
vn 0 1 0
vn 0 -1 0
g Sporocarp
f 52/148/37 55/147/37 53/146/37 50/145/37
f 51/152/38 52/151/38 50/150/38 49/149/38
f 56/156/39 51/155/39 49/154/39 54/153/39
f 55/160/40 56/159/40 54/158/40 53/157/40
f 54/164/41 49/163/41 50/162/41 53/161/41
f 55/168/42 52/167/42 51/166/42 56/165/42
o cube
v 0.007299999999999973 0.018799656118889785 -0.24399425351949378
v 0.007299999999999973 0.018799656118889785 -0.3951942535194938
v 0.007299999999999973 -0.019000343881110215 -0.24399425351949378
v 0.007299999999999973 -0.019000343881110215 -0.3951942535194938
v -0.21950000000000003 0.018799656118889785 -0.3951942535194938
v -0.21950000000000003 0.018799656118889785 -0.24399425351949378
v -0.21950000000000003 -0.019000343881110215 -0.3951942535194938
v -0.21950000000000003 -0.019000343881110215 -0.24399425351949378
vt 0.25 0.5625
vt 0.625 0.5625
vt 0.625 0.5
vt 0.25 0.5
vt 0.25 0.3125
vt 0.25 0.5625
vt 0.3125 0.5625
vt 0.3125 0.3125
vt 0.25 0.375
vt 0.625 0.375
vt 0.625 0.3125
vt 0.25 0.3125
vt 0.625 0.3125
vt 0.625 0.5625
vt 0.5625 0.5625
vt 0.5625 0.3125
vt 0.25 0.5625
vt 0.625 0.5625
vt 0.625 0.3125
vt 0.25 0.3125
vt 0.25 0.875
vt 0.625 0.875
vt 0.625 0.625
vt 0.25 0.625
vn 0 0 -1
vn 1 0 0
vn 0 0 1
vn -1 0 0
vn 0 1 0
vn 0 -1 0
g Sporocarp
f 60/172/43 63/171/43 61/170/43 58/169/43
f 59/176/44 60/175/44 58/174/44 57/173/44
f 64/180/45 59/179/45 57/178/45 62/177/45
f 63/184/46 64/183/46 62/182/46 61/181/46
f 62/188/47 57/187/47 58/186/47 61/185/47
f 63/192/48 60/191/48 59/190/48 64/189/48
o cube
v -0.0872 -0.03371155280758997 0.05381161099139797
v -0.0872 0.018799656118889785 -0.24399425351949372
v -0.0872 -0.07093728587145143 0.04724770987558802
v -0.0872 -0.01842607694497167 -0.25055815463530373
v -0.125 0.018799656118889785 -0.24399425351949372
v -0.125 -0.03371155280758997 0.05381161099139797
v -0.125 -0.01842607694497167 -0.25055815463530373
v -0.125 -0.07093728587145143 0.04724770987558802
vt 0 1
vt 0.0625 1
vt 0.0625 0.9375
vt 0 0.9375
vt 0 1
vt 0.0625 1
vt 0.0625 0.5
vt 0 0.5
vt 0 1
vt 0.0625 1
vt 0.0625 0.9375
vt 0 0.9375
vt 0 1
vt 0.0625 1
vt 0.0625 0.5
vt 0 0.5
vt 0 1
vt 0.0625 1
vt 0.0625 0.5
vt 0 0.5
vt 0 1
vt 0.0625 1
vt 0.0625 0.5
vt 0 0.5
vn 0 0.17364817766693033 -0.984807753012208
vn 1 0 0
vn 0 -0.17364817766693033 0.984807753012208
vn -1 0 0
vn 0 0.984807753012208 0.17364817766693033
vn 0 -0.984807753012208 -0.17364817766693033
g Sporocarp
f 68/196/49 71/195/49 69/194/49 66/193/49
f 67/200/50 68/199/50 66/198/50 65/197/50
f 72/204/51 67/203/51 65/202/51 70/201/51
f 71/208/52 72/207/52 70/206/52 69/205/52
f 70/212/53 65/211/53 66/210/53 69/209/53
f 71/216/54 68/215/54 67/214/54 72/213/54
o cube
v 0.23447392855745464 0.19894313669145436 -0.23598134048446728
v 0.2520385771921225 0.19894313669145436 -0.36939809258981815
v 0.23447392855745464 0.1653011366914543 -0.23598134048446728
v 0.2520385771921225 0.1653011366914543 -0.36939809258981815
v 0.051913449034096115 0.19894313669145436 -0.39574506554182
v 0.034348800399428225 0.19894313669145436 -0.2623283134364691
v 0.051913449034096115 0.1653011366914543 -0.39574506554182
v 0.034348800399428225 0.1653011366914543 -0.2623283134364691
vt 0.25 0.5625
vt 0.625 0.5625
vt 0.625 0.5
vt 0.25 0.5
vt 0.25 0.3125
vt 0.25 0.5625
vt 0.3125 0.5625
vt 0.3125 0.3125
vt 0.25 0.375
vt 0.625 0.375
vt 0.625 0.3125
vt 0.25 0.3125
vt 0.625 0.3125
vt 0.625 0.5625
vt 0.5625 0.5625
vt 0.5625 0.3125
vt 0.25 0.5625
vt 0.625 0.5625
vt 0.625 0.3125
vt 0.25 0.3125
vt 0.25 0.875
vt 0.625 0.875
vt 0.625 0.625
vt 0.25 0.625
vn 0.13052619222005157 0 -0.9914448613738104
vn 0.9914448613738104 0 0.13052619222005157
vn -0.13052619222005157 0 0.9914448613738104
vn -0.9914448613738104 0 -0.13052619222005157
vn 0 1 0
vn 0 -1 0
g Sporocarp
f 76/220/55 79/219/55 77/218/55 74/217/55
f 75/224/56 76/223/56 74/222/56 73/221/56
f 80/228/57 75/227/57 73/226/57 78/225/57
f 79/232/58 80/231/58 78/230/58 77/229/58
f 78/236/59 73/235/59 74/234/59 77/233/59
f 79/240/60 76/239/60 75/238/60 80/237/60
o cube
v 0.2186843891657848 0.19894313669145436 -0.3737892547484851
v 0.22307555132445178 0.19894313669145436 -0.40714344277482284
v 0.2186843891657848 0.1653011366914543 -0.3737892547484851
v 0.22307555132445178 0.1653011366914543 -0.40714344277482284
v 0.0896587992191008 0.19894313669145436 -0.42470809140949073
v 0.08526763706043383 0.19894313669145436 -0.391353903383153
v 0.0896587992191008 0.1653011366914543 -0.42470809140949073
v 0.08526763706043383 0.1653011366914543 -0.391353903383153
vt 0.3125 0.625
vt 0.5625 0.625
vt 0.5625 0.5625
vt 0.3125 0.5625
vt 0.25 0.8125
vt 0.25 0.875
vt 0.3125 0.875
vt 0.3125 0.8125
vt 0.3125 0.3125
vt 0.5625 0.3125
vt 0.5625 0.25
vt 0.3125 0.25
vt 0.5625 0.875
vt 0.5625 0.9375
vt 0.5 0.9375
vt 0.5 0.875
vt 0.3125 0.625
vt 0.5625 0.625
vt 0.5625 0.5625
vt 0.3125 0.5625
vt 0.3125 0.9375
vt 0.5625 0.9375
vt 0.5625 0.875
vt 0.3125 0.875
vn 0.13052619222005157 0 -0.9914448613738104
vn 0.9914448613738104 0 0.13052619222005157
vn -0.13052619222005157 0 0.9914448613738104
vn -0.9914448613738104 0 -0.13052619222005157
vn 0 1 0
vn 0 -1 0
g Sporocarp
f 84/244/61 87/243/61 85/242/61 82/241/61
f 83/248/62 84/247/62 82/246/62 81/245/62
f 88/252/63 83/251/63 81/250/63 86/249/63
f 87/256/64 88/255/64 86/254/64 85/253/64
f 86/260/65 81/259/65 82/258/65 85/257/65
f 87/264/66 84/263/66 83/262/66 88/261/66
o cube
v 0.11649285418289779 0.15220816074688726 0.015820457828980228
v 0.15108845849161034 0.19894313669145425 -0.2469592458811346
v 0.11725537148959031 0.11907725832005056 0.010028563860646544
v 0.15185097579830276 0.16581223426461755 -0.2527511398494683
v 0.11773427046527252 0.19894313669145425 -0.2513504080398016
v 0.08313866615656007 0.15220816074688726 0.011429295670313255
v 0.11849678777196504 0.16581223426461755 -0.25714230200813526
v 0.0839011834632526 0.11907725832005056 0.005637401701979572
vt 0 1
vt 0.0625 1
vt 0.0625 0.9375
vt 0 0.9375
vt 0 1
vt 0.0625 1
vt 0.0625 0.5
vt 0 0.5
vt 0 1
vt 0.0625 1
vt 0.0625 0.9375
vt 0 0.9375
vt 0 1
vt 0.0625 1
vt 0.0625 0.5
vt 0 0.5
vt 0 1
vt 0.0625 1
vt 0.0625 0.5
vt 0 0.5
vt 0 1
vt 0.0625 1
vt 0.0625 0.5
vt 0 0.5
vn 0.12854320606946856 0.17364817766693036 -0.9763825861650425
vn 0.9914448613738105 0 0.13052619222005157
vn -0.12854320606946856 -0.17364817766693036 0.9763825861650425
vn -0.9914448613738105 0 -0.13052619222005157
vn -0.02266563541681542 0.9848077530122081 0.17216259343480456
vn 0.02266563541681542 -0.9848077530122081 -0.17216259343480456
g Sporocarp
f 92/268/67 95/267/67 93/266/67 90/265/67
f 91/272/68 92/271/68 90/270/68 89/269/68
f 96/276/69 91/275/69 89/274/69 94/273/69
f 95/280/70 96/279/70 94/278/70 93/277/70
f 94/284/71 89/283/71 90/282/71 93/281/71
f 95/288/72 92/287/72 91/286/72 96/285/72
o cube
v 0.037323494594016626 0.27466766318915514 -0.25559089681384584
v 0.007129549461290741 0.289592070695887 -0.4261776552035137
v 0.037323494594016626 0.23136307966310699 -0.25937955695108655
v 0.007129549461290741 0.24628748716983873 -0.42996631534075447
v -0.24972800867935335 0.28564470712409973 -0.38105908311997194
v -0.21953406354662752 0.270720299617368 -0.21047232473030403
v -0.24972800867935335 0.24234012359805157 -0.3848477432572126
v -0.21953406354662752 0.22741571609131983 -0.21426098486754475
vt 0.25 0.5625
vt 0.625 0.5625
vt 0.625 0.5
vt 0.25 0.5
vt 0.25 0.3125
vt 0.25 0.5625
vt 0.3125 0.5625
vt 0.3125 0.3125
vt 0.25 0.375
vt 0.625 0.375
vt 0.625 0.3125
vt 0.25 0.3125
vt 0.625 0.3125
vt 0.625 0.5625
vt 0.5625 0.5625
vt 0.5625 0.3125
vt 0.25 0.5625
vt 0.625 0.5625
vt 0.625 0.3125
vt 0.25 0.3125
vt 0.25 0.875
vt 0.625 0.875
vt 0.625 0.625
vt 0.25 0.625
vn -0.17364817766693036 0.08583165117743151 -0.9810602621904069
vn 0.9848077530122082 0.015134435901338651 -0.17298739392508947
vn 0.17364817766693036 -0.08583165117743151 0.9810602621904069
vn -0.9848077530122082 -0.015134435901338651 0.17298739392508947
vn 0 0.9961946980917457 0.08715574274765839
vn 0 -0.9961946980917457 -0.08715574274765839
g Sporocarp
f 100/292/73 103/291/73 101/290/73 98/289/73
f 99/296/74 100/295/74 98/294/74 97/293/74
f 104/300/75 99/299/75 97/298/75 102/297/75
f 103/304/76 104/303/76 102/302/76 101/301/76
f 102/308/77 97/307/77 98/306/77 101/305/77
f 103/312/78 100/311/78 99/310/78 104/309/78
o cube
v -0.03568004356214988 0.28893417676725575 -0.4186578931895901
v -0.04322852984533132 0.29266527864393865 -0.46130458278700703
v -0.03568004356214988 0.2456295932412076 -0.4224465533268308
v -0.04322852984533132 0.2493606951178905 -0.4650932429242477
v -0.21446690193909412 0.2900337029294139 -0.4312255347313124
v -0.20691841565591262 0.286302601052731 -0.3885788451338955
v -0.21446690193909412 0.24672911940336573 -0.4350141948685532
v -0.20691841565591262 0.24299801752668282 -0.3923675052711363
vt 0.3125 0.625
vt 0.5625 0.625
vt 0.5625 0.5625
vt 0.3125 0.5625
vt 0.25 0.8125
vt 0.25 0.875
vt 0.3125 0.875
vt 0.3125 0.8125
vt 0.3125 0.3125
vt 0.5625 0.3125
vt 0.5625 0.25
vt 0.3125 0.25
vt 0.5625 0.875
vt 0.5625 0.9375
vt 0.5 0.9375
vt 0.5 0.875
vt 0.3125 0.625
vt 0.5625 0.625
vt 0.5625 0.5625
vt 0.3125 0.5625
vt 0.3125 0.9375
vt 0.5625 0.9375
vt 0.5625 0.875
vt 0.3125 0.875
vn -0.17364817766693036 0.08583165117743151 -0.9810602621904069
vn 0.9848077530122082 0.015134435901338651 -0.17298739392508947
vn 0.17364817766693036 -0.08583165117743151 0.9810602621904069
vn -0.9848077530122082 -0.015134435901338651 0.17298739392508947
vn 0 0.9961946980917457 0.08715574274765839
vn 0 -0.9961946980917457 -0.08715574274765839
g Sporocarp
f 108/316/79 111/315/79 109/314/79 106/313/79
f 107/320/80 108/319/80 106/318/80 105/317/80
f 112/324/81 107/323/81 105/322/81 110/321/81
f 111/328/82 112/327/82 110/326/82 109/325/82
f 110/332/83 105/331/83 106/330/83 109/329/83
f 111/336/84 108/335/84 107/334/84 112/333/84
o cube
v -0.010230025443117796 0.18346948781270178 0.09393568123864426
v -0.06970048796458506 0.2730229283675769 -0.2367914917790368
v -0.01154080633033605 0.14147069725686046 0.08279905942984267
v -0.07101126885180331 0.2310241378117357 -0.2479281135878384
v -0.11251008098802578 0.2723650344389458 -0.22927172976511312
v -0.053039618466558525 0.18281159388407064 0.10145544325256795
v -0.1138208618752441 0.23036624388310445 -0.2404083515739147
v -0.054350399353776835 0.14081280332822932 0.09031882144376635
vt 0 1
vt 0.0625 1
vt 0.0625 0.9375
vt 0 0.9375
vt 0 1
vt 0.0625 1
vt 0.0625 0.5
vt 0 0.5
vt 0 1
vt 0.0625 1
vt 0.0625 0.9375
vt 0 0.9375
vt 0 1
vt 0.0625 1
vt 0.0625 0.5
vt 0 0.5
vt 0 1
vt 0.0625 1
vt 0.0625 0.5
vt 0 0.5
vt 0 1
vt 0.0625 1
vt 0.0625 0.5
vt 0 0.5
vn -0.17101007166283438 0.2575150694584635 -0.9510213164759638
vn 0.9848077530122081 0.015134435901338644 -0.17298739392508944
vn 0.17101007166283438 -0.2575150694584635 0.9510213164759638
vn -0.9848077530122081 -0.015134435901338644 0.17298739392508944
vn 0.03015368960704582 0.9661557523773023 0.2561909778882365
vn -0.03015368960704582 -0.9661557523773023 -0.2561909778882365
g Sporocarp
f 116/340/85 119/339/85 117/338/85 114/337/85
f 115/344/86 116/343/86 114/342/86 113/341/86
f 120/348/87 115/347/87 113/346/87 118/345/87
f 119/352/88 120/351/88 118/350/88 117/349/88
f 118/356/89 113/355/89 114/354/89 117/353/89
f 119/360/90 116/359/90 115/358/90 120/357/90
o cube
v 0.1781267786589804 0.08129965611888978 -0.21684185526308686
v 0.21085244828642158 0.08129965611888978 -0.36445781153962076
v 0.1781267786589804 0.04349965611888984 -0.21684185526308686
v 0.21085244828642158 0.04349965611888984 -0.36445781153962076
v -0.01057148612837927 0.08129965611888978 -0.4135463159807825
v -0.04329715575582044 0.08129965611888978 -0.2659303597042486
v -0.01057148612837927 0.04349965611888984 -0.4135463159807825
v -0.04329715575582044 0.04349965611888984 -0.2659303597042486
vt 0.25 0.5625
vt 0.625 0.5625
vt 0.625 0.5
vt 0.25 0.5
vt 0.25 0.3125
vt 0.25 0.5625
vt 0.3125 0.5625
vt 0.3125 0.3125
vt 0.25 0.375
vt 0.625 0.375
vt 0.625 0.3125
vt 0.25 0.3125
vt 0.625 0.3125
vt 0.625 0.5625
vt 0.5625 0.5625
vt 0.5625 0.3125
vt 0.25 0.5625
vt 0.625 0.5625
vt 0.625 0.3125
vt 0.25 0.3125
vt 0.25 0.875
vt 0.625 0.875
vt 0.625 0.625
vt 0.25 0.625
vn 0.21643961393810288 0 -0.9762960071199334
vn 0.9762960071199334 0 0.21643961393810288
vn -0.21643961393810288 0 0.9762960071199334
vn -0.9762960071199334 0 -0.21643961393810288
vn 0 1 0
vn 0 -1 0
g Sporocarp
f 124/364/91 127/363/91 125/362/91 122/361/91
f 123/368/92 124/367/92 122/366/92 121/365/92
f 128/372/93 123/371/93 121/370/93 126/369/93
f 127/376/94 128/375/94 126/374/94 125/373/94
f 126/380/95 121/379/95 122/378/95 125/377/95
f 127/384/96 124/383/96 123/382/96 128/381/96
o cube
v 0.1739484592172882 0.08129965611888978 -0.37263922894648105
v 0.18212987662414837 0.08129965611888978 -0.4095432180156145
v 0.1739484592172882 0.04349965611888984 -0.37263922894648105
v 0.18212987662414837 0.04349965611888984 -0.4095432180156145
v 0.03451392034761447 0.08129965611888978 -0.44226888764305566
v 0.026332502940754177 0.08129965611888978 -0.4053648985739222
v 0.03451392034761447 0.04349965611888984 -0.44226888764305566
v 0.026332502940754177 0.04349965611888984 -0.4053648985739222
vt 0.3125 0.625
vt 0.5625 0.625
vt 0.5625 0.5625
vt 0.3125 0.5625
vt 0.25 0.8125
vt 0.25 0.875
vt 0.3125 0.875
vt 0.3125 0.8125
vt 0.3125 0.3125
vt 0.5625 0.3125
vt 0.5625 0.25
vt 0.3125 0.25
vt 0.5625 0.875
vt 0.5625 0.9375
vt 0.5 0.9375
vt 0.5 0.875
vt 0.3125 0.625
vt 0.5625 0.625
vt 0.5625 0.5625
vt 0.3125 0.5625
vt 0.3125 0.9375
vt 0.5625 0.9375
vt 0.5625 0.875
vt 0.3125 0.875
vn 0.21643961393810288 0 -0.9762960071199334
vn 0.9762960071199334 0 0.21643961393810288
vn -0.21643961393810288 0 0.9762960071199334
vn -0.9762960071199334 0 -0.21643961393810288
vn 0 1 0
vn 0 -1 0
g Sporocarp
f 132/388/97 135/387/97 133/386/97 130/385/97
f 131/392/98 132/391/98 130/390/98 129/389/98
f 136/396/99 131/395/99 129/394/99 134/393/99
f 135/400/100 136/399/100 134/398/100 133/397/100
f 134/404/101 129/403/101 130/402/101 133/401/101
f 135/408/102 132/407/102 131/406/102 136/405/102
o cube
v 0.021409819642906447 0.028788447192410027 0.05345127763864588
v 0.08586680598614671 0.08129965611888967 -0.23729539878023753
v 0.02283050786634022 -0.008437285871451428 0.047042967188150486
v 0.08728749420958049 0.04407392305502822 -0.24370370923073287
v 0.04896281691701332 0.08129965611888967 -0.24547681618709782
v -0.015494169426227111 0.028788447192410027 0.045269860231785586
v 0.050383505140447093 0.04407392305502822 -0.2518851266375931
v -0.014073481202793281 -0.008437285871451428 0.038861549781290305
vt 0 1
vt 0.0625 1
vt 0.0625 0.9375
vt 0 0.9375
vt 0 1
vt 0.0625 1
vt 0.0625 0.5
vt 0 0.5
vt 0 1
vt 0.0625 1
vt 0.0625 0.9375
vt 0 0.9375
vt 0 1
vt 0.0625 1
vt 0.0625 0.5
vt 0 0.5
vt 0 1
vt 0.0625 1
vt 0.0625 0.5
vt 0 0.5
vt 0 1
vt 0.0625 1
vt 0.0625 0.5
vt 0 0.5
vn 0.2131514098652129 0.17364817766693033 -0.9614638770465722
vn 0.9762960071199335 0 0.21643961393810293
vn -0.2131514098652129 -0.17364817766693033 0.9614638770465722
vn -0.9762960071199335 0 -0.21643961393810293
vn -0.0375843445352855 0.984807753012208 0.16953202249987687
vn 0.0375843445352855 -0.984807753012208 -0.16953202249987687
g Sporocarp
f 140/412/103 143/411/103 141/410/103 138/409/103
f 139/416/104 140/415/104 138/414/104 137/413/104
f 144/420/105 139/419/105 137/418/105 142/417/105
f 143/424/106 144/423/106 142/422/106 141/421/106
f 142/428/107 137/427/107 138/426/107 141/425/107
f 143/432/108 140/431/108 139/430/108 144/429/108
o cube
v -0.0537073923806084 -0.15061787498798967 -0.23047984829767687
v -0.10543420934498265 -0.1329234605393037 -0.3550952988006233
v -0.05504267680185271 -0.1843468291719268 -0.23471482942777167
v -0.10676949376622691 -0.16665241472324077 -0.3593302799307181
v -0.29406226630806964 -0.13524555154728768 -0.2771271102896601
v -0.24233544934369544 -0.15293996599597365 -0.15251165978671377
v -0.2953975507293139 -0.16897450573122474 -0.2813620914197549
v -0.24367073376493964 -0.1866689201799107 -0.15674664091680857
vt 0.25 0.5625
vt 0.625 0.5625
vt 0.625 0.5
vt 0.25 0.5
vt 0.25 0.3125
vt 0.25 0.5625
vt 0.3125 0.5625
vt 0.3125 0.3125
vt 0.25 0.375
vt 0.625 0.375
vt 0.625 0.3125
vt 0.25 0.3125
vt 0.625 0.3125
vt 0.625 0.5625
vt 0.5625 0.5625
vt 0.5625 0.3125
vt 0.25 0.5625
vt 0.625 0.5625
vt 0.625 0.3125
vt 0.25 0.3125
vt 0.25 0.875
vt 0.625 0.875
vt 0.625 0.625
vt 0.25 0.625
vn -0.38012064200745294 0.1300295006517194 -0.9157513999334679
vn 0.9241037476145744 0.01137610723096192 -0.38197231290889233
vn 0.38012064200745294 -0.1300295006517194 0.9157513999334679
vn -0.9241037476145744 -0.01137610723096192 0.38197231290889233
vn 0.039249982987778965 0.9914448613738104 0.12448504203688446
vn -0.039249982987778965 -0.9914448613738104 -0.12448504203688446
g Sporocarp
f 148/436/109 151/435/109 149/434/109 146/433/109
f 147/440/110 148/439/110 146/438/110 145/437/110
f 152/444/111 147/443/111 145/442/111 150/441/111
f 151/448/112 152/447/112 150/446/112 149/445/112
f 150/452/113 145/451/113 146/450/113 149/449/113
f 151/456/114 148/455/114 147/454/114 152/453/114
o cube
v -0.13687221883883044 -0.13331047570730103 -0.3421006007154627
v -0.14980392307992396 -0.12888687209512956 -0.37325446334119927
v -0.1382075032600747 -0.1670394298912381 -0.34633558184555757
v -0.15113920750116822 -0.16261582627906662 -0.37748944447129407
v -0.2755559610553152 -0.13043493276711882 -0.3212756710005572
v -0.26262425681422163 -0.13485853637929035 -0.2901218083748207
v -0.2768912454765594 -0.16416388695105588 -0.325510652130652
v -0.26395954123546594 -0.16858749056322742 -0.2943567895049155
vt 0.3125 0.625
vt 0.5625 0.625
vt 0.5625 0.5625
vt 0.3125 0.5625
vt 0.25 0.8125
vt 0.25 0.875
vt 0.3125 0.875
vt 0.3125 0.8125
vt 0.3125 0.3125
vt 0.5625 0.3125
vt 0.5625 0.25
vt 0.3125 0.25
vt 0.5625 0.875
vt 0.5625 0.9375
vt 0.5 0.9375
vt 0.5 0.875
vt 0.3125 0.625
vt 0.5625 0.625
vt 0.5625 0.5625
vt 0.3125 0.5625
vt 0.3125 0.9375
vt 0.5625 0.9375
vt 0.5625 0.875
vt 0.3125 0.875
vn -0.38012064200745294 0.1300295006517194 -0.9157513999334679
vn 0.9241037476145744 0.01137610723096192 -0.38197231290889233
vn 0.38012064200745294 -0.1300295006517194 0.9157513999334679
vn -0.9241037476145744 -0.01137610723096192 0.38197231290889233
vn 0.039249982987778965 0.9914448613738104 0.12448504203688446
vn -0.039249982987778965 -0.9914448613738104 -0.12448504203688446
g Sporocarp
f 156/460/115 159/459/115 157/458/115 154/457/115
f 155/464/116 156/463/116 154/462/116 153/461/116
f 160/468/117 155/467/117 153/466/117 158/465/117
f 159/472/118 160/471/118 158/470/118 157/469/118
f 158/476/119 153/475/119 154/474/119 157/473/119
f 159/480/120 156/479/120 155/478/120 160/477/120
o cube
v -0.03227543299623853 -0.2332923774053538 0.04156824647048718
v -0.13230241611522792 -0.15158541290798305 -0.1979931030847757
v -0.035835998322349905 -0.2657407622807141 0.03198779274746433
v -0.1358629814413393 -0.1840337977833434 -0.20757355680779843
v -0.16374042560907576 -0.15197242807598038 -0.18499840499961512
v -0.06371344249008637 -0.23367939257335113 0.0545629445556477
v -0.16730099093518713 -0.18442081295134072 -0.19457885872263792
v -0.06727400781619769 -0.2661277774487114 0.044982490832624844
vt 0 1
vt 0.0625 1
vt 0.0625 0.9375
vt 0 0.9375
vt 0 1
vt 0.0625 1
vt 0.0625 0.5
vt 0 0.5
vt 0 1
vt 0.0625 1
vt 0.0625 0.9375
vt 0 0.9375
vt 0 1
vt 0.0625 1
vt 0.0625 0.5
vt 0 0.5
vt 0 1
vt 0.0625 1
vt 0.0625 0.5
vt 0 0.5
vt 0 1
vt 0.0625 1
vt 0.0625 0.5
vt 0 0.5
vn -0.3675300673096318 0.30021665379692375 -0.8802224777897663
vn 0.9241037476145745 0.0113761072309619 -0.38197231290889244
vn 0.3675300673096318 -0.30021665379692375 0.8802224777897663
vn -0.9241037476145745 -0.0113761072309619 0.38197231290889244
vn 0.10466094433013981 0.9538032003339304 0.2816123963263615
vn -0.10466094433013981 -0.9538032003339304 -0.2816123963263615
g Sporocarp
f 164/484/121 167/483/121 165/482/121 162/481/121
f 163/488/122 164/487/122 162/486/122 161/485/122
f 168/492/123 163/491/123 161/490/123 166/489/123
f 167/496/124 168/495/124 166/494/124 165/493/124
f 166/500/125 161/499/125 162/498/125 165/497/125
f 167/504/126 164/503/126 163/502/126 168/501/126
o cube
v 0.1108645809379839 0.39100783558721697 -0.20912340458336953
v 0.1499607741942276 0.39760308695685576 -0.3550323841982024
v 0.11129132510340922 0.3532438128114227 -0.2107160354905701
v 0.1503875183596528 0.3598390641810615 -0.356625015105403
v -0.06911120320813313 0.39760308695685576 -0.41373254362745415
v -0.10820739646437671 0.39100783558721697 -0.2678235640126212
v -0.06868445904270787 0.3598390641810615 -0.4153251745346548
v -0.10778065229895151 0.3532438128114227 -0.2694161949198218
vt 0.25 0.5625
vt 0.625 0.5625
vt 0.625 0.5
vt 0.25 0.5
vt 0.25 0.3125
vt 0.25 0.5625
vt 0.3125 0.5625
vt 0.3125 0.3125
vt 0.25 0.375
vt 0.625 0.375
vt 0.625 0.3125
vt 0.25 0.3125
vt 0.625 0.3125
vt 0.625 0.5625
vt 0.5625 0.5625
vt 0.5625 0.3125
vt 0.25 0.5625
vt 0.625 0.5625
vt 0.625 0.3125
vt 0.25 0.3125
vt 0.25 0.875
vt 0.625 0.875
vt 0.625 0.625
vt 0.25 0.625
vn 0.2585727067211881 0.043619387365336 -0.9650064789340802
vn 0.9659258262890683 0 0.25881904510252085
vn -0.2585727067211881 -0.043619387365336 0.9650064789340802
vn -0.9659258262890683 0 -0.25881904510252085
vn -0.01128952818585323 0.9990482215818579 0.04213309278308514
vn 0.01128952818585323 -0.9990482215818579 -0.04213309278308514
g Sporocarp
f 172/508/127 175/507/127 173/506/127 170/505/127
f 171/512/128 172/511/128 170/510/128 169/509/128
f 176/516/129 171/515/129 169/514/129 174/513/129
f 175/520/130 176/519/130 174/518/130 173/517/130
f 174/524/131 169/523/131 170/522/131 173/521/131
f 175/528/132 172/527/132 171/526/132 176/525/132
o cube
v 0.11344877796050079 0.39760308695685576 -0.3648157441030777
v 0.12322282627456171 0.39925189979926545 -0.4012929890067859
v 0.11387552212592611 0.3598390641810615 -0.36640837501027834
v 0.12364957043998692 0.3614878770234712 -0.4028856199139865
v -0.0228251586603454 0.39925189979926545 -0.440426428626287
v -0.032599206974406325 0.39760308695685576 -0.4039491837225788
v -0.022398414494920194 0.3614878770234712 -0.44201905953348763
v -0.03217246280898106 0.3598390641810615 -0.40554181462977945
vt 0.3125 0.625
vt 0.5625 0.625
vt 0.5625 0.5625
vt 0.3125 0.5625
vt 0.25 0.8125
vt 0.25 0.875
vt 0.3125 0.875
vt 0.3125 0.8125
vt 0.3125 0.3125
vt 0.5625 0.3125
vt 0.5625 0.25
vt 0.3125 0.25
vt 0.5625 0.875
vt 0.5625 0.9375
vt 0.5 0.9375
vt 0.5 0.875
vt 0.3125 0.625
vt 0.5625 0.625
vt 0.5625 0.5625
vt 0.3125 0.5625
vt 0.3125 0.9375
vt 0.5625 0.9375
vt 0.5625 0.875
vt 0.3125 0.875
vn 0.2585727067211881 0.043619387365336 -0.9650064789340802
vn 0.9659258262890683 0 0.25881904510252085
vn -0.2585727067211881 -0.043619387365336 0.9650064789340802
vn -0.9659258262890683 0 -0.25881904510252085
vn -0.01128952818585323 0.9990482215818579 0.04213309278308514
vn 0.01128952818585323 -0.9990482215818579 -0.04213309278308514
g Sporocarp
f 180/532/133 183/531/133 181/530/133 178/529/133
f 179/536/134 180/535/134 178/534/134 177/533/134
f 184/540/135 179/539/135 177/538/135 182/537/135
f 183/544/136 184/543/136 182/542/136 181/541/136
f 182/548/137 177/547/137 178/546/137 181/545/137
f 183/552/138 180/551/138 179/550/138 184/549/138
o cube
v -0.05682705133710897 0.3255564963323345 0.05159032473416625
v 0.019584590353666997 0.39100783558721686 -0.23358180434555775
v -0.0547095446962802 0.28865250726320113 0.04368768236522902
v 0.021702096994495768 0.35410384651808346 -0.24148444671449498
v -0.01692740588005981 0.39100783558721686 -0.24336516425043303
v -0.09333904757083572 0.3255564963323345 0.041806964829290916
v -0.014809899239231039 0.35410384651808346 -0.2512678066193703
v -0.091221540930007 0.28865250726320113 0.033904322460353686
vt 0 1
vt 0.0625 1
vt 0.0625 0.9375
vt 0 0.9375
vt 0 1
vt 0.0625 1
vt 0.0625 0.5
vt 0 0.5
vt 0 1
vt 0.0625 1
vt 0.0625 0.9375
vt 0 0.9375
vt 0 1
vt 0.0625 1
vt 0.0625 0.5
vt 0 0.5
vt 0 1
vt 0.0625 1
vt 0.0625 0.5
vt 0 0.5
vt 0 1
vt 0.0625 1
vt 0.0625 0.5
vt 0 0.5
vn 0.25268400030018506 0.21643961393810288 -0.9430295273800398
vn 0.9659258262890684 0 0.25881904510252085
vn -0.25268400030018506 -0.21643961393810288 0.9430295273800398
vn -0.9659258262890684 0 -0.25881904510252085
vn -0.05601869420181804 0.9762960071199334 0.20906461293484893
vn 0.05601869420181804 -0.9762960071199334 -0.20906461293484893
g Sporocarp
f 188/556/139 191/555/139 189/554/139 186/553/139
f 187/560/140 188/559/140 186/558/140 185/557/140
f 192/564/141 187/563/141 185/562/141 190/561/141
f 191/568/142 192/567/142 190/566/142 189/565/142
f 190/572/143 185/571/143 186/570/143 189/569/143
f 191/576/144 188/575/144 187/574/144 192/573/144
