# Made in Blockbench 4.1.3

o cube
v 0.25 0 0
v 0.25 0.28871235390977706 -0.11958857261409057
v 0.25 0 0
v 0.25 0.28871235390977706 -0.11958857261409057
v -0.1875 0.28871235390977706 -0.11958857261409057
v -0.1875 0 0
v -0.1875 0.28871235390977706 -0.11958857261409057
v -0.1875 0 0
vt 0.0 0.25
vt 0.4996875 0.25
vt 0.4996875 0
vt 0.0 0
vt 0.0 1
vt 0.0624609375 1
vt 0.0624609375 0.875
vt 0.0 0.875
vt 0.0 1
vt 0.0624609375 1
vt 0.0624609375 0.875
vt 0.0 0.875
vt 0.0 0.25
vt 0.4996875 0.25
vt 0.4996875 0
vt 0.0 0
vt 0.0 0.25
vt 0.4996875 0.25
vt 0.4996875 0
vt 0.0 0
vt 0.0 1
vt 0.09369140625 1
vt 0.09369140625 0.875
vt 0.0 0.875
vn 0 0.9238795325112866 -0.38268343236508984
vn 1 0 0
vn 0 -0.9238795325112866 0.38268343236508984
vn -1 0 0
vn 0 0.38268343236508984 0.9238795325112866
vn 0 -0.38268343236508984 -0.9238795325112866
g Frond
f 4/4/1 7/3/1 5/2/1 2/1/1
f 3/8/2 4/7/2 2/6/2 1/5/2
f 8/12/3 3/11/3 1/10/3 6/9/3
f 7/16/4 8/15/4 6/14/4 5/13/4
f 6/20/5 1/19/5 2/18/5 5/17/5
f 7/24/6 4/23/6 3/22/6 8/21/6
o cube
v 0.25 0.46543240496972416 -0.29639168155208623
v 0.25 0.6503278944812801 -0.6929013383806206
v 0.25 0.46543240496972416 -0.29639168155208623
v 0.25 0.6503278944812801 -0.6929013383806206
v -0.1875 0.6503278944812801 -0.6929013383806206
v -0.1875 0.46543240496972416 -0.29639168155208623
v -0.1875 0.6503278944812801 -0.6929013383806206
v -0.1875 0.46543240496972416 -0.29639168155208623
vt 0.0 1
vt 0.4996875 1
vt 0.4996875 0.5
vt 0.0 0.5
vt 0.0 1
vt 0.0624609375 1
vt 0.0624609375 0.875
vt 0.0 0.875
vt 0.0 1
vt 0.0624609375 1
vt 0.0624609375 0.875
vt 0.0 0.875
vt 0.0 1
vt 0.4996875 1
vt 0.4996875 0.5
vt 0.0 0.5
vt 0.0 1
vt 0.4996875 1
vt 0.4996875 0.5
vt 0.0 0.5
vt 0.0 1
vt 0.09369140625 1
vt 0.09369140625 0.875
vt 0.0 0.875
vn 0 0.42261826174069944 -0.9063077870366499
vn 1 0 0
vn 0 -0.42261826174069944 0.9063077870366499
vn -1 0 0
vn 0 0.9063077870366499 0.42261826174069944
vn 0 -0.9063077870366499 -0.42261826174069944
g Frond
f 12/28/7 15/27/7 13/26/7 10/25/7
f 11/32/8 12/31/8 10/30/8 9/29/8
f 16/36/9 11/35/9 9/34/9 14/33/9
f 15/40/10 16/39/10 14/38/10 13/37/10
f 14/44/11 9/43/11 10/42/11 13/41/11
f 15/48/12 12/47/12 11/46/12 16/45/12
o cube
v 0.25 0.2886681597359529 -0.11963276678791473
v 0.25 0.4654448550325898 -0.2964094620845516
v 0.25 0.2886681597359529 -0.11963276678791473
v 0.25 0.4654448550325898 -0.2964094620845516
v -0.1875 0.4654448550325898 -0.2964094620845516
v -0.1875 0.2886681597359529 -0.11963276678791473
v -0.1875 0.4654448550325898 -0.2964094620845516
v -0.1875 0.2886681597359529 -0.11963276678791473
vt 0.0 0.5
vt 0.4996875 0.5
vt 0.4996875 0.25
vt 0.0 0.25
vt 0.0 1
vt 0.0624609375 1
vt 0.0624609375 0.875
vt 0.0 0.875
vt 0.0 1
vt 0.0624609375 1
vt 0.0624609375 0.875
vt 0.0 0.875
vt 0.0 0.5
vt 0.4996875 0.5
vt 0.4996875 0.25
vt 0.0 0.25
vt 0.0 0.5
vt 0.4996875 0.5
vt 0.4996875 0.25
vt 0.0 0.25
vt 0.0 1
vt 0.09369140625 1
vt 0.09369140625 0.875
vt 0.0 0.875
vn 0 0.7071067811865476 -0.7071067811865475
vn 1 0 0
vn 0 -0.7071067811865476 0.7071067811865475
vn -1 0 0
vn 0 0.7071067811865475 0.7071067811865476
vn 0 -0.7071067811865475 -0.7071067811865476
g Frond
f 20/52/13 23/51/13 21/50/13 18/49/13
f 19/56/14 20/55/14 18/54/14 17/53/14
f 24/60/15 19/59/15 17/58/15 22/57/15
f 23/64/16 24/63/16 22/62/16 21/61/16
f 22/68/17 17/67/17 18/66/17 21/65/17
f 23/72/18 20/71/18 19/70/18 24/69/18
o cube
v 0.29986265434857384 0.5262849923477304 0.12521813403545123
v 0.5901062566724844 0.8075045715855913 -0.042354087896825265
v 0.29986265434857384 0.5262849923477304 0.12521813403545123
v 0.5901062566724844 0.8075045715855913 -0.042354087896825265
v 0.3713562566724843 0.8075045715855913 -0.4212402020525171
v 0.08111265434857379 0.5262849923477304 -0.2536679801202406
v 0.3713562566724843 0.8075045715855913 -0.4212402020525171
v 0.08111265434857379 0.5262849923477304 -0.2536679801202406
vt 0.0 1
vt 0.4996875 1
vt 0.4996875 0.5
vt 0.0 0.5
vt 0.0 1
vt 0.0624609375 1
vt 0.0624609375 0.875
vt 0.0 0.875
vt 0.0 1
vt 0.0624609375 1
vt 0.0624609375 0.875
vt 0.0 0.875
vt 0.0 1
vt 0.4996875 1
vt 0.4996875 0.5
vt 0.0 0.5
vt 0.0 1
vt 0.4996875 1
vt 0.4996875 0.5
vt 0.0 0.5
vt 0.0 1
vt 0.09369140625 1
vt 0.09369140625 0.875
vt 0.0 0.875
vn 0.6634139481689384 0.6427876096865394 -0.38302222155948923
vn 0.5000000000000002 0 0.8660254037844386
vn -0.6634139481689384 -0.6427876096865394 0.38302222155948923
vn -0.5000000000000002 0 -0.8660254037844386
vn -0.5566703992264193 0.7660444431189781 0.32139380484326974
vn 0.5566703992264193 -0.7660444431189781 -0.32139380484326974
g Frond
f 28/76/19 31/75/19 29/74/19 26/73/19
f 27/80/20 28/79/20 26/78/20 25/77/20
f 32/84/21 27/83/21 25/82/21 30/81/21
f 31/88/22 32/87/22 30/86/22 29/85/22
f 30/92/23 25/91/23 26/90/23 29/89/23
f 31/96/24 28/95/24 27/94/24 32/93/24
o cube
v 0.15625000000000003 0 0.20813293868263705
v 0.19157468697556737 0.30982651917931575 0.18773822114825395
v 0.15625000000000003 0 0.20813293868263705
v 0.19157468697556737 0.30982651917931575 0.18773822114825395
v -0.027175313024432664 0.30982651917931575 -0.1911478930074379
v -0.06250000000000001 0 -0.1707531754730548
v -0.027175313024432664 0.30982651917931575 -0.1911478930074379
v -0.06250000000000001 0 -0.1707531754730548
vt 0.0 0.25
vt 0.4996875 0.25
vt 0.4996875 0
vt 0.0 0
vt 0.0 1
vt 0.0624609375 1
vt 0.0624609375 0.875
vt 0.0 0.875
vt 0.0 1
vt 0.0624609375 1
vt 0.0624609375 0.875
vt 0.0 0.875
vt 0.0 0.25
vt 0.4996875 0.25
vt 0.4996875 0
vt 0.0 0
vt 0.0 0.25
vt 0.4996875 0.25
vt 0.4996875 0
vt 0.0 0
vt 0.0 1
vt 0.09369140625 1
vt 0.09369140625 0.875
vt 0.0 0.875
vn 0.11303899832181558 0.9914448613738106 -0.06526309611002588
vn 0.5000000000000002 0 0.8660254037844386
vn -0.11303899832181558 -0.9914448613738106 0.06526309611002588
vn -0.5000000000000002 0 -0.8660254037844386
vn -0.858616436401261 0.13052619222005174 0.4957224306869054
vn 0.858616436401261 -0.13052619222005174 -0.4957224306869054
g Frond
f 36/100/25 39/99/25 37/98/25 34/97/25
f 35/104/26 36/103/26 34/102/26 33/101/26
f 40/108/27 35/107/27 33/106/27 38/105/27
f 39/112/28 40/111/28 38/110/28 37/109/28
f 38/116/29 33/115/29 34/114/29 37/113/29
f 39/120/30 36/119/30 35/118/30 40/117/30
o cube
v 0.1916215619755674 0.30979526917931566 0.1877111578543857
v 0.29987473744862214 0.5263016201254254 0.12521115785438566
v 0.1916215619755674 0.30979526917931566 0.1877111578543857
v 0.29987473744862214 0.5263016201254254 0.12521115785438566
v 0.08112473744862214 0.5263016201254254 -0.2536749563013062
v -0.027128438024432655 0.30979526917931566 -0.19117495630130615
v 0.08112473744862214 0.5263016201254254 -0.2536749563013062
v -0.027128438024432655 0.30979526917931566 -0.19117495630130615
vt 0.0 0.5
vt 0.4996875 0.5
vt 0.4996875 0.25
vt 0.0 0.25
vt 0.0 1
vt 0.0624609375 1
vt 0.0624609375 0.875
vt 0.0 0.875
vt 0.0 1
vt 0.0624609375 1
vt 0.0624609375 0.875
vt 0.0 0.875
vt 0.0 0.5
vt 0.4996875 0.5
vt 0.4996875 0.25
vt 0.0 0.25
vt 0.0 0.5
vt 0.4996875 0.5
vt 0.4996875 0.25
vt 0.0 0.25
vt 0.0 1
vt 0.09369140625 1
vt 0.09369140625 0.875
vt 0.0 0.875
vn 0.43301270189221924 0.8660254037844386 -0.25000000000000006
vn 0.5000000000000002 0 0.8660254037844385
vn -0.43301270189221924 -0.8660254037844386 0.25000000000000006
vn -0.5000000000000002 0 -0.8660254037844385
vn -0.75 0.5 0.4330127018922196
vn 0.75 -0.5 -0.4330127018922196
g Frond
f 44/124/31 47/123/31 45/122/31 42/121/31
f 43/128/32 44/127/32 42/126/32 41/125/32
f 48/132/33 43/131/33 41/130/33 46/129/33
f 47/136/34 48/135/34 46/134/34 45/133/34
f 46/140/35 41/139/35 42/138/35 45/137/35
f 47/144/36 44/143/36 43/142/36 48/141/36
o cube
v -0.08563740565045075 0.509829316294459 -0.3157778578199542
v -0.41043910162187136 0.7607690071980417 -0.46723537603315907
v -0.08563740565045075 0.509829316294459 -0.3157778578199542
v -0.41043910162187136 0.7607690071980417 -0.46723537603315907
v -0.5953345911334272 0.7607690071980417 -0.07072571920462455
v -0.2705328951620066 0.509829316294459 0.0807317990085803
v -0.5953345911334272 0.7607690071980417 -0.07072571920462455
v -0.2705328951620066 0.509829316294459 0.0807317990085803
vt 0.0 1
vt 0.4996875 1
vt 0.4996875 0.5
vt 0.0 0.5
vt 0.0 1
vt 0.0624609375 1
vt 0.0624609375 0.875
vt 0.0 0.875
vt 0.0 1
vt 0.0624609375 1
vt 0.0624609375 0.875
vt 0.0 0.875
vt 0.0 1
vt 0.4996875 1
vt 0.4996875 0.5
vt 0.0 0.5
vt 0.0 1
vt 0.4996875 1
vt 0.4996875 0.5
vt 0.0 0.5
vt 0.0 1
vt 0.09369140625 1
vt 0.09369140625 0.875
vt 0.0 0.875
vn -0.7424038765061042 0.5735764363510462 -0.34618861305875387
vn 0.42261826174069916 0 -0.9063077870366503
vn 0.7424038765061042 -0.5735764363510462 0.34618861305875387
vn -0.42261826174069916 0 0.9063077870366503
vn 0.5198367907256846 0.8191520442889919 0.2424038765061038
vn -0.5198367907256846 -0.8191520442889919 -0.2424038765061038
g Frond
f 52/148/37 55/147/37 53/146/37 50/145/37
f 51/152/38 52/151/38 50/150/38 49/149/38
f 56/156/39 51/155/39 49/154/39 54/153/39
f 55/160/40 56/159/40 54/158/40 53/157/40
f 54/164/41 49/163/41 50/162/41 53/161/41
f 55/168/42 52/167/42 51/166/42 56/165/42
o cube
v 0.10565456543517479 0 -0.22657694675916257
v 0.04435428183039073 0.3050925022249791 -0.25516173845114665
v 0.10565456543517479 0 -0.22657694675916257
v 0.04435428183039073 0.3050925022249791 -0.25516173845114665
v -0.14054120768116515 0.3050925022249791 0.14134791837738786
v -0.07924092407638109 0 0.16993271006937194
v -0.14054120768116515 0.3050925022249791 0.14134791837738786
v -0.07924092407638109 0 0.16993271006937194
vt 0.0 0.25
vt 0.4996875 0.25
vt 0.4996875 0
vt 0.0 0
vt 0.0 1
vt 0.0624609375 1
vt 0.0624609375 0.875
vt 0.0 0.875
vt 0.0 1
vt 0.0624609375 1
vt 0.0624609375 0.875
vt 0.0 0.875
vt 0.0 0.25
vt 0.4996875 0.25
vt 0.4996875 0
vt 0.0 0
vt 0.0 0.25
vt 0.4996875 0.25
vt 0.4996875 0
vt 0.0 0
vt 0.0 1
vt 0.09369140625 1
vt 0.09369140625 0.875
vt 0.0 0.875
vn -0.19616090753530896 0.9762960071199334 -0.09147133341434906
vn 0.42261826174069916 0 -0.9063077870366502
vn 0.19616090753530896 -0.9762960071199334 0.09147133341434906
vn -0.42261826174069916 0 0.9063077870366502
vn 0.8848246737055844 0.21643961393810301 0.4126005214734114
vn -0.8848246737055844 -0.21643961393810301 -0.4126005214734114
g Frond
f 60/172/43 63/171/43 61/170/43 58/169/43
f 59/176/44 60/175/44 58/174/44 57/173/44
f 64/180/45 59/179/45 57/178/45 62/177/45
f 63/184/46 64/183/46 62/182/46 61/181/46
f 62/188/47 57/187/47 58/186/47 61/185/47
f 63/192/48 60/191/48 59/190/48 64/189/48
o cube
v 0.04430788158810908 0.3050566536977072 -0.25518337523946283
v -0.08565131609331206 0.5098446647699552 -0.3157843443659888
v 0.04430788158810908 0.3050566536977072 -0.25518337523946283
v -0.08565131609331206 0.5098446647699552 -0.3157843443659888
v -0.27054680560486793 0.5098446647699552 0.08072531246254572
v -0.1405876079234468 0.3050566536977072 0.14132628158907168
v -0.27054680560486793 0.5098446647699552 0.08072531246254572
v -0.1405876079234468 0.3050566536977072 0.14132628158907168
vt 0.0 0.5
vt 0.4996875 0.5
vt 0.4996875 0.25
vt 0.0 0.25
vt 0.0 1
vt 0.0624609375 1
vt 0.0624609375 0.875
vt 0.0 0.875
vt 0.0 1
vt 0.0624609375 1
vt 0.0624609375 0.875
vt 0.0 0.875
vt 0.0 0.5
vt 0.4996875 0.5
vt 0.4996875 0.25
vt 0.0 0.25
vt 0.0 0.5
vt 0.4996875 0.5
vt 0.4996875 0.25
vt 0.0 0.25
vt 0.0 1
vt 0.09369140625 1
vt 0.09369140625 0.875
vt 0.0 0.875
vn -0.5198367907256846 0.8191520442889919 -0.2424038765061038
vn 0.42261826174069916 0 -0.9063077870366503
vn 0.5198367907256846 -0.8191520442889919 0.2424038765061038
vn -0.42261826174069916 0 0.9063077870366503
vn 0.7424038765061043 0.5735764363510462 0.3461886130587539
vn -0.7424038765061043 -0.5735764363510462 -0.3461886130587539
g Frond
f 68/196/49 71/195/49 69/194/49 66/193/49
f 67/200/50 68/199/50 66/198/50 65/197/50
f 72/204/51 67/203/51 65/202/51 70/201/51
f 71/208/52 72/207/52 70/206/52 69/205/52
f 70/212/53 65/211/53 66/210/53 69/209/53
f 71/216/54 68/215/54 67/214/54 72/213/54
o cube
v -0.4487005254418935 0.4068935655401452 0.008989843122707564
v -0.7948680758577414 0.520126897772498 0.2513789714074741
v -0.4487005254418935 0.4068935655401452 0.008989843122707564
v -0.7948680758577414 0.520126897772498 0.2513789714074741
v -0.5439283849541586 0.520126897772498 0.6097579907839079
v -0.19776083453831073 0.4068935655401452 0.3673688624991414
v -0.5439283849541586 0.520126897772498 0.6097579907839079
v -0.19776083453831073 0.4068935655401452 0.3673688624991414
vt 0.0 1
vt 0.4996875 1
vt 0.4996875 0.5
vt 0.0 0.5
vt 0.0 1
vt 0.0624609375 1
vt 0.0624609375 0.875
vt 0.0 0.875
vt 0.0 1
vt 0.0624609375 1
vt 0.0624609375 0.875
vt 0.0 0.875
vt 0.0 1
vt 0.4996875 1
vt 0.4996875 0.5
vt 0.0 0.5
vt 0.0 1
vt 0.4996875 1
vt 0.4996875 0.5
vt 0.0 0.5
vt 0.0 1
vt 0.09369140625 1
vt 0.09369140625 0.875
vt 0.0 0.875
vn -0.7912401152362237 0.2588190451025208 0.5540322932223235
vn -0.5735764363510462 0 -0.8191520442889918
vn 0.7912401152362237 -0.2588190451025208 -0.5540322932223235
vn 0.5735764363510462 0 0.8191520442889918
vn 0.2120121498966546 0.9659258262890684 -0.14845250554968456
vn -0.2120121498966546 -0.9659258262890684 0.14845250554968456
g Frond
f 76/220/55 79/219/55 77/218/55 74/217/55
f 75/224/56 76/223/56 74/222/56 73/221/56
f 80/228/57 75/227/57 73/226/57 78/225/57
f 79/232/58 80/231/58 78/230/58 77/229/58
f 78/236/59 73/235/59 74/234/59 77/233/59
f 79/240/60 76/239/60 75/238/60 80/237/60
o cube
v -0.14339410908776157 0 -0.20478801107224792
v -0.2809347567668164 0.26355982681652673 -0.10848101275712792
v -0.14339410908776157 0 -0.20478801107224792
v -0.2809347567668164 0.26355982681652673 -0.10848101275712792
v -0.029995065863233653 0.26355982681652673 0.24989800661930595
v 0.10754558181582118 0 0.15359100830418593
v -0.029995065863233653 0.26355982681652673 0.24989800661930595
v 0.10754558181582118 0 0.15359100830418593
vt 0.0 0.25
vt 0.4996875 0.25
vt 0.4996875 0
vt 0.0 0
vt 0.0 1
vt 0.0624609375 1
vt 0.0624609375 0.875
vt 0.0 0.875
vt 0.0 1
vt 0.0624609375 1
vt 0.0624609375 0.875
vt 0.0 0.875
vt 0.0 0.25
vt 0.4996875 0.25
vt 0.4996875 0
vt 0.0 0
vt 0.0 0.25
vt 0.4996875 0.25
vt 0.4996875 0
vt 0.0 0
vt 0.0 1
vt 0.09369140625 1
vt 0.09369140625 0.875
vt 0.0 0.875
vn -0.4401300725729754 0.8433914458128857 0.30818239460838415
vn -0.5735764363510462 0 -0.8191520442889918
vn 0.4401300725729754 -0.8433914458128857 -0.30818239460838415
vn 0.5735764363510462 0 0.8191520442889918
vn 0.6908658269734737 0.5372996083468241 -0.48374945993831153
vn -0.6908658269734737 -0.5372996083468241 0.48374945993831153
g Frond
f 84/244/61 87/243/61 85/242/61 82/241/61
f 83/248/62 84/247/62 82/246/62 81/245/62
f 88/252/63 83/251/63 81/250/63 86/249/63
f 87/256/64 88/255/64 86/254/64 85/253/64
f 86/260/65 81/259/65 82/258/65 85/257/65
f 87/264/66 84/263/66 83/262/66 88/261/66
o cube
v -0.2809641221612159 0.26350862981375867 -0.10846045088660683
v -0.44871664007692447 0.4069027389015202 0.009001126711631724
v -0.2809641221612159 0.26350862981375867 -0.10846045088660683
v -0.44871664007692447 0.4069027389015202 0.009001126711631724
v -0.1977769491733418 0.4069027389015202 0.3673801460880656
v -0.030024431257633197 0.26350862981375867 0.24991856848982705
v -0.1977769491733418 0.4069027389015202 0.3673801460880656
v -0.030024431257633197 0.26350862981375867 0.24991856848982705
vt 0.0 0.5
vt 0.4996875 0.5
vt 0.4996875 0.25
vt 0.0 0.25
vt 0.0 1
vt 0.0624609375 1
vt 0.0624609375 0.875
vt 0.0 0.875
vt 0.0 1
vt 0.0624609375 1
vt 0.0624609375 0.875
vt 0.0 0.875
vt 0.0 0.5
vt 0.4996875 0.5
vt 0.4996875 0.25
vt 0.0 0.25
vt 0.0 0.5
vt 0.4996875 0.5
vt 0.4996875 0.25
vt 0.0 0.25
vt 0.0 1
vt 0.09369140625 1
vt 0.09369140625 0.875
vt 0.0 0.875
vn -0.6710100716628342 0.5735764363510463 0.46984631039295427
vn -0.5735764363510462 0 -0.8191520442889917
vn 0.6710100716628342 -0.5735764363510463 -0.46984631039295427
vn 0.5735764363510462 0 0.8191520442889917
vn 0.46984631039295427 0.8191520442889919 -0.32898992833716584
vn -0.46984631039295427 -0.8191520442889919 0.32898992833716584
g Frond
f 92/268/67 95/267/67 93/266/67 90/265/67
f 91/272/68 92/271/68 90/270/68 89/269/68
f 96/276/69 91/275/69 89/274/69 94/273/69
f 95/280/70 96/279/70 94/278/70 93/277/70
f 94/284/71 89/283/71 90/282/71 93/281/71
f 95/288/72 92/287/72 91/286/72 96/285/72
o cube
v -0.16626275023359116 0.5330174716146754 0.23499877728923604
v -0.02994349613830677 0.8285881874465267 0.527336361095274
v -0.16626275023359116 0.5330174716146754 0.23499877728923604
v -0.02994349613830677 0.8285881874465267 0.527336361095274
v 0.3665661606902275 0.8285881874465267 0.34244087158371783
v 0.23024690659494318 0.5330174716146754 0.05010328777767986
v 0.3665661606902275 0.8285881874465267 0.34244087158371783
v 0.23024690659494318 0.5330174716146754 0.05010328777767986
vt 0.0 1
vt 0.4996875 1
vt 0.4996875 0.5
vt 0.0 0.5
vt 0.0 1
vt 0.0624609375 1
vt 0.0624609375 0.875
vt 0.0 0.875
vt 0.0 1
vt 0.0624609375 1
vt 0.0624609375 0.875
vt 0.0 0.875
vt 0.0 1
vt 0.4996875 1
vt 0.4996875 0.5
vt 0.0 0.5
vt 0.0 1
vt 0.4996875 1
vt 0.4996875 0.5
vt 0.0 0.5
vt 0.0 1
vt 0.09369140625 1
vt 0.09369140625 0.875
vt 0.0 0.875
vn 0.31158686650350714 0.6755902076156604 0.6682001915566583
vn -0.9063077870366498 0 0.42261826174069983
vn -0.31158686650350714 -0.6755902076156604 -0.6682001915566583
vn 0.9063077870366498 0 -0.42261826174069983
vn -0.2855167591915688 0.7372773368101241 -0.6122926660077799
vn 0.2855167591915688 -0.7372773368101241 0.6122926660077799
g Frond
f 100/292/73 103/291/73 101/290/73 98/289/73
f 99/296/74 100/295/74 98/294/74 97/293/74
f 104/300/75 99/299/75 97/298/75 102/297/75
f 103/304/76 104/303/76 102/302/76 101/301/76
f 102/308/77 97/307/77 98/306/77 101/305/77
f 103/312/78 100/311/78 99/310/78 104/309/78
o cube
v -0.22657694675916246 0 0.10565456543517496
v -0.21506644410268277 0.31131084315367047 0.13033891804053924
v -0.22657694675916246 0 0.10565456543517496
v -0.21506644410268277 0.31131084315367047 0.13033891804053924
v 0.1814432127258515 0.31131084315367047 -0.054556571471016946
v 0.16993271006937183 0 -0.07924092407638123
v 0.1814432127258515 0.31131084315367047 -0.054556571471016946
v 0.16993271006937183 0 -0.07924092407638123
vt 0.0 0.25
vt 0.4996875 0.25
vt 0.4996875 0
vt 0.0 0
vt 0.0 1
vt 0.0624609375 1
vt 0.0624609375 0.875
vt 0.0 0.875
vt 0.0 1
vt 0.0624609375 1
vt 0.0624609375 0.875
vt 0.0 0.875
vt 0.0 0.25
vt 0.4996875 0.25
vt 0.4996875 0
vt 0.0 0
vt 0.0 0.25
vt 0.4996875 0.25
vt 0.4996875 0
vt 0.0 0
vt 0.0 1
vt 0.09369140625 1
vt 0.09369140625 0.875
vt 0.0 0.875
vn 0.03683360850073494 0.9961946980917455 0.0789899283371657
vn -0.9063077870366499 0 0.4226182617406999
vn -0.03683360850073494 -0.9961946980917455 -0.0789899283371657
vn 0.9063077870366499 0 -0.4226182617406999
vn -0.4210100716628348 0.08715574274765825 -0.9028590122851734
vn 0.4210100716628348 -0.08715574274765825 0.9028590122851734
g Frond
f 108/316/79 111/315/79 109/314/79 106/313/79
f 107/320/80 108/319/80 106/318/80 105/317/80
f 112/324/81 107/323/81 105/322/81 110/321/81
f 111/328/82 112/327/82 110/326/82 109/325/82
f 110/332/83 105/331/83 106/330/83 109/329/83
f 111/336/84 108/335/84 107/334/84 112/333/84
o cube
v -0.21504301491665387 0.3112819838653433 0.1303891620921202
v -0.16625716584501168 0.5330346921598987 0.23501075304919156
v -0.21504301491665387 0.3112819838653433 0.1303891620921202
v -0.16625716584501168 0.5330346921598987 0.23501075304919156
v 0.2302524909835226 0.5330346921598987 0.05011526353763539
v 0.18146664191188044 0.3112819838653433 -0.05450632741943597
v 0.2302524909835226 0.5330346921598987 0.05011526353763539
v 0.18146664191188044 0.3112819838653433 -0.05450632741943597
vt 0.0 0.5
vt 0.4996875 0.5
vt 0.4996875 0.25
vt 0.0 0.25
vt 0.0 1
vt 0.0624609375 1
vt 0.0624609375 0.875
vt 0.0 0.875
vt 0.0 1
vt 0.0624609375 1
vt 0.0624609375 0.875
vt 0.0 0.875
vt 0.0 0.5
vt 0.4996875 0.5
vt 0.4996875 0.25
vt 0.0 0.25
vt 0.0 0.5
vt 0.4996875 0.5
vt 0.4996875 0.25
vt 0.0 0.25
vt 0.0 1
vt 0.09369140625 1
vt 0.09369140625 0.875
vt 0.0 0.875
vn 0.1951433962865687 0.8870108331782218 0.41848636382828547
vn -0.9063077870366498 0 0.42261826174069983
vn -0.1951433962865687 -0.8870108331782218 -0.41848636382828547
vn 0.9063077870366498 0 -0.42261826174069983
vn -0.37486697646295 0.46174861323503397 -0.8039048252952893
vn 0.37486697646295 -0.46174861323503397 0.8039048252952893
g Frond
f 116/340/85 119/339/85 117/338/85 114/337/85
f 115/344/86 116/343/86 114/342/86 113/341/86
f 120/348/87 115/347/87 113/346/87 118/345/87
f 119/352/88 120/351/88 118/350/88 117/349/88
f 118/356/89 113/355/89 114/354/89 117/353/89
f 119/360/90 116/359/90 115/358/90 120/357/90
o cube
v 0.1658363835579597 0.43782905700103 0.38442081528343486
v 0.5218728691483108 0.58746286970601 0.5899785760803522
v 0.1658363835579597 0.43782905700103 0.38442081528343486
v 0.5218728691483108 0.58746286970601 0.5899785760803522
v 0.7406228691483105 0.58746286970601 0.21109246192466033
v 0.38458638355795954 0.43782905700103 0.00553470112774293
v 0.7406228691483105 0.58746286970601 0.21109246192466033
v 0.38458638355795954 0.43782905700103 0.00553470112774293
vt 0.0 1
vt 0.4996875 1
vt 0.4996875 0.5
vt 0.0 0.5
vt 0.0 1
vt 0.0624609375 1
vt 0.0624609375 0.875
vt 0.0 0.875
vt 0.0 1
vt 0.0624609375 1
vt 0.0624609375 0.875
vt 0.0 0.875
vt 0.0 1
vt 0.4996875 1
vt 0.4996875 0.5
vt 0.0 0.5
vt 0.0 1
vt 0.4996875 1
vt 0.4996875 0.5
vt 0.0 0.5
vt 0.0 1
vt 0.09369140625 1
vt 0.09369140625 0.875
vt 0.0 0.875
vn 0.8137976813493739 0.3420201433256687 0.469846310392954
vn -0.4999999999999999 0 0.8660254037844388
vn -0.8137976813493739 -0.3420201433256687 -0.469846310392954
vn 0.4999999999999999 0 -0.8660254037844388
vn -0.2961981327260239 0.9396926207859084 -0.1710100716628343
vn 0.2961981327260239 -0.9396926207859084 0.1710100716628343
g Frond
f 124/364/91 127/363/91 125/362/91 122/361/91
f 123/368/92 124/367/92 122/366/92 121/365/92
f 128/372/93 123/371/93 121/370/93 126/369/93
f 127/376/94 128/375/94 126/374/94 125/373/94
f 126/380/95 121/379/95 122/378/95 125/377/95
f 127/384/96 124/383/96 123/382/96 128/381/96
o cube
v -0.12499999999999996 0 0.21650635094610973
v -0.00003561586757029611 0.27719088536819425 0.2886545717640837
v -0.12499999999999996 0 0.21650635094610973
v -0.00003561586757029611 0.27719088536819425 0.2886545717640837
v 0.2187143841324296 0.27719088536819425 -0.09023154239160824
v 0.09374999999999996 0 -0.16237976320958228
v 0.2187143841324296 0.27719088536819425 -0.09023154239160824
v 0.09374999999999996 0 -0.16237976320958228
vt 0.0 0.25
vt 0.4996875 0.25
vt 0.4996875 0
vt 0.0 0
vt 0.0 1
vt 0.0624609375 1
vt 0.0624609375 0.875
vt 0.0 0.875
vt 0.0 1
vt 0.0624609375 1
vt 0.0624609375 0.875
vt 0.0 0.875
vt 0.0 0.25
vt 0.4996875 0.25
vt 0.4996875 0
vt 0.0 0
vt 0.0 0.25
vt 0.4996875 0.25
vt 0.4996875 0
vt 0.0 0
vt 0.0 1
vt 0.09369140625 1
vt 0.09369140625 0.875
vt 0.0 0.875
vn 0.3998860292237751 0.8870108331782218 0.23087430661751693
vn -0.4999999999999999 0 0.8660254037844388
vn -0.3998860292237751 -0.8870108331782218 -0.23087430661751693
vn 0.4999999999999999 0 -0.8660254037844388
vn -0.7681739149643408 0.461748613235034 -0.4435054165891106
vn 0.7681739149643408 -0.461748613235034 0.4435054165891106
g Frond
f 132/388/97 135/387/97 133/386/97 130/385/97
f 131/392/98 132/391/98 130/390/98 129/389/98
f 136/396/99 131/395/99 129/394/99 134/393/99
f 135/400/100 136/399/100 134/398/100 133/397/100
f 134/404/101 129/403/101 130/402/101 133/401/101
f 135/408/102 132/407/102 131/406/102 136/405/102
o cube
v 0 0.27714300759049926 0.2886746588768865
v 0.16585266307461596 0.43783991001213407 0.3844302142667587
v 0 0.27714300759049926 0.2886746588768865
v 0.16585266307461596 0.43783991001213407 0.3844302142667587
v 0.3846026630746159 0.43783991001213407 0.005544100111066701
v 0.21874917603238128 0.27714300759049926 -0.09021145527880553
v 0.3846026630746159 0.43783991001213407 0.005544100111066701
v 0.21874917603238128 0.27714300759049926 -0.09021145527880553
vt 0.0 0.5
vt 0.4996875 0.5
vt 0.4996875 0.25
vt 0.0 0.25
vt 0.0 1
vt 0.0624609375 1
vt 0.0624609375 0.875
vt 0.0 0.875
vt 0.0 1
vt 0.0624609375 1
vt 0.0624609375 0.875
vt 0.0 0.875
vt 0.0 0.5
vt 0.4996875 0.5
vt 0.4996875 0.25
vt 0.0 0.25
vt 0.0 0.5
vt 0.4996875 0.5
vt 0.4996875 0.25
vt 0.0 0.25
vt 0.0 1
vt 0.09369140625 1
vt 0.09369140625 0.875
vt 0.0 0.875
vn 0.6634139481689385 0.6427876096865395 0.3830222215594889
vn -0.5 0 0.8660254037844388
vn -0.6634139481689385 -0.6427876096865395 -0.3830222215594889
vn 0.5 0 -0.8660254037844388
vn -0.5566703992264195 0.766044443118978 -0.3213938048432695
vn 0.5566703992264195 -0.766044443118978 0.3213938048432695
g Frond
f 140/412/103 143/411/103 141/410/103 138/409/103
f 139/416/104 140/415/104 138/414/104 137/413/104
f 144/420/105 139/419/105 137/418/105 142/417/105
f 143/424/106 144/423/106 142/422/106 141/421/106
f 142/428/107 137/427/107 138/426/107 141/425/107
f 143/432/108 140/431/108 139/430/108 144/429/108
o cube
v -0.23054220488579572 0.0043544758005038126 0.39012007740271437
v -0.0555920671003939 0.39242171531597636 0.49112758654787814
v -0.23054220488579572 0.0043544758005038126 0.39012007740271437
v -0.0555920671003939 0.39242171531597636 0.49112758654787814
v 0.3819079328996059 0.39242171531597636 -0.2666446417635058
v 0.2069577951142041 0.0043544758005038126 -0.36765215090866965
v 0.3819079328996059 0.39242171531597636 -0.2666446417635058
v 0.2069577951142041 0.0043544758005038126 -0.36765215090866965
vt 0 0.25
vt 1 0.25
vt 1 0
vt 0 0
vt 0 1
vt 0.125 1
vt 0.125 0.875
vt 0 0.875
vt 0 1
vt 0.125 1
vt 0.125 0.875
vt 0 0.875
vt 0 0.25
vt 1 0.25
vt 1 0
vt 0 0
vt 0 0.5
vt 1 0.5
vt 1 0
vt 0 0
vt 0 1
vt 0.1875 1
vt 0.1875 0.875
vt 0 0.875
vn 0.3998860292237751 0.8870108331782218 0.23087430661751693
vn -0.4999999999999999 0 0.8660254037844388
vn -0.3998860292237751 -0.8870108331782218 -0.23087430661751693
vn 0.4999999999999999 0 -0.8660254037844388
vn -0.7681739149643408 0.461748613235034 -0.4435054165891106
vn 0.7681739149643408 -0.461748613235034 0.4435054165891106
g Winter_Frond
f 148/436/109 151/435/109 149/434/109 146/433/109
f 147/440/110 148/439/110 146/438/110 145/437/110
f 152/444/111 147/443/111 145/442/111 150/441/111
f 151/448/112 152/447/112 150/446/112 149/445/112
f 150/452/113 145/451/113 146/450/113 149/449/113
f 151/456/114 148/455/114 147/454/114 152/453/114
o cube
v -0.11114736210742339 0.03154226980271216 -0.43819367133501086
v -0.24196794450900397 0.44451954867920596 -0.3770218448797019
v -0.11114736210742339 0.03154226980271216 -0.43819367133501086
v -0.24196794450900397 0.44451954867920596 -0.3770218448797019
v -0.0175402592926492 0.3905946840525141 0.4669860479053253
v 0.11328032310893137 -0.02238259482397972 0.40581422145001633
v -0.0175402592926492 0.3905946840525141 0.4669860479053253
v 0.11328032310893137 -0.02238259482397972 0.40581422145001633
vt 0 0.25
vt 1 0.25
vt 1 0
vt 0 0
vt 0 1
vt 0.125 1
vt 0.125 0.875
vt 0 0.875
vt 0 1
vt 0.125 1
vt 0.125 0.875
vt 0 0.875
vt 0 0.25
vt 1 0.25
vt 1 0
vt 0 0
vt 0 0.5
vt 1 0.5
vt 1 0
vt 0 0
vt 0 1
vt 0.1875 1
vt 0.1875 0.875
vt 0 0.875
vn -0.2990184740607553 0.9439480660034132 0.13982131761213445
vn -0.2564887831044055 0.06162841671621938 -0.9645804488971738
vn 0.2990184740607553 -0.9439480660034132 -0.13982131761213445
vn 0.2564887831044055 -0.06162841671621938 0.9645804488971738
vn 0.9191308156688028 0.3242899735444621 -0.22368405563770818
vn -0.9191308156688028 -0.3242899735444621 0.22368405563770818
g Winter_Frond
f 156/460/115 159/459/115 157/458/115 154/457/115
f 155/464/116 156/463/116 154/462/116 153/461/116
f 160/468/117 155/467/117 153/466/117 158/465/117
f 159/472/118 160/471/118 158/470/118 157/469/118
f 158/476/119 153/475/119 154/474/119 157/473/119
f 159/480/120 156/479/120 155/478/120 160/477/120
o cube
v 0.049622268866368904 0.02267374313658816 -0.44996995807899554
v -0.23428561996846903 0.35529201705082963 -0.4629177191077034
v 0.049622268866368904 0.02267374313658816 -0.44996995807899554
v -0.23428561996846903 0.35529201705082963 -0.4629177191077034
v -0.31176553665152135 0.32306260961268657 0.40804905856350804
v -0.027857647816683456 -0.00955566430155488 0.4209968195922159
v -0.31176553665152135 0.32306260961268657 0.40804905856350804
v -0.027857647816683456 -0.00955566430155488 0.4209968195922159
vt 0 0.25
vt 1 0.25
vt 1 0
vt 0 0
vt 0 1
vt 0.125 1
vt 0.125 0.875
vt 0 0.875
vt 0 1
vt 0.125 1
vt 0.125 0.875
vt 0 0.875
vt 0 0.25
vt 1 0.25
vt 1 0
vt 0 0
vt 0 0.5
vt 1 0.5
vt 1 0
vt 0 0
vt 0 1
vt 0.1875 1
vt 0.1875 0.875
vt 0 0.875
vn -0.6489323173367713 0.7602703403754081 -0.029594882351332213
vn 0.08854847620920277 0.036833608500734936 -0.9953906030528132
vn 0.6489323173367713 -0.7602703403754081 0.029594882351332213
vn -0.08854847620920277 -0.036833608500734936 0.9953906030528132
vn 0.7556758662792905 0.6485617124301094 0.09122329906755156
vn -0.7556758662792905 -0.6485617124301094 -0.09122329906755156
g Winter_Frond
f 164/484/121 167/483/121 165/482/121 162/481/121
f 163/488/122 164/487/122 162/486/122 161/485/122
f 168/492/123 163/491/123 161/490/123 166/489/123
f 167/496/124 168/495/124 166/494/124 165/493/124
f 166/500/125 161/499/125 162/498/125 165/497/125
f 167/504/126 164/503/126 163/502/126 168/501/126
o cube
v 0.37614125212397725 -0.032318603738108284 0.2508690937275836
v 0.5717150287045797 0.26090111077992123 -0.008320695677721673
v 0.37614125212397725 -0.032318603738108284 0.2508690937275836
v 0.5717150287045797 0.26090111077992123 -0.008320695677721673
v -0.16337167877794267 0.3370898018485283 -0.4767946179356819
v -0.358945455358545 0.0438700873304988 -0.21760482853037666
v -0.16337167877794267 0.3370898018485283 -0.4767946179356819
v -0.358945455358545 0.0438700873304988 -0.21760482853037666
vt 0 0.25
vt 1 0.25
vt 1 0
vt 0 0
vt 0 1
vt 0.125 1
vt 0.125 0.875
vt 0 0.875
vt 0 1
vt 0.125 1
vt 0.125 0.875
vt 0 0.875
vt 0 0.25
vt 1 0.25
vt 1 0
vt 0 0
vt 0 0.5
vt 1 0.5
vt 1 0
vt 0 0
vt 0 1
vt 0.1875 1
vt 0.1875 0.875
vt 0 0.875
vn 0.4470257750413761 0.6702164903269238 -0.5924338043549826
vn 0.8400990942657396 -0.0870727897926937 0.5353987682948117
vn -0.4470257750413761 -0.6702164903269238 0.5924338043549826
vn -0.8400990942657396 0.0870727897926937 -0.5353987682948117
vn -0.30724821929921914 0.7370401518042136 0.6019720478277051
vn 0.30724821929921914 -0.7370401518042136 -0.6019720478277051
g Winter_Frond
f 172/508/127 175/507/127 173/506/127 170/505/127
f 171/512/128 172/511/128 170/510/128 169/509/128
f 176/516/129 171/515/129 169/514/129 174/513/129
f 175/520/130 176/519/130 174/518/130 173/517/130
f 174/524/131 169/523/131 170/522/131 173/521/131
f 175/528/132 172/527/132 171/526/132 176/525/132
o cube
v -0.44861047461389764 0.04367137872143738 -0.048131056816109435
v -0.4570608072548661 0.31147625332128304 0.2977235239238579
v -0.44861047461389764 0.04367137872143738 -0.048131056816109435
v -0.4570608072548661 0.31147625332128304 0.2977235239238579
v 0.41199616784704096 0.24236006602626314 0.37247595987428805
v 0.4204465004880094 -0.02544480857358251 0.026621379134320597
v 0.41199616784704096 0.24236006602626314 0.37247595987428805
v 0.4204465004880094 -0.02544480857358251 0.026621379134320597
vt 0 0.25
vt 1 0.25
vt 1 0
vt 0 0
vt 0 1
vt 0.125 1
vt 0.125 0.875
vt 0 0.875
vt 0 1
vt 0.125 1
vt 0.125 0.875
vt 0 0.875
vt 0 0.25
vt 1 0.25
vt 1 0
vt 0 0
vt 0 0.5
vt 1 0.5
vt 1 0
vt 0 0
vt 0 1
vt 0.1875 1
vt 0.1875 0.875
vt 0 0.875
vn -0.0193150460364994 0.612125427656789 0.7905247559770668
vn -0.9932079715450366 0.07898992833716555 -0.08543135537191987
vn 0.0193150460364994 -0.612125427656789 -0.7905247559770668
vn 0.9932079715450366 -0.07898992833716555 0.08543135537191987
vn 0.11473819876571947 0.7868055999020868 -0.6064421602318852
vn -0.11473819876571947 -0.7868055999020868 0.6064421602318852
g Winter_Frond
f 180/532/133 183/531/133 181/530/133 178/529/133
f 179/536/134 180/535/134 178/534/134 177/533/134
f 184/540/135 179/539/135 177/538/135 182/537/135
f 183/544/136 184/543/136 182/542/136 181/541/136
f 182/548/137 177/547/137 178/546/137 181/545/137
f 183/552/138 180/551/138 179/550/138 184/549/138
o cube
v -0.2965096735446941 0.4068935655401452 0.3368901784048046
v -0.35166906982642115 0.520126897772498 0.7558673895671696
v -0.2965096735446941 0.4068935655401452 0.3368901784048046
v -0.35166906982642115 0.520126897772498 0.7558673895671696
v 0.08208805702462091 0.520126897772498 0.8129725986634422
v 0.137247453306348 0.4068935655401452 0.39399538750107715
v 0.08208805702462091 0.520126897772498 0.8129725986634422
v 0.137247453306348 0.4068935655401452 0.39399538750107715
vt 0.0 1
vt 0.4996875 1
vt 0.4996875 0.5
vt 0.0 0.5
vt 0.0 1
vt 0.0624609375 1
vt 0.0624609375 0.875
vt 0.0 0.875
vt 0.0 1
vt 0.0624609375 1
vt 0.0624609375 0.875
vt 0.0 0.875
vt 0.0 1
vt 0.4996875 1
vt 0.4996875 0.5
vt 0.0 0.5
vt 0.0 1
vt 0.4996875 1
vt 0.4996875 0.5
vt 0.0 0.5
vt 0.0 1
vt 0.09369140625 1
vt 0.09369140625 0.875
vt 0.0 0.875
vn -0.12607862007251902 0.25881904510252085 0.9576621969425486
vn -0.9914448613738104 0 -0.13052619222005155
vn 0.12607862007251902 -0.25881904510252085 -0.9576621969425486
vn 0.9914448613738104 0 0.13052619222005155
vn 0.033782664431261815 0.9659258262890684 -0.2566048122925707
vn -0.033782664431261815 -0.9659258262890684 0.2566048122925707
g Frond
f 188/556/139 191/555/139 189/554/139 186/553/139
f 187/560/140 188/559/140 186/558/140 185/557/140
f 192/564/141 187/563/141 185/562/141 190/561/141
f 191/568/142 192/567/142 190/566/142 189/565/142
f 190/572/143 185/571/143 186/570/143 189/569/143
f 191/576/144 188/575/144 187/574/144 192/573/144
o cube
v -0.24786121534345265 0 -0.032631548055012886
v -0.26977736283058884 0.26355982681652673 0.13383811935549317
v -0.24786121534345265 0 -0.032631548055012886
v -0.26977736283058884 0.26355982681652673 0.13383811935549317
v 0.16397976402045322 0.26355982681652673 0.19094332845176573
v 0.18589591150758947 0 0.024473661041259663
v 0.16397976402045322 0.26355982681652673 0.19094332845176573
v 0.18589591150758947 0 0.024473661041259663
vt 0.0 0.25
vt 0.4996875 0.25
vt 0.4996875 0
vt 0.0 0
vt 0.0 1
vt 0.0624609375 1
vt 0.0624609375 0.875
vt 0.0 0.875
vt 0.0 1
vt 0.0624609375 1
vt 0.0624609375 0.875
vt 0.0 0.875
vt 0.0 0.25
vt 0.4996875 0.25
vt 0.4996875 0
vt 0.0 0
vt 0.0 0.25
vt 0.4996875 0.25
vt 0.4996875 0
vt 0.0 0
vt 0.0 1
vt 0.09369140625 1
vt 0.09369140625 0.875
vt 0.0 0.875
vn -0.07013167195883595 0.8433914458128857 0.5327029357136195
vn -0.9914448613738105 0 -0.13052619222005155
vn 0.07013167195883595 -0.8433914458128857 -0.5327029357136195
vn 0.9914448613738105 0 0.13052619222005155
vn 0.1100846739729199 0.5372996083468239 -0.8361761150778141
vn -0.1100846739729199 -0.5372996083468239 0.8361761150778141
g Frond
f 196/580/145 199/579/145 197/578/145 194/577/145
f 195/584/146 196/583/146 194/582/146 193/581/146
f 200/588/147 195/587/147 193/586/147 198/585/147
f 199/592/148 200/591/148 198/590/148 197/589/148
f 198/596/149 193/595/149 194/594/149 197/593/149
f 199/600/150 196/599/150 195/598/150 200/597/150
o cube
v -0.2697820420023504 0.26350862981375867 0.13387366119364477
v -0.2965122412999287 0.4069027389015202 0.336909682442188
v -0.2697820420023504 0.26350862981375867 0.13387366119364477
v -0.2965122412999287 0.4069027389015202 0.336909682442188
v 0.13724488555111344 0.4069027389015202 0.39401489153846053
v 0.16397508484869172 0.26350862981375867 0.19097887028991734
v 0.13724488555111344 0.4069027389015202 0.39401489153846053
v 0.16397508484869172 0.26350862981375867 0.19097887028991734
vt 0.0 0.5
vt 0.4996875 0.5
vt 0.4996875 0.25
vt 0.0 0.25
vt 0.0 1
vt 0.0624609375 1
vt 0.0624609375 0.875
vt 0.0 0.875
vt 0.0 1
vt 0.0624609375 1
vt 0.0624609375 0.875
vt 0.0 0.875
vt 0.0 0.5
vt 0.4996875 0.5
vt 0.4996875 0.25
vt 0.0 0.25
vt 0.0 0.5
vt 0.4996875 0.5
vt 0.4996875 0.25
vt 0.0 0.25
vt 0.0 1
vt 0.09369140625 1
vt 0.09369140625 0.875
vt 0.0 0.875
vn -0.10692079719031311 0.5735764363510463 0.8121440849941728
vn -0.9914448613738105 0 -0.13052619222005157
vn 0.10692079719031311 -0.5735764363510463 -0.8121440849941728
vn 0.9914448613738105 0 0.13052619222005157
vn 0.07486674818404881 0.8191520442889917 -0.5686694104253472
vn -0.07486674818404881 -0.8191520442889917 0.5686694104253472
g Frond
f 204/604/151 207/603/151 205/602/151 202/601/151
f 203/608/152 204/607/152 202/606/152 201/605/152
f 208/612/153 203/611/153 201/610/153 206/609/153
f 207/616/154 208/615/154 206/614/154 205/613/154
f 206/620/155 201/619/155 202/618/155 205/617/155
f 207/624/156 204/623/156 203/622/156 208/621/156
o cube
v -0.07923112523403031 0.3902488974265709 -0.4565124087477468
v -0.36779563492224726 0.4849412285244909 -0.7714253112773841
v -0.07923112523403031 0.3902488974265709 -0.4565124087477468
v -0.36779563492224726 0.4849412285244909 -0.7714253112773841
v -0.6903544697766766 0.48494122852449084 -0.47585459544553277
v -0.40178996008845963 0.3902488974265709 -0.16094169291589544
v -0.6903544697766766 0.48494122852449084 -0.47585459544553277
v -0.40178996008845963 0.3902488974265709 -0.16094169291589544
vt 0.0 1
vt 0.4996875 1
vt 0.4996875 0.5
vt 0.0 0.5
vt 0.0 1
vt 0.0624609375 1
vt 0.0624609375 0.875
vt 0.0 0.875
vt 0.0 1
vt 0.0624609375 1
vt 0.0624609375 0.875
vt 0.0 0.875
vt 0.0 1
vt 0.4996875 1
vt 0.4996875 0.5
vt 0.0 0.5
vt 0.0 1
vt 0.4996875 1
vt 0.4996875 0.5
vt 0.0 0.5
vt 0.0 1
vt 0.09369140625 1
vt 0.09369140625 0.875
vt 0.0 0.875
vn -0.6595760221444958 0.2164396139381029 -0.7198009200677425
vn 0.7372773368101241 0 -0.6755902076156601
vn 0.6595760221444958 -0.2164396139381029 0.7198009200677425
vn -0.7372773368101241 0 0.6755902076156601
vn 0.14622448371669625 0.9762960071199335 0.1595760221444959
vn -0.14622448371669625 -0.9762960071199335 -0.1595760221444959
g Frond
f 212/628/157 215/627/157 213/626/157 210/625/157
f 211/632/158 212/631/158 210/630/158 209/629/158
f 216/636/159 211/635/159 209/634/159 214/633/159
f 215/640/160 216/639/160 214/638/160 213/637/160
f 214/644/161 209/643/161 210/642/161 213/641/161
f 215/648/162 212/647/162 211/646/162 216/645/162
o cube
v 0.18431933420253105 0 -0.16889755190391506
v 0.06322476429070176 0.2559850138403099 -0.30104908548202164
v 0.18431933420253105 0 -0.16889755190391506
v 0.06322476429070176 0.2559850138403099 -0.30104908548202164
v -0.2593340705637276 0.2559850138403099 -0.005478369650170255
v -0.13823950065189827 0 0.1266731639279363
v -0.2593340705637276 0.2559850138403099 -0.005478369650170255
v -0.13823950065189827 0 0.1266731639279363
vt 0.0 0.25
vt 0.4996875 0.25
vt 0.4996875 0
vt 0.0 0
vt 0.0 1
vt 0.0624609375 1
vt 0.0624609375 0.875
vt 0.0 0.875
vt 0.0 1
vt 0.0624609375 1
vt 0.0624609375 0.875
vt 0.0 0.875
vt 0.0 0.25
vt 0.4996875 0.25
vt 0.4996875 0
vt 0.0 0
vt 0.0 0.25
vt 0.4996875 0.25
vt 0.4996875 0
vt 0.0 0
vt 0.0 1
vt 0.09369140625 1
vt 0.09369140625 0.875
vt 0.0 0.875
vn -0.3875026237178538 0.8191520442889917 -0.422884907449941
vn 0.7372773368101241 0 -0.6755902076156601
vn 0.3875026237178538 -0.8191520442889917 0.422884907449941
vn -0.7372773368101241 0 0.6755902076156601
vn 0.5534110996699924 0.5735764363510463 0.6039422376559567
vn -0.5534110996699924 -0.5735764363510463 -0.6039422376559567
g Frond
f 220/652/163 223/651/163 221/650/163 218/649/163
f 219/656/164 220/655/164 218/654/164 217/653/164
f 224/660/165 219/659/165 217/658/165 222/657/165
f 223/664/166 224/663/166 222/662/166 221/661/166
f 222/668/167 217/667/167 218/666/167 221/665/167
f 223/672/168 220/671/168 219/670/168 224/669/168
o cube
v 0.06320207714357956 0.25593230187494653 -0.3010738441585411
v -0.07924467335092025 0.39025720396165253 -0.45652719392288216
v 0.06320207714357956 0.25593230187494653 -0.3010738441585411
v -0.07924467335092025 0.39025720396165253 -0.45652719392288216
v -0.4018035082053496 0.39025720396165253 -0.1609564780910308
v -0.25935675771084976 0.25593230187494653 -0.005503128326689699
v -0.4018035082053496 0.39025720396165253 -0.1609564780910308
v -0.25935675771084976 0.25593230187494653 -0.005503128326689699
vt 0.0 0.5
vt 0.4996875 0.5
vt 0.4996875 0.25
vt 0.0 0.25
vt 0.0 1
vt 0.0624609375 1
vt 0.0624609375 0.875
vt 0.0 0.875
vt 0.0 1
vt 0.0624609375 1
vt 0.0624609375 0.875
vt 0.0 0.875
vt 0.0 0.5
vt 0.4996875 0.5
vt 0.4996875 0.25
vt 0.0 0.25
vt 0.0 0.5
