# Made in Blockbench 4.1.3

o cube
v 0.1875 0 0
v 0.1875 0.08657786498156886 -0.16631453122091658
v 0.1875 0 0
v 0.1875 0.08657786498156886 -0.16631453122091658
v -0.1875 0.08657786498156886 -0.16631453122091658
v -0.1875 0 0
v -0.1875 0.08657786498156886 -0.16631453122091658
v -0.1875 0 0
vt 0 0.5
vt 1 0.5
vt 1 0
vt 0 0
vt 0 1
vt 0.125 1
vt 0.125 0.875
vt 0 0.875
vt 0 1
vt 0.1875 1
vt 0.1875 0.8125
vt 0 0.8125
vt 0 0.5
vt 1 0.5
vt 1 0
vt 0 0
vt 0 0.5
vt 1 0.5
vt 1 0
vt 0 0
vt 0 1
vt 0.125 1
vt 0.125 0.875
vt 0 0.875
vn 0 0.4617486132350339 -0.8870108331782217
vn 1 0 0
vn 0 -0.4617486132350339 0.8870108331782217
vn -1 0 0
vn 0 0.8870108331782217 0.4617486132350339
vn 0 -0.8870108331782217 -0.4617486132350339
g Frond
f 4/4/1 7/3/1 5/2/1 2/1/1
f 3/8/2 4/7/2 2/6/2 1/5/2
f 8/12/3 3/11/3 1/10/3 6/9/3
f 7/16/4 8/15/4 6/14/4 5/13/4
f 6/20/5 1/19/5 2/18/5 5/17/5
f 7/24/6 4/23/6 3/22/6 8/21/6
o cube
v 0.1875 0.08651589967773299 -0.16632268910793035
v 0.1875 0.11098956071899266 -0.3522186006155198
v 0.1875 0.08651589967773299 -0.16632268910793035
v 0.1875 0.11098956071899266 -0.3522186006155198
v -0.1875 0.11098956071899266 -0.3522186006155198
v -0.1875 0.08651589967773299 -0.16632268910793035
v -0.1875 0.11098956071899266 -0.3522186006155198
v -0.1875 0.08651589967773299 -0.16632268910793035
vt 0 1
vt 1 1
vt 1 0.5
vt 0 0.5
vt 0 1
vt 0.125 1
vt 0.125 0.875
vt 0 0.875
vt 0 1
vt 0.1875 1
vt 0.1875 0.8125
vt 0 0.8125
vt 0 1
vt 1 1
vt 1 0.5
vt 0 0.5
vt 0 1
vt 1 1
vt 1 0.5
vt 0 0.5
vt 0 1
vt 0.125 1
vt 0.125 0.875
vt 0 0.875
vn 0 0.13052619222005157 -0.9914448613738104
vn 1 0 0
vn 0 -0.13052619222005157 0.9914448613738104
vn -1 0 0
vn 0 0.9914448613738104 0.13052619222005157
vn 0 -0.9914448613738104 -0.13052619222005157
g Frond
f 12/28/7 15/27/7 13/26/7 10/25/7
f 11/32/8 12/31/8 10/30/8 9/29/8
f 16/36/9 11/35/9 9/34/9 14/33/9
f 15/40/10 16/39/10 14/38/10 13/37/10
f 14/44/11 9/43/11 10/42/11 13/41/11
f 15/48/12 12/47/12 11/46/12 16/45/12
o cube
v 0.06335011510941943 0.0009479103524335035 0.18378139577903807
v 0.20983246321163326 0.10849349216825464 0.13759568883026035
v 0.06335011510941943 0.0009479103524335035 0.18378139577903807
v 0.20983246321163326 0.10849349216825464 0.13759568883026035
v 0.0970677883975308 0.10849349216825464 -0.22004816770032476
v -0.04941455970468303 0.0009479103524335061 -0.17386246075154704
v 0.0970677883975308 0.10849349216825464 -0.22004816770032476
v -0.04941455970468303 0.0009479103524335061 -0.17386246075154704
vt 0 0.5
vt 1 0.5
vt 1 0
vt 0 0
vt 0 1
vt 0.125 1
vt 0.125 0.875
vt 0 0.875
vt 0 1
vt 0.1875 1
vt 0.1875 0.8125
vt 0 0.8125
vt 0 0.5
vt 1 0.5
vt 1 0
vt 0 0
vt 0 0.5
vt 1 0.5
vt 1 0
vt 0 0
vt 0 1
vt 0.125 1
vt 0.125 0.875
vt 0 0.875
vn 0.7812391898784738 0.5735764363510462 -0.2463237703934811
vn 0.30070579950427323 0 0.9537169507482269
vn -0.7812391898784738 -0.5735764363510462 0.2463237703934811
vn -0.30070579950427323 0 -0.9537169507482269
vn -0.5470295698977541 0.8191520442889919 0.1724777608697532
vn 0.5470295698977541 -0.8191520442889919 -0.1724777608697532
g Frond
f 20/52/13 23/51/13 21/50/13 18/49/13
f 19/56/14 20/55/14 18/54/14 17/53/14
f 24/60/15 19/59/15 17/58/15 22/57/15
f 23/64/16 24/63/16 22/62/16 21/61/16
f 22/68/17 17/67/17 18/66/17 21/65/17
f 23/72/18 20/71/18 19/70/18 24/69/18
o cube
v 0.20984789071853893 0.10843312180411158 0.13759082455601762
v 0.3825766095367961 0.15696169276083421 0.08312966870800259
v 0.20984789071853893 0.10843312180411158 0.13759082455601762
v 0.3825766095367961 0.15696169276083421 0.08312966870800259
v 0.26981193472269366 0.15696169276083421 -0.2745141878225825
v 0.09708321590443647 0.10843312180411158 -0.22005303197456752
v 0.26981193472269366 0.15696169276083421 -0.2745141878225825
v 0.09708321590443647 0.10843312180411158 -0.22005303197456752
vt 0 1
vt 1 1
vt 1 0.5
vt 0 0.5
vt 0 1
vt 0.125 1
vt 0.125 0.875
vt 0 0.875
vt 0 1
vt 0.1875 1
vt 0.1875 0.8125
vt 0 0.8125
vt 0 1
vt 1 1
vt 1 0.5
vt 0 0.5
vt 0 1
vt 1 1
vt 1 0.5
vt 0 0.5
vt 0 1
vt 0.125 1
vt 0.125 0.875
vt 0 0.875
vn 0.9212198336973717 0.25881904510252074 -0.29045949785608
vn 0.3007057995042733 0 0.953716950748227
vn -0.9212198336973717 -0.25881904510252074 0.29045949785608
vn -0.3007057995042733 0 -0.953716950748227
vn -0.2468401104907439 0.9659258262890683 0.07782838788448605
vn 0.2468401104907439 -0.9659258262890683 -0.07782838788448605
g Frond
f 28/76/19 31/75/19 29/74/19 26/73/19
f 27/80/20 28/79/20 26/78/20 25/77/20
f 32/84/21 27/83/21 25/82/21 30/81/21
f 31/88/22 32/87/22 30/86/22 29/85/22
f 30/92/23 25/91/23 26/90/23 29/89/23
f 31/96/24 28/95/24 27/94/24 32/93/24
o cube
v -0.10911316827714795 -0.0020772440052048906 0.15976949824845935
v 0.03738067929727851 0.03048178930734455 0.27217818106519287
v -0.10911316827714795 -0.0020772440052048906 0.15976949824845935
v 0.03738067929727851 0.03048178930734455 0.27217818106519287
v 0.26566621517554856 0.03048178930734455 -0.025329321544020348
v 0.11917236760112213 -0.0020772440052048958 -0.13773800436075387
v 0.26566621517554856 0.03048178930734455 -0.025329321544020348
v 0.11917236760112213 -0.0020772440052048958 -0.13773800436075387
vt 0 0.5
vt 1 0.5
vt 1 0
vt 0 0
vt 0 1
vt 0.125 1
vt 0.125 0.875
vt 0 0.875
vt 0 1
vt 0.1875 1
vt 0.1875 0.8125
vt 0 0.8125
vt 0 0.5
vt 1 0.5
vt 1 0
vt 0 0
vt 0 0.5
vt 1 0.5
vt 1 0
vt 0 0
vt 0 1
vt 0.125 1
vt 0.125 0.875
vt 0 0.875
vn 0.7813005203969413 0.17364817766693036 0.5995129750225786
vn -0.6087614290087204 0 0.7933533402912355
vn -0.7813005203969413 -0.17364817766693036 -0.5995129750225786
vn 0.6087614290087204 0 -0.7933533402912355
vn -0.13776436178754511 0.9848077530122081 -0.10571031278128071
vn 0.13776436178754511 -0.9848077530122081 0.10571031278128071
g Frond
f 36/100/25 39/99/25 37/98/25 34/97/25
f 35/104/26 36/103/26 34/102/26 33/101/26
f 40/108/27 35/107/27 33/106/27 38/105/27
f 39/112/28 40/111/28 38/110/28 37/109/28
f 38/116/29 33/115/29 34/114/29 37/113/29
f 39/120/30 36/119/30 35/118/30 40/117/30
o cube
v 0.03737206902466683 0.030420238822781283 0.2721715741706441
v 0.18386591659909324 -0.0021387944897681655 0.3845802569873775
v 0.03737206902466683 0.030420238822781283 0.2721715741706441
v 0.18386591659909324 -0.0021387944897681655 0.3845802569873775
v 0.41215145247736334 -0.0021387944897681707 0.08707275437816431
v 0.2656576049029369 0.030420238822781276 -0.02533592843856919
v 0.41215145247736334 -0.0021387944897681707 0.08707275437816431
v 0.2656576049029369 0.030420238822781276 -0.02533592843856919
vt 0 1
vt 1 1
vt 1 0.5
vt 0 0.5
vt 0 1
vt 0.125 1
vt 0.125 0.875
vt 0 0.875
vt 0 1
vt 0.1875 1
vt 0.1875 0.8125
vt 0 0.8125
vt 0 1
vt 1 1
vt 1 0.5
vt 0 0.5
vt 0 1
vt 1 1
vt 1 0.5
vt 0 0.5
vt 0 1
vt 0.125 1
vt 0.125 0.875
vt 0 0.875
vn 0.7813005203969412 -0.17364817766693036 0.5995129750225786
vn -0.6087614290087204 0 0.7933533402912353
vn -0.7813005203969412 0.17364817766693036 -0.5995129750225786
vn 0.6087614290087204 0 -0.7933533402912353
vn 0.13776436178754514 0.9848077530122081 0.1057103127812807
vn -0.13776436178754514 -0.9848077530122081 -0.1057103127812807
g Frond
f 44/124/31 47/123/31 45/122/31 42/121/31
f 43/128/32 44/127/32 42/126/32 41/125/32
f 48/132/33 43/131/33 41/130/33 46/129/33
f 47/136/34 48/135/34 46/134/34 45/133/34
f 46/140/35 41/139/35 42/138/35 45/137/35
f 47/144/36 44/143/36 43/142/36 48/141/36
o cube
v -0.1198203212952706 0 -0.13724081200427315
v -0.2517665101783557 0.08657786498156886 -0.03599494031331255
v -0.1198203212952706 0 -0.13724081200427315
v -0.2517665101783557 0.08657786498156886 -0.03599494031331255
v -0.023480974300085555 0.08657786498156886 0.26151256229590075
v 0.10846521458299957 0 0.16026669060494017
v -0.023480974300085555 0.08657786498156886 0.26151256229590075
v 0.10846521458299957 0 0.16026669060494017
vt 0 0.5
vt 1 0.5
vt 1 0
vt 0 0
vt 0 1
vt 0.125 1
vt 0.125 0.875
vt 0 0.875
vt 0 1
vt 0.1875 1
vt 0.1875 0.8125
vt 0 0.8125
vt 0 0.5
vt 1 0.5
vt 1 0
vt 0 0
vt 0 0.5
vt 1 0.5
vt 1 0
vt 0 0
vt 0 1
vt 0.125 1
vt 0.125 0.875
vt 0 0.875
vn -0.703713007376454 0.461748613235034 0.53997798235179
vn -0.6087614290087204 0 -0.7933533402912354
vn 0.703713007376454 -0.461748613235034 -0.53997798235179
vn 0.6087614290087204 0 0.7933533402912354
vn 0.3663298046848599 0.8870108331782218 -0.2810947456357542
vn -0.3663298046848599 -0.8870108331782218 0.2810947456357542
g Frond
f 52/148/37 55/147/37 53/146/37 50/145/37
f 51/152/38 52/151/38 50/150/38 49/149/38
f 56/156/39 51/155/39 49/154/39 54/153/39
f 55/160/40 56/159/40 54/158/40 53/157/40
f 54/164/41 49/163/41 50/162/41 53/161/41
f 55/168/42 52/167/42 51/166/42 56/165/42
o cube
v -0.25177298226526784 0.08651589967773299 -0.03598997410635629
v -0.39925412460629783 0.11098956071899266 0.07717628662988246
v -0.25177298226526784 0.08651589967773299 -0.03598997410635629
v -0.39925412460629783 0.11098956071899266 0.07717628662988246
v -0.17096858872802767 0.11098956071899266 0.3746837892390958
v -0.02348744638699768 0.08651589967773299 0.261517528502857
v -0.17096858872802767 0.11098956071899266 0.3746837892390958
v -0.02348744638699768 0.08651589967773299 0.261517528502857
vt 0 1
vt 1 1
vt 1 0.5
vt 0 0.5
vt 0 1
vt 0.125 1
vt 0.125 0.875
vt 0 0.875
vt 0 1
vt 0.1875 1
vt 0.1875 0.8125
vt 0 0.8125
vt 0 1
vt 1 1
vt 1 0.5
vt 0 0.5
vt 0 1
vt 1 1
vt 1 0.5
vt 0 0.5
vt 0 1
vt 0.125 1
vt 0.125 0.875
vt 0 0.875
vn -0.7865660924854934 0.1305261922200516 0.6035533905932735
vn -0.6087614290087203 0 -0.7933533402912354
vn 0.7865660924854934 -0.1305261922200516 -0.6035533905932735
vn 0.6087614290087203 0 0.7933533402912354
vn 0.10355339059327379 0.9914448613738105 -0.07945931129894553
vn -0.10355339059327379 -0.9914448613738105 0.07945931129894553
g Frond
f 60/172/43 63/171/43 61/170/43 58/169/43
f 59/176/44 60/175/44 58/174/44 57/173/44
f 64/180/45 59/179/45 57/178/45 62/177/45
f 63/184/46 64/183/46 62/182/46 61/181/46
f 62/188/47 57/187/47 58/186/47 61/185/47
f 63/192/48 60/191/48 59/190/48 64/189/48
o cube
v -0.1874251869335678 0.0012672245169914526 -0.0018851446731159294
v -0.20038993061502122 0.11540999245612656 0.14630255369779124
v -0.1874251869335678 0.0012672245169914526 -0.0018851446731159294
v -0.20038993061502122 0.11540999245612656 0.14630255369779124
v 0.17318308116938338 0.11540999245612656 0.17898595722816305
v 0.1861478248508368 0.001267224516991453 0.030798258857255893
v 0.17318308116938338 0.11540999245612656 0.17898595722816305
v 0.1861478248508368 0.001267224516991453 0.030798258857255893
vt 0 0.5
vt 1 0.5
vt 1 0
vt 0 0
vt 0 1
vt 0.125 1
vt 0.125 0.875
vt 0 0.875
vt 0 1
vt 0.1875 1
vt 0.1875 0.8125
vt 0 0.8125
vt 0 0.5
vt 1 0.5
vt 1 0
vt 0 0
vt 0 0.5
vt 1 0.5
vt 1 0
vt 0 0
vt 0 1
vt 0.125 1
vt 0.125 0.875
vt 0 0.875
vn -0.06914529963441822 0.6087614290087207 0.7903343913115048
vn -0.9961946980917455 0 -0.08715574274765818
vn 0.06914529963441822 -0.6087614290087207 -0.7903343913115048
vn 0.9961946980917455 0 0.08715574274765818
vn 0.05305705450138083 0.7933533402912353 -0.606444907981242
vn -0.05305705450138083 -0.7933533402912353 0.606444907981242
g Frond
f 68/196/49 71/195/49 69/194/49 66/193/49
f 67/200/50 68/199/50 66/198/50 65/197/50
f 72/204/51 67/203/51 65/202/51 70/201/51
f 71/208/52 72/207/52 70/206/52 69/205/52
f 70/212/53 65/211/53 66/210/53 69/209/53
f 71/216/54 68/215/54 67/214/54 72/213/54
o cube
v -0.20039156862985272 0.11535038514670479 0.14632127629298824
v -0.21597692660738274 0.171732722553756 0.32446273313341517
v -0.20039156862985272 0.11535038514670479 0.14632127629298824
v -0.21597692660738274 0.171732722553756 0.32446273313341517
v 0.15759608517702184 0.171732722553756 0.357146136663787
v 0.17318144315455186 0.11535038514670479 0.17900467982336007
v 0.15759608517702184 0.171732722553756 0.357146136663787
v 0.17318144315455186 0.11535038514670479 0.17900467982336007
vt 0 1
vt 1 1
vt 1 0.5
vt 0 0.5
vt 0 1
vt 0.125 1
vt 0.125 0.875
vt 0 0.875
vt 0 1
vt 0.1875 1
vt 0.1875 0.8125
vt 0 0.8125
vt 0 1
vt 1 1
vt 1 0.5
vt 0 0.5
vt 0 1
vt 1 1
vt 1 0.5
vt 0 0.5
vt 0 1
vt 0.125 1
vt 0.125 0.875
vt 0 0.875
vn -0.08312190921349347 0.30070579950427323 0.9500877698156102
vn -0.9961946980917455 0 -0.08715574274765817
vn 0.08312190921349347 -0.30070579950427323 -0.9500877698156102
vn 0.9961946980917455 0 0.08715574274765817
vn 0.026208237304323305 0.9537169507482269 -0.2995615231515963
vn -0.026208237304323305 -0.9537169507482269 0.2995615231515963
g Frond
f 76/220/55 79/219/55 77/218/55 74/217/55
f 75/224/56 76/223/56 74/222/56 73/221/56
f 80/228/57 75/227/57 73/226/57 78/225/57
f 79/232/58 80/231/58 78/230/58 77/229/58
f 78/236/59 73/235/59 74/234/59 77/233/59
f 79/240/60 76/239/60 75/238/60 80/237/60
o cube
v 0.08057518586318084 -0.0012181669065520085 -0.1622829288005042
v -0.07804180171795251 0.0551641705004992 -0.24485370619301774
v 0.08057518586318084 -0.0012181669065520085 -0.1622829288005042
v -0.07804180171795251 0.0551641705004992 -0.24485370619301774
v -0.2511975316810902 0.0551641705004992 0.08777535624881547
v -0.09258054409995688 -0.0012181669065520033 0.170346133641329
v -0.2511975316810902 0.0551641705004992 0.08777535624881547
v -0.09258054409995688 -0.0012181669065520033 0.170346133641329
vt 0 0.5
vt 1 0.5
vt 1 0
vt 0 0
vt 0 1
vt 0.125 1
vt 0.125 0.875
vt 0 0.875
vt 0 1
vt 0.1875 1
vt 0.1875 0.8125
vt 0 0.8125
vt 0 0.5
vt 1 0.5
vt 1 0
vt 0 0
vt 0 0.5
vt 1 0.5
vt 1 0
vt 0 0
vt 0 1
vt 0.125 1
vt 0.125 0.875
vt 0 0.875
vn -0.8459572670993779 0.3007057995042732 -0.440377479426739
vn 0.46174861323503386 0 -0.8870108331782218
vn 0.8459572670993779 -0.3007057995042732 0.440377479426739
vn -0.46174861323503386 0 0.8870108331782218
vn 0.2667293017598086 0.9537169507482269 0.13885048591283022
vn -0.2667293017598086 -0.9537169507482269 -0.13885048591283022
g Frond
f 84/244/61 87/243/61 85/242/61 82/241/61
f 83/248/62 84/247/62 82/246/62 81/245/62
f 88/252/63 83/251/63 81/250/63 86/249/63
f 87/256/64 88/255/64 86/254/64 85/253/64
f 86/260/65 81/259/65 82/258/65 85/257/65
f 87/264/66 84/263/66 83/262/66 88/261/66
o cube
v -0.07803938353863193 0.05510172998665032 -0.2448524473685411
v -0.244195620178109 0.04692309485564981 -0.33134790940673164
v -0.07803938353863193 0.05510172998665032 -0.2448524473685411
v -0.244195620178109 0.04692309485564981 -0.33134790940673164
v -0.4173513501412467 0.04692309485564982 0.001281153035101526
v -0.25119511350176965 0.05510172998665032 0.0877766150732921
v -0.4173513501412467 0.04692309485564982 0.001281153035101526
v -0.25119511350176965 0.05510172998665032 0.0877766150732921
vt 0 1
vt 1 1
vt 1 0.5
vt 0 0.5
vt 0 1
vt 0.125 1
vt 0.125 0.875
vt 0 0.875
vt 0 1
vt 0.1875 1
vt 0.1875 0.8125
vt 0 0.8125
vt 0 1
vt 1 1
vt 1 0.5
vt 0 0.5
vt 0 1
vt 1 1
vt 1 0.5
vt 0 0.5
vt 0 1
vt 0.125 1
vt 0.125 0.875
vt 0 0.875
vn -0.8861665954105443 -0.04361938736533601 -0.46130913087034964
vn 0.4617486132350339 0 -0.8870108331782218
vn 0.8861665954105443 0.04361938736533601 0.46130913087034964
vn -0.4617486132350339 0 0.8870108331782218
vn -0.038690869129650265 0.9990482215818577 -0.02014119162610566
vn 0.038690869129650265 -0.9990482215818577 0.02014119162610566
g Frond
f 92/268/67 95/267/67 93/266/67 90/265/67
f 91/272/68 92/271/68 90/270/68 89/269/68
f 96/276/69 91/275/69 89/274/69 94/273/69
f 95/280/70 96/279/70 94/278/70 93/277/70
f 94/284/71 89/283/71 90/282/71 93/281/71
f 95/288/72 92/287/72 91/286/72 96/285/72
