# Made in Blockbench 4.1.3

o cube
v 0 0.09511897328261282 0.09271145942050532
v 0.4834496917399715 0.3894244984800629 -0.133117112774821
v 0 0.09511897328261282 0.09271145942050532
v 0.4834496917399715 0.3894244984800629 -0.133117112774821
v 0.4834496917399714 0.19918655191483725 -0.38104003161583166
v 0 -0.09511897328261282 -0.15521145942050532
v 0.4834496917399714 0.19918655191483725 -0.38104003161583166
v 0 -0.09511897328261282 -0.15521145942050532
vt 0 1
vt 0.3125 1
vt 0.3125 1
vt 0 1
vt 0 1
vt 0.5625 1
vt 0.5625 1
vt 0 1
vt 0 1
vt 0.3125 1
vt 0.3125 1
vt 0 1
vt 0 1
vt 0.5625 1
vt 0.5625 1
vt 0 1
vt 0.28125 0.59375
vt 0.59375 0.59375
vt 0.59375 0
vt 0.28125 0
vt 0 1
vt 0.03125 1
vt 0.03125 0.59375
vt 0 0.59375
vn 0.7933533402912352 0.4829629131445335 -0.3705904774487407
vn 0 0.608761429008722 0.793353340291234
vn -0.7933533402912352 -0.4829629131445335 0.3705904774487407
vn 0 -0.608761429008722 -0.793353340291234
vn -0.6087614290087208 0.6294095225512597 -0.4829629131445352
vn 0.6087614290087208 -0.6294095225512597 0.4829629131445352
g Leaf
f 4/4/1 7/3/1 5/2/1 2/1/1
f 3/8/2 4/7/2 2/6/2 1/5/2
f 8/12/3 3/11/3 1/10/3 6/9/3
f 7/16/4 8/15/4 6/14/4 5/13/4
f 6/20/5 1/19/5 2/18/5 5/17/5
f 7/24/6 4/23/6 3/22/6 8/21/6
o cube
v -0.169195827222631 0.26414704006294043 -0.046479109508994004
v 0.03825784036840077 0.8333613492681006 0.019064285460460934
v -0.169195827222631 0.26414704006294043 -0.046479109508994004
v 0.03825784036840077 0.8333613492681006 0.019064285460460934
v 0.37088690281023406 0.7279508196546927 -0.11830939129636105
v 0.1634332352192023 0.15873651044953258 -0.18385278626581597
v 0.37088690281023406 0.7279508196546927 -0.11830939129636105
v 0.1634332352192023 0.15873651044953258 -0.18385278626581597
vt 0 1
vt 0.3125 1
vt 0.3125 1
vt 0 1
vt 0 1
vt 0.5625 1
vt 0.5625 1
vt 0 1
vt 0 1
vt 0.3125 1
vt 0.3125 1
vt 0 1
vt 0 1
vt 0.5625 1
vt 0.5625 1
vt 0 1
vt 0.28125 0.59375
vt 0.59375 0.59375
vt 0.59375 0
vt 0.28125 0
vt 0 1
vt 0.03125 1
vt 0.03125 0.59375
vt 0 0.59375
vn 0.3404367878416931 0.9340952766443655 0.10755839174474657
vn -0.8870108331782223 0.28109474563575426 0.36632980468485865
vn -0.3404367878416931 -0.9340952766443655 -0.10755839174474657
vn 0.8870108331782223 -0.28109474563575426 -0.36632980468485865
vn -0.3119528414816991 0.22011760067440544 -0.9242476218875746
vn 0.3119528414816991 -0.22011760067440544 0.9242476218875746
g Leaf
f 12/28/7 15/27/7 13/26/7 10/25/7
f 11/32/8 12/31/8 10/30/8 9/29/8
f 16/36/9 11/35/9 9/34/9 14/33/9
f 15/40/10 16/39/10 14/38/10 13/37/10
f 14/44/11 9/43/11 10/42/11 13/41/11
f 15/48/12 12/47/12 11/46/12 16/45/12
o cube
v 0.04343561123107329 0.04426498365784916 -0.2673098894322231
v -0.10666793635245417 0.44135611014500614 -0.7044888606705483
v 0.04343561123107329 0.04426498365784916 -0.2673098894322231
v -0.10666793635245417 0.44135611014500614 -0.7044888606705483
v -0.28591057271215614 0.5971899129752506 -0.5014022948758406
v -0.13580702512862866 0.20009878648809365 -0.06422332363751548
v -0.28591057271215614 0.5971899129752506 -0.5014022948758406
v -0.13580702512862866 0.20009878648809365 -0.06422332363751548
vt 0 1
vt 0.3125 1
vt 0.3125 1
vt 0 1
vt 0 1
vt 0.5625 1
vt 0.5625 1
vt 0 1
vt 0 1
vt 0.3125 1
vt 0.3125 1
vt 0 1
vt 0 1
vt 0.5625 1
vt 0.5625 1
vt 0 1
vt 0.28125 0.59375
vt 0.59375 0.59375
vt 0.59375 0
vt 0.28125 0
vt 0 1
vt 0.03125 1
vt 0.03125 0.59375
vt 0 0.59375
vn -0.24632377039348094 0.6516367203891809 -0.717421901519303
vn 0.5735764363510463 -0.4986681690567824 -0.6498770105430647
vn 0.24632377039348094 -0.6516367203891809 0.717421901519303
vn -0.5735764363510463 0.4986681690567824 0.6498770105430647
vn 0.7812391898784736 0.5715764531626447 0.25092964429902914
vn -0.7812391898784736 -0.5715764531626447 -0.25092964429902914
g Leaf
f 20/52/13 23/51/13 21/50/13 18/49/13
f 19/56/14 20/55/14 18/54/14 17/53/14
f 24/60/15 19/59/15 17/58/15 22/57/15
f 23/64/16 24/63/16 22/62/16 21/61/16
f 22/68/17 17/67/17 18/66/17 21/65/17
f 23/72/18 20/71/18 19/70/18 24/69/18
o cube
v -0.012236830520629873 -0.05658313036811953 -0.10499057117051488
v -0.4119859546545638 0.26856976659237286 -0.2881530590804358
v -0.012236830520629873 -0.05658313036811953 -0.10499057117051488
v -0.4119859546545638 0.26856976659237286 -0.2881530590804358
v -0.37935440659955083 0.41945811424069157 -0.0915115359590628
v 0.020394717534383124 0.09430521728019921 0.09165095195085812
v -0.37935440659955083 0.41945811424069157 -0.0915115359590628
v 0.020394717534383124 0.09430521728019921 0.09165095195085812
vt 0 1
vt 0.3125 1
vt 0.3125 1
vt 0 1
vt 0 1
vt 0.5625 1
vt 0.5625 1
vt 0 1
vt 0 1
vt 0.3125 1
vt 0.3125 1
vt 0 1
vt 0 1
vt 0.5625 1
vt 0.5625 1
vt 0 1
vt 0.28125 0.59375
vt 0.59375 0.59375
vt 0.59375 0
vt 0.28125 0
vt 0 1
vt 0.03125 1
vt 0.03125 0.59375
vt 0 0.59375
vn -0.7309698269877654 0.5945652972991862 -0.33492569217814117
vn -0.13052619222005196 -0.6035533905932751 -0.7865660924854921
vn 0.7309698269877654 -0.5945652972991862 0.33492569217814117
vn 0.13052619222005196 0.6035533905932751 0.7865660924854921
vn 0.6698104397350125 0.5312395052618846 -0.5187856617824912
vn -0.6698104397350125 -0.5312395052618846 0.5187856617824912
g Leaf
f 28/76/19 31/75/19 29/74/19 26/73/19
f 27/80/20 28/79/20 26/78/20 25/77/20
f 32/84/21 27/83/21 25/82/21 30/81/21
f 31/88/22 32/87/22 30/86/22 29/85/22
f 30/92/23 25/91/23 26/90/23 29/89/23
f 31/96/24 28/95/24 27/94/24 32/93/24
o cube
v 0.15565542157683535 0.00829016476584001 -0.02044604693212319
v 0.19391616811514636 -0.09553083710375486 -0.49201412841148356
v 0.15565542157683535 0.00829016476584001 -0.02044604693212319
v 0.19391616811514636 -0.09553083710375486 -0.49201412841148356
v -0.11739467503852433 -0.11211116663543487 -0.5136220345472371
v -0.15565542157683535 -0.00829016476584001 -0.042053953067876806
v -0.11739467503852433 -0.11211116663543487 -0.5136220345472371
v -0.15565542157683535 -0.00829016476584001 -0.042053953067876806
vt 0 1
vt 0.3125 1
vt 0.3125 1
vt 0 1
vt 0 1
vt 0.5625 1
vt 0.5625 1
vt 0 1
vt 0 1
vt 0.3125 1
vt 0.3125 1
vt 0 1
vt 0 1
vt 0.5625 1
vt 0.5625 1
vt 0 1
vt 0.28125 0.59375
vt 0.59375 0.59375
vt 0.59375 0
vt 0.28125 0
vt 0 1
vt 0.03125 1
vt 0.03125 0.59375
vt 0 0.59375
vn 0.0789899283371582 -0.2143401328920669 -0.9735599101509376
vn 0.9961946980917462 0.0530570545013761 0.06914529963441159
vn -0.0789899283371582 0.2143401328920669 0.9735599101509376
vn -0.9961946980917462 -0.0530570545013761 -0.06914529963441159
vn -0.03683360850073152 0.9753170030300146 -0.21771547690820173
vn 0.03683360850073152 -0.9753170030300146 0.21771547690820173
g Leaf
f 36/100/25 39/99/25 37/98/25 34/97/25
f 35/104/26 36/103/26 34/102/26 33/101/26
f 40/108/27 35/107/27 33/106/27 38/105/27
f 39/112/28 40/111/28 38/110/28 37/109/28
f 38/116/29 33/115/29 34/114/29 37/113/29
f 39/120/30 36/119/30 35/118/30 40/117/30
o cube
v 0.0011857902724388756 0.22966287463672344 -0.09745018251505376
v 0.0011857902724388756 0.22966287463672344 -0.09745018251505376
v 0.0010643857490024256 0.021556164320147418 0.010360869827247349
v 0.0010643857490024256 0.021556164320147418 0.010360869827247349
v -0.00023339072623102517 0.2009213222098602 -0.1529313422847169
v -0.00023339072623102517 0.2009213222098602 -0.1529313422847169
v -0.0003547952496674752 -0.007185388106715806 -0.04512028994241578
v -0.0003547952496674752 -0.007185388106715806 -0.04512028994241578
vt 0 1
vt 0.0625 1
vt 0.0625 0.75
vt 0 0.75
vt 0 1
vt 0 1
vt 0 0.75
vt 0 0.75
vt 0.46875 0.25
vt 0.53125 0.25
vt 0.53125 0
vt 0.46875 0
vt 0 1
vt 0 1
vt 0 0.75
vt 0 0.75
vt 0 1
vt 0.0625 1
vt 0.0625 1
vt 0 1
vt 0 1
vt 0.0625 1
vt 0.0625 1
vt 0 1
vn 0.9997420310053207 -0.01090485320993023 -0.01992374507532145
vn 0.02270689597871841 0.45986483882981166 0.88769855631461
vn -0.9997420310053207 0.01090485320993023 0.01992374507532145
vn -0.02270689597871841 -0.45986483882981166 -0.88769855631461
vn 0.0005179926333288514 0.8879219640173912 -0.4599938233271515
vn -0.0005179926333288514 -0.8879219640173912 0.4599938233271515
g Stem
f 44/124/31 47/123/31 45/122/31 42/121/31
f 43/128/32 44/127/32 42/126/32 41/125/32
f 48/132/33 43/131/33 41/130/33 46/129/33
f 47/136/34 48/135/34 46/134/34 45/133/34
f 46/140/35 41/139/35 42/138/35 45/137/35
f 47/144/36 44/143/36 43/142/36 48/141/36
o cube
v -0.04558596438586584 0.1466582109849751 -0.1722121234647701
v -0.04558596438586584 0.1466582109849751 -0.1722121234647701
v 0.0004919804531982245 0.039455802216836595 -0.005946576285815734
v 0.0004919804531982245 0.039455802216836595 -0.005946576285815734
v -0.046241938323463475 0.09405047469585964 -0.20595002175034913
v -0.046241938323463475 0.09405047469585964 -0.20595002175034913
v -0.0001639934843994082 -0.013151934072278866 -0.039684474571394755
v -0.0001639934843994082 -0.013151934072278866 -0.039684474571394755
vt 0 1
vt 0.0625 1
vt 0.0625 0.75
vt 0 0.75
vt 0 1
vt 0 1
vt 0 0.75
vt 0 0.75
vt 0.46875 0.25
vt 0.53125 0.25
vt 0.53125 0
vt 0.46875 0
vt 0 1
vt 0 1
vt 0 0.75
vt 0 0.75
vt 0 1
vt 0.0625 1
vt 0.0625 1
vt 0 1
vt 0 1
vt 0.0625 1
vt 0.0625 1
vt 0 1
vn 0.9738742565765468 0.1138614863178091 -0.19648026443125985
vn 0.0104955830015621 0.8417237806258475 0.5398063725692644
vn -0.9738742565765468 -0.1138614863178091 0.19648026443125985
vn -0.0104955830015621 -0.8417237806258475 -0.5398063725692644
vn -0.22684526690000767 0.5277657047046819 -0.8185380784194678
vn 0.22684526690000767 -0.5277657047046819 0.8185380784194678
g Stem
f 52/148/37 55/147/37 53/146/37 50/145/37
f 51/152/38 52/151/38 50/150/38 49/149/38
f 56/156/39 51/155/39 49/154/39 54/153/39
f 55/160/40 56/159/40 54/158/40 53/157/40
f 54/164/41 49/163/41 50/162/41 53/161/41
f 55/168/42 52/167/42 51/166/42 56/165/42
o cube
v 0.061342384142346454 0.3814760418200824 -0.3758940884086298
v 0.061342384142346454 0.3814760418200824 -0.3758940884086298
v -0.0004916119402386864 0.03450258224492563 0.0004768933419639562
v -0.0004916119402386864 0.03450258224492563 0.0004768933419639562
v 0.06199786672933137 0.3354725988268482 -0.4181966128645817
v 0.06199786672933137 0.3354725988268482 -0.4181966128645817
v 0.0001638706467462288 -0.011500860748308544 -0.04182563111398799
v 0.0001638706467462288 -0.011500860748308544 -0.04182563111398799
vt 0 1
vt 0.0625 1
vt 0.0625 0.75
vt 0 0.75
vt 0 1
vt 0 1
vt 0 0.75
vt 0 0.75
vt 0.46875 0.5
vt 0.53125 0.5
vt 0.53125 0
vt 0.46875 0
vt 0 1
vt 0 1
vt 0 0.75
vt 0 0.75
vt 0 1
vt 0.0625 1
vt 0.0625 1
vt 0 1
vt 0 1
vt 0.0625 1
vt 0.0625 1
vt 0 1
vn 0.9927281031762341 -0.07351170348090535 0.09532545628242237
vn -0.010487721391758634 0.7360550878917469 0.6768403912952312
vn -0.9927281031762341 0.07351170348090535 -0.09532545628242237
vn 0.010487721391758634 -0.7360550878917469 -0.6768403912952312
vn 0.11992047725107421 0.6729182246306072 -0.7299316009708489
vn -0.11992047725107421 -0.6729182246306072 0.7299316009708489
g Stem
f 60/172/43 63/171/43 61/170/43 58/169/43
f 59/176/44 60/175/44 58/174/44 57/173/44
f 64/180/45 59/179/45 57/178/45 62/177/45
f 63/184/46 64/183/46 62/182/46 61/181/46
f 62/188/47 57/187/47 58/186/47 61/185/47
f 63/192/48 60/191/48 59/190/48 64/189/48
o cube
v 0.09990491728902337 0.5194320911309056 -0.6711009228838182
v 0.09990491728902337 0.5194320911309056 -0.6711009228838182
v 0.06134238414234645 0.38147604182008243 -0.3758940884086299
v 0.06134238414234645 0.38147604182008243 -0.3758940884086299
v 0.09827626320635628 0.46291092695931946 -0.6977271409135651
v 0.09827626320635628 0.46291092695931946 -0.6977271409135651
v 0.05971373005967937 0.3249548776484963 -0.4025203064383769
v 0.05971373005967937 0.3249548776484963 -0.4025203064383769
vt 0 1
vt 0.0625 1
vt 0.0625 0.75
vt 0 0.75
vt 0 1
vt 0 1
vt 0 0.75
vt 0 0.75
vt 0.46875 1
vt 0.53125 1
vt 0.53125 0.59375
vt 0.46875 0.59375
vt 0 1
vt 0 1
vt 0 0.75
vt 0 0.75
vt 0 1
vt 0.0625 1
vt 0.0625 1
vt 0 1
vt 0 1
vt 0.0625 1
vt 0.0625 1
vt 0 1
vn 0.9927281031762341 -0.07351170348090531 0.09532545628242234
vn 0.02605846532267326 0.9043386267453778 0.4260194884759514
vn -0.9927281031762341 0.07351170348090531 -0.09532545628242234
vn -0.02605846532267326 -0.9043386267453778 -0.4260194884759514
vn 0.11752391054225347 0.4204374836139373 -0.899677971733907
vn -0.11752391054225347 -0.4204374836139373 0.899677971733907
g Stem
f 68/196/49 71/195/49 69/194/49 66/193/49
f 67/200/50 68/199/50 66/198/50 65/197/50
f 72/204/51 67/203/51 65/202/51 70/201/51
f 71/208/52 72/207/52 70/206/52 69/205/52
f 70/212/53 65/211/53 66/210/53 69/209/53
f 71/216/54 68/215/54 67/214/54 72/213/54
o cube
v 0.10072910044334771 0.47978244615861876 -0.8547835090305973
v 0.10072910044334771 0.47978244615861876 -0.8547835090305973
v 0.09435433233370878 0.5198245615845484 -0.671720019159556
v 0.09435433233370878 0.5198245615845484 -0.671720019159556
v 0.09496550080391013 0.41894455905758843 -0.8416769300612947
v 0.09496550080391013 0.41894455905758843 -0.8416769300612947
v 0.0885907326942712 0.45898667448351804 -0.6586134401902535
v 0.0885907326942712 0.45898667448351804 -0.6586134401902535
vt 0 1
vt 0.0625 1
vt 0.0625 0.75
vt 0 0.75
vt 0 1
vt 0 1
vt 0 0.75
vt 0 0.75
vt 0.46875 0.75
vt 0.53125 0.75
vt 0.53125 0.46875
vt 0.46875 0.46875
vt 0 1
vt 0 1
vt 0 0.75
vt 0 0.75
vt 0 1
vt 0.0625 1
vt 0.0625 1
vt 0 1
vt 0 1
vt 0.0625 1
vt 0.0625 1
vt 0 1
vn 0.9951582785726205 -0.0829058784063953 0.052788407004216886
vn 0.09221759423100126 0.9734061936164853 -0.20970526350884044
vn -0.9951582785726205 0.0829058784063953 -0.052788407004216886
vn -0.09221759423100126 -0.9734061936164853 0.20970526350884044
vn 0.03399876325140752 -0.2135579489382913 -0.9763386126455539
vn -0.03399876325140752 0.2135579489382913 0.9763386126455539
g Stem
f 76/220/55 79/219/55 77/218/55 74/217/55
f 75/224/56 76/223/56 74/222/56 73/221/56
f 80/228/57 75/227/57 73/226/57 78/225/57
f 79/232/58 80/231/58 78/230/58 77/229/58
f 78/236/59 73/235/59 74/234/59 77/233/59
f 79/240/60 76/239/60 75/238/60 80/237/60
o cube
v -0.007286982774401832 0.4196353917178142 -1.1069636296828094
v 0.24089504301965664 0.4012574658475879 -1.0831322656122038
v -0.02663063237569692 0.47387813989694955 -0.8636869405198786
v 0.2215513934183616 0.45550021402672325 -0.839855576449273
v 0.24089504301965664 0.4012574658475879 -1.0831322656122038
v -0.007286982774401832 0.4196353917178142 -1.1069636296828094
v 0.2215513934183616 0.45550021402672325 -0.839855576449273
v -0.02663063237569692 0.47387813989694955 -0.8636869405198786
vt 0.28125 1
vt 0.34375 1
vt 0.34375 0.75
vt 0.28125 0.75
vt 0.28125 0
vt 0.71875 0
vt 0.71875 0.4375
vt 0.28125 0.4375
vt 0.1875 1
vt 0.25 1
vt 0.25 0.71875
vt 0.1875 0.71875
vt 0 1
vt 0 1
vt 0 0.75
vt 0 0.75
vt 0.5625 0.9375
vt 1 0.9375
vt 1 0.5
vt 0.5625 0.5
vt 0.03125 0.59375
vt 0.15625 0.59375
vt 0.15625 0.8125
vt 0.03125 0.8125
vn 0.9927281031762341 -0.07351170348090524 0.09532545628242226
vn 0.09221759423100129 0.9734061936164852 -0.20970526350884083
vn -0.9927281031762341 0.07351170348090524 -0.09532545628242226
vn -0.09221759423100129 -0.9734061936164852 0.20970526350884083
vn 0.0773745984051803 -0.21697099271654138 -0.973106756651723
vn -0.0773745984051803 0.21697099271654138 0.973106756651723
g Crown
f 84/244/61 87/243/61 85/242/61 82/241/61
f 83/248/62 84/247/62 82/246/62 81/245/62
f 88/252/63 83/251/63 81/250/63 86/249/63
f 87/256/64 88/255/64 86/254/64 85/253/64
f 86/260/65 81/259/65 82/258/65 85/257/65
f 87/264/66 84/263/66 83/262/66 88/261/66
o cube
v 0.22999785350746457 0.452804285747441 -0.9443095199118954
v 0.22999785350746457 0.452804285747441 -0.9443095199118954
v 0.29474829640722255 0.2132900442650681 -0.9136450735381426
v 0.29474829640722255 0.2132900442650681 -0.9136450735381426
v 0.2292602782448419 0.44268739722569883 -1.0217731899409523
v 0.2292602782448419 0.44268739722569883 -1.0217731899409523
v 0.29401072114459986 0.20317315574332584 -0.9911087435671996
v 0.29401072114459986 0.20317315574332584 -0.9911087435671996
vt 0 1
vt 0.078125 1
vt 0.078125 0.75
vt 0 0.75
vt 0 1
vt 0 1
vt 0 0.75
vt 0 0.75
vt 0.3125 1
vt 0.625 1
vt 0.625 0
vt 0.3125 0
vt 0 1
vt 0 1
vt 0 0.75
vt 0 0.75
vt 0 1
vt 0.078125 1
vt 0.078125 1
vt 0 1
vt 0 1
vt 0.078125 1
vt 0.078125 1
vt 0 1
vn 0.9658307048957226 0.2556513078238638 -0.04258471895621202
vn 0.009440963361570097 0.12949617307830055 0.9915349763719282
vn -0.9658307048957226 -0.2556513078238638 0.04258471895621202
vn -0.009440963361570097 -0.12949617307830055 -0.9915349763719282
vn -0.2590017715990318 0.9580569659294915 -0.12265778549501091
vn 0.2590017715990318 -0.9580569659294915 0.12265778549501091
g Flower
f 92/268/67 95/267/67 93/266/67 90/265/67
f 91/272/68 92/271/68 90/270/68 89/269/68
f 96/276/69 91/275/69 89/274/69 94/273/69
f 95/280/70 96/279/70 94/278/70 93/277/70
f 94/284/71 89/283/71 90/282/71 93/281/71
f 95/288/72 92/287/72 91/286/72 96/285/72
o cube
v -0.005478272383471053 0.4555380858628715 -1.0596361602784352
v -0.005478272383471053 0.4555380858628715 -1.0596361602784352
v -0.03416844409926459 0.20759333456883783 -1.0454843281476434
v -0.03416844409926459 0.20759333456883783 -1.0454843281476434
v -0.03779366857785635 0.46331279486984794 -0.9889340761955968
v -0.03779366857785635 0.46331279486984794 -0.9889340761955968
v -0.0664838402936499 0.21536804357581435 -0.974782244064805
v -0.0664838402936499 0.21536804357581435 -0.974782244064805
vt 0 1
vt 0.078125 1
vt 0.078125 0.75
vt 0 0.75
vt 0 1
vt 0 1
vt 0 0.75
vt 0 0.75
vt 0.3125 1
vt 0.625 1
vt 0.625 0
vt 0.3125 0
vt 0 1
vt 0 1
vt 0 0.75
vt 0 0.75
vt 0 1
vt 0.078125 1
vt 0.078125 1
vt 0 1
vt 0 1
vt 0.078125 1
vt 0.078125 1
vt 0 1
vn -0.9031801359678309 0.08044200298588854 -0.42165711917237797
vn 0.413637071288132 -0.09951627528929925 -0.9049866762603311
vn 0.9031801359678309 -0.08044200298588854 0.42165711917237797
vn -0.413637071288132 0.09951627528929925 0.9049866762603311
vn 0.11476068686317409 0.9917790051761343 -0.056607328523167244
vn -0.11476068686317409 -0.9917790051761343 0.056607328523167244
g Flower
f 100/292/73 103/291/73 101/290/73 98/289/73
f 99/296/74 100/295/74 98/294/74 97/293/74
f 104/300/75 99/299/75 97/298/75 102/297/75
f 103/304/76 104/303/76 102/302/76 101/301/76
f 102/308/77 97/307/77 98/306/77 101/305/77
f 103/312/78 100/311/78 99/310/78 104/309/78
o cube
v 0.04790727263075775 0.43347208668856935 -1.1059911188669174
v 0.04790727263075775 0.43347208668856935 -1.1059911188669174
v 0.014368245632900026 0.18621748102780694 -1.1214925267893578
v 0.014368245632900026 0.18621748102780694 -1.1214925267893578
v -0.009136327373635483 0.4378745257102975 -1.0527918533250065
v -0.009136327373635483 0.4378745257102975 -1.0527918533250065
v -0.042675354371493224 0.19061992004953515 -1.0682932612474467
v -0.042675354371493224 0.19061992004953515 -1.0682932612474467
vt 0 1
vt 0.078125 1
vt 0.078125 0.75
vt 0 0.75
vt 0 1
vt 0 1
vt 0 0.75
vt 0 0.75
vt 0.3125 1
vt 0.625 1
vt 0.625 0
vt 0.3125 0
vt 0 1
vt 0 1
vt 0 0.75
vt 0 0.75
vt 0 1
vt 0.078125 1
vt 0.078125 1
vt 0 1
vt 0 1
vt 0.078125 1
vt 0.078125 1
vt 0 1
vn -0.669978594297748 0.1366275950750195 -0.729699652903049
vn 0.7301580800562336 -0.056351219478120725 -0.6809505989364599
vn 0.669978594297748 -0.1366275950750195 0.729699652903049
vn -0.7301580800562336 0.056351219478120725 0.6809505989364599
vn 0.13415610799143085 0.9890184226430494 0.06200563168976157
vn -0.13415610799143085 -0.9890184226430494 -0.06200563168976157
g Flower
f 108/316/79 111/315/79 109/314/79 106/313/79
f 107/320/80 108/319/80 106/318/80 105/317/80
f 112/324/81 107/323/81 105/322/81 110/321/81
f 111/328/82 112/327/82 110/326/82 109/325/82
f 110/332/83 105/331/83 106/330/83 109/329/83
f 111/336/84 108/335/84 107/334/84 112/333/84
o cube
v -0.028331549573299253 0.4522102381699819 -0.9773242618773865
v -0.028331549573299253 0.4522102381699819 -0.9773242618773865
v -0.03908491936324926 0.20481190705045949 -0.942995982027738
v -0.03908491936324926 0.20481190705045949 -0.942995982027738
v -0.010718750103237917 0.46191972561369204 -0.9018323366574807
v -0.010718750103237917 0.46191972561369204 -0.9018323366574807
v -0.021472119893187896 0.21452139449416968 -0.8675040568078323
v -0.021472119893187896 0.21452139449416968 -0.8675040568078323
vt 0 1
vt 0.078125 1
vt 0.078125 0.75
vt 0 0.75
vt 0 1
vt 0 1
vt 0 0.75
vt 0 0.75
vt 0.3125 1
vt 0.625 1
vt 0.625 0
vt 0.3125 0
vt 0 1
vt 0 1
vt 0 0.75
vt 0 0.75
vt 0 1
vt 0.078125 1
vt 0.078125 1
vt 0 1
vt 0 1
vt 0.078125 1
vt 0.078125 1
vt 0 1
vn -0.9733061793059221 0.07252017649607183 0.21775193529768422
vn -0.22544383321678527 -0.12428143927949001 -0.9662966428147935
vn 0.9733061793059221 -0.07252017649607183 -0.21775193529768422
vn 0.22544383321678527 0.12428143927949001 0.9662966428147935
vn 0.04301347915979993 0.9895933244780895 -0.13731311939859364
vn -0.04301347915979993 -0.9895933244780895 0.13731311939859364
g Flower
f 116/340/85 119/339/85 117/338/85 114/337/85
f 115/344/86 116/343/86 114/342/86 113/341/86
f 120/348/87 115/347/87 113/346/87 118/345/87
f 119/352/88 120/351/88 118/350/88 117/349/88
f 118/356/89 113/355/89 114/354/89 117/353/89
f 119/360/90 116/359/90 115/358/90 120/357/90
o cube
v 0.0014781532921413765 0.4651262946256651 -0.9102070306233524
v 0.0014781532921413765 0.4651262946256651 -0.9102070306233524
v -0.01148716060560026 0.22141390869372207 -0.8560205601819897
v -0.01148716060560026 0.22141390869372207 -0.8560205601819897
v 0.05474938634355167 0.47481416033430157 -0.8538879697984971
v 0.05474938634355167 0.47481416033430157 -0.8538879697984971
v 0.04178407244581003 0.23110177440235852 -0.7997014993571343
v 0.04178407244581003 0.23110177440235852 -0.7997014993571343
vt 0 1
vt 0.078125 1
vt 0.078125 0.75
vt 0 0.75
vt 0 1
vt 0 1
vt 0 0.75
vt 0 0.75
vt 0.3125 1
vt 0.625 1
vt 0.625 0
vt 0.3125 0
vt 0 1
vt 0 1
vt 0 0.75
vt 0 0.75
vt 0 1
vt 0.078125 1
vt 0.078125 1
vt 0 1
vt 0 1
vt 0.078125 1
vt 0.078125 1
vt 0 1
vn -0.7296309215197512 0.18517884913333477 0.6582913581355085
vn -0.6818717830580519 -0.124004681070547 -0.7208839785581486
vn 0.7296309215197512 -0.18517884913333477 -0.6582913581355085
vn 0.6818717830580519 0.124004681070547 0.7208839785581486
vn 0.05186125559096649 0.9748495437277721 -0.21674588176545106
vn -0.05186125559096649 -0.9748495437277721 0.21674588176545106
g Flower
f 124/364/91 127/363/91 125/362/91 122/361/91
f 123/368/92 124/367/92 122/366/92 121/365/92
f 128/372/93 123/371/93 121/370/93 126/369/93
f 127/376/94 128/375/94 126/374/94 125/373/94
f 126/380/95 121/379/95 122/378/95 125/377/95
f 127/384/96 124/383/96 123/382/96 128/381/96
o cube
v 0.19217812892968728 0.486504855245183 -0.8424052659918689
v 0.19217812892968728 0.486504855245183 -0.8424052659918689
v 0.2103954351057008 0.24537739678391846 -0.7789570309360335
v 0.2103954351057008 0.24537739678391846 -0.7789570309360335
v 0.268214952182515 0.48753616406807304 -0.8603176510014108
v 0.268214952182515 0.48753616406807304 -0.8603176510014108
v 0.28643225835852854 0.2464087056068085 -0.7968694159455754
v 0.28643225835852854 0.2464087056068085 -0.7968694159455754
vt 0 1
vt 0.078125 1
vt 0.078125 0.75
vt 0 0.75
vt 0 1
vt 0 1
vt 0 0.75
vt 0 0.75
vt 0.3125 1
vt 0.625 1
vt 0.625 0
vt 0.3125 0
vt 0 1
vt 0 1
vt 0 0.75
vt 0 0.75
vt 0 1
vt 0.078125 1
vt 0.078125 1
vt 0 1
vt 0 1
vt 0.078125 1
vt 0.078125 1
vt 0 1
vn 0.21779113716329476 0.2637167429993412 0.9396917047813811
vn -0.9732713376361953 -0.013200752932992395 0.22927852812213595
vn -0.21779113716329476 -0.2637167429993412 -0.9396917047813811
vn 0.9732713376361953 0.013200752932992395 -0.22927852812213595
vn -0.07286922470405403 0.9645098338450582 -0.25379294022334153
vn 0.07286922470405403 -0.9645098338450582 0.25379294022334153
g Flower
f 132/388/97 135/387/97 133/386/97 130/385/97
f 131/392/98 132/391/98 130/390/98 129/389/98
f 136/396/99 131/395/99 129/394/99 134/393/99
f 135/400/100 136/399/100 134/398/100 133/397/100
f 134/404/101 129/403/101 130/402/101 133/401/101
f 135/408/102 132/407/102 131/406/102 136/405/102
o cube
v 0.1695204459575389 0.4116785937473811 -1.098064718050411
v 0.1695204459575389 0.4116785937473811 -1.098064718050411
v 0.18179085581106202 0.16223481710942977 -1.1093447596559398
v 0.18179085581106202 0.16223481710942977 -1.1093447596559398
v 0.09151607943831816 0.407941232695604 -1.100270746450894
v 0.09151607943831816 0.407941232695604 -1.100270746450894
v 0.10378648929184131 0.15849745605765275 -1.1115507880564226
v 0.10378648929184131 0.15849745605765275 -1.1115507880564226
vt 0 1
vt 0.078125 1
vt 0.078125 0.75
vt 0 0.75
vt 0 1
vt 0 1
vt 0 0.75
vt 0 0.75
vt 0.3125 1
vt 0.625 1
vt 0.625 0
vt 0.3125 0
vt 0 1
vt 0 1
vt 0 0.75
vt 0 0.75
vt 0 1
vt 0.078125 1
vt 0.078125 1
vt 0 1
vt 0 1
vt 0.078125 1
vt 0.078125 1
vt 0 1
vn 0.026015870332319793 0.04643642226545424 -0.9985824118108813
vn 0.9984558914460253 0.04783822146274619 0.028237163526181882
vn -0.026015870332319793 -0.04643642226545424 0.9985824118108813
vn -0.9984558914460253 -0.04783822146274619 -0.028237163526181882
vn -0.04908163941409262 0.9977751065518051 0.04512016642211456
vn 0.04908163941409262 -0.9977751065518051 -0.04512016642211456
g Flower
f 140/412/103 143/411/103 141/410/103 138/409/103
f 139/416/104 140/415/104 138/414/104 137/413/104
f 144/420/105 139/419/105 137/418/105 142/417/105
f 143/424/106 144/423/106 142/422/106 141/421/106
f 142/428/107 137/427/107 138/426/107 141/425/107
f 143/432/108 140/431/108 139/430/108 144/429/108
o cube
v 0.23163905920100214 0.43910846918032087 -1.0488163851809742
v 0.23163905920100214 0.43910846918032087 -1.0488163851809742
v 0.275385909853349 0.19299189160093855 -1.0452326303605135
v 0.275385909853349 0.19299189160093855 -1.0452326303605135
v 0.18090673544482277 0.4292377924801426 -1.1074023621104303
v 0.18090673544482277 0.4292377924801426 -1.1074023621104303
v 0.22465358609716962 0.18312121490076033 -1.1038186072899696
v 0.22465358609716962 0.18312121490076033 -1.1038186072899696
vt 0 1
vt 0.078125 1
vt 0.078125 0.75
vt 0 0.75
vt 0 1
vt 0 1
vt 0 0.75
vt 0 0.75
vt 0.3125 1
vt 0.625 1
vt 0.625 0
vt 0.3125 0
vt 0 1
vt 0 1
vt 0 0.75
vt 0 0.75
vt 0 1
vt 0.078125 1
vt 0.078125 1
vt 0 1
vt 0 1
vt 0.078125 1
vt 0.078125 1
vt 0 1
vn 0.7400629361268656 0.12191435638990722 -0.6613952980459701
vn 0.6493737440790959 0.1263446617622816 0.7499005046970376
vn -0.7400629361268656 -0.12191435638990722 0.6613952980459701
vn -0.6493737440790959 -0.1263446617622816 -0.7499005046970376
vn -0.17498740260938744 0.984466310317529 -0.014335019281842509
vn 0.17498740260938744 -0.984466310317529 0.014335019281842509
g Flower
f 148/436/109 151/435/109 149/434/109 146/433/109
f 147/440/110 148/439/110 146/438/110 145/437/110
f 152/444/111 147/443/111 145/442/111 150/441/111
f 151/448/112 152/447/112 150/446/112 149/445/112
f 150/452/113 145/451/113 146/450/113 149/449/113
f 151/456/114 148/455/114 147/454/114 152/453/114
o cube
v 0.22206940231691458 0.47839205514641714 -0.8895652990746948
v 0.22206940231691458 0.47839205514641714 -0.8895652990746948
v 0.2759604385570484 0.24267122164692917 -0.8260716390189751
v 0.2759604385570484 0.24267122164692917 -0.8260716390189751
v 0.2689959293195205 0.4723742188398692 -0.951736050515073
v 0.2689959293195205 0.4723742188398692 -0.951736050515073
v 0.3228869655596543 0.23665338534038122 -0.8882423904593533
v 0.3228869655596543 0.23665338534038122 -0.8882423904593533
vt 0 1
vt 0.078125 1
vt 0.078125 0.75
vt 0 0.75
vt 0 1
vt 0 1
vt 0 0.75
vt 0 0.75
vt 0.3125 1
vt 0.625 1
vt 0.625 0
vt 0.3125 0
vt 0 1
vt 0 1
vt 0 0.75
vt 0 0.75
vt 0 1
vt 0.078125 1
vt 0.078125 1
vt 0 1
vt 0 1
vt 0.078125 1
vt 0.078125 1
vt 0 1
vn 0.7698962330385595 0.32409513840889775 0.5497473343389249
vn -0.6006595456333559 0.07702830472381397 0.7957856184368411
vn -0.7698962330385595 -0.32409513840889775 -0.5497473343389249
vn 0.6006595456333559 -0.07702830472381397 -0.7957856184368411
vn -0.21556414496053516 0.9428833339979517 -0.25397464022287874
vn 0.21556414496053516 -0.9428833339979517 0.25397464022287874
g Flower
f 156/460/115 159/459/115 157/458/115 154/457/115
f 155/464/116 156/463/116 154/462/116 153/461/116
f 160/468/117 155/467/117 153/466/117 158/465/117
f 159/472/118 160/471/118 158/470/118 157/469/118
f 158/476/119 153/475/119 154/474/119 157/473/119
f 159/480/120 156/479/120 155/478/120 160/477/120
