# Made in Blockbench 4.1.3

o cube
v 0 0.08962131817985018 0.09674250692015535
v 0.4834496985321687 0.39349722209590077 -0.11603371492783562
v 0 0.08962131817985018 0.09674250692015535
v 0.4834496985321687 0.39349722209590077 -0.11603371492783562
v 0.48344968622365514 0.21425458573620038 -0.37201872876814635
v 0 -0.08962131817985018 -0.15924250692015535
v 0.48344968622365514 0.21425458573620038 -0.37201872876814635
v 0 -0.08962131817985018 -0.15924250692015535
vt 0 1
vt 0.3125 1
vt 0.3125 1
vt 0 1
vt 0 1
vt 0.5625 1
vt 0.5625 1
vt 0 1
vt 0 1
vt 0.3125 1
vt 0.3125 1
vt 0 1
vt 0 1
vt 0.5625 1
vt 0.5625 1
vt 0 1
vt 0.28125 0.59375
vt 0.59375 0.59375
vt 0.59375 0
vt 0.28125 0
vt 0 1
vt 0.03125 1
vt 0.03125 0.59375
vt 0 0.59375
vn 0.7933533413381121 0.49866815001608306 -0.3491712358531135
vn 0 0.5735764363510413 0.8191520442889944
vn -0.7933533413381121 -0.49866815001608306 0.3491712358531135
vn 0 -0.5735764363510413 -0.8191520442889944
vn -0.608761427644403 0.6498770251535112 -0.45504876265074173
vn 0.608761427644403 -0.6498770251535112 0.45504876265074173
g Leaf
f 4/4/1 7/3/1 5/2/1 2/1/1
f 3/8/2 4/7/2 2/6/2 1/5/2
f 8/12/3 3/11/3 1/10/3 6/9/3
f 7/16/4 8/15/4 6/14/4 5/13/4
f 6/20/5 1/19/5 2/18/5 5/17/5
f 7/24/6 4/23/6 3/22/6 8/21/6
o cube
v -0.16919582098861838 0.264559919098641 -0.03494267741725346
v 0.038257863006785076 0.8303734946956436 0.055367107721845374
v -0.16919582098861838 0.264559919098641 -0.03494267741725346
v 0.038257863006785076 0.8303734946956436 0.055367107721845374
v 0.3708869186284912 0.7310554401864344 -0.08647377286170711
v 0.1634332346330878 0.16524186458943177 -0.17678355800080595
v 0.3708869186284912 0.7310554401864344 -0.08647377286170711
v 0.1634332346330878 0.16524186458943177 -0.17678355800080595
vt 0 1
vt 0.3125 1
vt 0.3125 1
vt 0 1
vt 0 1
vt 0.5625 1
vt 0.5625 1
vt 0 1
vt 0 1
vt 0.3125 1
vt 0.3125 1
vt 0 1
vt 0 1
vt 0.5625 1
vt 0.5625 1
vt 0 1
vt 0.28125 0.59375
vt 0.59375 0.59375
vt 0.59375 0
vt 0.28125 0
vt 0 1
vt 0.03125 1
vt 0.03125 0.59375
vt 0 0.59375
vn 0.34043681476168774 0.9285145855950815 0.1482006730487777
vn -0.8870108149912167 0.2648481453578914 0.3782423482228068
vn -0.34043681476168774 -0.9285145855950815 -0.1482006730487777
vn 0.8870108149912167 -0.2648481453578914 -0.3782423482228068
vn -0.3119528638168499 0.2602232200201965 -0.913766538301106
vn 0.3119528638168499 -0.2602232200201965 0.913766538301106
g Leaf
f 12/28/7 15/27/7 13/26/7 10/25/7
f 11/32/8 12/31/8 10/30/8 9/29/8
f 16/36/9 11/35/9 9/34/9 14/33/9
f 15/40/10 16/39/10 14/38/10 13/37/10
f 14/44/11 9/43/11 10/42/11 13/41/11
f 15/48/12 12/47/12 11/46/12 16/45/12
o cube
v 0.04343560522355161 0.054519639917821744 -0.26515440261374906
v -0.10666794550028708 0.47030230613770585 -0.6845963999818957
v 0.04343560522355161 0.054519639917821744 -0.26515440261374906
v -0.10666794550028708 0.47030230613770585 -0.6845963999818957
v -0.2859105717774449 0.6171292824373757 -0.47490574698094934
v -0.1358070210536062 0.2013466162174916 -0.055463749612802704
v -0.2859105717774449 0.6171292824373757 -0.47490574698094934
v -0.1358070210536062 0.2013466162174916 -0.055463749612802704
vt 0 1
vt 0.3125 1
vt 0.3125 1
vt 0 1
vt 0 1
vt 0.5625 1
vt 0.5625 1
vt 0 1
vt 0 1
vt 0.3125 1
vt 0.3125 1
vt 0 1
vt 0 1
vt 0.5625 1
vt 0.5625 1
vt 0 1
vt 0.28125 0.59375
vt 0.59375 0.59375
vt 0.59375 0
vt 0.28125 0
vt 0 1
vt 0.03125 1
vt 0.03125 0.59375
vt 0 0.59375
vn -0.2463237755468123 0.6823100163608357 -0.6883150726041382
vn 0.573576404086905 -0.46984632415894356 -0.6710100896030284
vn 0.2463237755468123 -0.6823100163608357 0.6883150726041382
vn -0.573576404086905 0.46984632415894356 0.6710100896030284
vn 0.781239211941579 0.5600870229241214 0.2756226051631031
vn -0.781239211941579 -0.5600870229241214 -0.2756226051631031
g Leaf
f 20/52/13 23/51/13 21/50/13 18/49/13
f 19/56/14 20/55/14 18/54/14 17/53/14
f 24/60/15 19/59/15 17/58/15 22/57/15
f 23/64/16 24/63/16 22/62/16 21/61/16
f 22/68/17 17/67/17 18/66/17 21/65/17
f 23/72/18 20/71/18 19/70/18 24/69/18
o cube
v -0.012236834181593596 -0.05331275693368849 -0.10738850758546314
v -0.4119859556072962 0.27952011162191304 -0.27619368272363354
v -0.012236834181593596 -0.05331275693368849 -0.10738850758546314
v -0.4119859556072962 0.27952011162191304 -0.27619368272363354
v -0.37935439778971325 0.42168746344508234 -0.07315766249573183
v 0.020394723635989327 0.08885459488948082 0.09564751264243859
v -0.37935439778971325 0.42168746344508234 -0.07315766249573183
v 0.020394723635989327 0.08885459488948082 0.09564751264243859
vt 0 1
vt 0.3125 1
vt 0.3125 1
vt 0 1
vt 0 1
vt 0.5625 1
vt 0.5625 1
vt 0 1
vt 0 1
vt 0.3125 1
vt 0.3125 1
vt 0 1
vt 0 1
vt 0.5625 1
vt 0.5625 1
vt 0 1
vt 0.28125 0.59375
vt 0.59375 0.59375
vt 0.59375 0
vt 0.28125 0
vt 0 1
vt 0.03125 1
vt 0.03125 0.59375
vt 0 0.59375
vn -0.7309698220355708 0.608608673930243 -0.3086723202526546
vn -0.13052623127033167 -0.5686694072926772 -0.8121440809116071
vn 0.7309698220355708 -0.608608673930243 0.3086723202526546
vn 0.13052623127033167 0.5686694072926772 0.8121440809116071
vn 0.6698104375296418 0.5533629796311517 -0.4951195719723506
vn -0.6698104375296418 -0.5533629796311517 0.4951195719723506
g Leaf
f 28/76/19 31/75/19 29/74/19 26/73/19
f 27/80/20 28/79/20 26/78/20 25/77/20
f 32/84/21 27/83/21 25/82/21 30/81/21
f 31/88/22 32/87/22 30/86/22 29/85/22
f 30/92/23 25/91/23 26/90/23 29/89/23
f 31/96/24 28/95/24 27/94/24 32/93/24
o cube
v 0.15565542211321404 0.0078110088162150265 -0.020094722861794666
v 0.19391615177863314 -0.07534166856753884 -0.49574258571243646
v 0.15565542211321404 0.0078110088162150265 -0.020094722861794666
v 0.19391615177863314 -0.07534166856753884 -0.49574258571243646
v -0.11739469244779495 -0.09096368619996888 -0.5180531399888472
v -0.15565542211321404 -0.0078110088162150265 -0.042405277138205334
v -0.11739469244779495 -0.09096368619996888 -0.5180531399888472
v -0.15565542211321404 -0.0078110088162150265 -0.042405277138205334
vt 0 1
vt 0.3125 1
vt 0.3125 1
vt 0 1
vt 0 1
vt 0.5625 1
vt 0.5625 1
vt 0 1
vt 0 1
vt 0.3125 1
vt 0.3125 1
vt 0 1
vt 0 1
vt 0.5625 1
vt 0.5625 1
vt 0 1
vt 0.28125 0.59375
vt 0.59375 0.59375
vt 0.59375 0
vt 0.28125 0
vt 0 1
vt 0.03125 1
vt 0.03125 0.59375
vt 0 0.59375
vn 0.07898989350280071 -0.17167004363097588 -0.9819826845948736
vn 0.99619470152457 0.04999045642377621 0.07139377368451416
vn -0.07898989350280071 0.17167004363097588 0.9819826845948736
vn -0.99619470152457 -0.04999045642377621 -0.07139377368451416
vn -0.03683359035974222 0.983885333962389 -0.1749655287047403
vn 0.03683359035974222 -0.983885333962389 0.1749655287047403
g Leaf
f 36/100/25 39/99/25 37/98/25 34/97/25
f 35/104/26 36/103/26 34/102/26 33/101/26
f 40/108/27 35/107/27 33/106/27 38/105/27
f 39/112/28 40/111/28 38/110/28 37/109/28
f 38/116/29 33/115/29 34/114/29 37/113/29
f 39/120/30 36/119/30 35/118/30 40/117/30
o cube
v 0.0011857940931785205 0.2323318978455168 -0.08736942075493029
v 0.0011857940931785205 0.2323318978455168 -0.08736942075493029
v 0.0010643875519684045 0.019720606953020425 0.011261532147685487
v 0.0010643875519684045 0.019720606953020425 0.011261532147685487
v -0.00023338930944601907 0.2060377552414896 -0.14405146361851093
v -0.00023338930944601907 0.2060377552414896 -0.14405146361851093
v -0.00035479585065613487 -0.0065735356510068085 -0.04542051071589516
v -0.00035479585065613487 -0.0065735356510068085 -0.04542051071589516
vt 0 1
vt 0.0625 1
vt 0.0625 0.75
vt 0 0.75
vt 0 1
vt 0 1
vt 0 0.75
vt 0 0.75
vt 0.46875 0.25
vt 0.53125 0.25
vt 0.53125 0
vt 0.46875 0
vt 0 1
vt 0 1
vt 0 0.75
vt 0 0.75
vt 0 1
vt 0.0625 1
vt 0.0625 1
vt 0 1
vt 0 1
vt 0.0625 1
vt 0.0625 1
vt 0 1
vn 0.9997420301272523 -0.010025436645869284 -0.020380476370778004
vn 0.022706934441992642 0.42070628166443574 0.9069126858172907
vn -0.9997420301272523 0.010025436645869284 0.020380476370778004
vn -0.022706934441992642 -0.42070628166443574 -0.9069126858172907
vn 0.000518001242496494 0.9071415078079847 -0.4208253990511607
vn -0.000518001242496494 -0.9071415078079847 0.4208253990511607
g Stem
f 44/124/31 47/123/31 45/122/31 42/121/31
f 43/128/32 44/127/32 42/126/32 41/125/32
f 48/132/33 43/131/33 41/130/33 46/129/33
f 47/136/34 48/135/34 46/134/34 45/133/34
f 46/140/35 41/139/35 42/138/35 45/137/35
f 47/144/36 44/143/36 43/142/36 48/141/36
o cube
v -0.04558596492650433 0.15266730742624315 -0.1656808160167916
v -0.04558596492650433 0.15266730742624315 -0.1656808160167916
v 0.0004919822172691887 0.03831452918335001 -0.004249621633093531
v 0.0004919822172691887 0.03831452918335001 -0.004249621633093531
v -0.04624194121619658 0.1015812685151098 -0.20168132050600024
v -0.04624194121619658 0.1015812685151098 -0.20168132050600024
v -0.0001639940724230629 -0.012771509727783336 -0.04025012612230216
v -0.0001639940724230629 -0.012771509727783336 -0.04025012612230216
vt 0 1
vt 0.0625 1
vt 0.0625 0.75
vt 0 0.75
vt 0 1
vt 0 1
vt 0 0.75
vt 0 0.75
vt 0.46875 0.25
vt 0.53125 0.25
vt 0.53125 0
vt 0.46875 0
vt 0 1
vt 0 1
vt 0 0.75
vt 0 0.75
vt 0 1
vt 0.0625 1
vt 0.0625 1
vt 0 1
vt 0 1
vt 0.0625 1
vt 0.0625 1
vt 0 1
vn 0.9738742535280708 0.12232344080309407 -0.19132672093890826
vn 0.010495620635075992 0.8173766225781335 0.5760080718273382
vn -0.9738742535280708 -0.12232344080309407 0.19132672093890826
vn -0.010495620635075992 -0.8173766225781335 -0.5760080718273382
vn -0.2268452782462697 0.5629675236573202 -0.7947381877351289
vn 0.2268452782462697 -0.5629675236573202 0.7947381877351289
g Stem
f 52/148/37 55/147/37 53/146/37 50/145/37
f 51/152/38 52/151/38 50/150/38 49/149/38
f 56/156/39 51/155/39 49/154/39 54/153/39
f 55/160/40 56/159/40 54/158/40 53/157/40
f 54/164/41 49/163/41 50/162/41 53/161/41
f 55/168/42 52/167/42 51/166/42 56/165/42
o cube
v 0.05344226335763841 0.7872189795814628 -0.7928712453864013
v 0.05344226335763841 0.7872189795814628 -0.7928712453864013
v -0.07584699579686731 0.028092923091120325 -0.03830817085273446
v -0.07584699579686731 0.028092923091120325 -0.03830817085273446
v 0.20855602963767794 0.7750940110725308 -0.7784918452223237
v 0.20855602963767794 0.7750940110725308 -0.7784918452223237
v 0.07926677048317222 0.015967954582188255 -0.023928770688656904
v 0.07926677048317222 0.015967954582188255 -0.023928770688656904
vt 0 1
vt 0.0625 1
vt 0.0625 0.75
vt 0 0.75
vt 0 1
vt 0 1
vt 0 0.75
vt 0 0.75
vt 0.375 1
vt 0.53125 1
vt 0.53125 0
vt 0.375 0
vt 0 1
vt 0 1
vt 0 0.75
vt 0 0.75
vt 0 1
vt 0.0625 1
vt 0.0625 1
vt 0 1
vt 0 1
vt 0.0625 1
vt 0.0625 1
vt 0 1
vn -0.010487682297494545 0.7058311635838177 0.7083024615472836
vn -0.9927281041922532 0.07759979845716536 -0.09202816105009623
vn 0.010487682297494545 -0.7058311635838177 -0.7083024615472836
vn 0.9927281041922532 -0.07759979845716536 0.09202816105009623
vn 0.1199204722592517 0.7041169219620568 -0.6998845908718072
vn -0.1199204722592517 -0.7041169219620568 0.6998845908718072
g Flower
f 60/172/43 63/171/43 61/170/43 58/169/43
f 59/176/44 60/175/44 58/174/44 57/173/44
f 64/180/45 59/179/45 57/178/45 62/177/45
f 63/184/46 64/183/46 62/182/46 61/181/46
f 62/188/47 57/187/47 58/186/47 61/185/47
f 63/192/48 60/191/48 59/190/48 64/189/48
o cube
v 0.13017979631816057 0.8362995549819824 -0.7303454154959822
v 0.13017979631816057 0.8362995549819824 -0.7303454154959822
v 0.0008905371636607371 0.07717349849164008 0.024217659037685767
v 0.0008905371636607371 0.07717349849164008 0.024217659037685767
v 0.13181849667714388 0.7260134356720108 -0.8410176751127452
v 0.13181849667714388 0.7260134356720108 -0.8410176751127452
v 0.0025292375226440454 -0.033112620818331495 -0.08645460057907717
v 0.0025292375226440454 -0.033112620818331495 -0.08645460057907717
vt 0 1
vt 0.0625 1
vt 0.0625 0.75
vt 0 0.75
vt 0 1
vt 0 1
vt 0 0.75
vt 0 0.75
vt 0.375 1
vt 0.53125 1
vt 0.53125 0
vt 0.375 0
vt 0 1
vt 0 1
vt 0 0.75
vt 0 0.75
vt 0 1
vt 0.0625 1
vt 0.0625 1
vt 0 1
vt 0 1
vt 0.0625 1
vt 0.0625 1
vt 0 1
vn 0.9927281041922537 -0.07759979845716224 0.09202816105009161
vn -0.010487682297493178 0.7058311635838183 0.7083024615472829
vn -0.9927281041922537 0.07759979845716224 -0.09202816105009161
vn 0.010487682297493178 -0.7058311635838183 -0.7083024615472829
vn 0.11992047225924624 0.7041169219620569 -0.6998845908718082
vn -0.11992047225924624 -0.7041169219620569 0.6998845908718082
g Flower
f 68/196/49 71/195/49 69/194/49 66/193/49
f 67/200/50 68/199/50 66/198/50 65/197/50
f 72/204/51 67/203/51 65/202/51 70/201/51
f 71/208/52 72/207/52 70/206/52 69/205/52
f 70/212/53 65/211/53 66/210/53 69/209/53
f 71/216/54 68/215/54 67/214/54 72/213/54
o cube
v 0.24062242390127805 1.0098764653043348 -0.681747799496112
v 0.24062242390127805 1.0098764653043348 -0.681747799496112
v -0.05604097272594828 0.055578677310975946 -0.011810245273646545
v -0.05604097272594828 0.055578677310975946 -0.011810245273646545
v 0.3920362199145017 0.9772302257961397 -0.6612015608418119
v 0.3920362199145017 0.9772302257961397 -0.6612015608418119
v 0.09537282328727535 0.02293243780278073 0.008735993380653439
v 0.09537282328727535 0.02293243780278073 0.008735993380653439
vt 0 1
vt 0.0625 1
vt 0.0625 0.75
vt 0 0.75
vt 0 1
vt 0 1
vt 0 0.75
vt 0 0.75
vt 0.375 1
vt 0.53125 1
vt 0.53125 0
vt 0.375 0
vt 0 1
vt 0 1
vt 0 0.75
vt 0 0.75
vt 0 1
vt 0.0625 1
vt 0.0625 1
vt 0 1
vt 0 1
vt 0.0625 1
vt 0.0625 1
vt 0 1
vn 0.012041770562754189 0.5720202579049677 0.8201510960231952
vn -0.9690482944846315 0.2089359328524495 -0.13149592738751975
vn -0.012041770562754189 -0.5720202579049677 -0.8201510960231952
vn 0.9690482944846315 -0.2089359328524495 0.13149592738751975
vn 0.24657736862522717 0.7931825770334412 -0.5568312138991923
vn -0.24657736862522717 -0.7931825770334412 0.5568312138991923
g Flower
f 76/220/55 79/219/55 77/218/55 74/217/55
f 75/224/56 76/223/56 74/222/56 73/221/56
f 80/228/57 75/227/57 73/226/57 78/225/57
f 79/232/58 80/231/58 78/230/58 77/229/58
f 78/236/59 73/235/59 74/234/59 77/233/59
f 79/240/60 76/239/60 75/238/60 80/237/60
o cube
v 0.31727008523309863 1.0382424281990636 -0.6074003757921516
v 0.31727008523309863 1.0382424281990636 -0.6074003757921516
v 0.02060668860587877 0.083944640205704 0.06253717843031549
v 0.02060668860587877 0.083944640205704 0.06253717843031549
v 0.31538855858266807 0.9488642629014125 -0.7355489845457757
v 0.31538855858266807 0.9488642629014125 -0.7355489845457757
v 0.018725161955448204 -0.005433525091947281 -0.06561143032330866
v 0.018725161955448204 -0.005433525091947281 -0.06561143032330866
vt 0 1
vt 0.0625 1
vt 0.0625 0.75
vt 0 0.75
vt 0 1
vt 0 1
vt 0 0.75
vt 0 0.75
vt 0.375 1
vt 0.53125 1
vt 0.53125 0
vt 0.375 0
vt 0 1
vt 0 1
vt 0 0.75
vt 0 0.75
vt 0 1
vt 0.0625 1
vt 0.0625 1
vt 0 1
vt 0 1
vt 0.0625 1
vt 0.0625 1
vt 0 1
vn 0.9690482944846328 -0.2089359328524457 0.1314959273875158
vn 0.012041770562755632 0.572020257904968 0.8201510960231949
vn -0.9690482944846328 0.2089359328524457 -0.1314959273875158
vn -0.012041770562755632 -0.572020257904968 -0.8201510960231949
vn 0.2465773686252218 0.793182577033442 -0.5568312138991938
vn -0.2465773686252218 -0.793182577033442 0.5568312138991938
g Flower
f 84/244/61 87/243/61 85/242/61 82/241/61
f 83/248/62 84/247/62 82/246/62 81/245/62
f 88/252/63 83/251/63 81/250/63 86/249/63
f 87/256/64 88/255/64 86/254/64 85/253/64
f 86/260/65 81/259/65 82/258/65 85/257/65
f 87/264/66 84/263/66 83/262/66 88/261/66
o cube
v -0.02380900720858262 0.9914436980948955 -0.6040476186225364
v -0.02380900720858262 0.9914436980948955 -0.6040476186225364
v -0.06229187570733048 0.04067649747889597 -0.003892806040880086
v -0.06229187570733048 0.04067649747889597 -0.003892806040880086
v 0.13229898507265808 0.9890477593578513 -0.597833383071125
v 0.13229898507265808 0.9890477593578513 -0.597833383071125
v 0.09381611657391022 0.03828055874185175 0.0023214295105313046
v 0.09381611657391022 0.03828055874185175 0.0023214295105313046
vt 0 1
vt 0.0625 1
vt 0.0625 0.75
vt 0 0.75
vt 0 1
vt 0 1
vt 0 0.75
vt 0 0.75
vt 0.375 1
vt 0.53125 1
vt 0.53125 0
vt 0.375 0
vt 0 1
vt 0 1
vt 0 0.75
vt 0 0.75
vt 0 1
vt 0.0625 1
vt 0.0625 1
vt 0 1
vt 0 1
vt 0.0625 1
vt 0.0625 1
vt 0 1
vn -0.025431365265043523 0.5343465498145673 0.8448828382456492
vn -0.9990911505999405 0.015334007917083073 -0.039771107529032755
vn 0.025431365265043523 -0.5343465498145673 -0.8448828382456492
vn 0.9990911505999405 -0.015334007917083073 0.039771107529032755
vn 0.034206994221109226 0.8451264005475554 -0.5334709445170281
vn -0.034206994221109226 -0.8451264005475554 0.5334709445170281
g Flower
f 92/268/67 95/267/67 93/266/67 90/265/67
f 91/272/68 92/271/68 90/270/68 89/269/68
f 96/276/69 91/275/69 89/274/69 94/273/69
f 95/280/70 96/279/70 94/278/70 93/277/70
f 94/284/71 89/283/71 90/282/71 93/281/71
f 95/288/72 92/287/72 91/286/72 96/285/72
o cube
v 0.05225816352070009 1.0319915529306363 -0.5349340291088907
v 0.05225816352070009 1.0319915529306363 -0.5349340291088907
v 0.013775295021958378 0.081224352314637 0.06522078347276689
v 0.013775295021958378 0.081224352314637 0.06522078347276689
v 0.05623181434336294 0.94849990452211 -0.6669469725847733
v 0.05623181434336294 0.94849990452211 -0.6669469725847733
v 0.017748945844621226 -0.002267296093889256 -0.06679216000311572
v 0.017748945844621226 -0.002267296093889256 -0.06679216000311572
vt 0 1
vt 0.0625 1
vt 0.0625 0.75
vt 0 0.75
vt 0 1
vt 0 1
vt 0 0.75
vt 0 0.75
vt 0.375 1
vt 0.53125 1
vt 0.53125 0
vt 0.375 0
vt 0 1
vt 0 1
vt 0 0.75
vt 0 0.75
vt 0 1
vt 0.0625 1
vt 0.0625 1
vt 0 1
vt 0 1
vt 0.0625 1
vt 0.0625 1
vt 0 1
vn 0.9990911505999408 -0.015334007917079008 0.039771107529028925
vn -0.025431365265042218 0.5343465498145681 0.8448828382456488
vn -0.9990911505999408 0.015334007917079008 -0.039771107529028925
vn 0.025431365265042218 -0.5343465498145681 -0.8448828382456488
vn 0.03420699422110374 0.845126400547555 -0.533470944517029
vn -0.03420699422110374 -0.845126400547555 0.533470944517029
g Flower
f 100/292/73 103/291/73 101/290/73 98/289/73
f 99/296/74 100/295/74 98/294/74 97/293/74
f 104/300/75 99/299/75 97/298/75 102/297/75
f 103/304/76 104/303/76 102/302/76 101/301/76
f 102/308/77 97/307/77 98/306/77 101/305/77
f 103/312/78 100/311/78 99/310/78 104/309/78
