# Made in Blockbench 4.1.3

o cube
v 0.20312500000000006 0.25 -0.20312499999999994
v -0.20312499999999994 0.25 -0.20312500000000006
v 0.20312500000000006 0.25 -0.20312499999999994
v -0.20312499999999994 0.25 -0.20312500000000006
v -0.20312500000000006 0.25 0.20312499999999994
v 0.20312499999999994 0.25 0.20312500000000006
v -0.20312500000000006 0.25 0.20312499999999994
v 0.20312499999999994 0.25 0.20312500000000006
vt 0 1
vt 0.375 1
vt 0.375 1
vt 0 1
vt 0 1
vt 0.375 1
vt 0.375 1
vt 0 1
vt 0 1
vt 0.375 1
vt 0.375 1
vt 0 1
vt 0 1
vt 0.375 1
vt 0.375 1
vt 0 1
vt 0 1
vt 0.75 1
vt 0.75 0.25
vt 0 0.25
vt 0.875 0.375
vt 1 0.375
vt 1 0
vt 0.875 0
vn -1 0 0
vn 0 0 -1
vn 1 0 0
vn 0 0 1
vn 0 1 0
vn 0 -1 0
g Center
f 4/4/1 7/3/1 5/2/1 2/1/1
f 3/8/2 4/7/2 2/6/2 1/5/2
f 8/12/3 3/11/3 1/10/3 6/9/3
f 7/16/4 8/15/4 6/14/4 5/13/4
f 6/20/5 1/19/5 2/18/5 5/17/5
f 7/24/6 4/23/6 3/22/6 8/21/6
o cube
v 0.1767766952966369 0.25 -0.17677669529663687
v -0.1767766952966369 0.25 0.17677669529663687
v 0.1767766952966369 0.09375 -0.17677669529663687
v -0.1767766952966369 0.09375 0.17677669529663687
v -0.1767766952966369 0.25 0.17677669529663687
v 0.1767766952966369 0.25 -0.17677669529663687
v -0.1767766952966369 0.09375 0.17677669529663687
v 0.1767766952966369 0.09375 -0.17677669529663687
vt 0 1
vt 0 1
vt 0 0.75
vt 0 0.75
vt 0.40625 0.34375
vt 0.78125 0.34375
vt 0.78125 0.09375
vt 0.40625 0.09375
vt 0 1
vt 0 1
vt 0 0.75
vt 0 0.75
vt 0 1
vt 0.78125 1
vt 0.78125 0.71875
vt 0 0.71875
vt 0 1
vt 0 1
vt 0 0.625
vt 0 0.625
vt 0 1
vt 0 1
vt 0 0.625
vt 0 0.625
vn -0.7071067811865476 0 0.7071067811865475
vn -0.7071067811865475 0 -0.7071067811865476
vn 0.7071067811865476 0 -0.7071067811865475
vn 0.7071067811865475 0 0.7071067811865476
vn 0 1 0
vn 0 -1 0
g Base
f 12/28/7 15/27/7 13/26/7 10/25/7
f 11/32/8 12/31/8 10/30/8 9/29/8
f 16/36/9 11/35/9 9/34/9 14/33/9
f 15/40/10 16/39/10 14/38/10 13/37/10
f 14/44/11 9/43/11 10/42/11 13/41/11
f 15/48/12 12/47/12 11/46/12 16/45/12
o cube
v -0.17677669529663692 0.25 -0.17677669529663684
v 0.17677669529663692 0.25 0.17677669529663684
v -0.17677669529663692 0.09375 -0.17677669529663684
v 0.17677669529663692 0.09375 0.17677669529663684
v 0.17677669529663692 0.25 0.17677669529663684
v -0.17677669529663692 0.25 -0.17677669529663684
v 0.17677669529663692 0.09375 0.17677669529663684
v -0.17677669529663692 0.09375 -0.17677669529663684
vt 0 1
vt 0 1
vt 0 0.75
vt 0 0.75
vt 0.40625 0.34375
vt 0.78125 0.34375
vt 0.78125 0.09375
vt 0.40625 0.09375
vt 0 1
vt 0 1
vt 0 0.75
vt 0 0.75
vt 0 1
vt 0.78125 1
vt 0.78125 0.71875
vt 0 0.71875
vt 0 1
vt 0 1
vt 0 0.625
vt 0 0.625
vt 0 1
vt 0 1
vt 0 0.625
vt 0 0.625
vn 0.7071067811865477 0 0.7071067811865474
vn -0.7071067811865474 0 0.7071067811865477
vn -0.7071067811865477 0 -0.7071067811865474
vn 0.7071067811865474 0 -0.7071067811865477
vn 0 1 0
vn 0 -1 0
g Base
f 20/52/13 23/51/13 21/50/13 18/49/13
f 19/56/14 20/55/14 18/54/14 17/53/14
f 24/60/15 19/59/15 17/58/15 22/57/15
f 23/64/16 24/63/16 22/62/16 21/61/16
f 22/68/17 17/67/17 18/66/17 21/65/17
f 23/72/18 20/71/18 19/70/18 24/69/18
o cube
v -0.17187499999999994 0.25 -0.25
v -0.26889180987886796 0.3005037545725818 -0.25
v -0.17187499999999994 0.25 -0.25
v -0.26889180987886796 0.3005037545725818 -0.25
v -0.26889180987886807 0.3005037545725818 0.25
v -0.17187500000000006 0.25 0.25
v -0.26889180987886807 0.3005037545725818 0.25
v -0.17187500000000006 0.25 0.25
vt 0 1
vt 0.375 1
vt 0.375 1
vt 0 1
vt 0 1
vt 0.3125 1
vt 0.3125 1
vt 0 1
vt 0 1
vt 0.375 1
vt 0.375 1
vt 0 1
vt 0 1
vt 0.3125 1
vt 0.3125 1
vt 0 1
vt 0 0.53125
vt 0.75 0.53125
vt 0.75 0.375
vt 0 0.375
vt 0.9375 0.03125
vt 1 0.03125
vt 1 0
vt 0.9375 0
vn -0.8870108331782217 0.4617486132350339 0
vn 0 0 -1
vn 0.8870108331782217 -0.4617486132350339 0
vn 0 0 1
vn 0.4617486132350339 0.8870108331782218 0
vn -0.4617486132350339 -0.8870108331782218 0
g Petal
f 28/76/19 31/75/19 29/74/19 26/73/19
f 27/80/20 28/79/20 26/78/20 25/77/20
f 32/84/21 27/83/21 25/82/21 30/81/21
f 31/88/22 32/87/22 30/86/22 29/85/22
f 30/92/23 25/91/23 26/90/23 29/89/23
f 31/96/24 28/95/24 27/94/24 32/93/24
o cube
v -0.26889180987886796 0.3005037545725818 -0.24999999999999994
v -0.3604195605463617 0.32079496837927896 -0.24999999999999994
v -0.26889180987886796 0.3005037545725818 -0.24999999999999994
v -0.3604195605463617 0.32079496837927896 -0.24999999999999994
v -0.3604195605463618 0.32079496837927896 0.24999999999999997
v -0.26889180987886807 0.3005037545725818 0.25
v -0.3604195605463618 0.32079496837927896 0.24999999999999997
v -0.26889180987886807 0.3005037545725818 0.25
vt 0 1
vt 0.375 1
vt 0.375 1
vt 0 1
vt 0 1
vt 0.3125 1
vt 0.3125 1
vt 0 1
vt 0 1
vt 0.375 1
vt 0.375 1
vt 0 1
vt 0 1
vt 0.3125 1
vt 0.3125 1
vt 0 1
vt 0 0.65625
vt 0.75 0.65625
vt 0.75 0.53125
vt 0 0.53125
vt 0.9375 0.03125
vt 1 0.03125
vt 1 0
vt 0.9375 0
vn -0.9762960071199335 0.2164396139381029 0
vn 0 0 -1
vn 0.9762960071199335 -0.2164396139381029 0
vn 0 0 1
vn 0.21643961393810288 0.9762960071199334 0
vn -0.21643961393810288 -0.9762960071199334 0
g Petal
f 36/100/25 39/99/25 37/98/25 34/97/25
f 35/104/26 36/103/26 34/102/26 33/101/26
f 40/108/27 35/107/27 33/106/27 38/105/27
f 39/112/28 40/111/28 38/110/28 37/109/28
f 38/116/29 33/115/29 34/114/29 37/113/29
f 39/120/30 36/119/30 35/118/30 40/117/30
o cube
v -0.45408033131966086 0.32488428594477925 -0.25
v -0.600907303317459 0.27144363855014353 -0.25
v -0.45408033131966086 0.32488428594477925 -0.25
v -0.600907303317459 0.27144363855014353 -0.25
v -0.6009073033174591 0.27144363855014353 0.2499999999999999
v -0.45408033131966097 0.32488428594477925 0.24999999999999994
v -0.6009073033174591 0.27144363855014353 0.2499999999999999
v -0.45408033131966097 0.32488428594477925 0.24999999999999994
vt 0 1
vt 0.375 1
vt 0.375 1
vt 0 1
vt 0 1
vt 0.3125 1
vt 0.3125 1
vt 0 1
vt 0 1
vt 0.375 1
vt 0.375 1
vt 0 1
vt 0 1
vt 0.3125 1
vt 0.3125 1
vt 0 1
vt 0 1
vt 0.75 1
vt 0.75 0.78125
vt 0 0.78125
vt 0.9375 0.03125
vt 1 0.03125
vt 1 0
vt 0.9375 0
vn -0.9396926207859085 -0.34202014332566866 0
vn 0 0 -1
vn 0.9396926207859085 0.34202014332566866 0
vn 0 0 1
vn -0.34202014332566866 0.9396926207859084 0
vn 0.34202014332566866 -0.9396926207859084 0
g Petal
f 44/124/31 47/123/31 45/122/31 42/121/31
f 43/128/32 44/127/32 42/126/32 41/125/32
f 48/132/33 43/131/33 41/130/33 46/129/33
f 47/136/34 48/135/34 46/134/34 45/133/34
f 46/140/35 41/139/35 42/138/35 45/137/35
f 47/144/36 44/143/36 43/142/36 48/141/36
o cube
v -0.36041956054636176 0.320794968379279 -0.25
v -0.45408033131966086 0.32488428594477925 -0.25
v -0.36041956054636176 0.320794968379279 -0.25
v -0.45408033131966086 0.32488428594477925 -0.25
v -0.45408033131966097 0.32488428594477925 0.24999999999999994
v -0.3604195605463619 0.320794968379279 0.24999999999999997
v -0.45408033131966097 0.32488428594477925 0.24999999999999994
v -0.3604195605463619 0.320794968379279 0.24999999999999997
vt 0 1
vt 0.375 1
vt 0.375 1
vt 0 1
vt 0 1
vt 0.3125 1
vt 0.3125 1
vt 0 1
vt 0 1
vt 0.375 1
vt 0.375 1
vt 0 1
vt 0 1
vt 0.3125 1
vt 0.3125 1
vt 0 1
vt 0 0.78125
vt 0.75 0.78125
vt 0.75 0.65625
vt 0 0.65625
vt 0.9375 0.03125
vt 1 0.03125
vt 1 0
vt 0.9375 0
vn -0.9990482215818578 0.04361938736533599 0
vn 0 0 -1
vn 0.9990482215818578 -0.04361938736533599 0
vn 0 0 1
vn 0.043619387365336 0.9990482215818579 0
vn -0.043619387365336 -0.9990482215818579 0
g Petal
f 52/148/37 55/147/37 53/146/37 50/145/37
f 51/152/38 52/151/38 50/150/38 49/149/38
f 56/156/39 51/155/39 49/154/39 54/153/39
f 55/160/40 56/159/40 54/158/40 53/157/40
f 54/164/41 49/163/41 50/162/41 53/161/41
f 55/168/42 52/167/42 51/166/42 56/165/42
o cube
v 0.19433863514632815 0.24758949057723476 -0.21591024972711076
v 0.16781962493982294 0.30182649361956354 -0.3071132114315077
v 0.19433863514632815 0.24758949057723476 -0.21591024972711076
v 0.16781962493982294 0.30182649361956354 -0.3071132114315077
v -0.3088482472945534 0.32062710641080805 -0.1573324498557097
v -0.2823292370880482 0.26639010336847924 -0.06612948815131275
v -0.3088482472945534 0.32062710641080805 -0.1573324498557097
v -0.2823292370880482 0.26639010336847924 -0.06612948815131275
vt 0 1
vt 0.375 1
vt 0.375 1
vt 0 1
vt 0 1
vt 0.3125 1
vt 0.3125 1
vt 0 1
vt 0 1
vt 0.375 1
vt 0.375 1
vt 0 1
vt 0 1
vt 0.3125 1
vt 0.3125 1
vt 0 1
vt 0 0.53125
vt 0.75 0.53125
vt 0.75 0.375
vt 0 0.375
vt 0.9375 0.03125
vt 1 0.03125
vt 1 0
vt 0.9375 0
vn -0.24245952188804745 0.4958811706727204 -0.8338556498687719
vn 0.9533357444687526 -0.03760122558248902 -0.2995615231515961
vn 0.24245952188804745 -0.4958811706727204 0.8338556498687719
vn -0.9533357444687526 0.03760122558248902 0.2995615231515961
vn 0.17990091318286525 0.8675759404265125 0.46362446983417926
vn -0.17990091318286525 -0.8675759404265125 -0.46362446983417926
g Petal
f 60/172/43 63/171/43 61/170/43 58/169/43
f 59/176/44 60/175/44 58/174/44 57/173/44
f 64/180/45 59/179/45 57/178/45 62/177/45
f 63/184/46 64/183/46 62/182/46 61/181/46
f 62/188/47 57/187/47 58/186/47 61/185/47
f 63/192/48 60/191/48 59/190/48 64/189/48
o cube
v 0.1678196249398229 0.30182649361956354 -0.3071132114315077
v 0.141498403385033 0.32568017359470036 -0.39387298176031516
v 0.1678196249398229 0.30182649361956354 -0.3071132114315077
v 0.141498403385033 0.32568017359470036 -0.39387298176031516
v -0.3351694688493433 0.34448078638594487 -0.2440922201845172
v -0.3088482472945534 0.32062710641080805 -0.15733244985570974
v -0.3351694688493433 0.34448078638594487 -0.2440922201845172
v -0.3088482472945534 0.32062710641080805 -0.15733244985570974
vt 0 1
vt 0.375 1
vt 0.375 1
vt 0 1
vt 0 1
vt 0.3125 1
vt 0.3125 1
vt 0 1
vt 0 1
vt 0.375 1
vt 0.375 1
vt 0 1
vt 0 1
vt 0.3125 1
vt 0.3125 1
vt 0 1
vt 0 0.65625
vt 0.75 0.65625
vt 0.75 0.53125
vt 0 0.53125
vt 0.9375 0.03125
vt 1 0.03125
vt 1 0
vt 0.9375 0
vn -0.28075969658442534 0.2544392530681264 -0.9254375501739464
vn 0.9533357444687526 -0.03760122558248903 -0.29956152315159595
vn 0.28075969658442534 -0.2544392530681264 0.9254375501739464
vn -0.9533357444687526 0.03760122558248903 0.29956152315159595
vn 0.11101779628523889 0.966357498202828 0.2320091260600335
vn -0.11101779628523889 -0.966357498202828 -0.2320091260600335
g Petal
f 68/196/49 71/195/49 69/194/49 66/193/49
f 67/200/50 68/199/50 66/198/50 65/197/50
f 72/204/51 67/203/51 65/202/51 70/201/51
f 71/208/52 72/207/52 70/206/52 69/205/52
f 70/212/53 65/211/53 66/210/53 69/209/53
f 71/216/54 68/215/54 67/214/54 72/213/54
o cube
v 0.141498403385033 0.32568017359470036 -0.39387298176031527
v 0.11376974426535545 0.3334396295841783 -0.48309167266178543
v 0.141498403385033 0.32568017359470036 -0.39387298176031527
v 0.11376974426535545 0.3334396295841783 -0.48309167266178543
v -0.36289812796902093 0.3522402423754228 -0.3333109110859874
v -0.33516946884934334 0.34448078638594487 -0.24409222018451726
v -0.36289812796902093 0.3522402423754228 -0.3333109110859874
v -0.33516946884934334 0.34448078638594487 -0.24409222018451726
vt 0 1
vt 0.375 1
vt 0.375 1
vt 0 1
vt 0 1
vt 0.3125 1
vt 0.3125 1
vt 0 1
vt 0 1
vt 0.375 1
vt 0.375 1
vt 0 1
vt 0 1
vt 0.3125 1
vt 0.3125 1
vt 0 1
vt 0 0.78125
vt 0.75 0.78125
vt 0.75 0.65625
vt 0 0.65625
vt 0.9375 0.03125
vt 1 0.03125
vt 1 0
vt 0.9375 0
vn -0.2957723639432275 0.08276753055443116 -0.9516660362823486
vn 0.9533357444687527 -0.03760122558248903 -0.299561523151596
vn 0.2957723639432275 -0.08276753055443116 0.9516660362823486
vn -0.9533357444687527 0.03760122558248903 0.299561523151596
vn 0.0605777768298274 0.9958592690338409 0.06778384198125349
vn -0.0605777768298274 -0.9958592690338409 -0.06778384198125349
g Petal
f 76/220/55 79/219/55 77/218/55 74/217/55
f 75/224/56 76/223/56 74/222/56 73/221/56
f 80/228/57 75/227/57 73/226/57 78/225/57
f 79/232/58 80/231/58 78/230/58 77/229/58
f 78/236/59 73/235/59 74/234/59 77/233/59
f 79/240/60 76/239/60 75/238/60 80/237/60
o cube
v 0.11376974426535545 0.3334396295841782 -0.48309167266178543
v 0.06745097162599419 0.2858409396168785 -0.6245236298517362
v 0.11376974426535545 0.3334396295841782 -0.48309167266178543
v 0.06745097162599419 0.2858409396168785 -0.6245236298517362
v -0.40921690060838206 0.3046415524081231 -0.47474286827593815
v -0.3628981279690208 0.35224024237542273 -0.3333109110859874
v -0.40921690060838206 0.3046415524081231 -0.47474286827593815
v -0.3628981279690208 0.35224024237542273 -0.3333109110859874
vt 0 1
vt 0.375 1
vt 0.375 1
vt 0 1
vt 0 1
vt 0.3125 1
vt 0.3125 1
vt 0 1
vt 0 1
vt 0.375 1
vt 0.375 1
vt 0 1
vt 0 1
vt 0.3125 1
vt 0.3125 1
vt 0 1
vt 0 1
vt 0.75 1
vt 0.75 0.78125
vt 0 0.78125
vt 0.9375 0.03125
vt 1 0.03125
vt 1 0
vt 0.9375 0
vn -0.29644014489191195 -0.3046316157907181 -0.9051645260156844
vn 0.9533357444687527 -0.037601225582489024 -0.29956152315159595
vn 0.29644014489191195 0.3046316157907181 0.9051645260156844
vn -0.9533357444687527 0.037601225582489024 0.29956152315159595
vn -0.05722061529441674 0.9517277586029691 -0.3015627209883497
vn 0.05722061529441674 -0.9517277586029691 0.3015627209883497
g Petal
f 84/244/61 87/243/61 85/242/61 82/241/61
f 83/248/62 84/247/62 82/246/62 81/245/62
f 88/252/63 83/251/63 81/250/63 86/249/63
f 87/256/64 88/255/64 86/254/64 85/253/64
f 86/260/65 81/259/65 82/258/65 85/257/65
f 87/264/66 84/263/66 83/262/66 88/261/66
o cube
v 0.23734723341648134 0.22916137057331093 0.1413785192435505
v 0.3302646984848706 0.2716805644495852 0.10237398793786155
v 0.23734723341648134 0.22916137057331093 0.1413785192435505
v 0.3302646984848706 0.2716805644495852 0.10237398793786155
v 0.1218608568554797 0.31180654119681495 -0.3503486034845159
v 0.02894339178709039 0.26928734732054066 -0.3113440721788269
v 0.1218608568554797 0.31180654119681495 -0.3503486034845159
v 0.02894339178709039 0.26928734732054066 -0.3113440721788269
vt 0 1
vt 0.375 1
vt 0.375 1
vt 0 1
vt 0 1
vt 0.3125 1
vt 0.3125 1
vt 0 1
vt 0 1
vt 0.375 1
vt 0.375 1
vt 0 1
vt 0 1
vt 0.3125 1
vt 0.3125 1
vt 0 1
vt 0 0.53125
vt 0.75 0.53125
vt 0.75 0.375
vt 0 0.375
vt 0.9375 0.03125
vt 1 0.03125
vt 1 0
vt 0.9375 0
vn 0.8495311091967017 0.3887469154402223 -0.3566128576520128
vn 0.4168076832587817 -0.08025195349445942 0.9054451828447543
vn -0.8495311091967017 -0.3887469154402223 0.3566128576520128
vn -0.4168076832587817 0.08025195349445942 -0.9054451828447543
vn -0.3233701434632902 0.9178428295171436 0.23020923226598647
vn 0.3233701434632902 -0.9178428295171436 -0.23020923226598647
g Petal
f 92/268/67 95/267/67 93/266/67 90/265/67
f 91/272/68 92/271/68 90/270/68 89/269/68
f 96/276/69 91/275/69 89/274/69 94/273/69
f 95/280/70 96/279/70 94/278/70 93/277/70
f 94/284/71 89/283/71 90/282/71 93/281/71
f 95/288/72 92/287/72 91/286/72 96/285/72
o cube
v 0.3302646984848706 0.2716805644495852 0.10237398793786147
v 0.41504079758064505 0.2846129532768446 0.0644948532945777
v 0.3302646984848706 0.2716805644495852 0.10237398793786147
v 0.41504079758064505 0.2846129532768446 0.0644948532945777
v 0.20663695595125417 0.3247389300240743 -0.38822773812779965
v 0.12186085685547973 0.31180654119681495 -0.3503486034845159
v 0.20663695595125417 0.3247389300240743 -0.38822773812779965
v 0.12186085685547973 0.31180654119681495 -0.3503486034845159
vt 0 1
vt 0.375 1
vt 0.375 1
vt 0 1
vt 0 1
vt 0.3125 1
vt 0.3125 1
vt 0 1
vt 0 1
vt 0.375 1
vt 0.375 1
vt 0 1
vt 0 1
vt 0.3125 1
vt 0.3125 1
vt 0 1
vt 0 0.65625
vt 0.75 0.65625
vt 0.75 0.53125
vt 0 0.53125
vt 0.9375 0.03125
vt 1 0.03125
vt 1 0
vt 0.9375 0
vn 0.9042783903549267 0.1379454808241003 -0.4040441028616934
vn 0.41680768325878154 -0.08025195349445945 0.9054451828447543
vn -0.9042783903549267 -0.1379454808241003 0.4040441028616934
vn -0.41680768325878154 0.08025195349445945 -0.9054451828447543
vn -0.09247674255481762 0.987183198945632 0.13006684360711998
vn 0.09247674255481762 -0.987183198945632 -0.13006684360711998
g Petal
f 100/292/73 103/291/73 101/290/73 98/289/73
f 99/296/74 100/295/74 98/294/74 97/293/74
f 104/300/75 99/299/75 97/298/75 102/297/75
f 103/304/76 104/303/76 102/302/76 101/301/76
f 102/308/77 97/307/77 98/306/77 101/305/77
f 103/312/78 100/311/78 99/310/78 104/309/78
o cube
v 0.41504079758064516 0.2846129532768446 0.06449485329457777
v 0.5000344339110342 0.2812780047288681 0.025073762473547395
v 0.41504079758064516 0.2846129532768446 0.06449485329457777
v 0.5000344339110342 0.2812780047288681 0.025073762473547395
v 0.29163059228164323 0.32140398147609783 -0.42764882894883
v 0.2066369559512542 0.32473893002407433 -0.38822773812779965
v 0.29163059228164323 0.32140398147609783 -0.42764882894883
v 0.2066369559512542 0.32473893002407433 -0.38822773812779965
vt 0 1
vt 0.375 1
vt 0.375 1
vt 0 1
vt 0 1
vt 0.3125 1
vt 0.3125 1
vt 0 1
vt 0 1
vt 0.375 1
vt 0.375 1
vt 0 1
vt 0 1
vt 0.3125 1
vt 0.3125 1
vt 0 1
vt 0 0.78125
vt 0.75 0.78125
vt 0.75 0.65625
vt 0 0.65625
vt 0.9375 0.03125
vt 1 0.03125
vt 1 0
vt 0.9375 0
vn 0.9065987875241498 -0.03557278451174903 -0.4204916354243238
vn 0.41680768325878154 -0.0802519534944594 0.9054451828447542
vn -0.9065987875241498 0.03557278451174903 0.4204916354243238
vn -0.41680768325878154 0.0802519534944594 -0.9054451828447542
vn 0.06595448154741962 0.9961396493275447 0.05792931383511533
vn -0.06595448154741962 -0.9961396493275447 -0.05792931383511533
g Petal
f 108/316/79 111/315/79 109/314/79 106/313/79
f 107/320/80 108/319/80 106/318/80 105/317/80
f 112/324/81 107/323/81 105/322/81 110/321/81
f 111/328/82 112/327/82 110/326/82 109/325/82
f 110/332/83 105/331/83 106/330/83 109/329/83
f 111/336/84 108/335/84 107/334/84 112/333/84
o cube
v 0.5000344339110341 0.28127800472886816 0.025073762473547354
v 0.6269638677570786 0.2165793941594211 -0.03909064443484439
v 0.5000344339110341 0.28127800472886816 0.025073762473547354
v 0.6269638677570786 0.2165793941594211 -0.03909064443484439
v 0.4185600261276878 0.2567053709066508 -0.4918132358572217
v 0.2916305922816433 0.32140398147609783 -0.42764882894882994
v 0.4185600261276878 0.2567053709066508 -0.4918132358572217
v 0.2916305922816433 0.32140398147609783 -0.42764882894882994
vt 0 1
vt 0.375 1
vt 0.375 1
vt 0 1
vt 0 1
vt 0.3125 1
vt 0.3125 1
vt 0 1
vt 0 1
vt 0.375 1
vt 0.375 1
vt 0 1
vt 0 1
vt 0.3125 1
vt 0.3125 1
vt 0 1
vt 0 1
vt 0.75 1
vt 0.75 0.78125
vt 0 0.78125
vt 0.9375 0.03125
vt 1 0.03125
vt 1 0
vt 0.9375 0
vn 0.8123483766146843 -0.4140711076444613 -0.410652204213707
vn 0.4168076832587815 -0.08025195349445939 0.9054451828447542
vn -0.8123483766146843 0.4140711076444613 0.410652204213707
vn -0.4168076832587815 0.08025195349445939 -0.9054451828447542
vn 0.4078743313668245 0.9066999182609496 -0.10739547494030408
vn -0.4078743313668245 -0.9066999182609496 0.10739547494030408
g Petal
f 116/340/85 119/339/85 117/338/85 114/337/85
f 115/344/86 116/343/86 114/342/86 113/341/86
f 120/348/87 115/347/87 113/346/87 118/345/87
f 119/352/88 120/351/88 118/350/88 117/349/88
f 118/356/89 113/355/89 114/354/89 117/353/89
f 119/360/90 116/359/90 115/358/90 120/357/90
o cube
v -0.28286520582116026 0.27570245820111555 0.04865314463419704
v -0.31930856765944327 0.3295875099331168 0.13658023490086935
v -0.28286520582116026 0.27570245820111555 0.04865314463419704
v -0.31930856765944327 0.3295875099331168 0.13658023490086935
v 0.13212093848314355 0.29009254576453397 0.3478893657712191
v 0.16856430032142655 0.23620749403253274 0.25996227550454676
v 0.13212093848314355 0.29009254576453397 0.3478893657712191
v 0.16856430032142655 0.23620749403253274 0.25996227550454676
vt 0 1
vt 0.375 1
vt 0.375 1
vt 0 1
vt 0 1
vt 0.3125 1
vt 0.3125 1
vt 0 1
vt 0 1
vt 0.375 1
vt 0.375 1
vt 0 1
vt 0 1
vt 0.3125 1
vt 0.3125 1
vt 0 1
vt 0 0.53125
vt 0.75 0.53125
vt 0.75 0.375
vt 0 0.375
vt 0.9375 0.03125
vt 1 0.03125
vt 1 0
vt 0.9375 0
vn -0.33319645109287305 0.49266333012115415 0.8039048252952893
vn -0.9028590122851737 0.0789899283371657 -0.4226182617406994
vn 0.33319645109287305 -0.49266333012115415 -0.8039048252952893
vn 0.9028590122851737 -0.0789899283371657 0.4226182617406994
vn 0.27170890473916304 0.8666276215164299 -0.4184863638282856
vn -0.27170890473916304 -0.8666276215164299 0.4184863638282856
g Petal
f 124/364/91 127/363/91 125/362/91 122/361/91
f 123/368/92 124/367/92 122/366/92 121/365/92
f 128/372/93 123/371/93 121/370/93 126/369/93
f 127/376/94 128/375/94 126/374/94 125/373/94
f 126/380/95 121/379/95 122/378/95 125/377/95
f 127/384/96 124/383/96 123/382/96 128/381/96
o cube
v -0.3193085676594432 0.3295875099331168 0.1365802349008694
v -0.3560741767165286 0.3531728068802339 0.21953254806076788
v -0.3193085676594432 0.3295875099331168 0.1365802349008694
v -0.3560741767165286 0.3531728068802339 0.21953254806076788
v 0.09535532942605818 0.31367784271165106 0.4308416789311176
v 0.13212093848314355 0.290092545764534 0.3478893657712191
v 0.09535532942605818 0.31367784271165106 0.4308416789311176
v 0.13212093848314355 0.290092545764534 0.3478893657712191
vt 0 1
vt 0.375 1
vt 0.375 1
vt 0 1
vt 0 1
vt 0.3125 1
vt 0.3125 1
vt 0 1
vt 0 1
vt 0.375 1
vt 0.375 1
vt 0 1
vt 0 1
vt 0.3125 1
vt 0.3125 1
vt 0 1
vt 0 0.65625
vt 0.75 0.65625
vt 0.75 0.53125
vt 0 0.53125
vt 0.9375 0.03125
vt 1 0.03125
vt 1 0
vt 0.9375 0
vn -0.3921664966089104 0.25157650076924865 0.8848246737055843
vn -0.9028590122851735 0.07898992833716564 -0.42261826174069944
vn 0.3921664966089104 -0.25157650076924865 -0.8848246737055843
vn 0.9028590122851735 -0.07898992833716564 0.42261826174069944
vn 0.17621306101686762 0.9646086540571724 -0.19616090753530882
vn -0.17621306101686762 -0.9646086540571724 0.19616090753530882
g Petal
f 132/388/97 135/387/97 133/386/97 130/385/97
f 131/392/98 132/391/98 130/390/98 129/389/98
f 136/396/99 131/395/99 129/394/99 134/393/99
f 135/400/100 136/399/100 134/398/100 133/397/100
f 134/404/101 129/403/101 130/402/101 133/401/101
f 135/408/102 132/407/102 131/406/102 136/405/102
o cube
v -0.35607417671652863 0.35317280688023384 0.21953254806076788
v -0.3951498970220394 0.3606964275203394 0.3044180339524636
v -0.35607417671652863 0.35317280688023384 0.21953254806076788
v -0.3951498970220394 0.3606964275203394 0.3044180339524636
v 0.056279609120547414 0.3212014633517566 0.5157271648228133
v 0.09535532942605818 0.31367784271165106 0.4308416789311176
v 0.056279609120547414 0.3212014633517566 0.5157271648228133
v 0.09535532942605818 0.31367784271165106 0.4308416789311176
vt 0 1
vt 0.375 1
vt 0.375 1
vt 0 1
vt 0 1
vt 0.3125 1
vt 0.3125 1
vt 0 1
vt 0 1
vt 0.375 1
vt 0.375 1
vt 0 1
vt 0 1
vt 0.3125 1
vt 0.3125 1
vt 0 1
vt 0 0.78125
vt 0.75 0.78125
vt 0.75 0.65625
vt 0 0.65625
vt 0.9375 0.03125
vt 1 0.03125
vt 1 0
vt 0.9375 0
vn -0.41680768325878154 0.08025195349445939 0.9054451828447543
vn -0.9028590122851736 0.07898992833716564 -0.4226182617406995
vn 0.41680768325878154 -0.08025195349445939 -0.9054451828447543
vn 0.9028590122851736 -0.07898992833716564 0.4226182617406995
vn 0.10543699119326282 0.9936398820405774 -0.03953259043497208
vn -0.10543699119326282 -0.9936398820405774 0.03953259043497208
g Petal
f 140/412/103 143/411/103 141/410/103 138/409/103
f 139/416/104 140/415/104 138/414/104 137/413/104
f 144/420/105 139/419/105 137/418/105 142/417/105
f 143/424/106 144/423/106 142/422/106 141/421/106
f 142/428/107 137/427/107 138/426/107 141/425/107
f 143/432/108 140/431/108 139/430/108 144/429/108
o cube
v -0.3951498970220394 0.3606964275203395 0.3044180339524636
v -0.4616231903414646 0.3128673051271281 0.43748846202108016
v -0.3951498970220394 0.3606964275203395 0.3044180339524636
v -0.4616231903414646 0.3128673051271281 0.43748846202108016
v -0.010193684198877784 0.27337234095854535 0.6487975928914299
v 0.056279609120547386 0.32120146335175664 0.5157271648228133
v -0.010193684198877784 0.27337234095854535 0.6487975928914299
v 0.056279609120547386 0.32120146335175664 0.5157271648228133
vt 0 1
vt 0.375 1
vt 0.375 1
vt 0 1
vt 0 1
vt 0.3125 1
vt 0.3125 1
vt 0 1
vt 0 1
vt 0.375 1
vt 0.375 1
vt 0 1
vt 0 1
vt 0.3125 1
vt 0.3125 1
vt 0 1
vt 0 1
vt 0.75 1
vt 0.75 0.78125
vt 0 0.78125
vt 0.9375 0.03125
vt 1 0.03125
vt 1 0
vt 0.9375 0
vn -0.4254290772443211 -0.3061063833165524 0.8516507396391466
vn -0.9028590122851735 0.07898992833716564 -0.42261826174069955
vn 0.4254290772443211 0.3061063833165524 -0.8516507396391466
vn 0.9028590122851735 -0.07898992833716564 0.42261826174069955
vn -0.062094316732583366 0.9487146427214821 0.3099755192194446
vn 0.062094316732583366 -0.9487146427214821 -0.3099755192194446
g Petal
f 148/436/109 151/435/109 149/434/109 146/433/109
f 147/440/110 148/439/110 146/438/110 145/437/110
f 152/444/111 147/443/111 145/442/111 150/441/111
f 151/448/112 152/447/112 150/446/112 149/445/112
f 150/452/113 145/451/113 146/450/113 149/449/113
f 151/456/114 148/455/114 147/454/114 152/453/114
o cube
v -0.0598191738241593 0.25 0.2937342167691145
v 0.008782070330274283 0.3005037545725818 0.3623354609235482
v -0.0598191738241593 0.25 0.2937342167691145
v 0.008782070330274283 0.3005037545725818 0.3623354609235482
v 0.3623354609235482 0.3005037545725818 0.008782070330274477
v 0.2937342167691146 0.25 -0.05981917382415916
v 0.3623354609235482 0.3005037545725818 0.008782070330274477
v 0.2937342167691146 0.25 -0.05981917382415916
vt 0 1
vt 0.375 1
vt 0.375 1
vt 0 1
vt 0 1
vt 0.3125 1
vt 0.3125 1
vt 0 1
vt 0 1
vt 0.375 1
vt 0.375 1
vt 0 1
vt 0 1
vt 0.3125 1
vt 0.3125 1
vt 0 1
vt 0 0.53125
vt 0.75 0.53125
vt 0.75 0.375
vt 0 0.375
vt 0.9375 0.03125
vt 1 0.03125
vt 1 0
vt 0.9375 0
vn 0.6272113751262499 0.461748613235034 0.6272113751262502
vn -0.7071067811865478 0 0.7071067811865474
vn -0.6272113751262499 -0.461748613235034 -0.6272113751262502
vn 0.7071067811865478 0 -0.7071067811865474
vn -0.3265055756219768 0.8870108331782219 -0.326505575621977
vn 0.3265055756219768 -0.8870108331782219 0.326505575621977
g Petal
f 156/460/115 159/459/115 157/458/115 154/457/115
f 155/464/116 156/463/116 154/462/116 153/461/116
f 160/468/117 155/467/117 153/466/117 158/465/117
f 159/472/118 160/471/118 158/470/118 157/469/118
f 158/476/119 153/475/119 154/474/119 157/473/119
f 159/480/120 156/479/120 155/478/120 160/477/120
o cube
v 0.00878207033027438 0.3005037545725818 0.3623354609235481
v 0.07350196349401072 0.32079496837927896 0.42705535408728457
v 0.00878207033027438 0.3005037545725818 0.3623354609235481
v 0.07350196349401072 0.32079496837927896 0.42705535408728457
v 0.42705535408728457 0.32079496837927896 0.07350196349401092
v 0.3623354609235482 0.3005037545725818 0.008782070330274505
v 0.42705535408728457 0.32079496837927896 0.07350196349401092
v 0.3623354609235482 0.3005037545725818 0.008782070330274505
vt 0 1
vt 0.375 1
vt 0.375 1
vt 0 1
vt 0 1
vt 0.3125 1
vt 0.3125 1
vt 0 1
vt 0 1
vt 0.375 1
vt 0.375 1
vt 0 1
vt 0 1
vt 0.3125 1
vt 0.3125 1
vt 0 1
vt 0 0.65625
vt 0.75 0.65625
vt 0.75 0.53125
vt 0 0.53125
vt 0.9375 0.03125
vt 1 0.03125
vt 1 0
vt 0.9375 0
vn 0.6903455270798545 0.21643961393810288 0.690345527079855
vn -0.7071067811865478 0 0.7071067811865474
vn -0.6903455270798545 -0.21643961393810288 -0.690345527079855
vn 0.7071067811865478 0 -0.7071067811865474
vn -0.1530459187330309 0.9762960071199335 -0.15304591873303097
vn 0.1530459187330309 -0.9762960071199335 0.15304591873303097
g Petal
f 164/484/121 167/483/121 165/482/121 162/481/121
f 163/488/122 164/487/122 162/486/122 161/485/122
f 168/492/123 163/491/123 161/490/123 166/489/123
f 167/496/124 168/495/124 166/494/124 165/493/124
f 166/500/125 161/499/125 162/498/125 165/497/125
f 167/504/126 164/503/126 163/502/126 168/501/126
o cube
v 0.07350196349401068 0.320794968379279 0.42705535408728457
v 0.1397301296389693 0.32488428594477925 0.4932835202322433
v 0.07350196349401068 0.320794968379279 0.42705535408728457
v 0.1397301296389693 0.32488428594477925 0.4932835202322433
v 0.49328352023224314 0.32488428594477925 0.13973012963896958
v 0.42705535408728457 0.320794968379279 0.07350196349401092
v 0.49328352023224314 0.32488428594477925 0.13973012963896958
v 0.42705535408728457 0.320794968379279 0.07350196349401092
vt 0 1
vt 0.375 1
vt 0.375 1
vt 0 1
vt 0 1
vt 0.3125 1
vt 0.3125 1
vt 0 1
vt 0 1
vt 0.375 1
vt 0.375 1
vt 0 1
vt 0 1
vt 0.3125 1
vt 0.3125 1
vt 0 1
vt 0 0.78125
vt 0.75 0.78125
vt 0.75 0.65625
vt 0 0.65625
vt 0.9375 0.03125
vt 1 0.03125
vt 1 0
vt 0.9375 0
vn 0.7064337722128919 0.043619387365336 0.7064337722128924
vn -0.7071067811865478 0 0.7071067811865474
vn -0.7064337722128919 -0.043619387365336 -0.7064337722128924
vn 0.7071067811865478 0 -0.7071067811865474
vn -0.03084356459723188 0.9990482215818577 -0.0308435645972319
vn 0.03084356459723188 -0.9990482215818577 0.0308435645972319
g Petal
f 172/508/127 175/507/127 173/506/127 170/505/127
f 171/512/128 172/511/128 170/510/128 169/509/128
f 176/516/129 171/515/129 169/514/129 174/513/129
f 175/520/130 176/519/130 174/518/130 173/517/130
f 174/524/131 169/523/131 170/522/131 173/521/131
f 175/528/132 172/527/132 171/526/132 176/525/132
o cube
v 0.1397301296389693 0.32488428594477925 0.4932835202322432
v 0.24355247719969966 0.27144363855014353 0.5971058677929736
v 0.1397301296389693 0.32488428594477925 0.4932835202322432
v 0.24355247719969966 0.27144363855014353 0.5971058677929736
v 0.5971058677929735 0.27144363855014353 0.2435524771997
v 0.4932835202322431 0.32488428594477925 0.13973012963896955
v 0.5971058677929735 0.27144363855014353 0.2435524771997
v 0.4932835202322431 0.32488428594477925 0.13973012963896955
vt 0 1
vt 0.375 1
vt 0.375 1
vt 0 1
vt 0 1
vt 0.3125 1
vt 0.3125 1
vt 0 1
vt 0 1
vt 0.375 1
vt 0.375 1
vt 0 1
vt 0 1
vt 0.3125 1
vt 0.3125 1
vt 0 1
vt 0 1
vt 0.75 1
vt 0.75 0.78125
vt 0 0.78125
vt 0.9375 0.03125
vt 1 0.03125
vt 1 0
vt 0.9375 0
vn 0.6644630243886746 -0.3420201433256687 0.664463024388675
vn -0.7071067811865478 0 0.7071067811865472
vn -0.6644630243886746 0.3420201433256687 -0.664463024388675
vn 0.7071067811865478 0 -0.7071067811865472
vn 0.24184476264797514 0.9396926207859084 0.24184476264797536
vn -0.24184476264797514 -0.9396926207859084 -0.24184476264797536
g Petal
f 180/532/133 183/531/133 181/530/133 178/529/133
f 179/536/134 180/535/134 178/534/134 177/533/134
f 184/540/135 179/539/135 177/538/135 182/537/135
f 183/544/136 184/543/136 182/542/136 181/541/136
f 182/548/137 177/547/137 178/546/137 181/545/137
f 183/552/138 180/551/138 179/550/138 184/549/138
