# Made in Blockbench 4.9.3

o cube
v 0.14429945897099494 0.001960980295859449 -0.05855563755447013
v 0.029295287689928062 0.3024813623001421 -0.33620026759070004
v 0.14429945897099494 0.001960980295859449 -0.05855563755447013
v 0.029295287689928062 0.3024813623001421 -0.33620026759070004
v -0.2651913132980445 0.3024813623001421 -0.21421992352432762
v -0.15018714201697758 0.001960980295859449 0.06342470651190235
v -0.2651913132980445 0.3024813623001421 -0.21421992352432762
v -0.15018714201697758 0.001960980295859449 0.06342470651190235
vt 0 1
vt 0.25 1
vt 0.25 1
vt 0 1
vt 0 1
vt 0.5625 1
vt 0.5625 1
vt 0 1
vt 0 1
vt 0.25 1
vt 0.25 1
vt 0 1
vt 0 1
vt 0.5625 1
vt 0.5625 1
vt 0 1
vt 0.3125 0.4375
vt 0.625 0.4375
vt 0.625 0
vt 0.3125 0
vt 0 1
vt 0.25 1
vt 0.25 0.4375
vt 0 0.4375
vn -0.2705980500730987 0.7071067811865476 -0.6532814824381881
vn 0.9238795325112866 0 -0.38268343236509006
vn 0.2705980500730987 -0.7071067811865476 0.6532814824381881
vn -0.9238795325112866 0 0.38268343236509006
vn 0.27059805007309873 0.7071067811865476 0.6532814824381882
vn -0.27059805007309873 -0.7071067811865476 -0.6532814824381882
g Leaf
f 4/4/1 7/3/1 5/2/1 2/1/1
f 3/8/2 4/7/2 2/6/2 1/5/2
f 8/12/3 3/11/3 1/10/3 6/9/3
f 7/16/4 8/15/4 6/14/4 5/13/4
f 6/20/5 1/19/5 2/18/5 5/17/5
f 7/24/6 4/23/6 3/22/6 8/21/6
o cube
v 0.02930685502630581 0.30246019719226525 -0.3361723415703365
v -0.08124488066645741 0.4371697681221133 -0.6030678412236908
v 0.02930685502630581 0.30246019719226525 -0.3361723415703365
v -0.08124488066645741 0.4371697681221133 -0.6030678412236908
v -0.37573148165443004 0.4371697681221133 -0.48108749715731836
v -0.2651797459616669 0.30246019719226525 -0.214191997503964
v -0.37573148165443004 0.4371697681221133 -0.48108749715731836
v -0.2651797459616669 0.30246019719226525 -0.214191997503964
vt 0 1
vt 0.25 1
vt 0.25 1
vt 0 1
vt 0 1
vt 0.5625 1
vt 0.5625 1
vt 0 1
vt 0 1
vt 0.25 1
vt 0.25 1
vt 0 1
vt 0 1
vt 0.5625 1
vt 0.5625 1
vt 0 1
vt 0.3125 0.75
vt 0.625 0.75
vt 0.625 0.4375
vt 0.3125 0.4375
vt 0 1
vt 0.25 1
vt 0.25 0.4375
vt 0 0.4375
vn -0.3468289747223942 0.4226182617406995 -0.8373192145987588
vn 0.9238795325112867 0 -0.38268343236509017
vn 0.3468289747223942 -0.4226182617406995 0.8373192145987588
vn -0.9238795325112867 0 0.38268343236509017
vn 0.16172900698309892 0.9063077870366499 0.39044836208773015
vn -0.16172900698309892 -0.9063077870366499 -0.39044836208773015
g Leaf
f 12/28/7 15/27/7 13/26/7 10/25/7
f 11/32/8 12/31/8 10/30/8 9/29/8
f 16/36/9 11/35/9 9/34/9 14/33/9
f 15/40/10 16/39/10 14/38/10 13/37/10
f 14/44/11 9/43/11 10/42/11 13/41/11
f 15/48/12 12/47/12 11/46/12 16/45/12
o cube
v 0.03098851972193961 -0.002451094628601158 -0.1468329615593164
v -0.33705516252727 0.19379206599629106 -0.2284262815334145
v 0.03098851972193961 -0.002451094628601158 -0.1468329615593164
v -0.33705516252727 0.19379206599629106 -0.2284262815334145
v -0.40604528947003565 0.19379206599629106 0.08276807073606529
v -0.03800160722082602 -0.0024510946286012136 0.1643613907101633
v -0.40604528947003565 0.19379206599629106 0.08276807073606529
v -0.03800160722082602 -0.0024510946286012136 0.1643613907101633
vt 0 1
vt 0.25 1
vt 0.25 1
vt 0 1
vt 0 1
vt 0.5625 1
vt 0.5625 1
vt 0 1
vt 0 1
vt 0.25 1
vt 0.25 1
vt 0 1
vt 0 1
vt 0.5625 1
vt 0.5625 1
vt 0 1
vt 0.3125 0.4375
vt 0.625 0.4375
vt 0.625 0
vt 0.3125 0
vt 0 1
vt 0.25 1
vt 0.25 0.4375
vt 0 0.4375
vn -0.8659851347040227 0.4617486132350406 -0.19198428229199543
vn 0.21643961393808825 0 -0.9762960071199367
vn 0.8659851347040227 -0.4617486132350406 0.19198428229199543
vn -0.21643961393808825 0 0.9762960071199367
vn 0.45080332739453804 0.8870108331782185 0.09994069158503997
vn -0.45080332739453804 -0.8870108331782185 -0.09994069158503997
g Leaf
f 20/52/13 23/51/13 21/50/13 18/49/13
f 19/56/14 20/55/14 18/54/14 17/53/14
f 24/60/15 19/59/15 17/58/15 22/57/15
f 23/64/16 24/63/16 22/62/16 21/61/16
f 22/68/17 17/67/17 18/66/17 21/65/17
f 23/72/18 20/71/18 19/70/18 24/69/18
o cube
v -0.3370208043433831 0.19378096988026827 -0.2284186645074287
v -0.64555284578951 0.23538619365041213 -0.2968185713503605
v -0.3370208043433831 0.19378096988026827 -0.2284186645074287
v -0.64555284578951 0.23538619365041213 -0.2968185713503605
v -0.7145429727322755 0.23538619365041202 0.014375780919119285
v -0.40601093128614874 0.19378096988026816 0.08277568776205102
v -0.7145429727322755 0.23538619365041202 0.014375780919119285
v -0.40601093128614874 0.19378096988026816 0.08277568776205102
vt 0 1
vt 0.25 1
vt 0.25 1
vt 0 1
vt 0 1
vt 0.5625 1
vt 0.5625 1
vt 0 1
vt 0 1
vt 0.25 1
vt 0.25 1
vt 0 1
vt 0 1
vt 0.5625 1
vt 0.5625 1
vt 0 1
vt 0.3125 0.75
vt 0.625 0.75
vt 0.625 0.4375
vt 0.3125 0.4375
vt 0 1
vt 0.25 1
vt 0.25 0.4375
vt 0 0.4375
vn -0.9679436594388293 0.13052619222005915 -0.2145879430366487
vn 0.21643961393808825 0 -0.9762960071199367
vn 0.9679436594388293 -0.13052619222005915 0.2145879430366487
vn -0.21643961393808825 0 0.9762960071199367
vn 0.12743220028901306 0.9914448613738095 0.028251038652918486
vn -0.12743220028901306 -0.9914448613738095 -0.028251038652918486
g Leaf
f 28/76/19 31/75/19 29/74/19 26/73/19
f 27/80/20 28/79/20 26/78/20 25/77/20
f 32/84/21 27/83/21 25/82/21 30/81/21
f 31/88/22 32/87/22 30/86/22 29/85/22
f 30/92/23 25/91/23 26/90/23 29/89/23
f 31/96/24 28/95/24 27/94/24 32/93/24
o cube
v -0.11306932438403705 0.012808117892562865 0.12205292194552542
v 0.12213039297571038 0.2565781033417577 0.37872837294930606
v -0.11306932438403705 0.012808117892562865 0.12205292194552542
v 0.12213039297571038 0.2565781033417577 0.37872837294930606
v 0.3571375440839367 0.2565781033417577 0.16338399427181383
v 0.12193782672418929 0.012808117892562865 -0.09329145673196693
v 0.3571375440839367 0.2565781033417577 0.16338399427181383
v 0.12193782672418929 0.012808117892562865 -0.09329145673196693
vt 0 1
vt 0.25 1
vt 0.25 1
vt 0 1
vt 0 1
vt 0.5625 1
vt 0.5625 1
vt 0 1
vt 0 1
vt 0.25 1
vt 0.25 1
vt 0 1
vt 0 1
vt 0.5625 1
vt 0.5625 1
vt 0 1
vt 0.3125 0.4375
vt 0.625 0.4375
vt 0.625 0
vt 0.3125 0
vt 0 1
vt 0.25 1
vt 0.25 0.4375
vt 0 0.4375
vn 0.553411099669994 0.5735764363510467 0.6039422376559548
vn -0.7372773368101221 0 0.6755902076156625
vn -0.553411099669994 -0.5735764363510467 -0.6039422376559548
vn 0.7372773368101221 0 -0.6755902076156625
vn -0.38750262371785554 0.8191520442889915 -0.42288490744994023
vn 0.38750262371785554 -0.8191520442889915 0.42288490744994023
g Leaf
f 36/100/25 39/99/25 37/98/25 34/97/25
f 35/104/26 36/103/26 34/102/26 33/101/26
f 40/108/27 35/107/27 33/106/27 38/105/27
f 39/112/28 40/111/28 38/110/28 37/109/28
f 38/116/29 33/115/29 34/114/29 37/113/29
f 39/120/30 36/119/30 35/118/30 40/117/30
o cube
v 0.1221077992296864 0.2565625086266794 0.3787037162021992
v 0.3301144961404491 0.33906107925310813 0.6057031928202525
v 0.1221077992296864 0.2565625086266794 0.3787037162021992
v 0.3301144961404491 0.33906107925310813 0.6057031928202525
v 0.5651216472486753 0.33906107925310824 0.3903588141427602
v 0.35711495033791274 0.2565625086266795 0.16335933752470688
v 0.5651216472486753 0.33906107925310824 0.3903588141427602
v 0.35711495033791274 0.2565625086266795 0.16335933752470688
vt 0 1
vt 0.25 1
vt 0.25 1
vt 0 1
vt 0 1
vt 0.5625 1
vt 0.5625 1
vt 0 1
vt 0 1
vt 0.25 1
vt 0.25 1
vt 0 1
vt 0 1
vt 0.5625 1
vt 0.5625 1
vt 0 1
vt 0.3125 0.75
vt 0.625 0.75
vt 0.625 0.4375
vt 0.3125 0.4375
vt 0 1
vt 0.25 1
vt 0.25 0.4375
vt 0 0.4375
vn 0.6525700295239617 0.2588190451025217 0.7121552207625207
vn -0.7372773368101221 0 0.6755902076156624
vn -0.6525700295239617 -0.2588190451025217 -0.7121552207625207
vn 0.7372773368101221 0 -0.6755902076156624
vn -0.17485561241570016 0.9659258262890681 -0.19082141628892596
vn 0.17485561241570016 -0.9659258262890681 0.19082141628892596
g Leaf
f 44/124/31 47/123/31 45/122/31 42/121/31
f 43/128/32 44/127/32 42/126/32 41/125/32
f 48/132/33 43/131/33 41/130/33 46/129/33
f 47/136/34 48/135/34 46/134/34 45/133/34
f 46/140/35 41/139/35 42/138/35 45/137/35
f 47/144/36 44/143/36 43/142/36 48/141/36
o cube
v 0.12044132610510883 -0.008444427973443858 0.11400779379742265
v 0.3626008019457595 0.21990790557395634 -0.1502629008019561
v 0.12044132610510883 -0.008444427973443858 0.11400779379742265
v 0.3626008019457595 0.21990790557395634 -0.1502629008019561
v 0.1275936508375336 0.21990790557395623 -0.3656072794794488
v -0.11456582500311718 -0.008444427973443969 -0.10133658488007014
v 0.1275936508375336 0.21990790557395623 -0.3656072794794488
v -0.11456582500311718 -0.008444427973443969 -0.10133658488007014
vt 0 1
vt 0.25 1
vt 0.25 1
vt 0 1
vt 0 1
vt 0.5625 1
vt 0.5625 1
vt 0 1
vt 0 1
vt 0.25 1
vt 0.25 1
vt 0 1
vt 0 1
vt 0.5625 1
vt 0.5625 1
vt 0 1
vt 0.3125 0.4375
vt 0.625 0.4375
vt 0.625 0
vt 0.3125 0
vt 0 1
vt 0.25 1
vt 0.25 0.4375
vt 0 0.4375
vn 0.569787001978002 0.5372996083468241 -0.6218133990573618
vn 0.737277336810121 0 0.6755902076156637
vn -0.569787001978002 -0.5372996083468241 0.6218133990573618
vn -0.737277336810121 0 -0.6755902076156637
vn -0.3629943539548458 0.8433914458128855 0.3961388243110673
vn 0.3629943539548458 -0.8433914458128855 -0.3961388243110673
g Leaf
f 52/148/37 55/147/37 53/146/37 50/145/37
f 51/152/38 52/151/38 50/150/38 49/149/38
f 56/156/39 51/155/39 49/154/39 54/153/39
f 55/160/40 56/159/40 54/158/40 53/157/40
f 54/164/41 49/163/41 50/162/41 53/161/41
f 55/168/42 52/167/42 51/166/42 56/165/42
o cube
v 0.3625777701459528 0.21989378446364682 -0.15023776600303201
v 0.572817627204512 0.2888839114064172 -0.3796743092746239
v 0.3625777701459528 0.21989378446364682 -0.15023776600303201
v 0.572817627204512 0.2888839114064172 -0.3796743092746239
v 0.3378104760962859 0.2888839114064171 -0.5950186879521167
v 0.12757061903772682 0.2198937844636466 -0.36558214468052475
v 0.3378104760962859 0.2888839114064171 -0.5950186879521167
v 0.12757061903772682 0.2198937844636466 -0.36558214468052475
vt 0 1
vt 0.25 1
vt 0.25 1
vt 0 1
vt 0 1
vt 0.5625 1
vt 0.5625 1
vt 0 1
vt 0 1
vt 0.25 1
vt 0.25 1
vt 0 1
vt 0 1
vt 0.5625 1
vt 0.5625 1
vt 0 1
vt 0.3125 0.75
vt 0.625 0.75
vt 0.625 0.4375
vt 0.3125 0.4375
vt 0 1
vt 0.25 1
vt 0.25 0.4375
vt 0 0.4375
vn 0.6595760221444992 0.2164396139381033 -0.7198009200677393
vn 0.7372773368101209 0 0.6755902076156637
vn -0.6595760221444992 -0.2164396139381033 0.7198009200677393
vn -0.7372773368101209 0 -0.6755902076156637
vn -0.1462244837166976 0.9762960071199334 0.15957602214449543
vn 0.1462244837166976 -0.9762960071199334 -0.15957602214449543
g Leaf
f 60/172/43 63/171/43 61/170/43 58/169/43
f 59/176/44 60/175/44 58/174/44 57/173/44
f 64/180/45 59/179/45 57/178/45 62/177/45
f 63/184/46 64/183/46 62/182/46 61/181/46
f 62/188/47 57/187/47 58/186/47 61/185/47
f 63/192/48 60/191/48 59/190/48 64/189/48
o cube
v -0.15382591698455722 0.001058495389015257 -0.03258800490957159
v -0.25521644593926257 0.25978210271772095 0.28898166973203177
v -0.15382591698455722 0.001058495389015257 -0.03258800490957159
v -0.25521644593926257 0.25978210271772095 0.28898166973203177
v 0.048780832111735006 0.25978210271772095 0.38483164332401787
v 0.15017136106644036 0.001058495389015257 0.06326196868241452
v 0.048780832111735006 0.25978210271772095 0.38483164332401787
v 0.15017136106644036 0.001058495389015257 0.06326196868241452
vt 0 1
vt 0.25 1
vt 0.25 1
vt 0 1
vt 0 1
vt 0.5625 1
vt 0.5625 1
vt 0 1
vt 0 1
vt 0.25 1
vt 0.25 1
vt 0 1
vt 0 1
vt 0.5625 1
vt 0.5625 1
vt 0 1
vt 0.3125 0.4375
vt 0.625 0.4375
vt 0.625 0
vt 0.3125 0
vt 0 1
vt 0.25 1
vt 0.25 0.4375
vt 0 0.4375
vn -0.23856595048165963 0.6087614290087194 0.7566345285684788
vn -0.9537169507482279 0 -0.30070579950427034
vn 0.23856595048165963 -0.6087614290087194 -0.7566345285684788
vn 0.9537169507482279 0 0.30070579950427034
vn 0.18305809221742902 0.793353340291236 -0.5805860938073298
vn -0.18305809221742902 -0.793353340291236 0.5805860938073298
g Leaf
f 68/196/49 71/195/49 69/194/49 66/193/49
f 67/200/50 68/199/50 66/198/50 65/197/50
f 72/204/51 67/203/51 65/202/51 70/201/51
f 71/208/52 72/207/52 70/206/52 69/205/52
f 70/212/53 65/211/53 66/210/53 69/209/53
f 71/216/54 68/215/54 67/214/54 72/213/54
o cube
v -0.2552066035641441 0.2597650640833007 0.28895045370626327
v -0.34662034810759124 0.35561503767528724 0.5788778107648216
v -0.2552066035641441 0.2597650640833007 0.28895045370626327
v -0.34662034810759124 0.35561503767528724 0.5788778107648216
v -0.04262307005659366 0.35561503767528735 0.6747277843568078
v 0.04879067448685348 0.2597650640833007 0.38480042729824937
v -0.04262307005659366 0.35561503767528735 0.6747277843568078
v 0.04879067448685348 0.2597650640833007 0.38480042729824937
vt 0 1
vt 0.25 1
vt 0.25 1
vt 0 1
vt 0 1
vt 0.5625 1
vt 0.5625 1
vt 0 1
vt 0 1
vt 0.25 1
vt 0.25 1
vt 0 1
vt 0 1
vt 0.5625 1
vt 0.5625 1
vt 0 1
vt 0.3125 0.75
vt 0.625 0.75
vt 0.625 0.4375
vt 0.3125 0.4375
vt 0 1
vt 0.25 1
vt 0.25 0.4375
vt 0 0.4375
vn -0.28678821817552047 0.30070579950427173 0.9095760221444971
vn -0.9537169507482279 0 -0.30070579950427034
vn 0.28678821817552047 -0.30070579950427173 -0.9095760221444971
vn 0.9537169507482279 0 0.30070579950427034
vn 0.09042397785550277 0.9537169507482275 -0.2867882181755222
vn -0.09042397785550277 -0.9537169507482275 0.2867882181755222
g Leaf
f 76/220/55 79/219/55 77/218/55 74/217/55
f 75/224/56 76/223/56 74/222/56 73/221/56
f 80/228/57 75/227/57 73/226/57 78/225/57
f 79/232/58 80/231/58 78/230/58 77/229/58
f 78/236/59 73/235/59 74/234/59 77/233/59
f 79/240/60 76/239/60 75/238/60 80/237/60
o cube
v -0.10430195950204785 0.0030666744320460015 -0.11131248594887722
v -0.3095611975884744 0.34024184405582103 0.04618846696683765
v -0.10430195950204785 0.0030666744320460015 -0.11131248594887722
v -0.3095611975884744 0.34024184405582103 0.04618846696683765
v -0.11551849209194387 0.34024184405582114 0.2990698441846684
v 0.08974074599448267 0.0030666744320460015 0.14156889126895345
v -0.11551849209194387 0.34024184405582114 0.2990698441846684
v 0.08974074599448267 0.0030666744320460015 0.14156889126895345
vt 0 1
vt 0.25 1
vt 0.25 1
vt 0 1
vt 0 1
vt 0.5625 1
vt 0.5625 1
vt 0 1
vt 0 1
vt 0.25 1
vt 0.25 1
vt 0 1
vt 0 1
vt 0.5625 1
vt 0.5625 1
vt 0 1
vt 0.3125 0.4375
vt 0.625 0.4375
vt 0.625 0
vt 0.3125 0
vt 0 1
vt 0.25 1
vt 0.25 0.4375
vt 0 0.4375
vn -0.48296291314453277 0.7933533402912355 0.3705904774487407
vn -0.608761429008723 0 -0.7933533402912335
vn 0.48296291314453277 -0.7933533402912355 -0.3705904774487407
vn 0.608761429008723 0 0.7933533402912335
vn 0.629409522551259 0.6087614290087204 -0.48296291314453615
vn -0.629409522551259 -0.6087614290087204 0.48296291314453615
g Leaf
f 84/244/61 87/243/61 85/242/61 82/241/61
f 83/248/62 84/247/62 82/246/62 81/245/62
f 88/252/63 83/251/63 81/250/63 86/249/63
f 87/256/64 88/255/64 86/254/64 85/253/64
f 86/260/65 81/259/65 82/258/65 85/257/65
f 87/264/66 84/263/66 83/262/66 88/261/66
o cube
v -0.30953961384732387 0.34021691461535164 0.04617190517975134
v -0.5228176041982238 0.5114811647759019 0.20982586311791418
v -0.30953961384732387 0.34021691461535164 0.04617190517975134
v -0.5228176041982238 0.5114811647759019 0.20982586311791418
v -0.3287748987016933 0.5114811647759019 0.46270724033574484
v -0.1154969083507934 0.34021691461535164 0.2990532823975821
v -0.3287748987016933 0.5114811647759019 0.46270724033574484
v -0.1154969083507934 0.34021691461535164 0.2990532823975821
vt 0 1
vt 0.25 1
vt 0.25 1
vt 0 1
vt 0 1
vt 0.5625 1
vt 0.5625 1
vt 0 1
vt 0 1
vt 0.25 1
vt 0.25 1
vt 0 1
vt 0 1
vt 0.5625 1
vt 0.5625 1
vt 0 1
vt 0.3125 0.75
vt 0.625 0.75
vt 0.625 0.4375
vt 0.3125 0.4375
vt 0 1
vt 0.25 1
vt 0.25 0.4375
vt 0 0.4375
vn -0.6691074207087054 0.5372996083468243 0.5134241817667851
vn -0.608761429008723 0 -0.7933533402912334
vn 0.6691074207087054 -0.5372996083468243 -0.5134241817667851
vn 0.608761429008723 0 0.7933533402912334
vn 0.4262684390191245 0.8433914458128855 -0.32708727738304005
vn -0.4262684390191245 -0.8433914458128855 0.32708727738304005
g Leaf
f 92/268/67 95/267/67 93/266/67 90/265/67
f 91/272/68 92/271/68 90/270/68 89/269/68
f 96/276/69 91/275/69 89/274/69 94/273/69
f 95/280/70 96/279/70 94/278/70 93/277/70
f 94/284/71 89/283/71 90/282/71 93/281/71
f 95/288/72 92/287/72 91/286/72 96/285/72
o cube
v -0.14306902576213326 0.00482387632212522 0.08060935931289581
v -0.06797001947602654 0.3818034804228695 0.2619143988095556
v -0.14306902576213326 0.00482387632212522 0.08060935931289581
v -0.06797001947602654 0.3818034804228695 0.2619143988095556
v 0.22651658151194565 0.3818034804228695 0.13993405474318243
v 0.15141757522583899 0.004823876322125331 -0.041370984753477336
v 0.22651658151194565 0.3818034804228695 0.13993405474318243
v 0.15141757522583899 0.004823876322125331 -0.041370984753477336
vt 0 1
vt 0.25 1
vt 0.25 1
vt 0 1
vt 0 1
vt 0.5625 1
vt 0.5625 1
vt 0 1
vt 0 1
vt 0.25 1
vt 0.25 1
vt 0 1
vt 0 1
vt 0.5625 1
vt 0.5625 1
vt 0 1
vt 0.3125 0.4375
vt 0.625 0.4375
vt 0.625 0
vt 0.3125 0
vt 0 1
vt 0.25 1
vt 0.25 0.4375
vt 0 0.4375
vn 0.176703544202604 0.8870108331782219 0.4266000929333174
vn -0.9238795325112859 0 0.3826834323650923
vn -0.176703544202604 -0.8870108331782219 -0.4266000929333174
vn 0.9238795325112859 0 -0.3826834323650923
vn -0.33944435018566227 0.46174861323503363 -0.8194911538891417
vn 0.33944435018566227 -0.46174861323503363 0.8194911538891417
g Leaf
f 100/292/73 103/291/73 101/290/73 98/289/73
f 99/296/74 100/295/74 98/294/74 97/293/74
f 104/300/75 99/299/75 97/298/75 102/297/75
f 103/304/76 104/303/76 102/302/76 101/301/76
f 102/308/77 97/307/77 98/306/77 101/305/77
f 103/312/78 100/311/78 99/310/78 104/309/78
o cube
v -0.06797861586331783 0.3817742054945992 0.2618936452947698
v 0.021954727353120207 0.5971185841720907 0.47901194219744736
v -0.06797861586331783 0.3817742054945992 0.2618936452947698
v 0.021954727353120207 0.5971185841720907 0.47901194219744736
v 0.3164413283410925 0.597118584172091 0.3570315981310742
v 0.22650798512465442 0.3817742054945993 0.13991330122839662
v 0.3164413283410925 0.597118584172091 0.3570315981310742
v 0.22650798512465442 0.3817742054945993 0.13991330122839662
vt 0 1
vt 0.25 1
vt 0.25 1
vt 0 1
vt 0 1
vt 0.5625 1
vt 0.5625 1
vt 0 1
vt 0 1
vt 0.25 1
vt 0.25 1
vt 0 1
vt 0 1
vt 0.5625 1
vt 0.5625 1
vt 0 1
vt 0.3125 0.75
vt 0.625 0.75
vt 0.625 0.4375
vt 0.3125 0.4375
vt 0 1
vt 0.25 1
vt 0.25 0.4375
vt 0 0.4375
vn 0.2821438218554922 0.6755902076156607 0.6811554412633029
vn -0.9238795325112859 0 0.3826834323650923
vn -0.2821438218554922 -0.6755902076156607 -0.6811554412633029
vn 0.9238795325112859 0 -0.3826834323650923
vn -0.2585371795226064 0.7372773368101238 -0.624163965181159
vn 0.2585371795226064 -0.7372773368101238 0.624163965181159
g Leaf
f 108/316/79 111/315/79 109/314/79 106/313/79
f 107/320/80 108/319/80 106/318/80 105/317/80
f 112/324/81 107/323/81 105/322/81 110/321/81
f 111/328/82 112/327/82 110/326/82 109/325/82
f 110/332/83 105/331/83 106/330/83 109/329/83
f 111/336/84 108/335/84 107/334/84 112/333/84
o cube
v 0.05701467903089941 0.0010201988419439312 0.15867426668154894
v 0.2895022462374466 0.3491598176647639 0.08537121831190209
v 0.05701467903089941 0.0010201988419439312 0.15867426668154894
v 0.2895022462374466 0.3491598176647639 0.08537121831190209
v 0.19365227264545837 0.34915981766476367 -0.21862605973909488
v -0.03883529456108875 0.0010201988419437091 -0.14532301136944803
v 0.19365227264545837 0.34915981766476367 -0.21862605973909488
v -0.03883529456108875 0.0010201988419437091 -0.14532301136944803
vt 0 1
vt 0.25 1
vt 0.25 1
vt 0 1
vt 0 1
vt 0.5625 1
vt 0.5625 1
vt 0 1
vt 0 1
vt 0.25 1
vt 0.25 1
vt 0 1
vt 0 1
vt 0.5625 1
vt 0.5625 1
vt 0 1
vt 0.3125 0.4375
vt 0.625 0.4375
vt 0.625 0
vt 0.3125 0
vt 0 1
vt 0.25 1
vt 0.25 0.4375
vt 0 0.4375
vn 0.5470295698977581 0.8191520442889884 -0.1724777608697572
vn 0.30070579950427634 0 0.9537169507482259
vn -0.5470295698977581 -0.8191520442889884 0.1724777608697572
vn -0.30070579950427634 0 -0.9537169507482259
vn -0.7812391898784699 0.573576436351051 0.2463237703934823
vn 0.7812391898784699 -0.573576436351051 -0.2463237703934823
g Leaf
f 116/340/85 119/339/85 117/338/85 114/337/85
f 115/344/86 116/343/86 114/342/86 113/341/86
f 120/348/87 115/347/87 113/346/87 118/345/87
f 119/352/88 120/351/88 118/350/88 117/349/88
f 118/356/89 113/355/89 114/354/89 117/353/89
f 119/360/90 116/359/90 115/358/90 120/357/90
o cube
v 0.2894773614641417 0.34913372525518116 0.08537906445078669
v 0.5384973532379058 0.5319612143420756 0.006863362637863246
v 0.2894773614641417 0.34913372525518116 0.08537906445078669
v 0.5384973532379058 0.5319612143420756 0.006863362637863246
v 0.4426473796459178 0.5319612143420753 -0.29713391541313366
v 0.1936273878721535 0.34913372525518094 -0.21861821360021028
v 0.4426473796459178 0.5319612143420753 -0.29713391541313366
v 0.1936273878721535 0.34913372525518094 -0.21861821360021028
vt 0 1
vt 0.25 1
vt 0.25 1
vt 0 1
vt 0 1
vt 0.5625 1
vt 0.5625 1
vt 0 1
vt 0 1
vt 0.25 1
vt 0.25 1
vt 0 1
vt 0 1
vt 0.5625 1
vt 0.5625 1
vt 0 1
vt 0.3125 0.75
vt 0.625 0.75
vt 0.625 0.4375
vt 0.3125 0.4375
vt 0 1
vt 0.25 1
vt 0.25 0.4375
vt 0 0.4375
vn 0.7812391898784761 0.573576436351041 -0.24632377039348524
vn 0.3007057995042764 0 0.9537169507482259
vn -0.7812391898784761 -0.573576436351041 0.24632377039348524
vn -0.3007057995042764 0 -0.9537169507482259
vn -0.5470295698977492 0.8191520442889954 0.17247776086975297
vn 0.5470295698977492 -0.8191520442889954 -0.17247776086975297
g Leaf
f 124/364/91 127/363/91 125/362/91 122/361/91
f 123/368/92 124/367/92 122/366/92 121/365/92
f 128/372/93 123/371/93 121/370/93 126/369/93
f 127/376/94 128/375/94 126/374/94 125/373/94
f 126/380/95 121/379/95 122/378/95 125/377/95
f 127/384/96 124/383/96 123/382/96 128/381/96
o cube
v 0.109875698473899 0.005308249333939252 -0.10645495994994525
v -0.011468918325402255 0.3904890588245147 -0.23887938358099514
v 0.109875698473899 0.005308249333939252 -0.10645495994994525
v -0.011468918325402255 0.3904890588245147 -0.23887938358099514
v -0.24647607303390134 0.3904890629136589 -0.023535008832511084
v -0.1251314562346001 0.005308253423083498 0.10888941479853886
v -0.24647607303390134 0.3904890629136589 -0.023535008832511084
v -0.1251314562346001 0.005308253423083498 0.10888941479853886
vt 0 1
vt 0.25 1
vt 0.25 1
vt 0 1
vt 0 1
vt 0.5625 1
vt 0.5625 1
vt 0 1
vt 0 1
vt 0.25 1
vt 0.25 1
vt 0 1
vt 0 1
vt 0.5625 1
vt 0.5625 1
vt 0 1
vt 0.3125 0.4375
vt 0.625 0.4375
vt 0.625 0
vt 0.3125 0
vt 0 1
vt 0.25 1
vt 0.25 0.4375
vt 0 0.4375
vn -0.28551674541012056 0.9063077870366482 -0.31158687913188204
vn 0.7372773481050954 0 -0.6755901952893619
vn 0.28551674541012056 -0.9063077870366482 0.31158687913188204
vn -0.7372773481050954 0 0.6755901952893619
vn 0.6122926588336092 0.42261826174070327 0.6682001981305722
vn -0.6122926588336092 -0.42261826174070327 -0.6682001981305722
g Leaf
f 132/388/97 135/387/97 133/386/97 130/385/97
f 131/392/98 132/391/98 130/390/98 129/389/98
f 136/396/99 131/395/99 129/394/99 134/393/99
f 135/400/100 136/399/100 134/398/100 133/397/100
f 134/404/101 129/403/101 130/402/101 133/401/101
f 135/408/102 132/407/102 131/406/102 136/405/102
o cube
v -0.01145461938632425 0.39045883191788777 -0.23886377902612532
v -0.163726084929546 0.6158491184210988 -0.40503893370130484
v -0.01145461938632425 0.39045883191788777 -0.23886377902612532
v -0.163726084929546 0.6158491184210988 -0.40503893370130484
v -0.3987332396380451 0.6158491225102432 -0.18969455895282084
v -0.24646177409482334 0.390458836007032 -0.02351940427764121
v -0.3987332396380451 0.6158491225102432 -0.18969455895282084
v -0.24646177409482334 0.390458836007032 -0.02351940427764121
vt 0 1
vt 0.25 1
vt 0.25 1
vt 0 1
vt 0 1
vt 0.5625 1
vt 0.5625 1
vt 0 1
vt 0 1
vt 0.25 1
vt 0.25 1
vt 0 1
vt 0 1
vt 0.5625 1
vt 0.5625 1
vt 0 1
vt 0.3125 0.75
vt 0.625 0.75
vt 0.625 0.4375
vt 0.3125 0.4375
vt 0 1
vt 0.25 1
vt 0.25 0.4375
vt 0 0.4375
vn -0.4777144017042249 0.7071067811865446 -0.5213338185887988
vn 0.7372773481050953 0 -0.6755901952893618
vn 0.4777144017042249 -0.7071067811865446 0.5213338185887988
vn -0.7372773481050953 0 0.6755901952893618
vn 0.47771441508027845 0.7071067811865503 0.5213338063318965
vn -0.47771441508027845 -0.7071067811865503 -0.5213338063318965
g Leaf
f 140/412/103 143/411/103 141/410/103 138/409/103
f 139/416/104 140/415/104 138/414/104 137/413/104
f 144/420/105 139/419/105 137/418/105 142/417/105
f 143/424/106 144/423/106 142/422/106 141/421/106
f 142/428/107 137/427/107 138/426/107 141/425/107
f 143/432/108 140/431/108 139/430/108 144/429/108
o cube
v -0.15416500465794014 0.007954179177025456 -0.032874860499185754
v -0.18562635546463657 0.42287998220299705 0.053564490427753686
v -0.15416500465794014 0.007954179177025456 -0.032874860499185754
v -0.18562635546463657 0.42287998220299705 0.053564490427753686
v 0.11390066741087201 0.42287998220299716 0.16258341111280983
v 0.14536201821756833 0.007954179177025567 0.07614406018587039
v 0.11390066741087201 0.42287998220299716 0.16258341111280983
v 0.14536201821756833 0.007954179177025567 0.07614406018587039
vt 0 1
vt 0.25 1
vt 0.25 1
vt 0 1
vt 0 1
vt 0.5625 1
vt 0.5625 1
vt 0 1
vt 0 1
vt 0.25 1
vt 0.25 1
vt 0 1
vt 0 1
vt 0.5625 1
vt 0.5625 1
vt 0 1
vt 0.3125 0.4375
vt 0.625 0.4375
vt 0.625 0
vt 0.3125 0
vt 0 1
vt 0.25 1
vt 0.25 0.4375
vt 0 0.4375
vn -0.07402670778046222 0.9762960071199331 0.20338670806338707
vn -0.9396926207859094 0 -0.3420201433256663
vn 0.07402670778046222 -0.9762960071199331 -0.20338670806338707
vn 0.9396926207859094 0 0.3420201433256663
vn 0.3339129002834353 0.21643961393810357 -0.9174181535933489
vn -0.3339129002834353 -0.21643961393810357 0.9174181535933489
g Red_Leaf
f 148/436/109 151/435/109 149/434/109 146/433/109
f 147/440/110 148/439/110 146/438/110 145/437/110
f 152/444/111 147/443/111 145/442/111 150/441/111
f 151/448/112 152/447/112 150/446/112 149/445/112
f 150/452/113 145/451/113 146/450/113 149/449/113
f 151/456/114 148/455/114 147/454/114 152/453/114
o cube
v -0.18562152576046453 0.4228458908269719 0.05355122092459852
v -0.2441973491469387 0.6916769141798289 0.2144869730048995
v -0.18562152576046453 0.4228458908269719 0.05355122092459852
v -0.2441973491469387 0.6916769141798289 0.2144869730048995
v 0.055329673728569784 0.6916769141798289 0.3235058936899555
v 0.11390549711504394 0.4228458908269719 0.16257014160965455
v 0.055329673728569784 0.6916769141798289 0.3235058936899555
v 0.11390549711504394 0.4228458908269719 0.16257014160965455
vt 0 1
vt 0.25 1
vt 0.25 1
vt 0 1
vt 0 1
vt 0.5625 1
vt 0.5625 1
vt 0 1
vt 0 1
vt 0.25 1
vt 0.25 1
vt 0 1
vt 0 1
vt 0.5625 1
vt 0.5625 1
vt 0 1
vt 0.3125 0.75
vt 0.625 0.75
vt 0.625 0.4375
vt 0.3125 0.4375
vt 0 1
vt 0.25 1
vt 0.25 0.4375
vt 0 0.4375
vn -0.18376728905560535 0.8433914458128852 0.5048964771146701
vn -0.9396926207859094 0 -0.3420201433256663
vn 0.18376728905560535 -0.8433914458128852 -0.5048964771146701
vn 0.9396926207859094 0 0.3420201433256663
vn 0.28845686317656394 0.5372996083468243 -0.7925287180643277
vn -0.28845686317656394 -0.5372996083468243 0.7925287180643277
g Red_Leaf
f 156/460/115 159/459/115 157/458/115 154/457/115
f 155/464/116 156/463/116 154/462/116 153/461/116
f 160/468/117 155/467/117 153/466/117 158/465/117
f 159/472/118 160/471/118 158/470/118 157/469/118
f 158/476/119 153/475/119 154/474/119 157/473/119
f 159/480/120 156/479/120 155/478/120 160/477/120
o cube
v 0.159565589143025 -0.005855242257755688 0.008653962432105922
v 0.1720898423036663 0.30748762588654477 -0.27819859562842764
v 0.159565589143025 -0.005855242257755688 0.008653962432105922
v 0.1720898423036663 0.30748762588654477 -0.27819859562842764
v -0.14635677832555083 0.3074876258865453 -0.2921022753511276
v -0.1588810314861922 -0.005855242257755078 -0.00524971729059398
v -0.14635677832555083 0.3074876258865453 -0.2921022753511276
v -0.1588810314861922 -0.005855242257755078 -0.00524971729059398
vt 0 1
vt 0.25 1
vt 0.25 1
vt 0 1
vt 0 1
vt 0.5625 1
vt 0.5625 1
vt 0 1
vt 0 1
vt 0.25 1
vt 0.25 1
vt 0 1
vt 0 1
vt 0.5625 1
vt 0.5625 1
vt 0 1
vt 0.3125 0.4375
vt 0.625 0.4375
vt 0.625 0
vt 0.3125 0
vt 0 1
vt 0.25 1
vt 0.25 0.4375
vt 0 0.4375
vn 0.02946883096621493 0.7372773368101186 -0.6749471954365495
vn 0.9990482215818579 0 0.04361938736533314
vn -0.02946883096621493 -0.7372773368101186 0.6749471954365495
vn -0.9990482215818579 0 -0.04361938736533314
vn -0.03215958575000052 0.6755902076156663 0.7365756121527574
vn 0.03215958575000052 -0.6755902076156663 -0.7365756121527574
g Red_Leaf
f 164/484/121 167/483/121 165/482/121 162/481/121
f 163/488/122 164/487/122 162/486/122 161/485/122
f 168/492/123 163/491/123 161/490/123 166/489/123
f 167/496/124 168/495/124 166/494/124 165/493/124
f 166/500/125 161/499/125 162/498/125 165/497/125
f 167/504/126 164/503/126 163/502/126 168/501/126
o cube
v 0.17208856534923 0.3074651624440118 -0.27816934856340225
v 0.18442127988430557 0.45464753291267646 -0.5606349508505144
v 0.17208856534923 0.3074651624440118 -0.27816934856340225
v 0.18442127988430557 0.45464753291267646 -0.5606349508505144
v -0.13402534074491163 0.4546475329126771 -0.5745386305732144
v -0.14635805527998713 0.30746516244401234 -0.2920730282861022
v -0.13402534074491163 0.4546475329126771 -0.5745386305732144
v -0.14635805527998713 0.30746516244401234 -0.2920730282861022
vt 0 1
vt 0.25 1
vt 0.25 1
vt 0 1
vt 0 1
vt 0.5625 1
vt 0.5625 1
vt 0 1
vt 0 1
vt 0.25 1
vt 0.25 1
vt 0 1
vt 0 1
vt 0.5625 1
vt 0.5625 1
vt 0 1
vt 0.3125 0.75
vt 0.625 0.75
vt 0.625 0.4375
vt 0.3125 0.4375
vt 0 1
vt 0.25 1
vt 0.25 0.4375
vt 0 0.4375
vn 0.038690869129648746 0.4617486132350268 -0.8861665954105482
vn 0.9990482215818579 0 0.04361938736533314
vn -0.038690869129648746 -0.4617486132350268 0.8861665954105482
vn -0.9990482215818579 0 -0.04361938736533314
vn -0.020141191626102412 0.8870108331782255 0.4613091308703427
vn 0.020141191626102412 -0.8870108331782255 -0.4613091308703427
g Red_Leaf
f 172/508/127 175/507/127 173/506/127 170/505/127
f 171/512/128 172/511/128 170/510/128 169/509/128
f 176/516/129 171/515/129 169/514/129 174/513/129
f 175/520/130 176/519/130 174/518/130 173/517/130
f 174/524/131 169/523/131 170/522/131 173/521/131
f 175/528/132 172/527/132 171/526/132 176/525/132
o cube
v 0.01784936349198718 0.004823876322124887 0.16828911076652597
v 0.213905744111889 0.3818034804228674 0.1597291043254313
v 0.01784936349198718 0.004823876322124887 0.16828911076652597
v 0.213905744111889 0.3818034804228674 0.1597291043254313
v 0.20000206438918766 0.38180348042286794 -0.1587175163037859
v 0.003945683769285724 0.004823876322125442 -0.15015750986269116
v 0.20000206438918766 0.38180348042286794 -0.1587175163037859
v 0.003945683769285724 0.004823876322125442 -0.15015750986269116
vt 0 1
vt 0.25 1
vt 0.25 1
vt 0 1
vt 0 1
vt 0.5625 1
vt 0.5625 1
vt 0 1
vt 0 1
vt 0.25 1
vt 0.25 1
vt 0 1
vt 0 1
vt 0.5625 1
vt 0.5625 1
vt 0 1
vt 0.3125 0.4375
vt 0.625 0.4375
vt 0.625 0
vt 0.3125 0
vt 0 1
vt 0.25 1
vt 0.25 0.4375
vt 0 0.4375
vn 0.46130913087035746 0.8870108331782177 -0.02014119162610514
vn 0.04361938736533776 0 0.9990482215818577
vn -0.46130913087035746 -0.8870108331782177 0.02014119162610514
vn -0.04361938736533776 0 -0.9990482215818577
vn -0.8861665954105401 0.46174861323504174 0.038690869129652423
vn 0.8861665954105401 -0.46174861323504174 -0.038690869129652423
g Red_Leaf
f 180/532/133 183/531/133 181/530/133 178/529/133
f 179/536/134 180/535/134 178/534/134 177/533/134
f 184/540/135 179/539/135 177/538/135 182/537/135
f 183/544/136 184/543/136 182/542/136 181/541/136
f 182/548/137 177/547/137 178/546/137 181/545/137
f 183/552/138 180/551/138 179/550/138 184/549/138
o cube
v 0.21388330204957595 0.38177420549459706 0.1597300841670326
v 0.44866677842327096 0.5971185841720867 0.14947921620921878
v 0.21388330204957595 0.38177420549459706 0.1597300841670326
v 0.44866677842327096 0.5971185841720867 0.14947921620921878
v 0.4347630987005696 0.5971185841720874 -0.16896740441999836
v 0.1999796223268746 0.3817742054945976 -0.15871653646218442
v 0.4347630987005696 0.5971185841720874 -0.16896740441999836
v 0.1999796223268746 0.3817742054945976 -0.15871653646218442
vt 0 1
vt 0.25 1
vt 0.25 1
vt 0 1
vt 0 1
vt 0.5625 1
vt 0.5625 1
vt 0 1
vt 0 1
vt 0.25 1
vt 0.25 1
vt 0 1
vt 0 1
vt 0.5625 1
vt 0.5625 1
vt 0 1
vt 0.3125 0.75
vt 0.625 0.75
vt 0.625 0.4375
vt 0.3125 0.4375
vt 0 1
vt 0.25 1
vt 0.25 0.4375
vt 0 0.4375
vn 0.7365756121527686 0.6755902076156539 -0.03215958575000434
vn 0.04361938736533777 0 0.9990482215818577
vn -0.7365756121527686 -0.6755902076156539 0.03215958575000434
vn -0.04361938736533777 0 -0.9990482215818577
vn -0.6749471954365369 0.73727733681013 0.02946883096621745
vn 0.6749471954365369 -0.73727733681013 -0.02946883096621745
g Red_Leaf
f 188/556/139 191/555/139 189/554/139 186/553/139
f 187/560/140 188/559/140 186/558/140 185/557/140
f 192/564/141 187/563/141 185/562/141 190/561/141
f 191/568/142 192/567/142 190/566/142 189/565/142
f 190/572/143 185/571/143 186/570/143 189/569/143
f 191/576/144 188/575/144 187/574/144 192/573/144
o cube
v 0.07787169153044093 0.02221930538761152 0.12194471203302004
v 0.11746136438432009 0.43418762238122355 0.025302259680165418
v 0.07787169153044093 0.02221930538761152 0.12194471203302004
v 0.11746136438432009 0.43418762238122355 0.025302259680165418
v -0.11370389967086636 0.4053649794397808 -0.19226023352159494
v -0.1532935725247455 -0.0066033375538312455 -0.09561778116874031
v -0.11370389967086636 0.4053649794397808 -0.19226023352159494
v -0.1532935725247455 -0.0066033375538312455 -0.09561778116874031
vt 0 1
vt 0.25 1
vt 0.25 1
vt 0 1
vt 0 1
vt 0.5625 1
vt 0.5625 1
vt 0 1
vt 0 1
vt 0.25 1
vt 0.25 1
vt 0 1
vt 0 1
vt 0.5625 1
vt 0.5625 1
vt 0 1
vt 0.3125 0.4375
vt 0.625 0.4375
vt 0.625 0
vt 0.3125 0
vt 0 1
vt 0.25 1
vt 0.25 0.4375
vt 0 0.4375
vn 0.09315217142089177 0.9693372164555574 -0.22739400553612835
vn 0.7252243578201928 0.09042397785550645 0.6825489982800325
vn -0.09315217142089177 -0.9693372164555574 0.22739400553612835
vn -0.7252243578201928 -0.09042397785550645 -0.6825489982800325
vn -0.6821820166083696 0.22849259292803983 0.6945637704294396
vn 0.6821820166083696 -0.22849259292803983 -0.6945637704294396
g Leaf
f 196/580/145 199/579/145 197/578/145 194/577/145
f 195/584/146 196/583/146 194/582/146 193/581/146
f 200/588/147 195/587/147 193/586/147 198/585/147
f 199/592/148 200/591/148 198/590/148 197/589/148
f 198/596/149 193/595/149 194/594/149 197/593/149
f 199/600/150 196/599/150 195/598/150 200/597/150
o cube
v 0.11745360807778904 0.43415386111654297 0.02531497362494406
v 0.2197259478192779 0.6995865358583635 -0.11851626847219049
v 0.11745360807778904 0.43415386111654297 0.02531497362494406
v 0.2197259478192779 0.6995865358583635 -0.11851626847219049
v -0.011439316235908548 0.6707638929169206 -0.33607876167395084
v -0.11371165597739735 0.4053312181751002 -0.1922475195768163
v -0.011439316235908548 0.6707638929169206 -0.33607876167395084
v -0.11371165597739735 0.4053312181751002 -0.1922475195768163
vt 0 1
vt 0.25 1
vt 0.25 1
vt 0 1
vt 0 1
vt 0.5625 1
vt 0.5625 1
vt 0 1
vt 0 1
vt 0.25 1
vt 0.25 1
vt 0 1
vt 0 1
vt 0.5625 1
vt 0.5625 1
vt 0 1
vt 0.3125 0.75
vt 0.625 0.75
vt 0.625 0.4375
vt 0.3125 0.4375
vt 0 1
vt 0.25 1
vt 0.25 0.4375
vt 0 0.4375
vn 0.32085439918898423 0.8327299599743383 -0.45123526932434366
vn 0.725224357820193 0.0904239778555065 0.6825489982800325
vn -0.32085439918898423 -0.8327299599743383 0.45123526932434366
vn -0.725224357820193 -0.0904239778555065 -0.6825489982800325
vn -0.6091814880192642 0.5462456571817519 0.5749031193729177
vn 0.6091814880192642 -0.5462456571817519 -0.5749031193729177
g Leaf
f 204/604/151 207/603/151 205/602/151 202/601/151
f 203/608/152 204/607/152 202/606/152 201/605/152
f 208/612/153 203/611/153 201/610/153 206/609/153
f 207/616/154 208/615/154 206/614/154 205/613/154
f 206/620/155 201/619/155 202/618/155 205/617/155
f 207/624/156 204/623/156 203/622/156 208/621/156
