# Made in Blockbench 4.9.3

o cube
v 0.07250000000000001 0.17942834572608635 0.17942834572608646
v 0.07250000000000001 0.17942834572608635 0.17942834572608646
v 0.07250000000000001 0 0
v 0.07250000000000001 0 0
v -0.07250000000000001 0.17942834572608635 0.17942834572608646
v -0.07250000000000001 0.17942834572608635 0.17942834572608646
v -0.07250000000000001 0 0
v -0.07250000000000001 0 0
vt 0 1
vt 0.125 1
vt 0.125 0.8125
vt 0 0.8125
vt 0 1
vt 0 1
vt 0 0.8125
vt 0 0.8125
vt 0.28125 1
vt 0.6875 1
vt 0.6875 0
vt 0.28125 0
vt 0 1
vt 0 1
vt 0 0.8125
vt 0 0.8125
vt 0 1
vt 0.125 1
vt 0.125 1
vt 0 1
vt 0 1
vt 0.125 1
vt 0.125 1
vt 0 1
vn 0 0.7071067811865476 -0.7071067811865475
vn 1 0 0
vn 0 -0.7071067811865476 0.7071067811865475
vn -1 0 0
vn 0 0.7071067811865475 0.7071067811865476
vn 0 -0.7071067811865475 -0.7071067811865476
g Stem
f 4/4/1 7/3/1 5/2/1 2/1/1
f 3/8/2 4/7/2 2/6/2 1/5/2
f 8/12/3 3/11/3 1/10/3 6/9/3
f 7/16/4 8/15/4 6/14/4 5/13/4
f 6/20/5 1/19/5 2/18/5 5/17/5
f 7/24/6 4/23/6 3/22/6 8/21/6
o cube
v 0.11781249999999999 0.15355320261420424 0.3613974123134297
v 0.11781249999999999 0.15355320261420424 0.3613974123134297
v 0.11781249999999999 0.2071728945725555 0.2464096118331548
v 0.11781249999999999 0.2071728945725555 0.2464096118331548
v -0.09968749999999998 0.15355320261420424 0.3613974123134297
v -0.09968749999999998 0.15355320261420424 0.3613974123134297
v -0.09968749999999998 0.2071728945725555 0.2464096118331548
v -0.09968749999999998 0.2071728945725555 0.2464096118331548
vt 0 1
vt 0.125 1
vt 0.125 0.8125
vt 0 0.8125
vt 0 1
vt 0 1
vt 0 0.8125
vt 0 0.8125
vt 0.09375 0.78125
vt 0.9375 0.78125
vt 0.9375 0.28125
vt 0.09375 0.28125
vt 0 1
vt 0 1
vt 0 0.8125
vt 0 0.8125
vt 0 1
vt 0.125 1
vt 0.125 1
vt 0 1
vt 0 1
vt 0.125 1
vt 0.125 1
vt 0 1
vn 0 0.9063077870366499 0.4226182617406993
vn 1 0 0
vn 0 -0.9063077870366499 -0.4226182617406993
vn -1 0 0
vn 0 -0.4226182617406993 0.9063077870366499
vn 0 0.4226182617406993 -0.9063077870366499
g Frond
f 12/28/7 15/27/7 13/26/7 10/25/7
f 11/32/8 12/31/8 10/30/8 9/29/8
f 16/36/9 11/35/9 9/34/9 14/33/9
f 15/40/10 16/39/10 14/38/10 13/37/10
f 14/44/11 9/43/11 10/42/11 13/41/11
f 15/48/12 12/47/12 11/46/12 16/45/12
o cube
v 0.11781249999999999 0.2071728945725554 0.24640961183315468
v 0.11781249999999999 0.2071728945725554 0.24640961183315468
v 0.11781249999999999 0.17942834572608635 0.17942834572608646
v 0.11781249999999999 0.17942834572608635 0.17942834572608646
v -0.09968749999999998 0.2071728945725554 0.24640961183315468
v -0.09968749999999998 0.2071728945725554 0.24640961183315468
v -0.09968749999999998 0.17942834572608635 0.17942834572608646
v -0.09968749999999998 0.17942834572608635 0.17942834572608646
vt 0 1
vt 0.125 1
vt 0.125 0.8125
vt 0 0.8125
vt 0 1
vt 0 1
vt 0 0.8125
vt 0 0.8125
vt 0.09375 0.28125
vt 0.9375 0.28125
vt 0.9375 0
vt 0.09375 0
vt 0 1
vt 0 1
vt 0 0.8125
vt 0 0.8125
vt 0 1
vt 0.125 1
vt 0.125 1
vt 0 1
vt 0 1
vt 0.125 1
vt 0.125 1
vt 0 1
vn 0 0.9238795325112867 -0.38268343236508967
vn 1 0 0
vn 0 -0.9238795325112867 0.38268343236508967
vn -1 0 0
vn 0 0.38268343236508967 0.9238795325112867
vn 0 -0.38268343236508967 -0.9238795325112867
g Frond
f 20/52/13 23/51/13 21/50/13 18/49/13
f 19/56/14 20/55/14 18/54/14 17/53/14
f 24/60/15 19/59/15 17/58/15 22/57/15
f 23/64/16 24/63/16 22/62/16 21/61/16
f 22/68/17 17/67/17 18/66/17 21/65/17
f 23/72/18 20/71/18 19/70/18 24/69/18
o cube
v 0.11965534102389619 0.17942834572608635 -0.1548808289315151
v 0.11965534102389619 0.17942834572608635 -0.1548808289315151
v -0.027323755181019482 0 -0.05196495780958288
v -0.027323755181019482 0 -0.05196495780958288
v 0.20282392429479779 0.17942834572608635 -0.036103782509611326
v 0.20282392429479779 0.17942834572608635 -0.036103782509611326
v 0.055844828089882226 0 0.06681208861232091
v 0.055844828089882226 0 0.06681208861232091
vt 0 1
vt 0.125 1
vt 0.125 0.8125
vt 0 0.8125
vt 0 1
vt 0 1
vt 0 0.8125
vt 0 0.8125
vt 0.28125 1
vt 0.6875 1
vt 0.6875 0
vt 0.28125 0
vt 0 1
vt 0 1
vt 0 0.8125
vt 0 0.8125
vt 0 1
vt 0.125 1
vt 0.125 1
vt 0 1
vt 0 1
vt 0.125 1
vt 0.125 1
vt 0 1
vn -0.5792279653395689 0.7071067811865479 0.4055797876726388
vn -0.5735764363510465 0 -0.8191520442889916
vn 0.5792279653395689 -0.7071067811865479 -0.4055797876726388
vn 0.5735764363510465 0 0.8191520442889916
vn 0.5792279653395694 0.7071067811865471 -0.40557978767263936
vn -0.5792279653395694 -0.7071067811865471 0.40557978767263936
g Stem
f 28/76/19 31/75/19 29/74/19 26/73/19
f 27/80/20 28/79/20 26/78/20 25/77/20
f 32/84/21 27/83/21 25/82/21 30/81/21
f 31/88/22 32/87/22 30/86/22 29/85/22
f 30/92/23 25/91/23 26/90/23 29/89/23
f 31/96/24 28/95/24 27/94/24 32/93/24
o cube
v 0.23366740265463137 0.13440038421051625 -0.29002928248543947
v 0.23366740265463137 0.13440038421051625 -0.29002928248543947
v 0.1485329998124093 0.20717289457255528 -0.23041753185433334
v 0.1485329998124093 0.20717289457255528 -0.23041753185433334
v 0.35842027756098394 0.13440038421051625 -0.11186371285258379
v 0.35842027756098394 0.13440038421051625 -0.11186371285258379
v 0.27328587471876187 0.20717289457255528 -0.05225196222147771
v 0.27328587471876187 0.20717289457255528 -0.05225196222147771
vt 0 1
vt 0.125 1
vt 0.125 0.8125
vt 0 0.8125
vt 0 1
vt 0 1
vt 0 0.8125
vt 0 0.8125
vt 0.09375 0.78125
vt 0.9375 0.78125
vt 0.9375 0.28125
vt 0.09375 0.28125
vt 0 1
vt 0 1
vt 0 0.8125
vt 0 0.8125
vt 0 1
vt 0.125 1
vt 0.125 1
vt 0 1
vt 0 1
vt 0.125 1
vt 0.125 1
vt 0 1
vn 0.4698463103929544 0.8191520442889916 -0.32898992833716606
vn -0.5735764363510465 0 -0.8191520442889916
vn -0.4698463103929544 -0.8191520442889916 0.32898992833716606
vn 0.5735764363510465 0 0.8191520442889916
vn 0.6710100716628341 -0.5735764363510464 -0.46984631039295444
vn -0.6710100716628341 0.5735764363510464 0.46984631039295444
g Frond
f 36/100/25 39/99/25 37/98/25 34/97/25
f 35/104/26 36/103/26 34/102/26 33/101/26
f 40/108/27 35/107/27 33/106/27 38/105/27
f 39/112/28 40/111/28 38/110/28 37/109/28
f 38/116/29 33/115/29 34/114/29 37/113/29
f 39/120/30 36/119/30 35/118/30 40/117/30
o cube
v 0.1485329998124093 0.20717289457255528 -0.2304175318543334
v 0.1485329998124093 0.20717289457255528 -0.2304175318543334
v 0.09366515875173942 0.17942834572608635 -0.19199865593836002
v 0.09366515875173942 0.17942834572608635 -0.19199865593836002
v 0.27328587471876187 0.20717289457255528 -0.052251962221477766
v 0.27328587471876187 0.20717289457255528 -0.052251962221477766
v 0.21841803365809187 0.17942834572608635 -0.013833086305504394
v 0.21841803365809187 0.17942834572608635 -0.013833086305504394
vt 0 1
vt 0.125 1
vt 0.125 0.8125
vt 0 0.8125
vt 0 1
vt 0 1
vt 0 0.8125
vt 0 0.8125
vt 0.09375 0.28125
vt 0.9375 0.28125
vt 0.9375 0
vt 0.09375 0
vt 0 1
vt 0 1
vt 0 0.8125
vt 0 0.8125
vt 0 1
vt 0.125 1
vt 0.125 1
vt 0 1
vt 0 1
vt 0.125 1
vt 0.125 1
vt 0 1
vn -0.3134759159373912 0.923879532511287 0.21949819938655465
vn -0.5735764363510464 0 -0.8191520442889916
vn 0.3134759159373912 -0.923879532511287 -0.21949819938655465
vn 0.5735764363510464 0 0.8191520442889916
vn 0.7567978077333786 0.38268343236508917 -0.5299155298754946
vn -0.7567978077333786 -0.38268343236508917 0.5299155298754946
g Frond
f 44/124/31 47/123/31 45/122/31 42/121/31
f 43/128/32 44/127/32 42/126/32 41/125/32
f 48/132/33 43/131/33 41/130/33 46/129/33
f 47/136/34 48/135/34 46/134/34 45/133/34
f 46/140/35 41/139/35 42/138/35 45/137/35
f 47/144/36 44/143/36 43/142/36 48/141/36
o cube
v 0.20189582228433545 0.16310735595795933 0.06800499360664003
v 0.20189582228433545 0.16310735595795933 0.06800499360664003
v 0.047680803152740925 0 -0.05032835252472512
v 0.047680803152740925 0 -0.05032835252472512
v 0.11362541507807056 0.16310735595795933 0.1830412279488688
v 0.11362541507807056 0.16310735595795933 0.1830412279488688
v -0.04058960405352402 0 0.06470788181750364
v -0.04058960405352402 0 0.06470788181750364
vt 0 1
vt 0.125 1
vt 0.125 0.8125
vt 0 0.8125
vt 0 1
vt 0 1
vt 0 0.8125
vt 0 0.8125
vt 0.28125 1
vt 0.6875 1
vt 0.6875 0
vt 0.28125 0
vt 0 1
vt 0 1
vt 0 0.8125
vt 0 0.8125
vt 0 1
vt 0.125 1
vt 0.125 1
vt 0 1
vt 0 1
vt 0.125 1
vt 0.125 1
vt 0 1
vn -0.5099576972426333 0.7660444431189783 -0.3913043038218793
vn 0.6087614290087237 0 -0.7933533402912331
vn 0.5099576972426333 -0.7660444431189783 0.3913043038218793
vn -0.6087614290087237 0 0.7933533402912331
vn 0.6077439177599787 0.6427876096865394 0.46633830987730107
vn -0.6077439177599787 -0.6427876096865394 -0.46633830987730107
g Stem
f 52/148/37 55/147/37 53/146/37 50/145/37
f 51/152/38 52/151/38 50/150/38 49/149/38
f 56/156/39 51/155/39 49/154/39 54/153/39
f 55/160/40 56/159/40 54/158/40 53/157/40
f 54/164/41 49/163/41 50/162/41 53/161/41
f 55/168/42 52/167/42 51/166/42 56/165/42
o cube
v 0.37150759149156887 0.12147102642201912 0.14103752533836977
v 0.37150759149156887 0.12147102642201912 0.14103752533836977
v 0.28433632785750773 0.18490852642201916 0.07414866217572524
v 0.28433632785750773 0.18490852642201916 0.07414866217572524
v 0.2391019806821716 0.12147102642201912 0.31359187685171297
v 0.2391019806821716 0.12147102642201912 0.31359187685171297
v 0.15193071704811034 0.18490852642201916 0.24670301368906833
v 0.15193071704811034 0.18490852642201916 0.24670301368906833
vt 0 1
vt 0.125 1
vt 0.125 0.8125
vt 0 0.8125
vt 0 1
vt 0 1
vt 0 0.8125
vt 0 0.8125
vt 0.09375 0.78125
vt 0.9375 0.78125
vt 0.9375 0.28125
vt 0.09375 0.28125
vt 0 1
vt 0 1
vt 0 0.8125
vt 0 0.8125
vt 0 1
vt 0.125 1
vt 0.125 1
vt 0 1
vt 0 1
vt 0.125 1
vt 0.125 1
vt 0 1
vn 0.3966766701456163 0.8660254037844387 0.3043807145043617
vn 0.6087614290087237 0 -0.7933533402912331
vn -0.3966766701456163 -0.8660254037844387 -0.3043807145043617
vn -0.6087614290087237 0 0.7933533402912331
vn 0.6870641468694483 -0.49999999999999994 0.5272028623656718
vn -0.6870641468694483 0.49999999999999994 -0.5272028623656718
g Frond
f 60/172/43 63/171/43 61/170/43 58/169/43
f 59/176/44 60/175/44 58/174/44 57/173/44
f 64/180/45 59/179/45 57/178/45 62/177/45
f 63/184/46 64/183/46 62/182/46 61/181/46
f 62/188/47 57/187/47 58/186/47 61/185/47
f 63/192/48 60/191/48 59/190/48 64/189/48
o cube
v 0.28433632785750773 0.18490852642201916 0.07414866217572524
v 0.28433632785750773 0.18490852642201916 0.07414866217572524
v 0.2294803245362932 0.16310735595795933 0.03205617037469355
v 0.2294803245362932 0.16310735595795933 0.03205617037469355
v 0.15193071704811034 0.18490852642201916 0.24670301368906833
v 0.15193071704811034 0.18490852642201916 0.24670301368906833
v 0.09707471372689591 0.16310735595795933 0.20461052188803674
v 0.09707471372689591 0.16310735595795933 0.20461052188803674
vt 0 1
vt 0.125 1
vt 0.125 0.8125
vt 0 0.8125
vt 0 1
vt 0 1
vt 0 0.8125
vt 0 0.8125
vt 0.09375 0.28125
vt 0.9375 0.28125
vt 0.9375 0
vt 0.09375 0
vt 0 1
vt 0 1
vt 0 0.8125
vt 0 0.8125
vt 0 1
vt 0.125 1
vt 0.125 1
vt 0 1
vt 0 1
vt 0.125 1
vt 0.125 1
vt 0 1
vn -0.2385659504816609 0.953716950748227 -0.18305809221743197
vn 0.6087614290087237 0 -0.793353340291233
vn 0.2385659504816609 -0.953716950748227 0.18305809221743197
vn -0.6087614290087237 0 0.793353340291233
vn 0.7566345285684752 0.3007057995042731 0.5805860938073331
vn -0.7566345285684752 -0.3007057995042731 -0.5805860938073331
g Frond
f 68/196/49 71/195/49 69/194/49 66/193/49
f 67/200/50 68/199/50 66/198/50 65/197/50
f 72/204/51 67/203/51 65/202/51 70/201/51
f 71/208/52 72/207/52 70/206/52 69/205/52
f 70/212/53 65/211/53 66/210/53 69/209/53
f 71/216/54 68/215/54 67/214/54 72/213/54
o cube
v -0.10686826885013262 0.23443443137473896 -0.003732710284755414
v -0.10686826885013262 0.23443443137473896 -0.003732710284755414
v -0.027323755181019482 0 0.05196495780958288
v -0.027323755181019482 0 0.05196495780958288
v -0.023699685579230856 0.23443443137473896 -0.1225097567066592
v -0.023699685579230856 0.23443443137473896 -0.1225097567066592
v 0.055844828089882226 0 -0.06681208861232091
v 0.055844828089882226 0 -0.06681208861232091
vt 0 1
vt 0.125 1
vt 0.125 0.8125
vt 0 0.8125
vt 0 1
vt 0 1
vt 0 0.8125
vt 0 0.8125
vt 0.28125 1
vt 0.6875 1
vt 0.6875 0
vt 0.28125 0
vt 0 1
vt 0 1
vt 0 0.8125
vt 0 0.8125
vt 0 1
vt 0.125 1
vt 0.125 1
vt 0 1
vt 0 1
vt 0.125 1
vt 0.125 1
vt 0 1
vn 0.7567978077333783 0.38268343236509006 0.5299155298754946
vn -0.5735764363510466 0 0.8191520442889916
vn -0.7567978077333783 -0.38268343236509006 -0.5299155298754946
vn 0.5735764363510466 0 -0.8191520442889916
vn -0.31347591593739155 0.9238795325112867 -0.21949819938655493
vn 0.31347591593739155 -0.9238795325112867 0.21949819938655493
g Stem
f 76/220/55 79/219/55 77/218/55 74/217/55
f 75/224/56 76/223/56 74/222/56 73/221/56
f 80/228/57 75/227/57 73/226/57 78/225/57
f 79/232/58 80/231/58 78/230/58 77/229/58
f 78/236/59 73/235/59 74/234/59 77/233/59
f 79/240/60 76/239/60 75/238/60 80/237/60
o cube
v -0.27868347597788823 0.28016546323878666 -0.06872266494141921
v -0.27868347597788823 0.28016546323878666 -0.06872266494141921
v -0.17485247860940817 0.2856996730107637 0.003980582115823195
v -0.17485247860940817 0.2856996730107637 0.003980582115823195
v -0.15393060107153567 0.28016546323878666 -0.2468882345742749
v -0.15393060107153567 0.28016546323878666 -0.2468882345742749
v -0.05009960370305555 0.2856996730107637 -0.17418498751703249
v -0.05009960370305555 0.2856996730107637 -0.17418498751703249
vt 0 1
vt 0.125 1
vt 0.125 0.8125
vt 0 0.8125
vt 0 1
vt 0 1
vt 0 0.8125
vt 0 0.8125
vt 0.09375 0.78125
vt 0.9375 0.78125
vt 0.9375 0.28125
vt 0.09375 0.28125
vt 0 1
vt 0 1
vt 0 0.8125
vt 0 0.8125
vt 0 1
vt 0.125 1
vt 0.125 1
vt 0 1
vt 0 1
vt 0.125 1
vt 0.125 1
vt 0 1
vn -0.035730910330948516 0.9990482215818579 -0.025019052760825302
vn -0.5735764363510465 0 0.8191520442889916
vn 0.035730910330948516 -0.9990482215818579 0.025019052760825302
vn 0.5735764363510465 0 -0.8191520442889916
vn -0.8183723930520602 -0.043619387365336056 -0.5730305186777725
vn 0.8183723930520602 0.043619387365336056 0.5730305186777725
g Frond
f 84/244/61 87/243/61 85/242/61 82/241/61
f 83/248/62 84/247/62 82/246/62 81/245/62
f 88/252/63 83/251/63 81/250/63 86/249/63
f 87/256/64 88/255/64 86/254/64 85/253/64
f 86/260/65 81/259/65 82/258/65 85/257/65
f 87/264/66 84/263/66 83/262/66 88/261/66
o cube
v -0.17485247860940817 0.2856996730107637 0.003980582115823195
v -0.17485247860940817 0.2856996730107637 0.003980582115823195
v -0.1328584511222894 0.23443443137473896 0.03338511672208955
v -0.1328584511222894 0.23443443137473896 0.03338511672208955
v -0.05009960370305555 0.2856996730107637 -0.17418498751703249
v -0.05009960370305555 0.2856996730107637 -0.17418498751703249
v -0.008105576215936772 0.23443443137473896 -0.14478045291076613
v -0.008105576215936772 0.23443443137473896 -0.14478045291076613
vt 0 1
vt 0.125 1
vt 0.125 0.8125
vt 0 0.8125
vt 0 1
vt 0 1
vt 0 0.8125
vt 0 0.8125
vt 0.09375 0.28125
vt 0.9375 0.28125
vt 0.9375 0
vt 0.09375 0
vt 0 1
vt 0 1
vt 0 0.8125
vt 0 0.8125
vt 0 1
vt 0.125 1
vt 0.125 1
vt 0 1
vt 0 1
vt 0.125 1
vt 0.125 1
vt 0 1
vn 0.579227965339569 0.7071067811865478 0.4055797876726391
vn -0.5735764363510464 0 0.8191520442889916
vn -0.579227965339569 -0.7071067811865478 -0.4055797876726391
vn 0.5735764363510464 0 -0.8191520442889916
vn -0.5792279653395691 0.7071067811865475 -0.40557978767263914
vn 0.5792279653395691 -0.7071067811865475 0.40557978767263914
g Frond
f 92/268/67 95/267/67 93/266/67 90/265/67
f 91/272/68 92/271/68 90/270/68 89/269/68
f 96/276/69 91/275/69 89/274/69 94/273/69
f 95/280/70 96/279/70 94/278/70 93/277/70
f 94/284/71 89/283/71 90/282/71 93/281/71
f 95/288/72 92/287/72 91/286/72 96/285/72
o cube
v -0.047779326207513406 0.23443443137473896 0.10110827407115419
v -0.047779326207513406 0.23443443137473896 0.10110827407115419
v 0.03835467765209766 0 0.0562697497297433
v 0.03835467765209766 0 0.0562697497297433
v -0.11473287512659375 0.23443443137473896 -0.027508296739687743
v -0.11473287512659375 0.23443443137473896 -0.027508296739687743
v -0.028598871266982684 0 -0.07234682108109858
v -0.028598871266982684 0 -0.07234682108109858
vt 0 1
vt 0.125 1
vt 0.125 0.8125
vt 0 0.8125
vt 0 1
vt 0 1
vt 0 0.8125
vt 0 0.8125
vt 0.28125 1
vt 0.6875 1
vt 0.6875 0
vt 0.28125 0
vt 0 1
vt 0 1
vt 0 0.8125
vt 0 0.8125
vt 0 1
vt 0.125 1
vt 0.125 1
vt 0 1
vt 0 1
vt 0.125 1
vt 0.125 1
vt 0 1
vn 0.819491153889141 0.3826834323650898 -0.42660009293332096
vn 0.461748613235037 0 0.8870108331782203
vn -0.819491153889141 -0.3826834323650898 0.42660009293332096
vn -0.461748613235037 0 -0.8870108331782203
vn -0.3394443501856593 0.9238795325112867 0.17670354420260426
vn 0.3394443501856593 -0.9238795325112867 -0.17670354420260426
g Stem
f 100/292/73 103/291/73 101/290/73 98/289/73
f 99/296/74 100/295/74 98/294/74 97/293/74
f 104/300/75 99/299/75 97/298/75 102/297/75
f 103/304/76 104/303/76 102/302/76 101/301/76
f 102/308/77 97/307/77 98/306/77 101/305/77
f 103/312/78 100/311/78 99/310/78 104/309/78
o cube
v -0.1847615536596664 0.29123388278274054 0.22350120266131168
v -0.1847615536596664 0.29123388278274054 0.22350120266131168
v -0.07232916686695379 0.2856996730107636 0.16497260668213576
v -0.07232916686695379 0.2856996730107636 0.16497260668213576
v -0.28519187703828697 0.29123388278274054 0.03057634644504892
v -0.28519187703828697 0.29123388278274054 0.03057634644504892
v -0.17275949024557435 0.2856996730107636 -0.027952249534127116
v -0.17275949024557435 0.2856996730107636 -0.027952249534127116
vt 0 1
vt 0.125 1
vt 0.125 0.8125
vt 0 0.8125
vt 0 1
vt 0 1
vt 0 0.8125
vt 0 0.8125
vt 0.09375 0.78125
vt 0.9375 0.78125
vt 0.9375 0.28125
vt 0.09375 0.28125
vt 0 1
vt 0 1
vt 0 0.8125
vt 0 0.8125
vt 0 1
vt 0.125 1
vt 0.125 1
vt 0 1
vt 0 1
vt 0.125 1
vt 0.125 1
vt 0 1
vn 0.03869086912964999 0.9990482215818578 -0.020141191626105708
vn 0.4617486132350369 0 0.8870108331782203
vn -0.03869086912964999 -0.9990482215818578 0.020141191626105708
vn -0.4617486132350369 0 -0.8870108331782203
vn -0.8861665954105429 0.043619387365335854 0.46130913087035286
vn 0.8861665954105429 -0.043619387365335854 -0.46130913087035286
g Frond
f 108/316/79 111/315/79 109/314/79 106/313/79
f 107/320/80 108/319/80 106/318/80 105/317/80
f 112/324/81 107/323/81 105/322/81 110/321/81
f 111/328/82 112/327/82 110/326/82 109/325/82
f 110/332/83 105/331/83 106/330/83 109/329/83
f 111/336/84 108/335/84 107/334/84 112/333/84
o cube
v -0.07232916686695384 0.2856996730107637 0.16497260668213576
v -0.07232916686695384 0.2856996730107637 0.16497260668213576
v -0.026856342170300807 0.23443443137473896 0.14130095244954222
v -0.026856342170300807 0.23443443137473896 0.14130095244954222
v -0.17275949024557435 0.2856996730107637 -0.027952249534127116
v -0.17275949024557435 0.2856996730107637 -0.027952249534127116
v -0.12728666554892132 0.23443443137473896 -0.0516239037667206
v -0.12728666554892132 0.23443443137473896 -0.0516239037667206
vt 0 1
vt 0.125 1
vt 0.125 0.8125
vt 0 0.8125
vt 0 1
vt 0 1
vt 0 0.8125
vt 0 0.8125
vt 0.09375 0.28125
vt 0.9375 0.28125
vt 0.9375 0
vt 0.09375 0
vt 0 1
vt 0 1
vt 0 0.8125
vt 0 0.8125
vt 0 1
vt 0.125 1
vt 0.125 1
vt 0 1
vt 0 1
vt 0.125 1
vt 0.125 1
vt 0 1
vn 0.6272113751262489 0.7071067811865476 -0.32650557562197907
vn 0.46174861323503696 0 0.8870108331782203
vn -0.6272113751262489 -0.7071067811865476 0.32650557562197907
vn -0.46174861323503696 0 -0.8870108331782203
vn -0.6272113751262489 0.7071067811865476 0.32650557562197907
vn 0.6272113751262489 -0.7071067811865476 -0.32650557562197907
g Frond
f 116/340/85 119/339/85 117/338/85 114/337/85
f 115/344/86 116/343/86 114/342/86 113/341/86
f 120/348/87 115/347/87 113/346/87 118/345/87
f 119/352/88 120/351/88 118/350/88 117/349/88
f 118/356/89 113/355/89 114/354/89 117/353/89
f 119/360/90 116/359/90 115/358/90 120/357/90
o cube
v 0.1367703762455983 0.22507899891897376 0.03799370338255481
v 0.1367703762455983 0.22507899891897376 0.03799370338255481
v 0.053919586431521505 0 -0.0448570864315217
v 0.053919586431521505 0 -0.0448570864315217
v 0.034239892973549124 0.22507899891897376 0.1405241866546043
v 0.034239892973549124 0.22507899891897376 0.1405241866546043
v -0.04861089684052766 0 0.05767339684052786
v -0.04861089684052766 0 0.05767339684052786
vt 0 1
vt 0.125 1
vt 0.125 0.8125
vt 0 0.8125
vt 0 1
vt 0 1
vt 0 0.8125
vt 0 0.8125
vt 0.28125 1
vt 0.6875 1
vt 0.6875 0
vt 0.28125 0
vt 0 1
vt 0 1
vt 0 0.8125
vt 0 0.8125
vt 0 1
vt 0.125 1
vt 0.125 1
vt 0 1
vt 0 1
vt 0.125 1
vt 0.125 1
vt 0 1
vn -0.6272113751262511 0.4617486132350339 -0.6272113751262491
vn 0.7071067811865464 0 -0.7071067811865487
vn 0.6272113751262511 -0.4617486132350339 0.6272113751262491
vn -0.7071067811865464 0 0.7071067811865487
vn 0.3265055756219774 0.8870108331782219 0.3265055756219763
vn -0.3265055756219774 -0.8870108331782219 -0.3265055756219763
g Stem
f 124/364/91 127/363/91 125/362/91 122/361/91
f 123/368/92 124/367/92 122/366/92 121/365/92
f 128/372/93 123/371/93 121/370/93 126/369/93
f 127/376/94 128/375/94 126/374/94 125/373/94
f 126/380/95 121/379/95 122/378/95 125/377/95
f 127/384/96 124/383/96 123/382/96 128/381/96
o cube
v 0.29702926142600816 0.25512058998332887 0.13417103651793338
v 0.29702926142600816 0.25512058998332887 0.13417103651793338
v 0.2080826057485421 0.27168110062124784 0.04522438084046765
v 0.2080826057485421 0.27168110062124784 0.04522438084046765
v 0.14323353651793436 0.25512058998332887 0.28796676142600774
v 0.14323353651793436 0.25512058998332887 0.28796676142600774
v 0.05428688084046829 0.27168110062124784 0.1990201057485419
v 0.05428688084046829 0.27168110062124784 0.1990201057485419
vt 0 1
vt 0.125 1
vt 0.125 0.8125
vt 0 0.8125
vt 0 1
vt 0 1
vt 0 0.8125
vt 0 0.8125
vt 0.09375 0.78125
vt 0.9375 0.78125
vt 0.9375 0.28125
vt 0.09375 0.28125
vt 0 1
vt 0 1
vt 0 0.8125
vt 0 0.8125
vt 0 1
vt 0.125 1
vt 0.125 1
vt 0 1
vt 0 1
vt 0.125 1
vt 0.125 1
vt 0 1
vn 0.0922959556412572 0.9914448613738104 0.0922959556412569
vn 0.7071067811865465 0 -0.7071067811865487
vn -0.0922959556412572 -0.9914448613738104 -0.0922959556412569
vn -0.7071067811865465 0 0.7071067811865487
vn 0.7010573846499791 -0.13052619222005132 0.7010573846499768
vn -0.7010573846499791 0.13052619222005132 -0.7010573846499768
g Frond
f 132/388/97 135/387/97 133/386/97 130/385/97
f 131/392/98 132/391/98 130/390/98 129/389/98
f 136/396/99 131/395/99 129/394/99 134/393/99
f 135/400/100 136/399/100 134/398/100 133/397/100
f 134/404/101 129/403/101 130/402/101 133/401/101
f 135/408/102 132/407/102 131/406/102 136/405/102
o cube
v 0.2080826057485421 0.27168110062124784 0.04522438084046765
v 0.2080826057485421 0.27168110062124784 0.04522438084046765
v 0.16881115226811372 0.22507899891897376 0.005952927360039273
v 0.16881115226811372 0.22507899891897376 0.005952927360039273
v 0.05428688084046829 0.27168110062124784 0.1990201057485419
v 0.05428688084046829 0.27168110062124784 0.1990201057485419
v 0.015015427360039801 0.22507899891897376 0.15974865226811363
v 0.015015427360039801 0.22507899891897376 0.15974865226811363
vt 0 1
vt 0.125 1
vt 0.125 0.8125
vt 0 0.8125
vt 0 1
vt 0 1
vt 0 0.8125
vt 0 0.8125
vt 0.09375 0.28125
vt 0.9375 0.28125
vt 0.9375 0
vt 0.09375 0
vt 0 1
vt 0 1
vt 0 0.8125
vt 0 0.8125
vt 0 1
vt 0.125 1
vt 0.125 1
vt 0 1
vt 0 1
vt 0.125 1
vt 0.125 1
vt 0 1
vn -0.45451947767204454 0.7660444431189781 -0.45451947767204304
vn 0.7071067811865465 0 -0.7071067811865487
vn 0.45451947767204454 -0.7660444431189781 0.45451947767204304
vn -0.7071067811865465 0 0.7071067811865487
vn 0.5416752204197027 0.6427876096865394 0.541675220419701
vn -0.5416752204197027 -0.6427876096865394 -0.541675220419701
g Frond
f 140/412/103 143/411/103 141/410/103 138/409/103
f 139/416/104 140/415/104 138/414/104 137/413/104
f 144/420/105 139/419/105 137/418/105 142/417/105
f 143/424/106 144/423/106 142/422/106 141/421/106
f 142/428/107 137/427/107 138/426/107 141/425/107
f 143/432/108 140/431/108 139/430/108 144/429/108
o cube
v 0.029398702891714534 0.2299756009605498 -0.12292697312238254
v 0.029398702891714534 0.2299756009605498 -0.12292697312238254
v -0.039533444360360104 0 -0.040776838989489916
v -0.039533444360360104 0 -0.040776838989489916
v 0.14047514714396614 0.2299756009605498 -0.029722769717834108
v 0.14047514714396614 0.2299756009605498 -0.029722769717834108
v 0.0715429998918915 0 0.052427364415058464
v 0.0715429998918915 0 0.052427364415058464
vt 0 1
vt 0.125 1
vt 0.125 0.8125
vt 0 0.8125
vt 0 1
vt 0 1
vt 0 0.8125
vt 0 0.8125
vt 0.28125 1
vt 0.6875 1
vt 0.6875 0
vt 0.28125 0
vt 0 1
vt 0 1
vt 0 0.8125
vt 0 0.8125
vt 0 1
vt 0.125 1
vt 0.125 1
vt 0 1
vt 0 1
vt 0.125 1
vt 0.125 1
vt 0 1
vn -0.5825634160695867 0.4226182617407004 0.6942720440148823
vn -0.7660444431189767 0 -0.642787609686541
vn 0.5825634160695867 -0.4226182617407004 -0.6942720440148823
vn 0.7660444431189767 0 0.642787609686541
vn 0.27165378227418585 0.9063077870366496 -0.32374437096706465
vn -0.27165378227418585 -0.9063077870366496 0.32374437096706465
g Stem
f 148/436/109 151/435/109 149/434/109 146/433/109
f 147/440/110 148/439/110 146/438/110 145/437/110
f 152/444/111 147/443/111 145/442/111 150/441/111
f 151/448/112 152/447/112 150/446/112 149/445/112
f 150/452/113 145/451/113 146/450/113 149/449/113
f 151/456/114 148/455/114 147/454/114 152/453/114
o cube
v 0.11028932910823452 0.2678980061515759 -0.28982240342772747
v 0.11028932910823452 0.2678980061515759 -0.28982240342772747
v 0.029045987495693315 0.27895589101268514 -0.19300035918662312
v 0.029045987495693315 0.27895589101268514 -0.19300035918662312
v 0.27690399548661193 0.2678980061515759 -0.1500160983209048
v 0.27690399548661193 0.2678980061515759 -0.1500160983209048
v 0.1956606538740706 0.27895589101268514 -0.05319405407980049
v 0.1956606538740706 0.27895589101268514 -0.05319405407980049
vt 0 1
vt 0.125 1
vt 0.125 0.8125
vt 0 0.8125
vt 0 1
vt 0 1
vt 0 0.8125
vt 0 0.8125
vt 0.09375 0.78125
vt 0.9375 0.78125
vt 0.9375 0.28125
vt 0.09375 0.28125
vt 0 1
vt 0 1
vt 0 0.8125
vt 0 0.8125
vt 0 1
vt 0.125 1
vt 0.125 1
vt 0 1
vt 0 1
vt 0.125 1
vt 0.125 1
vt 0 1
vn 0.05602263155122287 0.9961946980917455 -0.06676517241775115
vn -0.7660444431189768 0 -0.642787609686541
vn -0.05602263155122287 -0.9961946980917455 0.06676517241775115
vn 0.7660444431189768 0 0.642787609686541
vn 0.6403416087687984 -0.08715574274765905 -0.7631294127377681
vn -0.6403416087687984 0.08715574274765905 0.7631294127377681
g Frond
f 156/460/115 159/459/115 157/458/115 154/457/115
f 155/464/116 156/463/116 154/462/116 153/461/116
f 160/468/117 155/467/117 153/466/117 158/465/117
f 159/472/118 160/471/118 158/470/118 157/469/118
f 158/476/119 153/475/119 154/474/119 157/473/119
f 159/480/120 156/479/120 155/478/120 160/477/120
o cube
v 0.029045987495693315 0.27895589101268503 -0.19300035918662312
v 0.029045987495693315 0.27895589101268503 -0.19300035918662312
v -0.005312685937114037 0.2299756009605498 -0.1520532866863039
v -0.005312685937114037 0.2299756009605498 -0.1520532866863039
v 0.1956606538740706 0.27895589101268503 -0.05319405407980049
v 0.1956606538740706 0.27895589101268503 -0.05319405407980049
v 0.16130198044126332 0.2299756009605498 -0.012246981579481286
v 0.16130198044126332 0.2299756009605498 -0.012246981579481286
vt 0 1
vt 0.125 1
vt 0.125 0.8125
vt 0 0.8125
vt 0 1
vt 0 1
vt 0 0.8125
vt 0 0.8125
vt 0.09375 0.28125
vt 0.9375 0.28125
vt 0.9375 0
vt 0.09375 0
vt 0 1
vt 0 1
vt 0 0.8125
vt 0 0.8125
vt 0 1
vt 0.125 1
vt 0.125 1
vt 0 1
vt 0 1
vt 0.125 1
vt 0.125 1
vt 0 1
vn -0.4342610146809038 0.7372773368101248 0.5175321243695717
vn -0.7660444431189768 0 -0.642787609686541
vn 0.4342610146809038 -0.7372773368101248 -0.5175321243695717
vn 0.7660444431189768 0 0.642787609686541
vn 0.473912737004239 0.6755902076156596 -0.5647872069009542
vn -0.473912737004239 -0.6755902076156596 0.5647872069009542
g Frond
f 164/484/121 167/483/121 165/482/121 162/481/121
f 163/488/122 164/487/122 162/486/122 161/485/122
f 168/492/123 163/491/123 161/490/123 166/489/123
f 167/496/124 168/495/124 166/494/124 165/493/124
f 166/500/125 161/499/125 162/498/125 165/497/125
f 167/504/126 164/503/126 163/502/126 168/501/126
o cube
v -0.05793740200642461 0.25278440464078034 -0.004943359969261318
v -0.05793740200642461 0.25278440464078034 -0.004943359969261318
v -0.05221341960521281 0 0.016418833173691194
v -0.05221341960521281 0 0.016418833173691194
v 0.0821218428054904 0.25278440464078034 -0.04247212150912677
v 0.0821218428054904 0.25278440464078034 -0.04247212150912677
v 0.08784582520670214 0 -0.021109928366174313
v 0.08784582520670214 0 -0.021109928366174313
vt 0 1
vt 0.125 1
vt 0.125 0.8125
vt 0 0.8125
vt 0 1
vt 0 1
vt 0 0.8125
vt 0 0.8125
vt 0.28125 1
vt 0.6875 1
vt 0.6875 0
vt 0.28125 0
vt 0 1
vt 0 1
vt 0 0.8125
vt 0 0.8125
vt 0 1
vt 0.125 1
vt 0.125 1
vt 0 1
vt 0 1
vt 0.125 1
vt 0.125 1
vt 0 1
vn 0.2578341604962991 0.08715574274765822 0.9622501868990584
vn -0.9659258262890685 0 0.25881904510252024
vn -0.2578341604962991 -0.08715574274765822 -0.9622501868990584
vn 0.9659258262890685 0 -0.25881904510252024
vn -0.022557566113149914 0.9961946980917455 -0.08418598282936919
vn 0.022557566113149914 -0.9961946980917455 0.08418598282936919
g Stem
f 172/508/127 175/507/127 173/506/127 170/505/127
f 171/512/128 172/511/128 170/510/128 169/509/128
f 176/516/129 171/515/129 169/514/129 174/513/129
f 175/520/130 176/519/130 174/518/130 173/517/130
f 174/524/131 169/523/131 170/522/131 173/521/131
f 175/528/132 172/527/132 171/526/132 176/525/132
o cube
v -0.14208909280887855 0.34993035639358383 -0.14392768957195268
v -0.14208909280887855 0.34993035639358383 -0.14392768957195268
v -0.11037034280887859 0.31709269004620155 -0.025551703019377314
v -0.11037034280887859 0.31709269004620155 -0.025551703019377314
v 0.06799977440899396 0.34993035639358383 -0.20022083188175088
v 0.06799977440899396 0.34993035639358383 -0.20022083188175088
v 0.09971852440899387 0.31709269004620155 -0.08184484532917546
v 0.09971852440899387 0.31709269004620155 -0.08184484532917546
vt 0 1
vt 0.125 1
vt 0.125 0.8125
vt 0 0.8125
vt 0 1
vt 0 1
vt 0 0.8125
vt 0 0.8125
vt 0.09375 0.78125
vt 0.9375 0.78125
vt 0.9375 0.28125
vt 0.09375 0.28125
vt 0 1
vt 0 1
vt 0 0.8125
vt 0 0.8125
vt 0 1
vt 0.125 1
vt 0.125 1
vt 0 1
vt 0 1
vt 0.125 1
vt 0.125 1
vt 0 1
vn 0.06698729810778044 0.9659258262890683 0.25000000000000006
vn -0.9659258262890684 0 0.2588190451025202
vn -0.06698729810778044 -0.9659258262890683 -0.25000000000000006
vn 0.9659258262890684 0 -0.2588190451025202
vn -0.24999999999999958 0.25881904510252113 -0.9330127018922195
vn 0.24999999999999958 -0.25881904510252113 0.9330127018922195
g Frond
f 180/532/133 183/531/133 181/530/133 178/529/133
f 179/536/134 180/535/134 178/534/134 177/533/134
f 184/540/135 179/539/135 177/538/135 182/537/135
f 183/544/136 184/543/136 182/542/136 181/541/136
f 182/548/137 177/547/137 178/546/137 181/545/137
f 183/552/138 180/551/138 179/550/138 184/549/138
o cube
v -0.11037034280887859 0.31709269004620144 -0.025551703019377314
v -0.11037034280887859 0.31709269004620144 -0.025551703019377314
v -0.101705916010148 0.25278440464078034 0.006784378011946646
v -0.101705916010148 0.25278440464078034 0.006784378011946646
v 0.09971852440899387 0.31709269004620144 -0.08184484532917546
v 0.09971852440899387 0.31709269004620144 -0.08184484532917546
v 0.10838295120772445 0.25278440464078034 -0.04950876429785156
v 0.10838295120772445 0.25278440464078034 -0.04950876429785156
vt 0 1
vt 0.125 1
vt 0.125 0.8125
vt 0 0.8125
vt 0 1
vt 0 1
vt 0 0.8125
vt 0 0.8125
vt 0.09375 0.28125
vt 0.9375 0.28125
vt 0.9375 0
vt 0.09375 0
vt 0 1
vt 0 1
vt 0 0.8125
vt 0 0.8125
vt 0 1
vt 0.125 1
vt 0.125 1
vt 0 1
vt 0 1
vt 0.125 1
vt 0.125 1
vt 0 1
vn 0.22957529683877823 0.46174861323503424 0.8567866719650288
vn -0.9659258262890684 0 0.2588190451025203
vn -0.22957529683877823 -0.46174861323503424 -0.8567866719650288
vn 0.9659258262890684 0 -0.2588190451025203
vn -0.11950933515490447 0.8870108331782219 -0.44601491077688143
vn 0.11950933515490447 -0.8870108331782219 0.44601491077688143
g Frond
f 188/556/139 191/555/139 189/554/139 186/553/139
f 187/560/140 188/559/140 186/558/140 185/557/140
f 192/564/141 187/563/141 185/562/141 190/561/141
f 191/568/142 192/567/142 190/566/142 189/565/142
f 190/572/143 185/571/143 186/570/143 189/569/143
f 191/576/144 188/575/144 187/574/144 192/573/144
o cube
v 0.024467164690708643 0.2515791335736044 0.06988572645663316
v 0.024467164690708643 0.2515791335736044 0.06988572645663316
v 0.04983933898948978 0 0.04859594436036019
v 0.04983933898948978 0 0.04859594436036019
v -0.06873703871383957 0.2515791335736044 -0.04119071779561867
v -0.06873703871383957 0.2515791335736044 -0.04119071779561867
v -0.043364864415058324 0 -0.06248049989189164
v -0.043364864415058324 0 -0.06248049989189164
vt 0 1
vt 0.125 1
vt 0.125 0.8125
vt 0 0.8125
vt 0 1
vt 0 1
vt 0 0.8125
vt 0 0.8125
vt 0.28125 1
vt 0.6875 1
vt 0.6875 0
vt 0.28125 0
vt 0 1
vt 0 1
vt 0 0.8125
vt 0 0.8125
vt 0 1
vt 0.125 1
vt 0.125 1
vt 0 1
vt 0 1
vt 0.125 1
vt 0.125 1
vt 0 1
vn 0.7594908267142733 0.13052619222005166 -0.6372884725784738
vn 0.6427876096865391 0 0.7660444431189783
vn -0.7594908267142733 -0.13052619222005166 0.6372884725784738
vn -0.6427876096865391 0 -0.7660444431189783
vn -0.09998886423165015 0.9914448613738105 0.08390061909861275
vn 0.09998886423165015 -0.9914448613738105 -0.08390061909861275
g Stem
f 196/580/145 199/579/145 197/578/145 194/577/145
f 195/584/146 196/583/146 194/582/146 193/581/146
f 200/588/147 195/587/147 193/586/147 198/585/147
f 199/592/148 200/591/148 198/590/148 197/589/148
f 198/596/149 193/595/149 194/594/149 197/593/149
f 199/600/150 196/599/150 195/598/150 200/597/150
o cube
v -0.06906368569091725 0.3418267513663731 0.20751869631342146
v -0.06906368569091725 0.3418267513663731 0.20751869631342146
v 0.025824367191566888 0.31436597534797617 0.12789816613659888
v 0.025824367191566888 0.31436597534797617 0.12789816613659888
v -0.20886999079773944 0.3418267513663731 0.04090402993504383
v -0.20886999079773944 0.3418267513663731 0.04090402993504383
v -0.1139819379152553 0.31436597534797617 -0.03871650024177886
v -0.1139819379152553 0.31436597534797617 -0.03871650024177886
vt 0 1
vt 0.125 1
vt 0.125 0.8125
vt 0 0.8125
vt 0 1
vt 0 1
vt 0 0.8125
vt 0 0.8125
vt 0.09375 0.78125
vt 0.9375 0.78125
vt 0.9375 0.28125
vt 0.09375 0.28125
vt 0 1
vt 0 1
vt 0 0.8125
vt 0 0.8125
vt 0 1
vt 0.125 1
vt 0.125 1
vt 0 1
vt 0 1
vt 0.125 1
vt 0.125 1
vt 0 1
vn 0.1658023635281008 0.9762960071199334 -0.13912470208475056
vn 0.6427876096865391 0 0.7660444431189783
vn -0.1658023635281008 -0.9762960071199334 0.13912470208475056
vn -0.6427876096865391 0 -0.7660444431189783
vn -0.7478861310934714 0.21643961393810296 0.6275509767631343
vn 0.7478861310934714 -0.21643961393810296 -0.6275509767631343
g Frond
f 204/604/151 207/603/151 205/602/151 202/601/151
f 203/608/152 204/607/152 202/606/152 201/605/152
f 208/612/153 203/611/153 201/610/153 206/609/153
f 207/616/154 208/615/154 206/614/154 205/613/154
f 206/620/155 201/619/155 202/618/155 205/617/155
f 207/624/156 204/623/156 203/622/156 208/621/156
o cube
v 0.025824367191566888 0.31436597534797617 0.12789816613659888
v 0.025824367191566888 0.31436597534797617 0.12789816613659888
v 0.0535934782546299 0.2515791335736044 0.10459711528546178
v 0.0535934782546299 0.2515791335736044 0.10459711528546178
v -0.1139819379152553 0.31436597534797617 -0.03871650024177886
v -0.1139819379152553 0.31436597534797617 -0.03871650024177886
v -0.08621282685219234 0.2515791335736044 -0.0620175510929159
v -0.08621282685219234 0.2515791335736044 -0.0620175510929159
vt 0 1
vt 0.125 1
vt 0.125 0.8125
vt 0 0.8125
vt 0 1
vt 0 1
vt 0 0.8125
vt 0 0.8125
vt 0.09375 0.28125
vt 0.9375 0.28125
vt 0.9375 0
vt 0.09375 0
vt 0 1
vt 0 1
vt 0 0.8125
vt 0 0.8125
vt 0 1
vt 0.125 1
vt 0.125 1
vt 0 1
vt 0 1
vt 0.125 1
vt 0.125 1
vt 0 1
vn 0.6634139481689386 0.5 -0.5566703992264191
vn 0.6427876096865391 0 0.7660444431189781
vn -0.6634139481689386 -0.5 0.5566703992264191
vn -0.6427876096865391 0 -0.7660444431189781
vn -0.3830222215594892 0.8660254037844387 0.3213938048432696
vn 0.3830222215594892 -0.8660254037844387 -0.3213938048432696
g Frond
f 212/628/157 215/627/157 213/626/157 210/625/157
f 211/632/158 212/631/158 210/630/158 209/629/158
f 216/636/159 211/635/159 209/634/159 214/633/159
f 215/640/160 216/639/160 214/638/160 213/637/160
f 214/644/161 209/643/161 210/642/161 213/641/161
f 215/648/162 212/647/162 211/646/162 216/645/162
o cube
v -0.07167922094242873 0.1544732126109627 -0.19501840936473985
v -0.07167922094242873 0.1544732126109627 -0.19501840936473985
v -0.05413360116019511 0 0.005528942430554573
v -0.05413360116019511 0 0.005528942430554573
v 0.07276901028087446 0.1544732126109627 -0.20765599206315027
v 0.07276901028087446 0.1544732126109627 -0.20765599206315027
v 0.09031463006310803 0 -0.007108640267855848
v 0.09031463006310803 0 -0.007108640267855848
vt 0 1
vt 0.125 1
vt 0.125 0.8125
vt 0 0.8125
vt 0 1
vt 0 1
vt 0 0.8125
vt 0 0.8125
vt 0.28125 1
vt 0.6875 1
vt 0.6875 0
vt 0.28125 0
vt 0 1
vt 0 1
vt 0 0.8125
vt 0 0.8125
vt 0 1
vt 0.125 1
vt 0.125 1
vt 0 1
vt 0 1
vt 0.125 1
vt 0.125 1
vt 0 1
vn 0.05305705450138055 0.7933533402912355 0.6064449079812416
vn -0.9961946980917455 0 0.08715574274765793
vn -0.05305705450138055 -0.7933533402912355 -0.6064449079812416
vn 0.9961946980917455 0 -0.08715574274765793
vn -0.0691452996344181 0.6087614290087204 -0.7903343913115051
vn 0.0691452996344181 -0.6087614290087204 0.7903343913115051
g Stem
f 220/652/163 223/651/163 221/650/163 218/649/163
f 219/656/164 220/655/164 218/654/164 217/653/164
f 224/660/165 219/659/165 217/658/165 222/657/165
f 223/664/166 224/663/166 222/662/166 221/661/166
f 222/668/167 217/667/167 218/666/167 221/665/167
f 223/672/168 220/671/168 219/670/168 224/669/168
o cube
v -0.13371854579193299 0.1457768173624986 -0.38422850577816003
v -0.13371854579193299 0.1457768173624986 -0.38422850577816003
v -0.12292277695484016 0.1732375933808955 -0.26083230332166824
v -0.12292277695484016 0.1732375933808955 -0.26083230332166824
v 0.08295380104302175 0.1457768173624987 -0.40318487982577567
v 0.08295380104302175 0.1457768173624987 -0.40318487982577567
v 0.09374956988011451 0.1732375933808955 -0.27978867736928387
v 0.09374956988011451 0.1732375933808955 -0.27978867736928387
vt 0 1
vt 0.125 1
vt 0.125 0.8125
vt 0 0.8125
vt 0 1
vt 0 1
vt 0 0.8125
vt 0 0.8125
vt 0.09375 0.78125
vt 0.9375 0.78125
vt 0.9375 0.28125
vt 0.09375 0.28125
vt 0 1
vt 0 1
vt 0 0.8125
vt 0 0.8125
vt 0 1
vt 0.125 1
vt 0.125 1
vt 0 1
vt 0 1
vt 0.125 1
vt 0.125 1
vt 0 1
vn -0.018863955312791864 0.9762960071199333 -0.21561599586216293
vn -0.9961946980917457 0 0.08715574274765796
vn 0.018863955312791864 -0.9762960071199333 0.21561599586216293
vn 0.9961946980917457 0 -0.08715574274765796
vn -0.0850898036421105 -0.21643961393810318 -0.9725809060610187
vn 0.0850898036421105 0.21643961393810318 0.9725809060610187
g Frond
f 228/676/169 231/675/169 229/674/169 226/673/169
f 227/680/170 228/679/170 226/678/170 225/677/170
f 232/684/171 227/683/171 225/682/171 230/681/171
f 231/688/172 232/687/172 230/686/172 229/685/172
f 230/692/173 225/691/173 226/690/173 229/689/173
f 231/696/174 228/695/174 227/694/174 232/693/174
o cube
v -0.12292277695484016 0.1732375933808954 -0.2608323033216684
v -0.12292277695484016 0.1732375933808954 -0.2608323033216684
v -0.1168192931997109 0.1544732126109627 -0.1910691647714866
v -0.1168192931997109 0.1544732126109627 -0.1910691647714866
v 0.09374956988011451 0.1732375933808955 -0.279788677369284
v 0.09374956988011451 0.1732375933808955 -0.279788677369284
v 0.09985305363524377 0.1544732126109627 -0.21002553881910224
v 0.09985305363524377 0.1544732126109627 -0.21002553881910224
vt 0 1
vt 0.125 1
vt 0.125 0.8125
vt 0 0.8125
vt 0 1
vt 0 1
vt 0 0.8125
vt 0 0.8125
vt 0.09375 0.28125
vt 0.9375 0.28125
vt 0.9375 0
vt 0.09375 0
vt 0 1
vt 0 1
vt 0 0.8125
vt 0 0.8125
vt 0 1
vt 0.125 1
vt 0.125 1
vt 0 1
vt 0 1
vt 0.125 1
vt 0.125 1
vt 0 1
vn 0.02255756611314961 0.9659258262890685 0.2578341604962991
vn -0.9961946980917455 0 0.08715574274765792
vn -0.02255756611314961 -0.9659258262890685 -0.2578341604962991
vn 0.9961946980917455 0 -0.08715574274765792
vn -0.08418598282936898 0.2588190451025206 -0.9622501868990584
vn 0.08418598282936898 -0.2588190451025206 0.9622501868990584
g Frond
f 236/700/175 239/699/175 237/698/175 234/697/175
