# Made in Blockbench 4.1.3

o cube
v 0.14187499999999997 -0.08 -0.0625
v 0.14187499999999997 -0.08 -0.3675
v 0.14187499999999997 -0.11812500000000001 -0.0625
v 0.14187499999999997 -0.11812500000000001 -0.3675
v -0.35375 -0.08 -0.3675
v -0.35375 -0.08 -0.0625
v -0.35375 -0.11812500000000001 -0.3675
v -0.35375 -0.11812500000000001 -0.0625
vt 0.28125 0.28125
vt 0.6875 0.28125
vt 0.6875 0.3125
vt 0.28125 0.3125
vt 0.4375 0.28125
vt 0.6875 0.28125
vt 0.6875 0.3125
vt 0.4375 0.3125
vt 0.3125 0.59375
vt 0.71875 0.59375
vt 0.71875 0.5625
vt 0.3125 0.5625
vt 0.28125 0.3125
vt 0.53125 0.3125
vt 0.53125 0.28125
vt 0.28125 0.28125
vt 0.3125 0.8125
vt 0.71875 0.8125
vt 0.71875 0.5625
vt 0.3125 0.5625
vt 0.28125 0.0625
vt 0.6875 0.0625
vt 0.6875 0.3125
vt 0.28125 0.3125
vn 0 0 -1
vn 1 0 0
vn 0 0 1
vn -1 0 0
vn 0 1 0
vn 0 -1 0
g _
f 4/4/1 7/3/1 5/2/1 2/1/1
f 3/8/2 4/7/2 2/6/2 1/5/2
f 8/12/3 3/11/3 1/10/3 6/9/3
f 7/16/4 8/15/4 6/14/4 5/13/4
f 6/20/5 1/19/5 2/18/5 5/17/5
f 7/24/6 4/23/6 3/22/6 8/21/6
o cube
v 0.06562499999999999 -0.08 -0.3675
v 0.06562499999999999 -0.08 -0.405625
v 0.06562499999999999 -0.11812500000000001 -0.3675
v 0.06562499999999999 -0.11812500000000001 -0.405625
v -0.315625 -0.08 -0.405625
v -0.315625 -0.08 -0.3675
v -0.315625 -0.11812500000000001 -0.405625
v -0.315625 -0.11812500000000001 -0.3675
vt 0.34375 0.28125
vt 0.65625 0.28125
vt 0.65625 0.3125
vt 0.34375 0.3125
vt 0.65625 0.28125
vt 0.6875 0.28125
vt 0.6875 0.3125
vt 0.65625 0.3125
vt 0.28125 0.3125
vt 0.6875 0.3125
vt 0.6875 0.25
vt 0.28125 0.25
vt 0.28125 0.3125
vt 0.3125 0.3125
vt 0.3125 0.28125
vt 0.28125 0.28125
vt 0.34375 0.84375
vt 0.65625 0.84375
vt 0.65625 0.8125
vt 0.34375 0.8125
vt 0.34375 0.34375
vt 0.65625 0.34375
vt 0.65625 0.3125
vt 0.34375 0.3125
vn 0 0 -1
vn 1 0 0
vn 0 0 1
vn -1 0 0
vn 0 1 0
vn 0 -1 0
g _
f 12/28/7 15/27/7 13/26/7 10/25/7
f 11/32/8 12/31/8 10/30/8 9/29/8
f 16/36/9 11/35/9 9/34/9 14/33/9
f 15/40/10 16/39/10 14/38/10 13/37/10
f 14/44/11 9/43/11 10/42/11 13/41/11
f 15/48/12 12/47/12 11/46/12 16/45/12
o cube
v 0.027499999999999997 -0.08 -0.405625
v 0.027499999999999997 -0.08 -0.44375
v 0.027499999999999997 -0.11812500000000001 -0.405625
v 0.027499999999999997 -0.11812500000000001 -0.44375
v -0.239375 -0.08 -0.44375
v -0.239375 -0.08 -0.405625
v -0.239375 -0.11812500000000001 -0.44375
v -0.239375 -0.11812500000000001 -0.405625
vt 0.375 0.34375
vt 0.59375 0.34375
vt 0.59375 0.375
vt 0.375 0.375
vt 0.4375 0.25
vt 0.46875 0.25
vt 0.46875 0.3125
vt 0.4375 0.3125
vt 0.28125 0.3125
vt 0.6875 0.3125
vt 0.6875 0.25
vt 0.28125 0.25
vt 0.28125 0.3125
vt 0.3125 0.3125
vt 0.3125 0.28125
vt 0.28125 0.28125
vt 0.40625 0.875
vt 0.625 0.875
vt 0.625 0.84375
vt 0.40625 0.84375
vt 0.375 0.375
vt 0.59375 0.375
vt 0.59375 0.34375
vt 0.375 0.34375
vn 0 0 -1
vn 1 0 0
vn 0 0 1
vn -1 0 0
vn 0 1 0
vn 0 -1 0
g _
f 20/52/13 23/51/13 21/50/13 18/49/13
f 19/56/14 20/55/14 18/54/14 17/53/14
f 24/60/15 19/59/15 17/58/15 22/57/15
f 23/64/16 24/63/16 22/62/16 21/61/16
f 22/68/17 17/67/17 18/66/17 21/65/17
f 23/72/18 20/71/18 19/70/18 24/69/18
o cube
v 0.18 -0.08 -0.0625
v 0.18 -0.08 -0.253125
v 0.18 -0.11812500000000001 -0.0625
v 0.18 -0.11812500000000001 -0.253125
v 0.14187499999999997 -0.08 -0.253125
v 0.14187499999999997 -0.08 -0.0625
v 0.14187499999999997 -0.11812500000000001 -0.253125
v 0.14187499999999997 -0.11812500000000001 -0.0625
vt 0.28125 0.28125
vt 0.3125 0.28125
vt 0.3125 0.3125
vt 0.28125 0.3125
vt 0.53125 0.28125
vt 0.6875 0.28125
vt 0.6875 0.3125
vt 0.53125 0.3125
vt 0.71875 0.59375
vt 0.75 0.59375
vt 0.75 0.5625
vt 0.71875 0.5625
vt 0.28125 0.3125
vt 0.53125 0.3125
vt 0.53125 0.28125
vt 0.28125 0.28125
vt 0.71875 0.71875
vt 0.75 0.71875
vt 0.75 0.5625
vt 0.71875 0.5625
vt 0.25 0.21875
vt 0.28125 0.21875
vt 0.28125 0.0625
vt 0.25 0.0625
vn 0 0 -1
vn 1 0 0
vn 0 0 1
vn -1 0 0
vn 0 1 0
vn 0 -1 0
g _
f 28/76/19 31/75/19 29/74/19 26/73/19
f 27/80/20 28/79/20 26/78/20 25/77/20
f 32/84/21 27/83/21 25/82/21 30/81/21
f 31/88/22 32/87/22 30/86/22 29/85/22
f 30/92/23 25/91/23 26/90/23 29/89/23
f 31/96/24 28/95/24 27/94/24 32/93/24
o cube
v 0.14187499999999997 -0.08 -0.024375
v 0.14187499999999997 -0.08 -0.0625
v 0.14187499999999997 -0.11812500000000001 -0.024375
v 0.14187499999999997 -0.11812500000000001 -0.0625
v 0.027499999999999997 -0.08 -0.0625
v 0.027499999999999997 -0.08 -0.024375
v 0.027499999999999997 -0.11812500000000001 -0.0625
v 0.027499999999999997 -0.11812500000000001 -0.024375
vt 0.28125 0.28125
vt 0.3125 0.28125
vt 0.3125 0.3125
vt 0.28125 0.3125
vt 0.6875 0.5625
vt 0.71875 0.5625
vt 0.71875 0.53125
vt 0.6875 0.53125
vt 0.625 0.5625
vt 0.71875 0.5625
vt 0.71875 0.53125
vt 0.625 0.53125
vt 0.625 0.5625
vt 0.65625 0.5625
vt 0.65625 0.53125
vt 0.625 0.53125
vt 0.625 0.5625
vt 0.71875 0.5625
vt 0.71875 0.53125
vt 0.625 0.53125
vt 0.28125 0.0625
vt 0.375 0.0625
vt 0.375 0.03125
vt 0.28125 0.03125
vn 0 0 -1
vn 1 0 0
vn 0 0 1
vn -1 0 0
vn 0 1 0
vn 0 -1 0
g _
f 36/100/25 39/99/25 37/98/25 34/97/25
f 35/104/26 36/103/26 34/102/26 33/101/26
f 40/108/27 35/107/27 33/106/27 38/105/27
f 39/112/28 40/111/28 38/110/28 37/109/28
f 38/116/29 33/115/29 34/114/29 37/113/29
f 39/120/30 36/119/30 35/118/30 40/117/30
o cube
v -0.35375 -0.08 -0.024375
v -0.35375 -0.08 -0.329375
v -0.35375 -0.11812500000000001 -0.024375
v -0.35375 -0.11812500000000001 -0.329375
v -0.391875 -0.08 -0.329375
v -0.391875 -0.08 -0.024375
v -0.391875 -0.11812500000000001 -0.329375
v -0.391875 -0.11812500000000001 -0.024375
vt 0.28125 0.28125
vt 0.3125 0.28125
vt 0.3125 0.3125
vt 0.28125 0.3125
vt 0.53125 0.28125
vt 0.6875 0.28125
vt 0.6875 0.3125
vt 0.53125 0.3125
vt 0.28125 0.5625
vt 0.3125 0.5625
vt 0.3125 0.53125
vt 0.28125 0.53125
vt 0.28125 0.3125
vt 0.53125 0.3125
vt 0.53125 0.28125
vt 0.28125 0.28125
vt 0.28125 0.78125
vt 0.3125 0.78125
vt 0.3125 0.53125
vt 0.28125 0.53125
vt 0.6875 0.28125
vt 0.71875 0.28125
vt 0.71875 0.03125
vt 0.6875 0.03125
vn 0 0 -1
vn 1 0 0
vn 0 0 1
vn -1 0 0
vn 0 1 0
vn 0 -1 0
g _
f 44/124/31 47/123/31 45/122/31 42/121/31
f 43/128/32 44/127/32 42/126/32 41/125/32
f 48/132/33 43/131/33 41/130/33 46/129/33
f 47/136/34 48/135/34 46/134/34 45/133/34
f 46/140/35 41/139/35 42/138/35 45/137/35
f 47/144/36 44/143/36 43/142/36 48/141/36
o cube
v -0.20124999999999998 -0.08 0.013749999999999998
v -0.20124999999999998 -0.08 -0.0625
v -0.20124999999999998 -0.11812500000000001 0.013749999999999998
v -0.20124999999999998 -0.11812500000000001 -0.0625
v -0.35375 -0.08 -0.0625
v -0.35375 -0.08 0.013749999999999998
v -0.35375 -0.11812500000000001 -0.0625
v -0.35375 -0.11812500000000001 0.013749999999999998
vt 0.28125 0.28125
vt 0.3125 0.28125
vt 0.3125 0.3125
vt 0.28125 0.3125
vt 0.40625 0.5625
vt 0.4375 0.5625
vt 0.4375 0.5
vt 0.40625 0.5
vt 0.3125 0.53125
vt 0.4375 0.53125
vt 0.4375 0.5
vt 0.3125 0.5
vt 0.3125 0.53125
vt 0.34375 0.53125
vt 0.34375 0.5
vt 0.3125 0.5
vt 0.3125 0.5625
vt 0.4375 0.5625
vt 0.4375 0.5
vt 0.3125 0.5
vt 0.6875 0
vt 0.5625 0
vt 0.5625 0.0625
vt 0.6875 0.0625
vn 0 0 -1
vn 1 0 0
vn 0 0 1
vn -1 0 0
vn 0 1 0
vn 0 -1 0
g _
f 52/148/37 55/147/37 53/146/37 50/145/37
f 51/152/38 52/151/38 50/150/38 49/149/38
f 56/156/39 51/155/39 49/154/39 54/153/39
f 55/160/40 56/159/40 54/158/40 53/157/40
f 54/164/41 49/163/41 50/162/41 53/161/41
f 55/168/42 52/167/42 51/166/42 56/165/42
o cube
v -0.010624999999999996 -0.09973495218906721 0.011151844254541451
v -0.010624999999999996 -0.08 -0.0625
v -0.010624999999999996 -0.13656087431633795 0.0012843681600078483
v -0.010624999999999996 -0.11682592212727073 -0.0723674760945336
v -0.163125 -0.08 -0.0625
v -0.163125 -0.09973495218906721 0.011151844254541451
v -0.163125 -0.11682592212727073 -0.0723674760945336
v -0.163125 -0.13656087431633795 0.0012843681600078483
vt 0.28125 0.28125
vt 0.3125 0.28125
vt 0.3125 0.3125
vt 0.28125 0.3125
vt 0.53125 0.53125
vt 0.59375 0.53125
vt 0.59375 0.5
vt 0.53125 0.5
vt 0.46875 0.53125
vt 0.59375 0.53125
vt 0.59375 0.5
vt 0.46875 0.5
vt 0.46875 0.53125
vt 0.53125 0.53125
vt 0.53125 0.5
vt 0.46875 0.5
vt 0.46875 0.5625
vt 0.59375 0.5625
vt 0.59375 0.5
vt 0.46875 0.5
vt 0.40625 0.0625
vt 0.53125 0.0625
vt 0.53125 0
vt 0.40625 0
vn 0 0.25881904510252074 -0.9659258262890683
vn 1 0 0
vn 0 -0.25881904510252074 0.9659258262890683
vn -1 0 0
vn 0 0.9659258262890683 0.25881904510252074
vn 0 -0.9659258262890683 -0.25881904510252074
g _
f 60/172/43 63/171/43 61/170/43 58/169/43
f 59/176/44 60/175/44 58/174/44 57/173/44
f 64/180/45 59/179/45 57/178/45 62/177/45
f 63/184/46 64/183/46 62/182/46 61/181/46
f 62/188/47 57/187/47 58/186/47 61/185/47
f 63/192/48 60/191/48 59/190/48 64/189/48
o cube
v -0.163125 -0.0898674760945336 -0.025674077872729274
v -0.163125 -0.08 -0.0625
v -0.163125 -0.12669339822180434 -0.03554155396726288
v -0.163125 -0.11682592212727073 -0.0723674760945336
v -0.20124999999999998 -0.08 -0.0625
v -0.20124999999999998 -0.0898674760945336 -0.025674077872729274
v -0.20124999999999998 -0.11682592212727073 -0.0723674760945336
v -0.20124999999999998 -0.12669339822180434 -0.03554155396726288
vt 0.28125 0.28125
vt 0.3125 0.28125
vt 0.3125 0.3125
vt 0.28125 0.3125
vt 0.6875 0.5625
vt 0.71875 0.5625
vt 0.71875 0.53125
vt 0.6875 0.53125
vt 0.4375 0.5625
vt 0.46875 0.5625
vt 0.46875 0.53125
vt 0.4375 0.53125
vt 0.625 0.5625
vt 0.65625 0.5625
vt 0.65625 0.53125
vt 0.625 0.53125
vt 0.4375 0.5625
vt 0.46875 0.5625
vt 0.46875 0.53125
vt 0.4375 0.53125
vt 0.53125 0.0625
vt 0.5625 0.0625
vt 0.5625 0.03125
vt 0.53125 0.03125
vn 0 0.25881904510252074 -0.9659258262890683
vn 1 0 0
vn 0 -0.25881904510252074 0.9659258262890683
vn -1 0 0
vn 0 0.9659258262890683 0.25881904510252074
vn 0 -0.9659258262890683 -0.25881904510252074
g _
f 68/196/49 71/195/49 69/194/49 66/193/49
f 67/200/50 68/199/50 66/198/50 65/197/50
f 72/204/51 67/203/51 65/202/51 70/201/51
f 71/208/52 72/207/52 70/206/52 69/205/52
f 70/212/53 65/211/53 66/210/53 69/209/53
f 71/216/54 68/215/54 67/214/54 72/213/54
o cube
v -0.010624999999999996 -0.13656087431633795 0.0012843681600078483
v -0.010624999999999996 -0.11682592212727073 -0.0723674760945336
v -0.010624999999999996 -0.17338679644360866 -0.008583107934525755
v -0.010624999999999996 -0.15365184425454145 -0.0822349521890672
v -0.163125 -0.11682592212727073 -0.0723674760945336
v -0.163125 -0.13656087431633795 0.0012843681600078483
v -0.163125 -0.15365184425454145 -0.0822349521890672
v -0.163125 -0.17338679644360866 -0.008583107934525755
vt 0.28125 0.28125
vt 0.3125 0.28125
vt 0.3125 0.3125
vt 0.28125 0.3125
vt 0.40625 0.0625
vt 0.46875 0.0625
vt 0.46875 0.03125
vt 0.40625 0.03125
vt 0.40625 0.03125
vt 0.53125 0.03125
vt 0.53125 0
vt 0.40625 0
vt 0.46875 0.0625
vt 0.53125 0.0625
vt 0.53125 0.03125
vt 0.46875 0.03125
vt 0.46875 0.5625
vt 0.59375 0.5625
vt 0.59375 0.5
vt 0.46875 0.5
vt 0.40625 0.0625
vt 0.53125 0.0625
vt 0.53125 0
vt 0.40625 0
vn 0 0.25881904510252074 -0.9659258262890683
vn 1 0 0
vn 0 -0.25881904510252074 0.9659258262890683
vn -1 0 0
vn 0 0.9659258262890683 0.25881904510252074
vn 0 -0.9659258262890683 -0.25881904510252074
g _
f 76/220/55 79/219/55 77/218/55 74/217/55
f 75/224/56 76/223/56 74/222/56 73/221/56
f 80/228/57 75/227/57 73/226/57 78/225/57
f 79/232/58 80/231/58 78/230/58 77/229/58
f 78/236/59 73/235/59 74/234/59 77/233/59
f 79/240/60 76/239/60 75/238/60 80/237/60
o cube
v -0.010624999999999996 -0.11682592212727073 -0.0723674760945336
v -0.010624999999999996 -0.08228975579640313 -0.20125820353998114
v -0.010624999999999996 -0.15365184425454145 -0.0822349521890672
v -0.010624999999999996 -0.11911567792367384 -0.21112567963451476
v -0.163125 -0.08228975579640313 -0.20125820353998114
v -0.163125 -0.11682592212727073 -0.0723674760945336
v -0.163125 -0.11911567792367384 -0.21112567963451476
v -0.163125 -0.15365184425454145 -0.0822349521890672
vt 0.28125 0.28125
vt 0.3125 0.28125
vt 0.3125 0.3125
vt 0.28125 0.3125
vt 0.5 0.09375
vt 0.5625 0.09375
vt 0.5625 0.0625
vt 0.5 0.0625
vt 0.46875 0.53125
vt 0.59375 0.53125
vt 0.59375 0.5
vt 0.46875 0.5
vt 0.40625 0.09375
vt 0.46875 0.09375
vt 0.46875 0.0625
vt 0.40625 0.0625
vt 0.46875 0.5625
vt 0.59375 0.5625
vt 0.59375 0.5
vt 0.46875 0.5
vt 0.40625 0.0625
vt 0.53125 0.0625
vt 0.53125 0.1875
vt 0.40625 0.1875
vn 0 0.25881904510252074 -0.9659258262890683
vn 1 0 0
vn 0 -0.25881904510252074 0.9659258262890683
vn -1 0 0
vn 0 0.9659258262890683 0.25881904510252074
vn 0 -0.9659258262890683 -0.25881904510252074
g _
f 84/244/61 87/243/61 85/242/61 82/241/61
f 83/248/62 84/247/62 82/246/62 81/245/62
f 88/252/63 83/251/63 81/250/63 86/249/63
f 87/256/64 88/255/64 86/254/64 85/253/64
f 86/260/65 81/259/65 82/258/65 85/257/65
f 87/264/66 84/263/66 83/262/66 88/261/66
o cube
v -0.5012867091742902 0.1340394396446894 0.06339679136016113
v -0.5956540119159359 0.1659384414903323 -0.28878677704489414
v -0.5023187178239668 0.08846353220699202 0.059545282645717484
v -0.5966860205656125 0.12036253405263492 -0.2926382857593378
v -0.6398451184686609 0.1659384414903323 -0.2769458057314538
v -0.5454778157270153 0.1340394396446894 0.07523776267360151
v -0.6408771271183376 0.12036253405263492 -0.2807973144458974
v -0.5465098243766919 0.08846353220699202 0.07138625395915786
vt 0.28125 0.28125
vt 0.3125 0.28125
vt 0.3125 0.3125
vt 0.28125 0.3125
vt 0.53125 0.28125
vt 0.6875 0.28125
vt 0.6875 0.3125
vt 0.53125 0.3125
vt 0.28125 0.5625
vt 0.3125 0.5625
vt 0.3125 0.53125
vt 0.28125 0.53125
vt 0.28125 0.3125
vt 0.53125 0.3125
vt 0.53125 0.28125
vt 0.28125 0.28125
vt 0.28125 0.78125
vt 0.3125 0.78125
vt 0.3125 0.53125
vt 0.28125 0.53125
vt 0.6875 0.28125
vt 0.71875 0.28125
vt 0.71875 0.03125
vt 0.6875 0.03125
vn -0.25783416049629965 0.08715574274765818 -0.9622501868990583
vn 0.9659258262890684 0 -0.25881904510252085
vn 0.25783416049629965 -0.08715574274765818 0.9622501868990583
vn -0.9659258262890684 0 0.25881904510252085
vn 0.022557566113149848 0.9961946980917455 0.0841859828293692
vn -0.022557566113149848 -0.9961946980917455 -0.0841859828293692
g _
f 92/268/67 95/267/67 93/266/67 90/265/67
f 91/272/68 92/271/68 90/270/68 89/269/68
f 96/276/69 91/275/69 89/274/69 94/273/69
f 95/280/70 96/279/70 94/278/70 93/277/70
f 94/284/71 89/283/71 90/282/71 93/281/71
f 95/288/72 92/287/72 91/286/72 96/285/72
o cube
v -0.17733477207409865 0.173913191951743 -0.4952423822805613
v -0.18913068491680432 0.17790056718244837 -0.5392653283311931
v -0.1783667807237752 0.12833728451404564 -0.4990938909950049
v -0.1901626935664809 0.132324659744751 -0.5431168370456367
v -0.49846843078587844 0.17790056718244837 -0.45637852913711086
v -0.4866725179431728 0.173913191951743 -0.41235558308647896
v -0.49950043943555505 0.132324659744751 -0.4602300378515545
v -0.48770452659284935 0.12833728451404564 -0.4162070918009226
vt 0.375 0.34375
vt 0.59375 0.34375
vt 0.59375 0.375
vt 0.375 0.375
vt 0.4375 0.25
vt 0.46875 0.25
vt 0.46875 0.3125
vt 0.4375 0.3125
vt 0.28125 0.3125
vt 0.6875 0.3125
vt 0.6875 0.25
vt 0.28125 0.25
vt 0.28125 0.3125
vt 0.3125 0.3125
vt 0.3125 0.28125
vt 0.28125 0.28125
vt 0.40625 0.875
vt 0.625 0.875
vt 0.625 0.84375
vt 0.40625 0.84375
vt 0.375 0.375
vt 0.59375 0.375
vt 0.59375 0.34375
vt 0.375 0.34375
vn -0.25783416049629965 0.08715574274765818 -0.9622501868990583
vn 0.9659258262890684 0 -0.25881904510252085
vn 0.25783416049629965 -0.08715574274765818 0.9622501868990583
vn -0.9659258262890684 0 0.25881904510252085
vn 0.022557566113149848 0.9961946980917455 0.0841859828293692
vn -0.022557566113149848 -0.9961946980917455 -0.0841859828293692
g _
f 100/292/73 103/291/73 101/290/73 98/289/73
f 99/296/74 100/295/74 98/294/74 97/293/74
f 104/300/75 99/299/75 97/298/75 102/297/75
f 103/304/76 104/303/76 102/302/76 101/301/76
f 102/308/77 97/307/77 98/306/77 101/305/77
f 103/312/78 100/311/78 99/310/78 104/309/78
o cube
v 0.061401763168427215 0.13802681487539475 -0.13455878176519498
v -0.03296553957321843 0.16992581672103765 -0.48674235017025025
v 0.060369754518750596 0.09245090743769738 -0.13841029047963863
v -0.03399754822289505 0.12434990928334028 -0.490593858884694
v -0.6074499247586416 0.16992581672103765 -0.3328097230955261
v -0.513082622016996 0.13802681487539475 0.019373845309529215
v -0.6084819334083181 0.12434990928334028 -0.33666123180996976
v -0.5141146306666725 0.09245090743769738 0.015522336595085576
vt 0.28125 0.28125
vt 0.6875 0.28125
vt 0.6875 0.3125
vt 0.28125 0.3125
vt 0.4375 0.28125
vt 0.6875 0.28125
vt 0.6875 0.3125
vt 0.4375 0.3125
vt 0.3125 0.59375
vt 0.71875 0.59375
vt 0.71875 0.5625
vt 0.3125 0.5625
vt 0.28125 0.3125
vt 0.53125 0.3125
vt 0.53125 0.28125
vt 0.28125 0.28125
vt 0.3125 0.8125
vt 0.71875 0.8125
vt 0.71875 0.5625
vt 0.3125 0.5625
vt 0.28125 0.0625
vt 0.6875 0.0625
vt 0.6875 0.3125
vt 0.28125 0.3125
vn -0.25783416049629965 0.08715574274765818 -0.9622501868990583
vn 0.9659258262890684 0 -0.25881904510252085
vn 0.25783416049629965 -0.08715574274765818 0.9622501868990583
vn -0.9659258262890684 0 0.25881904510252085
vn 0.022557566113149848 0.9961946980917455 0.0841859828293692
vn -0.022557566113149848 -0.9961946980917455 -0.0841859828293692
g _
f 108/316/79 111/315/79 109/314/79 106/313/79
f 107/320/80 108/319/80 106/318/80 105/317/80
f 112/324/81 107/323/81 105/322/81 110/321/81
f 111/328/82 112/327/82 110/326/82 109/325/82
f 110/332/83 105/331/83 106/330/83 109/329/83
f 111/336/84 108/335/84 107/334/84 112/333/84
o cube
v 0.10559286972115212 0.13802681487539475 -0.14639975307863534
v 0.04661330550762355 0.15796369102892158 -0.3665144833317949
v 0.1045608610714755 0.09245090743769738 -0.15025126179307896
v 0.045581296857946985 0.1123877835912242 -0.37036599204623855
v 0.002422198954898702 0.15796369102892158 -0.35467351201835456
v 0.061401763168427215 0.13802681487539475 -0.13455878176519498
v 0.0013901903052220277 0.1123877835912242 -0.3585250207327982
v 0.060369754518750596 0.09245090743769738 -0.13841029047963863
vt 0.28125 0.28125
vt 0.3125 0.28125
vt 0.3125 0.3125
vt 0.28125 0.3125
vt 0.53125 0.28125
vt 0.6875 0.28125
vt 0.6875 0.3125
vt 0.53125 0.3125
vt 0.71875 0.59375
vt 0.75 0.59375
vt 0.75 0.5625
vt 0.71875 0.5625
vt 0.28125 0.3125
vt 0.53125 0.3125
vt 0.53125 0.28125
vt 0.28125 0.28125
vt 0.71875 0.71875
vt 0.75 0.71875
vt 0.75 0.5625
vt 0.71875 0.5625
vt 0.25 0.21875
vt 0.28125 0.21875
vt 0.28125 0.0625
vt 0.25 0.0625
vn -0.25783416049629965 0.08715574274765818 -0.9622501868990583
vn 0.9659258262890684 0 -0.25881904510252085
vn 0.25783416049629965 -0.08715574274765818 0.9622501868990583
vn -0.9659258262890684 0 0.25881904510252085
vn 0.022557566113149848 0.9961946980917455 0.0841859828293692
vn -0.022557566113149848 -0.9961946980917455 -0.0841859828293692
g _
f 116/340/85 119/339/85 117/338/85 114/337/85
f 115/344/86 116/343/86 114/342/86 113/341/86
f 120/348/87 115/347/87 113/346/87 118/345/87
f 119/352/88 120/351/88 118/350/88 117/349/88
f 118/356/89 113/355/89 114/354/89 117/353/89
f 119/360/90 116/359/90 115/358/90 120/357/90
o cube
v 0.07319767601113292 0.1340394396446894 -0.09053583571456307
v 0.061401763168427215 0.13802681487539475 -0.13455878176519498
v 0.0721656673614563 0.08846353220699202 -0.09438734442900672
v 0.060369754518750596 0.09245090743769738 -0.13841029047963863
v -0.07117155648974727 0.13802681487539475 -0.09903586782487406
v -0.059375643647041565 0.1340394396446894 -0.05501292177424215
v -0.07220356513942386 0.09245090743769738 -0.10288737653931769
v -0.060407652296718156 0.08846353220699202 -0.05886443048868578
vt 0.28125 0.28125
vt 0.3125 0.28125
vt 0.3125 0.3125
vt 0.28125 0.3125
vt 0.6875 0.5625
vt 0.71875 0.5625
vt 0.71875 0.53125
vt 0.6875 0.53125
vt 0.625 0.5625
vt 0.71875 0.5625
vt 0.71875 0.53125
vt 0.625 0.53125
vt 0.625 0.5625
vt 0.65625 0.5625
vt 0.65625 0.53125
vt 0.625 0.53125
vt 0.625 0.5625
vt 0.71875 0.5625
vt 0.71875 0.53125
vt 0.625 0.53125
vt 0.28125 0.0625
vt 0.375 0.0625
vt 0.375 0.03125
vt 0.28125 0.03125
vn -0.25783416049629965 0.08715574274765818 -0.9622501868990583
vn 0.9659258262890684 0 -0.25881904510252085
vn 0.25783416049629965 -0.08715574274765818 0.9622501868990583
vn -0.9659258262890684 0 0.25881904510252085
vn 0.022557566113149848 0.9961946980917455 0.0841859828293692
vn -0.022557566113149848 -0.9961946980917455 -0.0841859828293692
g _
f 124/364/91 127/363/91 125/362/91 122/361/91
f 123/368/92 124/367/92 122/366/92 121/365/92
f 128/372/93 123/371/93 121/370/93 126/369/93
f 127/376/94 128/375/94 126/374/94 125/373/94
f 126/380/95 121/379/95 122/378/95 125/377/95
f 127/384/96 124/383/96 123/382/96 128/381/96
o cube
v -0.2810002158871942 0.1223793933182454 0.0016950454742869943
v -0.2921270892533717 0.13802681487539475 -0.03983101125767237
v -0.2850500665929322 0.07938845591729007 -0.013419203122595865
v -0.2961769399591097 0.09503587747443941 -0.05494525985455523
v -0.3363181958060965 0.13802681487539475 -0.02799003994423205
v -0.325191322439919 0.1223793933182454 0.013536016787727312
v -0.3403680465118345 0.09503587747443941 -0.04310428854111492
v -0.32924117314565704 0.07938845591729007 -0.001578231809155551
vt 0.28125 0.28125
vt 0.3125 0.28125
vt 0.3125 0.3125
vt 0.28125 0.3125
vt 0.6875 0.5625
vt 0.71875 0.5625
vt 0.71875 0.53125
vt 0.6875 0.53125
vt 0.4375 0.5625
vt 0.46875 0.5625
vt 0.46875 0.53125
vt 0.4375 0.53125
vt 0.625 0.5625
vt 0.65625 0.5625
vt 0.65625 0.53125
vt 0.625 0.53125
vt 0.4375 0.5625
vt 0.46875 0.5625
vt 0.46875 0.53125
vt 0.4375 0.53125
vt 0.53125 0.0625
vt 0.5625 0.0625
vt 0.5625 0.03125
vt 0.53125 0.03125
vn -0.24321034680169407 0.34202014332566877 -0.9076733711903687
vn 0.9659258262890684 0 -0.2588190451025209
vn 0.24321034680169407 -0.34202014332566877 0.9076733711903687
vn -0.9659258262890684 0 0.2588190451025209
vn 0.08852132690137691 0.9396926207859084 0.3303660895493522
vn -0.08852132690137691 -0.9396926207859084 -0.3303660895493522
g _
f 132/388/97 135/387/97 133/386/97 130/385/97
f 131/392/98 132/391/98 130/390/98 129/389/98
f 136/396/99 131/395/99 129/394/99 134/393/99
f 135/400/100 136/399/100 134/398/100 133/397/100
f 134/404/101 129/403/101 130/402/101 133/401/101
f 135/408/102 132/407/102 131/406/102 136/405/102
o cube
v -0.3127263701206851 0.13005206441398404 0.06005585215703173
v -0.3363181958060965 0.13802681487539475 -0.027990039944232076
v -0.3137583787703617 0.08447615697628666 0.05620434344258809
v -0.33735020445577313 0.09245090743769738 -0.031841548658675715
v -0.513082622016996 0.13802681487539475 0.019373845309529215
v -0.48949079633158454 0.13005206441398404 0.10741973741079303
v -0.5141146306666725 0.09245090743769738 0.015522336595085576
v -0.4905228049812611 0.08447615697628666 0.10356822869634938
vt 0.28125 0.28125
vt 0.3125 0.28125
vt 0.3125 0.3125
vt 0.28125 0.3125
vt 0.40625 0.5625
vt 0.4375 0.5625
vt 0.4375 0.5
vt 0.40625 0.5
vt 0.3125 0.53125
vt 0.4375 0.53125
vt 0.4375 0.5
vt 0.3125 0.5
vt 0.3125 0.53125
vt 0.34375 0.53125
vt 0.34375 0.5
vt 0.3125 0.5
vt 0.3125 0.5625
vt 0.4375 0.5625
vt 0.4375 0.5
vt 0.3125 0.5
vt 0.6875 0
vt 0.5625 0
vt 0.5625 0.0625
vt 0.6875 0.0625
vn -0.25783416049629965 0.08715574274765818 -0.9622501868990583
vn 0.9659258262890684 0 -0.25881904510252085
vn 0.25783416049629965 -0.08715574274765818 0.9622501868990583
vn -0.9659258262890684 0 0.25881904510252085
vn 0.022557566113149848 0.9961946980917455 0.0841859828293692
vn -0.022557566113149848 -0.9961946980917455 -0.0841859828293692
g _
f 140/412/103 143/411/103 141/410/103 138/409/103
f 139/416/104 140/415/104 138/414/104 137/413/104
f 144/420/105 139/419/105 137/418/105 142/417/105
f 143/424/106 144/423/106 142/422/106 141/421/106
f 142/428/107 137/427/107 138/426/107 141/425/107
f 143/432/108 140/431/108 139/430/108 144/429/108
o cube
v -0.09310891631011713 0.10673197176109606 -0.004142783047514975
v -0.11536266304247213 0.13802681487539475 -0.0871948965114337
v -0.09715876701585512 0.06374103436014072 -0.019257031644397835
v -0.11941251374821013 0.09503587747443941 -0.10230914510831657
v -0.29212708925337166 0.13802681487539475 -0.03983101125767237
v -0.2698733425210167 0.10673197176109606 0.04322110220624635
v -0.29617693995910965 0.09503587747443941 -0.054945259854555235
v -0.2739231932267546 0.06374103436014072 0.02810685360936349
vt 0.28125 0.28125
vt 0.3125 0.28125
vt 0.3125 0.3125
vt 0.28125 0.3125
vt 0.53125 0.53125
vt 0.59375 0.53125
vt 0.59375 0.5
vt 0.53125 0.5
vt 0.46875 0.53125
vt 0.59375 0.53125
vt 0.59375 0.5
vt 0.46875 0.5
vt 0.46875 0.53125
vt 0.53125 0.53125
vt 0.53125 0.5
vt 0.46875 0.5
vt 0.46875 0.5625
vt 0.59375 0.5625
vt 0.59375 0.5
vt 0.46875 0.5
vt 0.40625 0.0625
vt 0.53125 0.0625
vt 0.53125 0
vt 0.40625 0
vn -0.24321034680169407 0.34202014332566877 -0.9076733711903687
vn 0.9659258262890684 0 -0.2588190451025209
vn 0.24321034680169407 -0.34202014332566877 0.9076733711903687
vn -0.9659258262890684 0 0.2588190451025209
vn 0.08852132690137691 0.9396926207859084 0.3303660895493522
vn -0.08852132690137691 -0.9396926207859084 -0.3303660895493522
g _
f 148/436/109 151/435/109 149/434/109 146/433/109
f 147/440/110 148/439/110 146/438/110 145/437/110
f 152/444/111 147/443/111 145/442/111 150/441/111
f 151/448/112 152/447/112 150/446/112 149/445/112
f 150/452/113 145/451/113 146/450/113 149/449/113
f 151/456/114 148/455/114 147/454/114 152/453/114
o cube
v -0.09715876701585512 0.06374103436014072 -0.019257031644397835
v -0.11941251374821013 0.09503587747443941 -0.10230914510831657
v -0.10120861772159312 0.020750096959185282 -0.03437128024128074
v -0.12346236445394812 0.05204494007348398 -0.11742339370519947
v -0.29617693995910965 0.09503587747443941 -0.054945259854555235
v -0.2739231932267546 0.06374103436014072 0.02810685360936349
v -0.3002267906648477 0.05204494007348398 -0.07005950845143814
v -0.27797304393249267 0.020750096959185282 0.012992605012480576
vt 0.28125 0.28125
vt 0.3125 0.28125
vt 0.3125 0.3125
vt 0.28125 0.3125
vt 0.40625 0.0625
vt 0.46875 0.0625
vt 0.46875 0.03125
vt 0.40625 0.03125
vt 0.40625 0.03125
vt 0.53125 0.03125
vt 0.53125 0
vt 0.40625 0
vt 0.46875 0.0625
vt 0.53125 0.0625
vt 0.53125 0.03125
vt 0.46875 0.03125
vt 0.46875 0.5625
vt 0.59375 0.5625
vt 0.59375 0.5
vt 0.46875 0.5
vt 0.40625 0.0625
vt 0.53125 0.0625
vt 0.53125 0
vt 0.40625 0
vn -0.24321034680169407 0.34202014332566877 -0.9076733711903687
vn 0.9659258262890684 0 -0.2588190451025209
vn 0.24321034680169407 -0.34202014332566877 0.9076733711903687
vn -0.9659258262890684 0 0.2588190451025209
vn 0.08852132690137691 0.9396926207859084 0.3303660895493522
vn -0.08852132690137691 -0.9396926207859084 -0.3303660895493522
g _
f 156/460/115 159/459/115 157/458/115 154/457/115
f 155/464/116 156/463/116 154/462/116 153/461/116
f 160/468/117 155/467/117 153/466/117 158/465/117
f 159/472/118 160/471/118 158/470/118 157/469/118
f 158/476/119 153/475/119 154/474/119 157/473/119
f 159/480/120 156/479/120 155/478/120 160/477/120
o cube
v -0.11941251374821013 0.09503587747443941 -0.10230914510831657
v -0.15835657052983135 0.1498018529244621 -0.24765034367017424
v -0.12346236445394812 0.05204494007348398 -0.11742339370519947
v -0.16240642123556936 0.10681091552350666 -0.2627645922670572
v -0.3351209967407309 0.1498018529244621 -0.20028645841641296
v -0.29617693995910965 0.09503587747443941 -0.054945259854555235
v -0.33917084744646886 0.10681091552350666 -0.21540070701329583
v -0.3002267906648477 0.05204494007348398 -0.07005950845143814
vt 0.28125 0.28125
vt 0.3125 0.28125
vt 0.3125 0.3125
vt 0.28125 0.3125
vt 0.5 0.09375
vt 0.5625 0.09375
vt 0.5625 0.0625
vt 0.5 0.0625
vt 0.46875 0.53125
vt 0.59375 0.53125
vt 0.59375 0.5
vt 0.46875 0.5
vt 0.40625 0.09375
vt 0.46875 0.09375
vt 0.46875 0.0625
vt 0.40625 0.0625
vt 0.46875 0.5625
vt 0.59375 0.5625
vt 0.59375 0.5
vt 0.46875 0.5
vt 0.40625 0.0625
vt 0.53125 0.0625
vt 0.53125 0.1875
vt 0.40625 0.1875
vn -0.24321034680169407 0.34202014332566877 -0.9076733711903687
vn 0.9659258262890684 0 -0.2588190451025209
vn 0.24321034680169407 -0.34202014332566877 0.9076733711903687
vn -0.9659258262890684 0 0.2588190451025209
vn 0.08852132690137691 0.9396926207859084 0.3303660895493522
vn -0.08852132690137691 -0.9396926207859084 -0.3303660895493522
g _
f 164/484/121 167/483/121 165/482/121 162/481/121
f 163/488/122 164/487/122 162/486/122 161/485/122
f 168/492/123 163/491/123 161/490/123 166/489/123
f 167/496/124 168/495/124 166/494/124 165/493/124
f 166/500/125 161/499/125 162/498/125 165/497/125
f 167/504/126 164/503/126 163/502/126 168/501/126
o cube
v -0.12134775267866804 0.16992581672103765 -0.4630604075433697
v -0.13314366552137374 0.173913191951743 -0.5070833535940016
v -0.12237976132834463 0.12434990928334028 -0.4669119162578133
v -0.13417567417105036 0.12833728451404564 -0.5109348623084452
v -0.5750547310486225 0.173913191951743 -0.3886736404595983
v -0.5632588182059167 0.16992581672103765 -0.3446506944089664
v -0.576086739698299 0.12833728451404564 -0.39252514917404197
v -0.5642908268555933 0.12434990928334028 -0.34850220312341007
vt 0.34375 0.28125
vt 0.65625 0.28125
vt 0.65625 0.3125
vt 0.34375 0.3125
vt 0.65625 0.28125
vt 0.6875 0.28125
vt 0.6875 0.3125
vt 0.65625 0.3125
vt 0.28125 0.3125
vt 0.6875 0.3125
vt 0.6875 0.25
vt 0.28125 0.25
vt 0.28125 0.3125
vt 0.3125 0.3125
vt 0.3125 0.28125
vt 0.28125 0.28125
vt 0.34375 0.84375
vt 0.65625 0.84375
vt 0.65625 0.8125
vt 0.34375 0.8125
vt 0.34375 0.34375
vt 0.65625 0.34375
vt 0.65625 0.3125
vt 0.34375 0.3125
vn -0.25783416049629965 0.08715574274765818 -0.9622501868990583
vn 0.9659258262890684 0 -0.25881904510252085
vn 0.25783416049629965 -0.08715574274765818 0.9622501868990583
vn -0.9659258262890684 0 0.25881904510252085
vn 0.022557566113149848 0.9961946980917455 0.0841859828293692
vn -0.022557566113149848 -0.9961946980917455 -0.0841859828293692
g _
f 172/508/127 175/507/127 173/506/127 170/505/127
f 171/512/128 172/511/128 170/510/128 169/509/128
f 176/516/129 171/515/129 169/514/129 174/513/129
f 175/520/130 176/519/130 174/518/130 173/517/130
f 174/524/131 169/523/131 170/522/131 173/521/131
f 175/528/132 172/527/132 171/526/132 176/525/132
o cube
v 0.39588548113743094 0.05899015995978585 -0.3661002919675974
v 0.402480625530825 0.06231297265204031 -0.4035032144636066
v 0.3964624815061695 0.021010237095038006 -0.36937262366873697
v 0.4030576258995635 0.024333049787292477 -0.40677554616474615
v 0.13966005644569202 0.06231297265204031 -0.44984557187846863
v 0.13306491205229798 0.05899015995978585 -0.41244264938245945
v 0.14023705681443055 0.024333049787292477 -0.4531179035796082
v 0.1336419124210365 0.021010237095038006 -0.415714981083599
vt 0.375 0.34375
vt 0.59375 0.34375
vt 0.59375 0.375
vt 0.375 0.375
vt 0.4375 0.25
vt 0.46875 0.25
vt 0.46875 0.3125
vt 0.4375 0.3125
vt 0.28125 0.3125
vt 0.6875 0.3125
vt 0.6875 0.25
vt 0.28125 0.25
vt 0.28125 0.3125
vt 0.3125 0.3125
vt 0.3125 0.28125
vt 0.28125 0.28125
vt 0.40625 0.875
vt 0.625 0.875
vt 0.625 0.84375
vt 0.40625 0.84375
vt 0.375 0.375
vt 0.59375 0.375
vt 0.59375 0.34375
vt 0.375 0.34375
vn 0.17298739392508944 0.0871557427476582 -0.9810602621904069
vn 0.984807753012208 0 0.17364817766693036
vn -0.17298739392508944 -0.0871557427476582 0.9810602621904069
vn -0.984807753012208 0 -0.17364817766693036
vn -0.015134435901338618 0.9961946980917457 0.08583165117743131
vn 0.015134435901338618 -0.9961946980917457 -0.08583165117743131
g _
f 180/532/133 183/531/133 181/530/133 178/529/133
f 179/536/134 180/535/134 178/534/134 177/533/134
f 184/540/135 179/539/135 177/538/135 182/537/135
f 183/544/136 184/543/136 182/542/136 181/541/136
f 182/548/137 177/547/137 178/546/137 181/545/137
f 183/552/138 180/551/138 179/550/138 184/549/138
o cube
v 0.44916656834765595 0.02908484572949563 -0.00961297918285884
v 0.5019277234948082 0.05566734726753138 -0.308836359150933
v 0.4497435687163945 -0.008895077135252213 -0.012885310883998413
v 0.5025047238635467 0.017687424402783536 -0.31210869085207255
v 0.013832380908132602 0.05566734726753138 -0.39490073720710533
v -0.03892877423901969 0.02908484572949563 -0.09567735723903119
v 0.014409381276871136 0.017687424402783536 -0.3981730689082449
v -0.03835177387028116 -0.008895077135252213 -0.09894968894017075
vt 0.28125 0.28125
vt 0.6875 0.28125
vt 0.6875 0.3125
vt 0.28125 0.3125
vt 0.4375 0.28125
vt 0.6875 0.28125
vt 0.6875 0.3125
vt 0.4375 0.3125
vt 0.3125 0.59375
vt 0.71875 0.59375
vt 0.71875 0.5625
vt 0.3125 0.5625
vt 0.28125 0.3125
vt 0.53125 0.3125
vt 0.53125 0.28125
vt 0.28125 0.28125
vt 0.3125 0.8125
vt 0.71875 0.8125
vt 0.71875 0.5625
vt 0.3125 0.5625
vt 0.28125 0.0625
vt 0.6875 0.0625
vt 0.6875 0.3125
vt 0.28125 0.3125
vn 0.17298739392508944 0.0871557427476582 -0.9810602621904069
vn 0.984807753012208 0 0.17364817766693036
vn -0.17298739392508944 -0.0871557427476582 0.9810602621904069
vn -0.984807753012208 0 -0.17364817766693036
vn -0.015134435901338618 0.9961946980917457 0.08583165117743131
vn 0.015134435901338618 -0.9961946980917457 -0.08583165117743131
g _
f 188/556/139 191/555/139 189/554/139 186/553/139
f 187/560/140 188/559/140 186/558/140 185/557/140
f 192/564/141 187/563/141 185/562/141 190/561/141
f 191/568/142 192/567/142 190/566/142 189/565/142
f 190/572/143 185/571/143 186/570/143 189/569/143
f 191/576/144 188/575/144 187/574/144 192/573/144
o cube
v 0.48671236393124634 0.02908484572949563 -0.0029926424093071266
v 0.5196880858982165 0.04569890919076797 -0.19000725488935344
v 0.4872893642999849 -0.008895077135252213 -0.0062649741104467
v 0.520265086266955 0.007718986326020125 -0.19327958659049302
v 0.4821422903146261 0.04569890919076797 -0.19662759166290517
v 0.44916656834765595 0.02908484572949563 -0.00961297918285884
v 0.4827192906833646 0.007718986326020125 -0.19989992336404475
v 0.4497435687163945 -0.008895077135252213 -0.012885310883998413
vt 0.28125 0.28125
vt 0.3125 0.28125
vt 0.3125 0.3125
vt 0.28125 0.3125
vt 0.53125 0.28125
vt 0.6875 0.28125
vt 0.6875 0.3125
vt 0.53125 0.3125
vt 0.71875 0.59375
vt 0.75 0.59375
vt 0.75 0.5625
vt 0.71875 0.5625
vt 0.28125 0.3125
vt 0.53125 0.3125
vt 0.53125 0.28125
vt 0.28125 0.28125
vt 0.71875 0.71875
vt 0.75 0.71875
vt 0.75 0.5625
vt 0.71875 0.5625
vt 0.25 0.21875
vt 0.28125 0.21875
vt 0.28125 0.0625
vt 0.25 0.0625
vn 0.17298739392508944 0.0871557427476582 -0.9810602621904069
vn 0.984807753012208 0 0.17364817766693036
vn -0.17298739392508944 -0.0871557427476582 0.9810602621904069
vn -0.984807753012208 0 -0.17364817766693036
vn -0.015134435901338618 0.9961946980917457 0.08583165117743131
vn 0.015134435901338618 -0.9961946980917457 -0.08583165117743131
g _
f 196/580/145 199/579/145 197/578/145 194/577/145
f 195/584/146 196/583/146 194/582/146 193/581/146
f 200/588/147 195/587/147 193/586/147 198/585/147
f 199/592/148 200/591/148 198/590/148 197/589/148
f 198/596/149 193/595/149 194/594/149 197/593/149
f 199/600/150 196/599/150 195/598/150 200/597/150
o cube
v -0.04552391863241373 0.025762033037241158 -0.058274434743021915
v 0.007237236514738565 0.05234453457527691 -0.35749781471109604
v -0.044946918263675195 -0.012217889827506684 -0.06154676644416149
v 0.0078142368834771 0.014364611710529065 -0.3607701464122356
v -0.030308559068851798 0.05234453457527691 -0.3641181514846477
v -0.08306971421600406 0.025762033037241158 -0.06489477151657362
v -0.029731558700113264 0.014364611710529065 -0.3673904831857873
v -0.08249271384726553 -0.012217889827506684 -0.06816710321771319
vt 0.28125 0.28125
vt 0.3125 0.28125
vt 0.3125 0.3125
vt 0.28125 0.3125
vt 0.53125 0.28125
vt 0.6875 0.28125
vt 0.6875 0.3125
vt 0.53125 0.3125
vt 0.28125 0.5625
vt 0.3125 0.5625
vt 0.3125 0.53125
vt 0.28125 0.53125
vt 0.28125 0.3125
vt 0.53125 0.3125
vt 0.53125 0.28125
vt 0.28125 0.28125
vt 0.28125 0.78125
vt 0.3125 0.78125
vt 0.3125 0.53125
vt 0.28125 0.53125
vt 0.6875 0.28125
vt 0.71875 0.28125
vt 0.71875 0.03125
vt 0.6875 0.03125
vn 0.17298739392508944 0.0871557427476582 -0.9810602621904069
vn 0.984807753012208 0 0.17364817766693036
vn -0.17298739392508944 -0.0871557427476582 0.9810602621904069
vn -0.984807753012208 0 -0.17364817766693036
vn -0.015134435901338618 0.9961946980917457 0.08583165117743131
vn 0.015134435901338618 -0.9961946980917457 -0.08583165117743131
g _
f 204/604/151 207/603/151 205/602/151 202/601/151
f 203/608/152 204/607/152 202/606/152 201/605/152
f 208/612/153 203/611/153 201/610/153 206/609/153
f 207/616/154 208/615/154 206/614/154 205/613/154
f 206/620/155 201/619/155 202/618/155 205/617/155
f 207/624/156 204/623/156 203/622/156 208/621/156
o cube
v 0.4425714239542619 0.025762033037241158 0.027789943313150434
v 0.44916656834765595 0.02908484572949563 -0.00961297918285884
v 0.44314842432300044 -0.012217889827506684 0.02451761161201086
v 0.4497435687163945 -0.008895077135252213 -0.012885310883998413
v 0.3365291815968846 0.02908484572949563 -0.029473989503513997
v 0.32993403720349057 0.025762033037241158 0.007928932992495277
v 0.33710618196562314 -0.008895077135252213 -0.03274632120465357
v 0.3305110375722291 -0.012217889827506684 0.004656601291355705
vt 0.28125 0.28125
vt 0.3125 0.28125
vt 0.3125 0.3125
vt 0.28125 0.3125
vt 0.6875 0.5625
vt 0.71875 0.5625
vt 0.71875 0.53125
vt 0.6875 0.53125
vt 0.625 0.5625
vt 0.71875 0.5625
vt 0.71875 0.53125
vt 0.625 0.53125
vt 0.625 0.5625
vt 0.65625 0.5625
vt 0.65625 0.53125
vt 0.625 0.53125
vt 0.625 0.5625
vt 0.71875 0.5625
vt 0.71875 0.53125
vt 0.625 0.53125
vt 0.28125 0.0625
vt 0.375 0.0625
vt 0.375 0.03125
vt 0.28125 0.03125
vn 0.17298739392508944 0.0871557427476582 -0.9810602621904069
vn 0.984807753012208 0 0.17364817766693036
vn -0.17298739392508944 -0.0871557427476582 0.9810602621904069
vn -0.984807753012208 0 -0.17364817766693036
vn -0.015134435901338618 0.9961946980917457 0.08583165117743131
vn 0.015134435901338618 -0.9961946980917457 -0.08583165117743131
g _
f 212/628/157 215/627/157 213/626/157 210/625/157
f 211/632/158 212/631/158 210/630/158 209/629/158
f 216/636/159 211/635/159 209/634/159 214/633/159
f 215/640/160 216/639/160 214/638/160 213/637/160
f 214/644/161 209/643/161 210/642/161 213/641/161
f 215/648/162 212/647/162 211/646/162 216/645/162
o cube
v 0.14257912206570839 0.016045327765204467 -0.027294166319836496
v 0.1488002036789325 0.029084845729495587 -0.06257567337127258
v 0.14484341059786274 -0.0197804534022583 -0.04013558470661237
v 0.15106449221108686 -0.00674093543796718 -0.07541709175804845
v 0.1112544080953421 0.029084845729495587 -0.0691960101448243
v 0.10503332648211795 0.016045327765204467 -0.03391450309338821
v 0.11351869662749645 -0.00674093543796718 -0.08203742853160016
v 0.1072976150142723 -0.0197804534022583 -0.04675592148016408
vt 0.28125 0.28125
vt 0.3125 0.28125
vt 0.3125 0.3125
vt 0.28125 0.3125
vt 0.6875 0.5625
vt 0.71875 0.5625
vt 0.71875 0.53125
vt 0.6875 0.53125
vt 0.4375 0.5625
vt 0.46875 0.5625
vt 0.46875 0.53125
vt 0.4375 0.53125
vt 0.625 0.5625
vt 0.65625 0.5625
vt 0.65625 0.53125
vt 0.625 0.53125
vt 0.4375 0.5625
vt 0.46875 0.5625
vt 0.46875 0.53125
vt 0.4375 0.53125
vt 0.53125 0.0625
vt 0.5625 0.0625
vt 0.5625 0.03125
vt 0.53125 0.03125
vn 0.16317591116653482 0.34202014332566866 -0.9254165783983234
vn 0.9848077530122081 0 0.17364817766693036
vn -0.16317591116653482 -0.34202014332566866 0.9254165783983234
vn -0.9848077530122081 0 -0.17364817766693036
vn -0.05939117461388471 0.9396926207859085 0.33682408883346526
vn 0.05939117461388471 -0.9396926207859085 -0.33682408883346526
g _
f 220/652/163 223/651/163 221/650/163 218/649/163
f 219/656/164 220/655/164 218/654/164 217/653/164
f 224/660/165 219/659/165 217/658/165 222/657/165
f 223/664/166 224/663/166 222/662/166 221/661/166
f 222/668/167 217/667/167 218/666/167 221/665/167
f 223/672/168 220/671/168 219/670/168 224/669/168
o cube
v 0.09806411930855402 0.022439220344986688 0.0056098348471942255
v 0.1112544080953421 0.02908484572949563 -0.0691960101448243
v 0.09864111967729255 -0.015540702519761154 0.002337503146054652
v 0.11183140846408063 -0.008895077135252213 -0.07246834184596387
v -0.03892877423901969 0.02908484572949563 -0.09567735723903119
v -0.052119063025807766 0.022439220344986688 -0.020871512247012662
v -0.03835177387028116 -0.008895077135252213 -0.09894968894017075
v -0.05154206265706923 -0.015540702519761154 -0.024143843948152235
vt 0.28125 0.28125
vt 0.3125 0.28125
vt 0.3125 0.3125
vt 0.28125 0.3125
vt 0.40625 0.5625
vt 0.4375 0.5625
vt 0.4375 0.5
vt 0.40625 0.5
vt 0.3125 0.53125
vt 0.4375 0.53125
vt 0.4375 0.5
vt 0.3125 0.5
