# Made in Blockbench 4.1.3

o cube
v 0.2423079260106282 -0.02498667073939788 0.07291902304700412
v 0.2634994288231128 0.002068281002864991 -0.047263961583817383
v 0.2458314583108112 -0.11651442140689164 0.05293607837214042
v 0.2670229611232958 -0.08945946966462878 -0.0672469062586811
v 0.10962321741495532 0.002068281002864991 -0.07439648934427526
v 0.0884317146024707 -0.02498667073939788 0.04578649528654627
v 0.11314674971513833 -0.08945946966462878 -0.09437943401913895
v 0.09195524690265372 -0.11651442140689164 0.02580355061168256
vt 0.3125 0.3125
vt 0.6875 0.3125
vt 0.6875 0.25
vt 0.3125 0.25
vt 0.34375 0.34375
vt 0.65625 0.34375
vt 0.65625 0.28125
vt 0.34375 0.28125
vt 0.3125 0.3125
vt 0.6875 0.3125
vt 0.6875 0.25
vt 0.3125 0.25
vt 0.34375 0.34375
vt 0.65625 0.34375
vt 0.65625 0.28125
vt 0.34375 0.28125
vt 0.3125 0.8125
vt 0.6875 0.8125
vt 0.6875 0.5
vt 0.3125 0.5
vt 0.3125 0.3046875
vt 0.625 0.3046875
vt 0.625 0
vt 0.3125 0
vn 0.16953202249987687 0.21643961393810288 -0.9614638770465722
vn 0.984807753012208 0 0.17364817766693033
vn -0.16953202249987687 -0.21643961393810288 0.9614638770465722
vn -0.984807753012208 0 -0.17364817766693033
vn -0.03758434453528551 0.9762960071199335 0.21315140986521294
vn 0.03758434453528551 -0.9762960071199335 -0.21315140986521294
g _
f 4/4/1 7/3/1 5/2/1 2/1/1
f 3/8/2 4/7/2 2/6/2 1/5/2
f 8/12/3 3/11/3 1/10/3 6/9/3
f 7/16/4 8/15/4 6/14/4 5/13/4
f 6/20/5 1/19/5 2/18/5 5/17/5
f 7/24/6 4/23/6 3/22/6 8/21/6
o cube
v 0.2458314583108112 -0.11651442140689164 0.05293607837214042
v 0.29881021534202273 -0.0488770420512345 -0.2475213832049134
v 0.24818047984426655 -0.1775329218518875 0.039614115255564616
v 0.3011592368754781 -0.10989554249623035 -0.2608433463214892
v 0.14493400393386524 -0.0488770420512345 -0.2746539109653713
v 0.09195524690265372 -0.11651442140689164 0.02580355061168256
v 0.14728302546732058 -0.10989554249623035 -0.2879758740819471
v 0.09430426843610906 -0.1775329218518875 0.012481587495106748
vt 0.3125 0.3125
vt 0.6875 0.3125
vt 0.6875 0.25
vt 0.3125 0.25
vt 0.3515625 0.3125
vt 0.65625 0.3125
vt 0.65625 0.25
vt 0.3515625 0.25
vt 0.3125 0.3125
vt 0.6875 0.3125
vt 0.6875 0.25
vt 0.3125 0.25
vt 0.34375 0.34375
vt 0.65625 0.34375
vt 0.65625 0.28125
vt 0.34375 0.28125
vt 0.3125 0.8125
vt 0.6875 0.8125
vt 0.6875 0.5
vt 0.3125 0.5
vt 0.3125 0.3046875
vt 0.5 0.3046875
vt 0.5 0
vt 0.3125 0
vn 0.16953202249987687 0.21643961393810288 -0.9614638770465722
vn 0.984807753012208 0 0.17364817766693033
vn -0.16953202249987687 -0.21643961393810288 0.9614638770465722
vn -0.984807753012208 0 -0.17364817766693033
vn -0.03758434453528551 0.9762960071199335 0.21315140986521294
vn 0.03758434453528551 -0.9762960071199335 -0.21315140986521294
g _
f 12/28/7 15/27/7 13/26/7 10/25/7
f 11/32/8 12/31/8 10/30/8 9/29/8
f 16/36/9 11/35/9 9/34/9 14/33/9
f 15/40/10 16/39/10 14/38/10 13/37/10
f 14/44/11 9/43/11 10/42/11 13/41/11
f 15/48/12 12/47/12 11/46/12 16/45/12
o cube
v 0.29881021534202273 -0.0488770420512345 -0.2475213832049134
v 0.30410809104514386 -0.04211330411566877 -0.27756712936261874
v 0.3011592368754781 -0.10989554249623035 -0.2608433463214892
v 0.3064571125785992 -0.10313180456066463 -0.29088909247919453
v -0.0036443317711711137 -0.04211330411566877 -0.3318321848835345
v -0.008942207474292266 -0.0488770420512345 -0.30178643872582916
v -0.0012953102377157716 -0.10313180456066463 -0.3451541480001103
v -0.006593185940836924 -0.10989554249623035 -0.31510840184240496
vt 0.3125 0.3125
vt 0.6875 0.3125
vt 0.6875 0.25
vt 0.3125 0.25
vt 0.34375 0.34375
vt 0.375 0.34375
vt 0.375 0.28125
vt 0.34375 0.28125
vt 0.34375 0.3125
vt 0.65625 0.3125
vt 0.65625 0.25
vt 0.34375 0.25
vt 0.625 0.34375
vt 0.65625 0.34375
vt 0.65625 0.28125
vt 0.625 0.28125
vt 0.34375 0.8125
vt 0.65625 0.8125
vt 0.65625 0.84375
vt 0.34375 0.84375
vt 0.34375 0.3125
vt 0.65625 0.3125
vt 0.65625 0.34375
vt 0.34375 0.34375
vn 0.16953202249987687 0.21643961393810288 -0.9614638770465722
vn 0.984807753012208 0 0.17364817766693033
vn -0.16953202249987687 -0.21643961393810288 0.9614638770465722
vn -0.984807753012208 0 -0.17364817766693033
vn -0.03758434453528551 0.9762960071199335 0.21315140986521294
vn 0.03758434453528551 -0.9762960071199335 -0.21315140986521294
g _
f 20/52/13 23/51/13 21/50/13 18/49/13
f 19/56/14 20/55/14 18/54/14 17/53/14
f 24/60/15 19/59/15 17/58/15 22/57/15
f 23/64/16 24/63/16 22/62/16 21/61/16
f 22/68/17 17/67/17 18/66/17 21/65/17
f 23/72/18 20/71/18 19/70/18 24/69/18
o cube
v 0.2646417164126677 -0.026728669813820383 0.011459881043960209
v 0.2858332192251523 0.0003262819284424734 -0.1087231035868613
v 0.3163458960875906 -0.08515727380549781 0.007423587604798304
v 0.3375373989000752 -0.05810232206323496 -0.11275939702602322
v 0.21737249212358817 -0.05850662214310136 -0.13403872610011738
v 0.19618098931110356 -0.08556157388536421 -0.013855741469295874
v 0.26907667179851114 -0.11693522613477879 -0.1380750195392793
v 0.24788516898602653 -0.14399017787704166 -0.017892034908457782
vt 0.40625 0.3125
vt 0.59375 0.3125
vt 0.59375 0.25
vt 0.40625 0.25
vt 0.34375 0.34375
vt 0.53125 0.34375
vt 0.53125 0.28125
vt 0.34375 0.28125
vt 0.3125 0.3125
vt 0.34375 0.3125
vt 0.34375 0.25
vt 0.3125 0.25
vt 0.625 0.34375
vt 0.65625 0.34375
vt 0.65625 0.28125
vt 0.625 0.28125
vt 0.25 0.5625
vt 0.28125 0.5625
vt 0.28125 0.75
vt 0.25 0.75
vt 0.25 0.0625
vt 0.34375 0.0625
vt 0.34375 0.1875
vt 0.25 0.1875
vn 0.16953202249987684 0.21643961393810285 -0.9614638770465722
vn 0.7302477557500174 0.6275509767631345 0.27003330680806503
vn -0.16953202249987684 -0.21643961393810285 0.9614638770465722
vn -0.7302477557500174 -0.6275509767631345 -0.27003330680806503
vn -0.6618134998390136 0.7478861310934712 0.051664556021272415
vn 0.6618134998390136 -0.7478861310934712 -0.051664556021272415
g _
f 28/76/19 31/75/19 29/74/19 26/73/19
f 27/80/20 28/79/20 26/78/20 25/77/20
f 32/84/21 27/83/21 25/82/21 30/81/21
f 31/88/22 32/87/22 30/86/22 29/85/22
f 30/92/23 25/91/23 26/90/23 29/89/23
f 31/96/24 28/95/24 27/94/24 32/93/24
o cube
v 0.33860668414868467 -0.036611117252975514 -0.10773286791931483
v 0.35185137340648753 -0.019701772414061236 -0.18284723331357827
v 0.34894752008366925 -0.04829683805131099 -0.10854012660714721
v 0.3621922093414721 -0.0313874932123967 -0.18365449200141065
v 0.2719805251213294 -0.08834016049752902 -0.21238212624571037
v 0.25873583586352655 -0.10524950533644331 -0.13726776085144693
v 0.282321361056314 -0.10002588129586451 -0.21318938493354275
v 0.26907667179851114 -0.11693522613477879 -0.1380750195392793
vt 0.40625 0.3125
vt 0.59375 0.3125
vt 0.59375 0.25
vt 0.40625 0.25
vt 0.34375 0.34375
vt 0.53125 0.34375
vt 0.53125 0.28125
vt 0.34375 0.28125
vt 0.3125 0.3125
vt 0.34375 0.3125
vt 0.34375 0.25
vt 0.3125 0.25
vt 0.625 0.34375
vt 0.65625 0.34375
vt 0.65625 0.28125
vt 0.625 0.28125
vt 0.25 0.5625
vt 0.28125 0.5625
vt 0.28125 0.75
vt 0.25 0.75
vt 0.28125 0.09375
vt 0.4140625 0.09375
vt 0.4140625 0.1796875
vt 0.28125 0.1796875
vn 0.16953202249987684 0.21643961393810285 -0.9614638770465722
vn 0.7302477557500174 0.6275509767631345 0.27003330680806503
vn -0.16953202249987684 -0.21643961393810285 0.9614638770465722
vn -0.7302477557500174 -0.6275509767631345 -0.27003330680806503
vn -0.6618134998390136 0.7478861310934712 0.051664556021272415
vn 0.6618134998390136 -0.7478861310934712 -0.051664556021272415
g _
f 36/100/25 39/99/25 37/98/25 34/97/25
f 35/104/26 36/103/26 34/102/26 33/101/26
f 40/108/27 35/107/27 33/106/27 38/105/27
f 39/112/28 40/111/28 38/110/28 37/109/28
f 38/116/29 33/115/29 34/114/29 37/113/29
f 39/120/30 36/119/30 35/118/30 40/117/30
o cube
v 0.2425576064818809 -0.04211330411566877 -0.28842014046680187
v 0.24785548218500203 -0.03534956618010307 -0.31846588662450726
v 0.24490662801533625 -0.10313180456066463 -0.3017421035833777
v 0.25020450371845737 -0.09636806662509892 -0.3317878497410831
v 0.06320402849521305 -0.03534956618010307 -0.3510249199370567
v 0.057906152792091894 -0.04211330411566877 -0.3209791737793513
v 0.06555305002866839 -0.09636806662509892 -0.36434688305363255
v 0.06025517432554724 -0.10313180456066463 -0.33430113689592716
vt 0.40625 0.3125
vt 0.59375 0.3125
vt 0.59375 0.25
vt 0.40625 0.25
vt 0.34375 0.34375
vt 0.375 0.34375
vt 0.375 0.28125
vt 0.34375 0.28125
vt 0.3125 0.3125
vt 0.6875 0.3125
vt 0.6875 0.25
vt 0.3125 0.25
vt 0.625 0.34375
vt 0.65625 0.34375
vt 0.65625 0.28125
vt 0.625 0.28125
vt 0.40625 0.84375
vt 0.59375 0.84375
vt 0.59375 0.875
vt 0.40625 0.875
vt 0.40625 0.34375
vt 0.59375 0.34375
vt 0.59375 0.375
vt 0.40625 0.375
vn 0.16953202249987687 0.21643961393810288 -0.9614638770465722
vn 0.984807753012208 0 0.17364817766693033
vn -0.16953202249987687 -0.21643961393810288 0.9614638770465722
vn -0.984807753012208 0 -0.17364817766693033
vn -0.03758434453528551 0.9762960071199335 0.21315140986521294
vn 0.03758434453528551 -0.9762960071199335 -0.21315140986521294
g _
f 44/124/31 47/123/31 45/122/31 42/121/31
f 43/128/32 44/127/32 42/126/32 41/125/32
f 48/132/33 43/131/33 41/130/33 46/129/33
f 47/136/34 48/135/34 46/134/34 45/133/34
f 46/140/35 41/139/35 42/138/35 45/137/35
f 47/144/36 44/143/36 43/142/36 48/141/36
o cube
v 0.15557289438210592 -0.14200108616672716 0.020665624277721006
v 0.1622081248958154 -0.13524378581095448 -0.009114824139517655
v 0.1573346605321974 -0.187764961500474 0.010674151940289152
v 0.16396989104590692 -0.18100766114470132 -0.01910629647694951
v 0.13169326391810848 -0.13494875570590542 -0.015846741901072325
v 0.12505803340439903 -0.1417060560616781 0.013933706516166336
v 0.13345503006819998 -0.18071263103965227 -0.025838214238504173
v 0.12681979955449052 -0.18746993139542495 0.003942234178734488
vt 0.21875 1
vt 0.28125 1
vt 0.28125 0.96875
vt 0.21875 0.96875
vt 0.21875 1
vt 0.28125 1
vt 0.28125 0.96875
vt 0.21875 0.96875
vt 0.21875 1
vt 0.28125 1
vt 0.28125 0.96875
vt 0.21875 0.96875
vt 0.21875 1
vt 0.28125 1
vt 0.28125 0.96875
vt 0.21875 0.96875
vt 0.21875 1
vt 0.28125 1
vt 0.28125 0.96875
vt 0.21875 0.96875
vt 0.21875 1
vt 0.28125 1
vt 0.28125 0.96875
vt 0.21875 0.96875
vn 0.2123273764387031 0.21623361138472555 -0.9529743493516375
vn 0.976475551286621 -0.009440963361569884 0.21542136836974948
vn -0.2123273764387031 -0.21623361138472555 0.9529743493516375
vn -0.976475551286621 0.009440963361569884 -0.21542136836974948
vn -0.0375843445352855 0.9762960071199335 0.21315140986521292
vn 0.0375843445352855 -0.9762960071199335 -0.21315140986521292
g _
f 52/148/37 55/147/37 53/146/37 50/145/37
f 51/152/38 52/151/38 50/150/38 49/149/38
f 56/156/39 51/155/39 49/154/39 54/153/39
f 55/160/40 56/159/40 54/158/40 53/157/40
f 54/164/41 49/163/41 50/162/41 53/161/41
f 55/168/42 52/167/42 51/166/42 56/165/42
o cube
v 0.18830630121158487 -0.12624735404310825 -0.045719309035088
v 0.18545843735756837 -0.1197140848888942 -0.07614575420417705
v 0.19006806736167636 -0.1720112293768551 -0.05571078137251986
v 0.1872202035076599 -0.16547796022264105 -0.08613722654160891
v 0.15436064489688353 -0.12146466908270101 -0.07361094473351329
v 0.15720850875090003 -0.12799793823691505 -0.043184499564424245
v 0.15612241104697505 -0.16722854441644786 -0.08360241707094512
v 0.15897027490099153 -0.1737618135706619 -0.05317597190185609
vt 0.21875 1
vt 0.28125 1
vt 0.28125 0.96875
vt 0.21875 0.96875
vt 0.21875 1
vt 0.28125 1
vt 0.28125 0.96875
vt 0.21875 0.96875
vt 0.21875 1
vt 0.28125 1
vt 0.28125 0.96875
vt 0.21875 0.96875
vt 0.21875 1
vt 0.28125 1
vt 0.28125 0.96875
vt 0.21875 0.96875
vt 0.21875 1
vt 0.28125 1
vt 0.28125 0.96875
vt 0.21875 0.96875
vt 0.21875 1
vt 0.28125 1
vt 0.28125 0.96875
vt 0.21875 0.96875
vn -0.0911316433285283 0.20906461293484901 -0.9736462454108493
vn 0.9951293587419149 0.05601869420181802 -0.0811139030612406
vn 0.0911316433285283 -0.20906461293484901 0.9736462454108493
vn -0.9951293587419149 -0.05601869420181802 0.0811139030612406
vn -0.03758434453528551 0.9762960071199335 0.21315140986521292
vn 0.03758434453528551 -0.9762960071199335 -0.21315140986521292
g _
f 60/172/43 63/171/43 61/170/43 58/169/43
f 59/176/44 60/175/44 58/174/44 57/173/44
f 64/180/45 59/179/45 57/178/45 62/177/45
f 63/184/46 64/183/46 62/182/46 61/181/46
f 62/188/47 57/187/47 58/186/47 61/185/47
f 63/192/48 60/191/48 59/190/48 64/189/48
o cube
v 0.24288365687421187 -0.12482599768092795 -0.0066645865897911015
v 0.24553765825830678 -0.11854973810212567 -0.03716257574240106
v 0.2526347549470118 -0.16989461691748603 -0.015090811811370723
v 0.2552887563311067 -0.16361835733868374 -0.045588800963980686
v 0.215086726261299 -0.12441695239224877 -0.04101991122008262
v 0.21243272487720408 -0.13069321197105105 -0.010521922067472655
v 0.22483782433409893 -0.16948557162880684 -0.049446136441662236
v 0.22218382295000402 -0.17576183120760913 -0.01894814728905228
vt 0.21875 1
vt 0.28125 1
vt 0.28125 0.96875
vt 0.21875 0.96875
vt 0.21875 1
vt 0.28125 1
vt 0.28125 0.96875
vt 0.21875 0.96875
vt 0.21875 1
vt 0.28125 1
vt 0.28125 0.96875
vt 0.21875 0.96875
vt 0.21875 1
vt 0.28125 1
vt 0.28125 0.96875
vt 0.21875 0.96875
vt 0.21875 1
vt 0.28125 1
vt 0.28125 0.96875
vt 0.21875 0.96875
vt 0.21875 1
vt 0.28125 1
vt 0.28125 0.96875
vt 0.21875 0.96875
vn 0.08492804429103722 0.2008403065216729 -0.9759356528835188
vn 0.9744298239042503 0.18775085728393964 0.1234347352858097
vn -0.08492804429103722 -0.2008403065216729 0.9759356528835188
vn -0.9744298239042503 -0.18775085728393964 -0.1234347352858097
vn -0.20802342555306558 0.9614638770465723 0.17975947139369866
vn 0.20802342555306558 -0.9614638770465723 -0.17975947139369866
g _
f 68/196/49 71/195/49 69/194/49 66/193/49
f 67/200/50 68/199/50 66/198/50 65/197/50
f 72/204/51 67/203/51 65/202/51 70/201/51
f 71/208/52 72/207/52 70/206/52 69/205/52
f 70/212/53 65/211/53 66/210/53 69/209/53
f 71/216/54 68/215/54 67/214/54 72/213/54
o cube
v 0.13927725527066664 -0.11492043958979821 -0.10624504478693475
v 0.15111053172412942 -0.10831702925009978 -0.1344040760249139
v 0.14103902142075814 -0.16068431492354507 -0.11623651712436661
v 0.1528722978742209 -0.15408090458384663 -0.14439554836234575
v 0.12221145573829963 -0.10685308842254743 -0.14620504142689106
v 0.11037817928483684 -0.11345649876224585 -0.11804601018891189
v 0.12397322188839113 -0.15261696375629427 -0.1561965137643229
v 0.11213994543492836 -0.1592203740959927 -0.12803748252634373
vt 0.21875 1
vt 0.28125 1
vt 0.28125 0.96875
vt 0.21875 0.96875
vt 0.21875 1
vt 0.28125 1
vt 0.28125 0.96875
vt 0.21875 0.96875
vt 0.21875 1
vt 0.28125 1
vt 0.28125 0.96875
vt 0.21875 0.96875
vt 0.21875 1
vt 0.28125 1
vt 0.28125 0.96875
vt 0.21875 0.96875
vt 0.21875 1
vt 0.28125 1
vt 0.28125 0.96875
vt 0.21875 0.96875
vt 0.21875 1
vt 0.28125 1
vt 0.28125 0.96875
vt 0.21875 0.96875
vn 0.3786648465108094 0.21130913087034972 -0.9010889996153335
vn 0.9247704315465531 -0.046846106481675004 0.37763089286326856
vn -0.3786648465108094 -0.21130913087034972 0.9010889996153335
vn -0.9247704315465531 0.046846106481675004 -0.37763089286326856
vn -0.0375843445352855 0.9762960071199334 0.2131514098652129
vn 0.0375843445352855 -0.9762960071199334 -0.2131514098652129
g _
f 76/220/55 79/219/55 77/218/55 74/217/55
f 75/224/56 76/223/56 74/222/56 73/221/56
f 80/228/57 75/227/57 73/226/57 78/225/57
f 79/232/58 80/231/58 78/230/58 77/229/58
f 78/236/59 73/235/59 74/234/59 77/233/59
f 79/240/60 76/239/60 75/238/60 80/237/60
o cube
v 0.2325752366027146 -0.0980380902258076 -0.16712020769691802
v 0.2444085130561774 -0.09143467988610918 -0.19527923893489718
v 0.2343370027528061 -0.14380196555955443 -0.17711168003434985
v 0.24617027920626888 -0.13719855521985602 -0.20527071127232904
v 0.2155094370703476 -0.08997073905855685 -0.20708020433687432
v 0.20367616061688482 -0.09657414939825527 -0.17892117309889516
v 0.2172712032204391 -0.1357346143923037 -0.21707167667430616
v 0.2054379267669763 -0.14233802473200213 -0.18891264543632702
vt 0.21875 1
vt 0.28125 1
vt 0.28125 0.96875
vt 0.21875 0.96875
vt 0.21875 1
vt 0.28125 1
vt 0.28125 0.96875
vt 0.21875 0.96875
vt 0.21875 1
vt 0.28125 1
vt 0.28125 0.96875
vt 0.21875 0.96875
vt 0.21875 1
vt 0.28125 1
vt 0.28125 0.96875
vt 0.21875 0.96875
vt 0.21875 1
vt 0.28125 1
vt 0.28125 0.96875
vt 0.21875 0.96875
vt 0.21875 1
vt 0.28125 1
vt 0.28125 0.96875
vt 0.21875 0.96875
vn 0.3786648465108094 0.21130913087034972 -0.9010889996153335
vn 0.9247704315465531 -0.046846106481675004 0.37763089286326856
vn -0.3786648465108094 -0.21130913087034972 0.9010889996153335
vn -0.9247704315465531 0.046846106481675004 -0.37763089286326856
vn -0.0375843445352855 0.9762960071199334 0.2131514098652129
vn 0.0375843445352855 -0.9762960071199334 -0.2131514098652129
g _
f 84/244/61 87/243/61 85/242/61 82/241/61
f 83/248/62 84/247/62 82/246/62 81/245/62
f 88/252/63 83/251/63 81/250/63 86/249/63
f 87/256/64 88/255/64 86/254/64 85/253/64
f 86/260/65 81/259/65 82/258/65 85/257/65
f 87/264/66 84/263/66 83/262/66 88/261/66
o cube
v 0.2695643522770854 -0.11036412007648747 -0.10414119478346978
v 0.27752430706297854 -0.1036261202057949 -0.13359965668406948
v 0.27132611842717697 -0.1561279954102343 -0.11413266712090164
v 0.2792860732130701 -0.14938999553954174 -0.14359112902150134
v 0.2473279141614186 -0.10303662160227015 -0.14162417206701094
v 0.23936795937552552 -0.10977462147296271 -0.11216571016641125
v 0.24908968031151013 -0.148800496936017 -0.15161564440444278
v 0.241129725525617 -0.15553849680670956 -0.12215718250384308
vt 0.21875 1
vt 0.28125 1
vt 0.28125 0.96875
vt 0.21875 0.96875
vt 0.21875 1
vt 0.28125 1
vt 0.28125 0.96875
vt 0.21875 0.96875
vt 0.21875 1
vt 0.28125 1
vt 0.28125 0.96875
vt 0.21875 0.96875
vt 0.21875 1
vt 0.28125 1
vt 0.28125 0.96875
vt 0.21875 0.96875
vt 0.21875 1
vt 0.28125 1
vt 0.28125 0.96875
vt 0.21875 0.96875
vt 0.21875 1
vt 0.28125 1
vt 0.28125 0.96875
vt 0.21875 0.96875
vn 0.25471855314857916 0.21561599586216235 -0.9426707808191905
vn 0.9662845728499174 -0.018863955312791753 0.2567844922541266
vn -0.25471855314857916 -0.21561599586216235 0.9426707808191905
vn -0.9662845728499174 0.018863955312791753 -0.2567844922541266
vn -0.03758434453528551 0.9762960071199335 0.21315140986521294
vn 0.03758434453528551 -0.9762960071199335 -0.21315140986521294
g _
f 92/268/67 95/267/67 93/266/67 90/265/67
f 91/272/68 92/271/68 90/270/68 89/269/68
f 96/276/69 91/275/69 89/274/69 94/273/69
f 95/280/70 96/279/70 94/278/70 93/277/70
f 94/284/71 89/283/71 90/282/71 93/281/71
f 95/288/72 92/287/72 91/286/72 96/285/72
o cube
v 0.2840377619421719 -0.0670491785886146 0.005298203913130867
v 0.29164738570480864 -0.05908336312941622 -0.023945631510101692
v 0.30691610577110306 -0.10764223177786568 0.0001941818305140272
v 0.3145257295337398 -0.0996764163186673 -0.02904965359271853
v 0.2654552947223493 -0.0725278609206586 -0.03442333875490716
v 0.25784567095971256 -0.080493676379857 -0.005179503331674603
v 0.2883336385512804 -0.11312091410990968 -0.039527360837524
v 0.2807240147886437 -0.12108672956910807 -0.010283525414291443
vt 0.21875 1
vt 0.28125 1
vt 0.28125 0.96875
vt 0.21875 0.96875
vt 0.21875 1
vt 0.28125 1
vt 0.28125 0.96875
vt 0.21875 0.96875
vt 0.21875 1
vt 0.28125 1
vt 0.28125 0.96875
vt 0.21875 0.96875
vt 0.21875 1
vt 0.28125 1
vt 0.28125 0.96875
vt 0.21875 0.96875
vt 0.21875 1
vt 0.28125 1
vt 0.28125 0.96875
vt 0.21875 0.96875
vt 0.21875 1
vt 0.28125 1
vt 0.28125 0.96875
vt 0.21875 0.96875
vn 0.24350796040437434 0.2549060946943484 -0.9358027335434416
vn 0.8381469114387001 0.4302239293197565 0.335286631833775
vn -0.24350796040437434 -0.2549060946943484 0.9358027335434416
vn -0.8381469114387001 -0.4302239293197565 -0.335286631833775
vn -0.48807133501719785 0.8659851347040232 0.1088858044291592
vn 0.48807133501719785 -0.8659851347040232 -0.1088858044291592
g _
f 100/292/73 103/291/73 101/290/73 98/289/73
f 99/296/74 100/295/74 98/294/74 97/293/74
f 104/300/75 99/299/75 97/298/75 102/297/75
f 103/304/76 104/303/76 102/302/76 101/301/76
f 102/308/77 97/307/77 98/306/77 101/305/77
f 103/312/78 100/311/78 99/310/78 104/309/78
o cube
v 0.2945799420034497 -0.07268118845083597 -0.08413844091621117
v 0.29752574961400974 -0.06717100416864921 -0.11475743153801171
v 0.3209161434967754 -0.11120799046510987 -0.08853794571287747
v 0.3238619511073354 -0.10569780618292311 -0.119156936334678
v 0.2718426803501588 -0.08409746415425505 -0.12027444210025628
v 0.2688968727395987 -0.08960764843644181 -0.08965545147845576
v 0.29817888184348446 -0.12262426616852894 -0.1246739468969226
v 0.29523307423292444 -0.1281344504507157 -0.09405495627512205
vt 0.21875 1
vt 0.28125 1
vt 0.28125 0.96875
vt 0.21875 0.96875
vt 0.21875 1
vt 0.28125 1
vt 0.28125 0.96875
vt 0.21875 0.96875
vt 0.21875 1
vt 0.28125 1
vt 0.28125 0.96875
vt 0.21875 0.96875
vt 0.21875 1
vt 0.28125 1
vt 0.28125 0.96875
vt 0.21875 0.96875
vt 0.21875 1
vt 0.28125 1
vt 0.28125 0.96875
vt 0.21875 0.96875
vt 0.21875 1
vt 0.28125 1
vt 0.28125 0.96875
vt 0.21875 0.96875
vn 0.09426584353792127 0.17632589702997636 -0.9798076998976168
vn 0.8218582164432309 0.5416467195393869 0.17654433799182656
vn -0.09426584353792127 -0.17632589702997636 0.9798076998976168
vn -0.8218582164432309 -0.5416467195393869 -0.17654433799182656
vn -0.5618389651909483 0.8219051096378432 0.093856102328881
vn 0.5618389651909483 -0.8219051096378432 -0.093856102328881
g _
f 108/316/79 111/315/79 109/314/79 106/313/79
f 107/320/80 108/319/80 106/318/80 105/317/80
f 112/324/81 107/323/81 105/322/81 110/321/81
f 111/328/82 112/327/82 110/326/82 109/325/82
f 110/332/83 105/331/83 106/330/83 109/329/83
f 111/336/84 108/335/84 107/334/84 112/333/84
o cube
v -0.001974601459582198 -0.1165126213436553 -0.12385889854034271
v 0.0006208751277214375 -0.10977462147296271 -0.15426326268477605
v -0.00021283530949069152 -0.16227649667740218 -0.13385037087777454
v 0.002382641277812958 -0.15553849680670961 -0.16425473502220791
v -0.030498998357619073 -0.11036412007648747 -0.15705045942215268
v -0.03309447494492271 -0.11710211994718005 -0.12664609527771933
v -0.028737232207527552 -0.15612799541023437 -0.16704193175958454
v -0.03133270879483119 -0.16286599528092693 -0.13663756761515117
vt 0.28125 1
vt 0.21875 1
vt 0.21875 0.96875
vt 0.28125 0.96875
vt 0.28125 1
vt 0.21875 1
vt 0.21875 0.96875
vt 0.28125 0.96875
vt 0.28125 1
vt 0.21875 1
vt 0.21875 0.96875
vt 0.28125 0.96875
vt 0.28125 1
vt 0.21875 1
vt 0.21875 0.96875
vt 0.28125 0.96875
vt 0.28125 1
vt 0.21875 1
vt 0.21875 0.96875
vt 0.28125 0.96875
vt 0.28125 1
vt 0.21875 1
vt 0.21875 0.96875
vt 0.28125 0.96875
vn 0.08305525079371653 0.2156159958621624 -0.972939652621868
vn 0.9958359515308964 0.01886395531279176 0.08919029559605231
vn -0.08305525079371653 -0.2156159958621624 0.972939652621868
vn -0.9958359515308964 -0.01886395531279176 -0.08919029559605231
vn -0.037584344535285495 0.9762960071199334 0.2131514098652129
vn 0.037584344535285495 -0.9762960071199334 -0.2131514098652129
g _
f 116/340/85 119/339/85 117/338/85 114/337/85
f 115/344/86 116/343/86 114/342/86 113/341/86
f 120/348/87 115/347/87 113/346/87 118/345/87
f 119/352/88 120/351/88 118/350/88 117/349/88
f 118/356/89 113/355/89 114/354/89 117/353/89
f 119/360/90 116/359/90 115/358/90 120/357/90
o cube
v 0.13571729219924022 -0.09621600249922363 -0.19254457307621703
v 0.13422860553612723 -0.08961259215952519 -0.22305262584765154
v 0.13747905834933175 -0.14197987783297047 -0.2025360454136489
v 0.13599037168621872 -0.13537646749327203 -0.23304409818508337
v 0.10303618920654624 -0.09107653298707752 -0.2218474118519167
v 0.10452487586965925 -0.09767994332677596 -0.1913393590804822
v 0.10479795535663775 -0.13684040832082436 -0.23183888418934856
v 0.10628664201975076 -0.1434438186605228 -0.20133083141791402
vt 0.28125 1
vt 0.21875 1
vt 0.21875 0.96875
vt 0.28125 0.96875
vt 0.28125 1
vt 0.21875 1
vt 0.21875 0.96875
vt 0.28125 0.96875
vt 0.28125 1
vt 0.21875 1
vt 0.21875 0.96875
vt 0.28125 0.96875
vt 0.28125 1
vt 0.21875 1
vt 0.21875 0.96875
vt 0.28125 0.96875
vt 0.28125 1
vt 0.21875 1
vt 0.21875 0.96875
vt 0.28125 0.96875
vt 0.28125 1
vt 0.21875 1
vt 0.21875 0.96875
vt 0.28125 0.96875
vn -0.047637973219616395 0.21130913087034978 -0.9762576886859047
vn 0.9981573225465915 0.04684610648167503 -0.038566847863514865
vn 0.047637973219616395 -0.21130913087034978 0.9762576886859047
vn -0.9981573225465915 -0.04684610648167503 0.038566847863514865
vn -0.0375843445352855 0.9762960071199335 0.21315140986521294
vn 0.0375843445352855 -0.9762960071199335 -0.21315140986521294
g _
f 124/364/91 127/363/91 125/362/91 122/361/91
f 123/368/92 124/367/92 122/366/92 121/365/92
f 128/372/93 123/371/93 121/370/93 126/369/93
f 127/376/94 128/375/94 126/374/94 125/373/94
f 126/380/95 121/379/95 122/378/95 125/377/95
f 127/384/96 124/383/96 123/382/96 128/381/96
o cube
v 0.059678696650214705 -0.1173227424086906 -0.1092771664235417
v 0.07276127043645936 -0.11078947325447658 -0.13689464562215897
v 0.06144046280030621 -0.1630866177424375 -0.11926863876097354
v 0.07452303658655088 -0.15655334858822348 -0.14688611795959083
v 0.044405860236881874 -0.10903888906066977 -0.1499126588113553
v 0.031323286450637214 -0.1155721582148838 -0.122295179612738
v 0.04616762638697338 -0.15480276439441668 -0.15990413114878715
v 0.03308505260072872 -0.1613360335486307 -0.13228665195016986
vt 0.28125 1
vt 0.21875 1
vt 0.21875 0.96875
vt 0.28125 0.96875
vt 0.28125 1
vt 0.21875 1
vt 0.21875 0.96875
vt 0.28125 0.96875
vt 0.28125 1
vt 0.21875 1
vt 0.21875 0.96875
vt 0.28125 0.96875
vt 0.28125 1
vt 0.21875 1
vt 0.21875 0.96875
vt 0.28125 0.96875
vt 0.28125 1
vt 0.21875 1
vt 0.21875 0.96875
vt 0.28125 0.96875
vt 0.28125 1
vt 0.21875 1
vt 0.21875 0.96875
vt 0.28125 0.96875
vn 0.4186423611598293 0.20906461293484896 -0.8837593343557537
vn 0.9073731263864806 -0.05601869420181801 0.41657642205428186
vn -0.4186423611598293 -0.20906461293484896 0.8837593343557537
vn -0.9073731263864806 0.05601869420181801 -0.41657642205428186
vn -0.037584344535285495 0.9762960071199334 0.21315140986521286
vn 0.037584344535285495 -0.9762960071199334 -0.21315140986521286
g _
f 132/388/97 135/387/97 133/386/97 130/385/97
f 131/392/98 132/391/98 130/390/98 129/389/98
f 136/396/99 131/395/99 129/394/99 134/393/99
f 135/400/100 136/399/100 134/398/100 133/397/100
f 134/404/101 129/403/101 130/402/101 133/401/101
f 135/408/102 132/407/102 131/406/102 136/405/102
o cube
v 0.08632270318720593 -0.13142259047549457 -0.03999766740712382
v 0.0902731392722263 -0.1246652901197219 -0.07025151751979615
v 0.08808446933729744 -0.1771864658092414 -0.04998913974455567
v 0.0920349054223178 -0.17042916545346873 -0.080242989857228
v 0.0592960981095037 -0.12496032022477095 -0.0743622812006838
v 0.055345662024483336 -0.13171762058054362 -0.04410843108801148
v 0.06105786425959521 -0.17072419555851778 -0.08435375353811565
v 0.05710742817457484 -0.17748149591429047 -0.054099903425443324
vt 0.28125 1
vt 0.21875 1
vt 0.21875 0.96875
vt 0.28125 0.96875
vt 0.28125 1
vt 0.21875 1
vt 0.21875 0.96875
vt 0.28125 0.96875
vt 0.28125 1
vt 0.21875 1
vt 0.21875 0.96875
vt 0.28125 0.96875
vt 0.28125 1
vt 0.21875 1
vt 0.21875 0.96875
vt 0.28125 0.96875
vt 0.28125 1
vt 0.21875 1
vt 0.21875 0.96875
vt 0.28125 0.96875
vt 0.28125 1
vt 0.21875 1
vt 0.21875 0.96875
vt 0.28125 0.96875
vn 0.12641395472065184 0.21623361138472558 -0.9681232036055145
vn 0.9912653172071229 0.009440963361569892 0.131544437788405
vn -0.12641395472065184 -0.21623361138472558 0.9681232036055145
vn -0.9912653172071229 -0.009440963361569892 -0.131544437788405
vn -0.0375843445352855 0.9762960071199335 0.2131514098652129
vn 0.0375843445352855 -0.9762960071199335 -0.2131514098652129
g _
f 140/412/103 143/411/103 141/410/103 138/409/103
f 139/416/104 140/415/104 138/414/104 137/413/104
f 144/420/105 139/419/105 137/418/105 142/417/105
f 143/424/106 144/423/106 142/422/106 141/421/106
f 142/428/107 137/427/107 138/426/107 141/425/107
f 143/432/108 140/431/108 139/430/108 144/429/108
o cube
v 0.04412080128686259 -0.09822614890672932 -0.1994884453322608
v 0.04807123737188296 -0.09146884855095663 -0.22974229544493313
v 0.0458825674369541 -0.14399002424047616 -0.20947991766969265
v 0.049833003521974464 -0.13723272388470348 -0.239733767782365
v 0.017094196209160376 -0.09176387865600569 -0.23385305912582077
v 0.013143760124140008 -0.09852117901177837 -0.20359920901314846
v 0.018855962359251882 -0.13752775398975253 -0.24384453146325263
v 0.014905526274231515 -0.14428505434552522 -0.2135906813505803
vt 0.28125 1
vt 0.21875 1
vt 0.21875 0.96875
vt 0.28125 0.96875
vt 0.28125 1
vt 0.21875 1
vt 0.21875 0.96875
vt 0.28125 0.96875
vt 0.28125 1
vt 0.21875 1
vt 0.21875 0.96875
vt 0.28125 0.96875
vt 0.28125 1
vt 0.21875 1
vt 0.21875 0.96875
vt 0.28125 0.96875
vt 0.28125 1
vt 0.21875 1
vt 0.21875 0.96875
vt 0.28125 0.96875
vt 0.28125 1
vt 0.21875 1
vt 0.21875 0.96875
vt 0.28125 0.96875
vn 0.12641395472065184 0.21623361138472558 -0.9681232036055145
vn 0.9912653172071229 0.009440963361569892 0.131544437788405
vn -0.12641395472065184 -0.21623361138472558 0.9681232036055145
vn -0.9912653172071229 -0.009440963361569892 -0.131544437788405
vn -0.0375843445352855 0.9762960071199335 0.2131514098652129
vn 0.0375843445352855 -0.9762960071199335 -0.2131514098652129
g _
f 148/436/109 151/435/109 149/434/109 146/433/109
f 147/440/110 148/439/110 146/438/110 145/437/110
f 152/444/111 147/443/111 145/442/111 150/441/111
f 151/448/112 152/447/112 150/446/112 149/445/112
f 150/452/113 145/451/113 146/450/113 149/449/113
f 151/456/114 148/455/114 147/454/114 152/453/114
o cube
v -0.0018025865904747335 -0.13990307869491486 -0.01657543378568773
v 0.006134394514456035 -0.1336268191161126 -0.04614189107497865
v -0.008083682736065509 -0.18497169793147294 -0.027828567407927905
v -0.00014670163113474077 -0.17869543835267068 -0.05739502469721883
v -0.023799408012117537 -0.1277596048259895 -0.052932013516722415
v -0.03173638911704832 -0.13403586440479176 -0.023365556227431493
v -0.030080504157708313 -0.17282822406254758 -0.06418514713896259
v -0.038017485262639095 -0.17910448364134984 -0.03461868984967167
vt 0.28125 1
vt 0.21875 1
vt 0.21875 0.96875
vt 0.28125 0.96875
vt 0.28125 1
vt 0.21875 1
vt 0.21875 0.96875
vt 0.28125 0.96875
vt 0.28125 1
vt 0.21875 1
vt 0.21875 0.96875
vt 0.28125 0.96875
vt 0.28125 1
vt 0.21875 1
vt 0.21875 0.96875
vt 0.28125 0.96875
vt 0.28125 1
vt 0.21875 1
vt 0.21875 0.96875
vt 0.28125 0.96875
vt 0.28125 1
vt 0.21875 1
vt 0.21875 0.96875
vt 0.28125 0.96875
vn 0.25398339535778475 0.20084030652167295 -0.9461266332573097
vn 0.9578816808503545 -0.1877508572839396 0.21728391813580034
vn -0.25398339535778475 -0.20084030652167295 0.9461266332573097
vn -0.9578816808503545 0.1877508572839396 -0.21728391813580034
vn 0.13399671777260322 0.9614638770465723 0.24006685060779032
vn -0.13399671777260322 -0.9614638770465723 -0.24006685060779032
g _
f 156/460/115 159/459/115 157/458/115 154/457/115
f 155/464/116 156/463/116 154/462/116 153/461/116
f 160/468/117 155/467/117 153/466/117 158/465/117
f 159/472/118 160/471/118 158/470/118 157/469/118
f 158/476/119 153/475/119 154/474/119 157/473/119
f 159/480/120 156/479/120 155/478/120 160/477/120
o cube
v -0.03867826770660557 -0.09236274057753519 -0.12832003934255773
v -0.030974109819548276 -0.08685255629534844 -0.1581000044269502
v -0.061921482648296805 -0.13088954259180907 -0.1414617329444982
v -0.0542173247612395 -0.12537935830962232 -0.17124169802889067
v -0.05699522922915054 -0.06992609630974261 -0.16169983734347643
v -0.06469938711620785 -0.07543628059192936 -0.13191987225908397
v -0.08023844417084175 -0.1084528983240165 -0.17484153094541693
v -0.08794260205789906 -0.11396308260620325 -0.14506156586102445
vt 0.28125 1
vt 0.21875 1
vt 0.21875 0.96875
vt 0.28125 0.96875
vt 0.28125 1
vt 0.21875 1
vt 0.21875 0.96875
vt 0.28125 0.96875
vt 0.28125 1
vt 0.21875 1
vt 0.21875 0.96875
vt 0.28125 0.96875
vt 0.28125 1
vt 0.21875 1
vt 0.21875 0.96875
vt 0.28125 0.96875
vt 0.28125 1
vt 0.21875 1
vt 0.21875 0.96875
vt 0.28125 0.96875
vt 0.28125 1
vt 0.21875 1
vt 0.21875 0.96875
vt 0.28125 0.96875
vn 0.24653305238583312 0.17632589702997634 -0.9529588827005594
vn 0.8326758211072718 -0.5416467195393869 0.11519465332883955
vn -0.24653305238583312 -0.17632589702997634 0.9529588827005594
vn -0.8326758211072718 0.5416467195393869 -0.11519465332883955
vn 0.4958552520894125 0.8219051096378432 0.2803561301747301
vn -0.4958552520894125 -0.8219051096378432 -0.2803561301747301
g _
f 164/484/121 167/483/121 165/482/121 162/481/121
f 163/488/122 164/487/122 162/486/122 161/485/122
f 168/492/123 163/491/123 161/490/123 166/489/123
f 167/496/124 168/495/124 166/494/124 165/493/124
f 166/500/125 161/499/125 162/498/125 165/497/125
f 167/504/126 164/503/126 163/502/126 168/501/126
o cube
v -0.05333393189243571 -0.080493676379857 -0.06004886316065314
v -0.05048265840629626 -0.0725278609206586 -0.09013172412129375
v -0.07308686440005116 -0.12108672956910807 -0.07266992948344148
v -0.07023559091391171 -0.11312091410990968 -0.10275279044408206
v -0.07867875995905924 -0.05908336312941622 -0.0892441226524147
v -0.08153003344519869 -0.0670491785886146 -0.0591612616917741
v -0.09843169246667466 -0.0996764163186673 -0.10186518897520302
v -0.10128296595281411 -0.10764223177786568 -0.07178232801456243
vt 0.28125 1
vt 0.21875 1
vt 0.21875 0.96875
vt 0.28125 0.96875
vt 0.28125 1
vt 0.21875 1
vt 0.21875 0.96875
vt 0.28125 0.96875
vt 0.28125 1
vt 0.21875 1
vt 0.21875 0.96875
vt 0.28125 0.96875
vt 0.28125 1
vt 0.21875 1
vt 0.21875 0.96875
vt 0.28125 0.96875
vt 0.28125 1
vt 0.21875 1
vt 0.21875 0.96875
vt 0.28125 0.96875
vt 0.28125 1
vt 0.21875 1
vt 0.21875 0.96875
vt 0.28125 0.96875
vn 0.0912407515564627 0.2549060946943484 -0.9626515507404992
vn 0.902275249688415 -0.43022392931975645 -0.028403247004129273
vn -0.0912407515564627 -0.2549060946943484 0.9626515507404992
vn -0.902275249688415 0.43022392931975645 0.028403247004129273
vn 0.42139589349579604 0.8659851347040232 0.26924941488615095
vn -0.42139589349579604 -0.8659851347040232 -0.26924941488615095
g _
f 172/508/127 175/507/127 173/506/127 170/505/127
f 171/512/128 172/511/128 170/510/128 169/509/128
f 176/516/129 171/515/129 169/514/129 174/513/129
f 175/520/130 176/519/130 174/518/130 173/517/130
f 174/524/131 169/523/131 170/522/131 173/521/131
f 175/528/132 172/527/132 171/526/132 176/525/132
o cube
v 0.007579362627231301 -0.08556157388536423 -0.047111296859168136
v 0.02877086543971591 -0.05850662214310137 -0.16729428148998965
v -0.03962617981651592 -0.14399017787704166 -0.06858804296222842
v -0.018434677004031327 -0.1169352261347788 -0.18877102759304995
v -0.04421962747162411 0.0003262819284424734 -0.16692032551913774
v -0.06541113028410872 -0.026728669813820383 -0.04673734088831623
v -0.09142516991537136 -0.05810232206323496 -0.18839707162219804
v -0.11261667272785594 -0.08515727380549781 -0.06821408699137652
vt 0.59375 0.3125
vt 0.40625 0.3125
vt 0.40625 0.25
vt 0.59375 0.25
vt 0.65625 0.34375
vt 0.625 0.34375
vt 0.625 0.28125
vt 0.65625 0.28125
vt 0.34375 0.3125
vt 0.3125 0.3125
vt 0.3125 0.25
vt 0.34375 0.25
vt 0.53125 0.34375
vt 0.34375 0.34375
vt 0.34375 0.28125
vt 0.53125 0.28125
vt 0.28125 0.5625
vt 0.25 0.5625
vt 0.25 0.75
vt 0.28125 0.75
vt 0.34375 0.0625
vt 0.25 0.0625
vt 0.25 0.1875
vt 0.34375 0.1875
vn 0.1695320224998769 0.21643961393810288 -0.9614638770465722
vn 0.7785652577209605 -0.6275509767631345 -0.003988863689087019
vn -0.1695320224998769 -0.21643961393810288 0.9614638770465722
vn -0.7785652577209605 0.6275509767631345 0.003988863689087019
vn 0.6042309432799645 0.7478861310934712 0.27490235011917175
vn -0.6042309432799645 -0.7478861310934712 -0.27490235011917175
g _
f 180/532/133 183/531/133 181/530/133 178/529/133
f 179/536/134 180/535/134 178/534/134 177/533/134
f 184/540/135 179/539/135 177/538/135 182/537/135
f 183/544/136 184/543/136 182/542/136 181/541/136
f 182/548/137 177/547/137 178/546/137 181/545/137
f 183/552/138 180/551/138 179/550/138 184/549/138
o cube
v -0.008993568515281866 -0.10524950533644332 -0.1844756783724379
v 0.004251120742521014 -0.08834016049752905 -0.2595900437667013
v -0.018434677004031327 -0.1169352261347788 -0.18877102759304995
v -0.005189987746228447 -0.10002588129586451 -0.2638853929873134
v -0.08090445432070906 -0.01970177241406118 -0.2591537618007074
v -0.09414914357851195 -0.03661111725297546 -0.18403939640644398
v -0.09034556280945852 -0.031387493212396644 -0.2634491110213195
v -0.10359025206726141 -0.048296838051310936 -0.18833474562705604
vt 0.59375 0.3125
vt 0.40625 0.3125
vt 0.40625 0.25
vt 0.59375 0.25
vt 0.65625 0.34375
vt 0.625 0.34375
vt 0.625 0.28125
vt 0.65625 0.28125
vt 0.34375 0.3125
vt 0.3125 0.3125
vt 0.3125 0.25
vt 0.34375 0.25
vt 0.53125 0.34375
vt 0.34375 0.34375
vt 0.34375 0.28125
vt 0.53125 0.28125
vt 0.28125 0.5625
vt 0.25 0.5625
vt 0.25 0.75
vt 0.28125 0.75
vt 0.4140625 0.09375
vt 0.28125 0.09375
vt 0.28125 0.1796875
vt 0.4140625 0.1796875
vn 0.1695320224998769 0.21643961393810288 -0.9614638770465722
vn 0.7785652577209605 -0.6275509767631345 -0.003988863689087019
vn -0.1695320224998769 -0.21643961393810288 0.9614638770465722
vn -0.7785652577209605 0.6275509767631345 0.003988863689087019
vn 0.6042309432799645 0.7478861310934712 0.27490235011917175
vn -0.6042309432799645 -0.7478861310934712 -0.27490235011917175
g _
f 188/556/139 191/555/139 189/554/139 186/553/139
f 187/560/140 188/559/140 186/558/140 185/557/140
f 192/564/141 187/563/141 185/562/141 190/561/141
f 191/568/142 192/567/142 190/566/142 189/565/142
f 190/572/143 185/571/143 186/570/143 189/569/143
f 191/576/144 188/575/144 187/574/144 192/573/144
o cube
v 0.09195524690265372 -0.11651442140689164 0.02580355061168256
v 0.14493400393386524 -0.0488770420512345 -0.2746539109653713
v 0.09430426843610906 -0.1775329218518875 0.012481587495106748
v 0.14728302546732058 -0.10989554249623035 -0.2879758740819471
v -0.008942207474292266 -0.0488770420512345 -0.30178643872582916
v -0.06192096450550377 -0.11651442140689164 -0.0013289771487753031
v -0.006593185940836924 -0.10989554249623035 -0.31510840184240496
v -0.05957194297204843 -0.1775329218518875 -0.014650940265351117
vt 0.6875 0.3125
vt 0.3125 0.3125
vt 0.3125 0.25
vt 0.6875 0.25
vt 0.65625 0.34375
vt 0.34375 0.34375
vt 0.34375 0.28125
vt 0.65625 0.28125
vt 0.6875 0.3125
vt 0.3125 0.3125
vt 0.3125 0.25
vt 0.6875 0.25
vt 0.65625 0.3125
vt 0.3515625 0.3125
vt 0.3515625 0.25
vt 0.65625 0.25
vt 0.6875 0.8125
vt 0.3125 0.8125
vt 0.3125 0.5
vt 0.6875 0.5
vt 0.5 0.3046875
vt 0.3125 0.3046875
vt 0.3125 0
vt 0.5 0
vn 0.16953202249987687 0.21643961393810288 -0.9614638770465722
vn 0.984807753012208 0 0.17364817766693033
vn -0.16953202249987687 -0.21643961393810288 0.9614638770465722
vn -0.984807753012208 0 -0.17364817766693033
vn -0.03758434453528551 0.9762960071199335 0.21315140986521294
vn 0.03758434453528551 -0.9762960071199335 -0.21315140986521294
g _
f 196/580/145 199/579/145 197/578/145 194/577/145
f 195/584/146 196/583/146 194/582/146 193/581/146
f 200/588/147 195/587/147 193/586/147 198/585/147
f 199/592/148 200/591/148 198/590/148 197/589/148
f 198/596/149 193/595/149 194/594/149 197/593/149
f 199/600/150 196/599/150 195/598/150 200/597/150
o cube
v 0.0884317146024707 -0.02498667073939788 0.04578649528654627
v 0.10962321741495532 0.002068281002864991 -0.07439648934427526
v 0.09195524690265372 -0.11651442140689164 0.02580355061168256
v 0.11314674971513833 -0.08945946966462878 -0.09437943401913895
v -0.044252993993202205 0.002068281002864991 -0.10152901710473311
v -0.06544449680568679 -0.02498667073939788 0.018653967526088406
v -0.040729461693019164 -0.08945946966462878 -0.12151196177959683
v -0.06192096450550377 -0.11651442140689164 -0.0013289771487753031
vt 0.6875 0.3125
vt 0.3125 0.3125
vt 0.3125 0.25
vt 0.6875 0.25
vt 0.65625 0.34375
vt 0.34375 0.34375
vt 0.34375 0.28125
vt 0.65625 0.28125
vt 0.6875 0.3125
vt 0.3125 0.3125
vt 0.3125 0.25
vt 0.6875 0.25
vt 0.65625 0.34375
vt 0.34375 0.34375
vt 0.34375 0.28125
vt 0.65625 0.28125
vt 0.6875 0.8125
vt 0.3125 0.8125
vt 0.3125 0.5
vt 0.6875 0.5
vt 0.625 0.3046875
vt 0.3125 0.3046875
vt 0.3125 0
vt 0.625 0
vn 0.16953202249987687 0.21643961393810288 -0.9614638770465722
vn 0.984807753012208 0 0.17364817766693033
vn -0.16953202249987687 -0.21643961393810288 0.9614638770465722
vn -0.984807753012208 0 -0.17364817766693033
