# Made in Blockbench 4.7.4

o cube
v 0.005627055121391278 -0.15814134332383778 -0.2548726142984924
v -0.005267412722066045 -0.4071900178467741 -0.2737423861247858
v 0.005627055121391278 -0.15814134332383778 -0.2548726142984924
v -0.005267412722066045 -0.4071900178467741 -0.2737423861247858
v -0.3300269391412306 -0.4071900178467741 -0.08624238612478591
v -0.31913247129777333 -0.15814134332383778 -0.0673726142984925
v -0.3300269391412306 -0.4071900178467741 -0.08624238612478591
v -0.31913247129777333 -0.15814134332383778 -0.0673726142984925
vt 0 1
vt 1 1
vt 1 0.5
vt 0 0.5
vt 0 1
vt 0.125 1
vt 0.125 0.8125
vt 0 0.8125
vt 0 1
vt 0.1875 1
vt 0.1875 0.8125
vt 0 0.8125
vt 0 1
vt 1 1
vt 1 0.5
vt 0 0.5
vt 0 1
vt 1 1
vt 1 0.5
vt 0 0.5
vt 0 1
vt 0.1875 1
vt 0.1875 0.75
vt 0 0.75
vn -0.043577871373829215 -0.9961946980917457 -0.07547908730517362
vn 0.8660254037844388 0 -0.49999999999999994
vn 0.043577871373829215 0.9961946980917457 0.07547908730517362
vn -0.8660254037844388 0 0.49999999999999994
vn -0.4980973490458724 0.0871557427476584 -0.862729915662821
vn 0.4980973490458724 -0.0871557427476584 0.862729915662821
g Frond
f 4/4/1 7/3/1 5/2/1 2/1/1
f 3/8/2 4/7/2 2/6/2 1/5/2
f 8/12/3 3/11/3 1/10/3 6/9/3
f 7/16/4 8/15/4 6/14/4 5/13/4
f 6/20/5 1/19/5 2/18/5 5/17/5
f 7/24/6 4/23/6 3/22/6 8/21/6
o cube
v 0.055967762319590664 0 -0.1676799517422628
v 0.005595924037075872 -0.15813589608991602 -0.25492653491822137
v 0.055967762319590664 0 -0.1676799517422628
v 0.005595924037075872 -0.15813589608991602 -0.25492653491822137
v -0.3191636023820887 -0.15813589608991602 -0.06742653491822148
v -0.26879176409957395 0 0.01982004825773709
v -0.3191636023820887 -0.15813589608991602 -0.06742653491822148
v -0.26879176409957395 0 0.01982004825773709
vt 0 0.5
vt 1 0.5
vt 1 0
vt 0 0
vt 0 0.875
vt 0.0625 0.875
vt 0.0625 0.875
vt 0 0.875
vt 0 1
vt 0.1875 1
vt 0.1875 0.875
vt 0 0.875
vt 0 0.5
vt 1 0.5
vt 1 0
vt 0 0
vt 0 0.5
vt 1 0.5
vt 1 0
vt 0 0
vt 0 1
vt 0.125 1
vt 0.125 0.875
vt 0 0.875
vn -0.26864980417341183 -0.8433914458128855 -0.4653151102717791
vn 0.8660254037844387 0 -0.4999999999999999
vn 0.26864980417341183 0.8433914458128855 0.4653151102717791
vn -0.8660254037844387 0 0.4999999999999999
vn -0.4216957229064425 0.5372996083468241 -0.7303984174084458
vn 0.4216957229064425 -0.5372996083468241 0.7303984174084458
g Frond
f 12/28/7 15/27/7 13/26/7 10/25/7
f 11/32/8 12/31/8 10/30/8 9/29/8
f 16/36/9 11/35/9 9/34/9 14/33/9
f 15/40/10 16/39/10 14/38/10 13/37/10
f 14/44/11 9/43/11 10/42/11 13/41/11
f 15/48/12 12/47/12 11/46/12 16/45/12
o cube
v 0.3854219679234544 -0.09437965284874988 -0.016793245182841976
v 0.46481785894080896 -0.32782321430791334 -0.05802910461152516
v 0.3854219679234544 -0.09437965284874988 -0.016793245182841976
v 0.46481785894080896 -0.32782321430791334 -0.05802910461152516
v 0.15736717428983305 -0.3964529775174955 -0.26147205019933073
v 0.07797128327247849 -0.16300941605833208 -0.2202361907706475
v 0.15736717428983305 -0.3964529775174955 -0.26147205019933073
v 0.07797128327247849 -0.16300941605833208 -0.2202361907706475
vt 0 1
vt 1 1
vt 1 0.5
vt 0 0.5
vt 0 1
vt 0.125 1
vt 0.125 0.8125
vt 0 0.8125
vt 0 1
vt 0.1875 1
vt 0.1875 0.8125
vt 0 0.8125
vt 0 1
vt 1 1
vt 1 0.5
vt 0 0.5
vt 0 1
vt 1 1
vt 1 0.5
vt 0 0.5
vt 0 1
vt 0.1875 1
vt 0.1875 0.75
vt 0 0.75
vn 0.3175835640694182 -0.933774245836654 -0.16494343771473283
vn 0.8198684924026028 0.18301270189221922 0.5425145215674813
vn -0.3175835640694182 0.933774245836654 0.16494343771473283
vn -0.8198684924026028 -0.18301270189221922 -0.5425145215674813
vn 0.4763993440365438 0.3075256229296966 -0.8236939093153797
vn -0.4763993440365438 -0.3075256229296966 0.8236939093153797
g Frond
f 20/52/13 23/51/13 21/50/13 18/49/13
f 19/56/14 20/55/14 18/54/14 17/53/14
f 24/60/15 19/59/15 17/58/15 22/57/15
f 23/64/16 24/63/16 22/62/16 21/61/16
f 22/68/17 17/67/17 18/66/17 21/65/17
f 23/72/18 20/71/18 19/70/18 24/69/18
o cube
v 0.29138734321547966 0.034314881604791125 0.08190142453616556
v 0.38545174288245676 -0.09436043249731674 -0.016844726052174186
v 0.29138734321547966 0.034314881604791125 0.08190142453616556
v 0.38545174288245676 -0.09436043249731674 -0.016844726052174186
v 0.07800105823148074 -0.162990195706899 -0.2202876716399797
v -0.016063341435496314 -0.03431488160479107 -0.1215415210516399
v 0.07800105823148074 -0.162990195706899 -0.2202876716399797
v -0.016063341435496314 -0.03431488160479107 -0.1215415210516399
vt 0 0.5
vt 1 0.5
vt 1 0
vt 0 0
vt 0 0.875
vt 0.0625 0.875
vt 0.0625 0.875
vt 0 0.875
vt 0 1
vt 0.1875 1
vt 0.1875 0.875
vt 0 0.875
vt 0 0.5
vt 1 0.5
vt 1 0
vt 0 0
vt 0 0.5
vt 1 0.5
vt 1 0
vt 0 0
vt 0 1
vt 0.125 1
vt 0.125 0.875
vt 0 0.875
vn 0.5016767982238778 -0.6862683418779086 -0.5266461364711457
vn 0.8198684924026027 0.1830127018922192 0.5425145215674814
vn -0.5016767982238778 0.6862683418779086 0.5266461364711457
vn -0.8198684924026027 -0.1830127018922192 -0.5425145215674814
vn 0.2759276087841197 0.7039475221081865 -0.6544630171586645
vn -0.2759276087841197 -0.7039475221081865 0.6544630171586645
g Frond
f 28/76/19 31/75/19 29/74/19 26/73/19
f 27/80/20 28/79/20 26/78/20 25/77/20
f 32/84/21 27/83/21 25/82/21 30/81/21
f 31/88/22 32/87/22 30/86/22 29/85/22
f 30/92/23 25/91/23 26/90/23 29/89/23
f 31/96/24 28/95/24 27/94/24 32/93/24
o cube
v -0.00924805454470945 0.12987145736044714 -0.26652275498689293
v -0.0701235456314197 0.07920201021726758 -0.5036446259966258
v -0.00924805454470945 0.12987145736044714 -0.26652275498689293
v -0.0701235456314197 0.07920201021726758 -0.5036446259966258
v -0.41384594124595125 -0.022668158135551342 -0.393633792199332
v -0.352970450159241 0.028001289007628216 -0.1565119211895991
v -0.41384594124595125 -0.022668158135551342 -0.393633792199332
v -0.352970450159241 0.028001289007628216 -0.1565119211895991
vt 0 1
vt 1 1
vt 1 0.5
vt 0 0.5
vt 0 1
vt 0.125 1
vt 0.125 0.8125
vt 0 0.8125
vt 0 1
vt 0.1875 1
vt 0.1875 0.8125
vt 0 0.8125
vt 0 1
vt 1 1
vt 1 0.5
vt 0 0.5
vt 0 1
vt 1 1
vt 1 0.5
vt 0 0.5
vt 0 1
vt 0.1875 1
vt 0.1875 0.75
vt 0 0.75
vn -0.24350196434684102 -0.20267778857271815 -0.9484874840389315
vn 0.9165930549720841 0.27165378227418374 -0.29336222345945007
vn 0.24350196434684102 0.20267778857271815 0.9484874840389315
vn -0.9165930549720841 -0.27165378227418374 0.29336222345945007
vn -0.31711821918043726 0.9408113182755633 -0.11962482379684111
vn 0.31711821918043726 -0.9408113182755633 0.11962482379684111
g Frond
f 36/100/25 39/99/25 37/98/25 34/97/25
f 35/104/26 36/103/26 34/102/26 33/101/26
f 40/108/27 35/107/27 33/106/27 38/105/27
f 39/112/28 40/111/28 38/110/28 37/109/28
f 38/116/29 33/115/29 34/114/29 37/113/29
f 39/120/30 36/119/30 35/118/30 40/117/30
o cube
v 0.058685458981708405 0.08218508417640946 -0.09842611841841187
v -0.009267874433408263 0.1299302580678393 -0.26653023153838024
v 0.058685458981708405 0.08218508417640946 -0.09842611841841187
v -0.009267874433408263 0.1299302580678393 -0.26653023153838024
v -0.3529902700479398 0.028060089715020387 -0.15651939774108642
v -0.28503693663282315 -0.019685084176409462 0.011584715378881949
v -0.3529902700479398 0.028060089715020387 -0.15651939774108642
v -0.28503693663282315 -0.019685084176409462 0.011584715378881949
vt 0 0.5
vt 1 0.5
vt 1 0
vt 0 0
vt 0 0.875
vt 0.0625 0.875
vt 0.0625 0.875
vt 0 0.875
vt 0 1
vt 0.1875 1
vt 0.1875 0.875
vt 0 0.875
vt 0 0.5
vt 1 0.5
vt 1 0
vt 0 0
vt 0 0.5
vt 1 0.5
vt 1 0
vt 0 0
vt 0 1
vt 0.125 1
vt 0.125 0.875
vt 0 0.875
vn -0.3624177782139555 0.25464092742095923 -0.8965552699731646
vn 0.9165930549720842 0.27165378227418374 -0.2933622234594501
vn 0.3624177782139555 -0.25464092742095923 0.8965552699731646
vn -0.9165930549720842 -0.27165378227418374 0.2933622234594501
vn -0.168850601454073 0.9280960190941043 0.331854265800929
vn 0.168850601454073 -0.9280960190941043 -0.331854265800929
g Frond
f 44/124/31 47/123/31 45/122/31 42/121/31
f 43/128/32 44/127/32 42/126/32 41/125/32
f 48/132/33 43/131/33 41/130/33 46/129/33
f 47/136/34 48/135/34 46/134/34 45/133/34
f 46/140/35 41/139/35 42/138/35 45/137/35
f 47/144/36 44/143/36 43/142/36 48/141/36
o cube
v 0.2319254455666253 0.16998361651198524 -0.15625082503602505
v 0.28557243132579113 0.20261516456699813 -0.3982367398957317
v 0.2319254455666253 0.16998361651198524 -0.15625082503602505
v 0.28557243132579113 0.20261516456699813 -0.3982367398957317
v -0.08053857134418385 0.20261516456699813 -0.47940159512252034
v -0.13418555710334973 0.16998361651198524 -0.23741568026281362
v -0.08053857134418385 0.20261516456699813 -0.47940159512252034
v -0.13418555710334973 0.16998361651198524 -0.23741568026281362
vt 0 1
vt 1 1
vt 1 0.5
vt 0 0.5
vt 0 1
vt 0.125 1
vt 0.125 0.8125
vt 0 0.8125
vt 0 1
vt 0.1875 1
vt 0.1875 0.8125
vt 0 0.8125
vt 0 1
vt 1 1
vt 1 0.5
vt 0 0.5
vt 0 1
vt 1 1
vt 1 0.5
vt 0 0.5
vt 0 1
vt 0.1875 1
vt 0.1875 0.75
vt 0 0.75
vn 0.21458794303666345 0.13052619222005157 -0.9679436594388269
vn 0.9762960071199335 0 0.2164396139381029
vn -0.21458794303666345 -0.13052619222005157 0.9679436594388269
vn -0.9762960071199335 0 -0.2164396139381029
vn -0.028251038652918576 0.9914448613738105 0.1274322002890053
vn 0.028251038652918576 -0.9914448613738105 -0.1274322002890053
g Frond
f 52/148/37 55/147/37 53/146/37 50/145/37
f 51/152/38 52/151/38 50/150/38 49/149/38
f 56/156/39 51/155/39 49/154/39 54/153/39
f 55/160/40 56/159/40 54/158/40 53/157/40
f 54/164/41 49/163/41 50/162/41 53/161/41
f 55/168/42 52/167/42 51/166/42 56/165/42
o cube
v 0.1986805013349875 0.0625 -0.006292572386605688
v 0.23192367987670948 0.17004558181582108 -0.156242860523507
v 0.1986805013349875 0.0625 -0.006292572386605688
v 0.23192367987670948 0.17004558181582108 -0.156242860523507
v -0.1341873227932655 0.17004558181582108 -0.23740771575029557
v -0.1674305013349875 0.0625 -0.08745742761339426
v -0.1341873227932655 0.17004558181582108 -0.23740771575029557
v -0.1674305013349875 0.0625 -0.08745742761339426
vt 0 0.5
vt 1 0.5
vt 1 0
vt 0 0
vt 0 0.875
vt 0.0625 0.875
vt 0.0625 0.875
vt 0 0.875
vt 0 1
vt 0.1875 1
vt 0.1875 0.875
vt 0 0.875
vt 0 0.5
vt 1 0.5
vt 1 0
vt 0 0
vt 0 0.5
vt 1 0.5
vt 1 0
vt 0 0
vt 0 1
vt 0.125 1
vt 0.125 0.875
vt 0 0.875
vn 0.17729695222251712 0.573576436351046 -0.7997348700634735
vn 0.9762960071199334 0 0.21643961393810285
vn -0.17729695222251712 -0.573576436351046 0.7997348700634735
vn -0.9762960071199334 0 -0.21643961393810285
vn -0.12414466244781325 0.8191520442889919 0.5599803845876069
vn 0.12414466244781325 -0.8191520442889919 -0.5599803845876069
g Frond
f 60/172/43 63/171/43 61/170/43 58/169/43
f 59/176/44 60/175/44 58/174/44 57/173/44
f 64/180/45 59/179/45 57/178/45 62/177/45
f 63/184/46 64/183/46 62/182/46 61/181/46
f 62/188/47 57/187/47 58/186/47 61/185/47
f 63/192/48 60/191/48 59/190/48 64/189/48
o cube
v 0.17891644628996528 -0.13429331779405973 -0.2430466206839813
v 0.1579412915153121 -0.32580442857380415 -0.40236873882859975
v 0.17891644628996528 -0.13429331779405973 -0.2430466206839813
v 0.1579412915153121 -0.32580442857380415 -0.40236873882859975
v -0.21385053149986682 -0.32580442857380415 -0.35342141674608046
v -0.19287537672521365 -0.13429331779405973 -0.19409929860146197
v -0.21385053149986682 -0.32580442857380415 -0.35342141674608046
v -0.19287537672521365 -0.13429331779405973 -0.19409929860146197
vt 0 1
vt 1 1
vt 1 0.5
vt 0 0.5
vt 0 1
vt 0.125 1
vt 0.125 0.8125
vt 0 0.8125
vt 0 1
vt 0.1875 1
vt 0.1875 0.8125
vt 0 0.8125
vt 0 1
vt 1 1
vt 1 0.5
vt 0 0.5
vt 0 1
vt 1 1
vt 1 0.5
vt 0 0.5
vt 0 1
vt 0.1875 1
vt 0.1875 0.75
vt 0 0.75
vn -0.0839006190986127 -0.766044443118978 -0.637288472578474
vn 0.9914448613738104 0 -0.13052619222005155
vn 0.0839006190986127 0.766044443118978 0.637288472578474
vn -0.9914448613738104 0 0.13052619222005155
vn -0.09998886423165002 0.6427876096865395 -0.759490826714273
vn 0.09998886423165002 -0.6427876096865395 0.759490826714273
g Frond
f 68/196/49 71/195/49 69/194/49 66/193/49
f 67/200/50 68/199/50 66/198/50 65/197/50
f 72/204/51 67/203/51 65/202/51 70/201/51
f 71/208/52 72/207/52 70/206/52 69/205/52
f 70/212/53 65/211/53 66/210/53 69/209/53
f 71/216/54 68/215/54 67/214/54 72/213/54
o cube
v 0.20152091150758944 -0.0625 -0.07134866104125964
v 0.1789101969859508 -0.1342531435684543 -0.24309408886065093
v 0.20152091150758944 -0.0625 -0.07134866104125964
v 0.1789101969859508 -0.1342531435684543 -0.24309408886065093
v -0.19288162602922815 -0.1342531435684543 -0.19414676677813164
v -0.17027091150758944 -0.0625 -0.022401338958740358
v -0.19288162602922815 -0.1342531435684543 -0.19414676677813164
v -0.17027091150758944 -0.0625 -0.022401338958740358
vt 0 0.5
vt 1 0.5
vt 1 0
vt 0 0
vt 0 0.875
vt 0.0625 0.875
vt 0.0625 0.875
vt 0 0.875
vt 0 1
vt 0.1875 1
vt 0.1875 0.875
vt 0 0.875
vt 0 0.5
vt 1 0.5
vt 1 0
vt 0 0
vt 0 0.5
vt 1 0.5
vt 1 0
vt 0 0
vt 0 1
vt 0.125 1
vt 0.125 0.875
vt 0 0.875
vn -0.12059047744873953 -0.3826834323650896 -0.9159756150367535
vn 0.9914448613738105 0 -0.13052619222005157
vn 0.12059047744873953 0.3826834323650896 0.9159756150367535
vn -0.9914448613738105 0 0.13052619222005157
vn -0.049950211252314726 0.9238795325112868 -0.3794095225512602
vn 0.049950211252314726 -0.9238795325112868 0.3794095225512602
g Frond
f 76/220/55 79/219/55 77/218/55 74/217/55
f 75/224/56 76/223/56 74/222/56 73/221/56
f 80/228/57 75/227/57 73/226/57 78/225/57
f 79/232/58 80/231/58 78/230/58 77/229/58
f 78/236/59 73/235/59 74/234/59 77/233/59
f 79/240/60 76/239/60 75/238/60 80/237/60
o cube
v 0.3841290406747404 0.03957880425332605 -0.11721774326424234
v 0.4694162321384985 -0.04698854858464435 -0.3356947177829559
v 0.3841290406747404 0.03957880425332605 -0.11721774326424234
v 0.4694162321384985 -0.04698854858464435 -0.3356947177829559
v 0.1253673837026249 -0.017086644010537944 -0.48184965609429153
v 0.04008019223886683 0.0694807088274324 -0.263372681575578
v 0.1253673837026249 -0.017086644010537944 -0.48184965609429153
v 0.04008019223886683 0.0694807088274324 -0.263372681575578
vt 0 1
vt 1 1
vt 1 0.5
vt 0 0.5
vt 0 1
vt 0.125 1
vt 0.125 0.8125
vt 0 0.8125
vt 0 1
vt 0.1875 1
vt 0.1875 0.8125
vt 0 0.8125
vt 0 1
vt 1 1
vt 1 0.5
vt 0 0.5
vt 0 1
vt 1 1
vt 1 0.5
vt 0 0.5
vt 0 1
vt 0.1875 1
vt 0.1875 0.75
vt 0 0.75
vn 0.3411487658550324 -0.34626941135188166 -0.8739078980748543
vn 0.9174635958289963 -0.07973841219761707 0.38974650216356177
vn -0.3411487658550324 0.34626941135188166 0.8739078980748543
vn -0.9174635958289963 0.07973841219761707 -0.38974650216356177
vn 0.20464132008007724 0.9347402208005304 -0.29048691835203017
vn -0.20464132008007724 -0.9347402208005304 0.29048691835203017
g Frond
f 84/244/61 87/243/61 85/242/61 82/241/61
f 83/248/62 84/247/62 82/246/62 81/245/62
f 88/252/63 83/251/63 81/250/63 86/249/63
f 87/256/64 88/255/64 86/254/64 85/253/64
f 86/260/65 81/259/65 82/258/65 85/257/65
f 87/264/66 84/263/66 83/262/66 88/261/66
o cube
v 0.30968642510792843 0.016299047712946768 0.05325742089793073
v 0.3841418307572454 0.03963722551712601 -0.1172358986966393
v 0.30968642510792843 0.016299047712946768 0.05325742089793073
v 0.3841418307572454 0.03963722551712601 -0.1172358986966393
v 0.04009298232137182 0.06953913009123247 -0.26339083700797494
v -0.034362423327945146 0.04620095228705323 -0.09289751741340496
v 0.04009298232137182 0.06953913009123247 -0.26339083700797494
v -0.034362423327945146 0.04620095228705323 -0.09289751741340496
vt 0 0.5
vt 1 0.5
vt 1 0
vt 0 0
vt 0 0.875
vt 0.0625 0.875
vt 0.0625 0.875
vt 0 0.875
vt 0 1
vt 0.1875 1
vt 0.1875 0.875
vt 0 0.875
vt 0 0.5
vt 1 0.5
vt 1 0
vt 0 0
vt 0 0.5
vt 1 0.5
vt 1 0
vt 0 0
vt 0 1
vt 0.125 1
vt 0.125 0.875
vt 0 0.875
vn 0.3970954967963567 0.12447028162228943 -0.9092977045043733
vn 0.9174635958289963 -0.07973841219761711 0.3897465021635619
vn -0.3970954967963567 -0.12447028162228943 0.9092977045043733
vn -0.9174635958289963 0.07973841219761711 -0.3897465021635619
vn 0.02399409828651599 0.9890141225549163 0.14586071655639887
vn -0.02399409828651599 -0.9890141225549163 -0.14586071655639887
g Frond
f 92/268/67 95/267/67 93/266/67 90/265/67
f 91/272/68 92/271/68 90/270/68 89/269/68
f 96/276/69 91/275/69 89/274/69 94/273/69
f 95/280/70 96/279/70 94/278/70 93/277/70
f 94/284/71 89/283/71 90/282/71 93/281/71
f 95/288/72 92/287/72 91/286/72 96/285/72
