# Made in Blockbench 4.8.1

o cube
v 0.0625 1.625 0
v 0.0625 1.625 0
v 0.0625 0 0
v 0.0625 0 0
v -0.0625 1.625 0
v -0.0625 1.625 0
v -0.0625 0 0
v -0.0625 0 0
vt 0 1
vt 0.0625 1
vt 0.0625 0.5625
vt 0 0.5625
vt 0 1
vt 0 1
vt 0 0.5625
vt 0 0.5625
vt 0.4375 1
vt 0.5208333333333333 1
vt 0.5208333333333333 0
vt 0.4375 0
vt 0 1
vt 0 1
vt 0 0.5625
vt 0 0.5625
vt 0 1
vt 0.0625 1
vt 0.0625 1
vt 0 1
vt 0 1
vt 0.0625 1
vt 0.0625 1
vt 0 1
vn 0 0 -1
vn 1 0 0
vn 0 0 1
vn -1 0 0
vn 0 1 0
vn 0 -1 0
g Stem
f 4/4/1 7/3/1 5/2/1 2/1/1
f 3/8/2 4/7/2 2/6/2 1/5/2
f 8/12/3 3/11/3 1/10/3 6/9/3
f 7/16/4 8/15/4 6/14/4 5/13/4
f 6/20/5 1/19/5 2/18/5 5/17/5
f 7/24/6 4/23/6 3/22/6 8/21/6
o cube
v 0 1.625 -0.0625
v 0 1.625 -0.0625
v 0 0 -0.0625
v 0 0 -0.0625
v 0 1.625 0.0625
v 0 1.625 0.0625
v 0 0 0.0625
v 0 0 0.0625
vt 0 1
vt 0.0625 1
vt 0.0625 0.5625
vt 0 0.5625
vt 0 1
vt 0 1
vt 0 0.5625
vt 0 0.5625
vt 0.4375 1
vt 0.5208333333333333 1
vt 0.5208333333333333 0
vt 0.4375 0
vt 0 1
vt 0 1
vt 0 0.5625
vt 0 0.5625
vt 0 1
vt 0.0625 1
vt 0.0625 1
vt 0 1
vt 0 1
vt 0.0625 1
vt 0.0625 1
vt 0 1
vn -1 0 0
vn 0 0 -1
vn 1 0 0
vn 0 0 1
vn 0 1 0
vn 0 -1 0
g Stem
f 12/28/7 15/27/7 13/26/7 10/25/7
f 11/32/8 12/31/8 10/30/8 9/29/8
f 16/36/9 11/35/9 9/34/9 14/33/9
f 15/40/10 16/39/10 14/38/10 13/37/10
f 14/44/11 9/43/11 10/42/11 13/41/11
f 15/48/12 12/47/12 11/46/12 16/45/12
o cube
v 0.03125 1.984375 0
v 0.03125 1.984375 0
v 0.03125 1.625 0
v 0.03125 1.625 0
v -0.015625 1.984375 0
v -0.015625 1.984375 0
v -0.015625 1.625 0
v -0.015625 1.625 0
vt 0 1
vt 0.0625 1
vt 0.0625 0.5625
vt 0 0.5625
vt 0 1
vt 0 1
vt 0 0.5625
vt 0 0.5625
vt 0.46354166666666674 0.22395833333333337
vt 0.4999999999999999 0.22395833333333337
vt 0.4999999999999999 0
vt 0.46354166666666674 0
vt 0 1
vt 0 1
vt 0 0.5625
vt 0 0.5625
vt 0 1
vt 0.0625 1
vt 0.0625 1
vt 0 1
vt 0 1
vt 0.0625 1
vt 0.0625 1
vt 0 1
vn 0 0 -1
vn 1 0 0
vn 0 0 1
vn -1 0 0
vn 0 1 0
vn 0 -1 0
g Flower
f 20/52/13 23/51/13 21/50/13 18/49/13
f 19/56/14 20/55/14 18/54/14 17/53/14
f 24/60/15 19/59/15 17/58/15 22/57/15
f 23/64/16 24/63/16 22/62/16 21/61/16
f 22/68/17 17/67/17 18/66/17 21/65/17
f 23/72/18 20/71/18 19/70/18 24/69/18
o cube
v -0.01564117619108729 0.42251239158233866 -0.0076625120604344454
v -0.01564117619108729 0.6856072513333378 -0.642829690661944
v -0.01564117619108729 0.42251239158233866 -0.0076625120604344454
v -0.01564117619108729 0.6856072513333378 -0.642829690661944
v -0.1816596775845209 0.7267055919948642 -0.6258062005689102
v -0.1816596775845209 0.46361073224386495 0.009360978032599387
v -0.1816596775845209 0.7267055919948642 -0.6258062005689102
v -0.1816596775845209 0.46361073224386495 0.009360978032599387
vt 0 1
vt 0.125 1
vt 0.125 1
vt 0 1
vt 0 1
vt 0.25 1
vt 0.25 1
vt 0 1
vt 0 1
vt 0.125 1
vt 0.125 1
vt 0 1
vt 0 1
vt 0.25 1
vt 0.25 1
vt 0 1
vt 0.25 0.78125
vt 0.4375 0.78125
vt 0.4375 0
vt 0.25 0
vt 0 1
vt 0.125 1
vt 0.125 0.75
vt 0 0.75
vn 0 0.3826834323650897 -0.9238795325112868
vn 0.9659258262890684 -0.23911761839433454 -0.09904576054128764
vn 0 -0.3826834323650897 0.9238795325112868
vn -0.9659258262890684 0.23911761839433454 0.09904576054128764
vn 0.2588190451025207 0.8923991008325228 0.36964381061438606
vn -0.2588190451025207 -0.8923991008325228 -0.36964381061438606
g Leaf_Green
f 28/76/19 31/75/19 29/74/19 26/73/19
f 27/80/20 28/79/20 26/78/20 25/77/20
f 32/84/21 27/83/21 25/82/21 30/81/21
f 31/88/22 32/87/22 30/86/22 29/85/22
f 30/92/23 25/91/23 26/90/23 29/89/23
f 31/96/24 28/95/24 27/94/24 32/93/24
o cube
v 0.015625 0.4464281385780834 -0.06540579781878797
v 0.015625 0.6856052838062645 -0.6428305056383421
v 0.015625 0.4464281385780834 -0.06540579781878797
v 0.015625 0.6856052838062645 -0.6428305056383421
v -0.015625 0.6856052838062645 -0.6428305056383421
v -0.015625 0.4464281385780834 -0.06540579781878797
v -0.015625 0.6856052838062645 -0.6428305056383421
v -0.015625 0.4464281385780834 -0.06540579781878797
vt 0 1
vt 0.125 1
vt 0.125 1
vt 0 1
vt 0 1
vt 0.25 1
vt 0.25 1
vt 0 1
vt 0 1
vt 0.125 1
vt 0.125 1
vt 0 1
vt 0 1
vt 0.25 1
vt 0.25 1
vt 0 1
vt 0.4375 0.78125
vt 0.46875 0.78125
vt 0.46875 0.0625
vt 0.4375 0.0625
vt 0 1
vt 0.125 1
vt 0.125 0.75
vt 0 0.75
vn 0 0.3826834323650897 -0.9238795325112867
vn 1 0 0
vn 0 -0.3826834323650897 0.9238795325112867
vn -1 0 0
vn 0 0.9238795325112867 0.3826834323650897
vn 0 -0.9238795325112867 -0.3826834323650897
g Leaf_Green
f 36/100/25 39/99/25 37/98/25 34/97/25
f 35/104/26 36/103/26 34/102/26 33/101/26
f 40/108/27 35/107/27 33/106/27 38/105/27
f 39/112/28 40/111/28 38/110/28 37/109/28
f 38/116/29 33/115/29 34/114/29 37/113/29
f 39/120/30 36/119/30 35/118/30 40/117/30
o cube
v 0.18165967758452084 0.46361073224386495 0.009360978032599387
v 0.18165967758452084 0.7267055919948642 -0.6258062005689101
v 0.18165967758452084 0.46361073224386495 0.009360978032599387
v 0.18165967758452084 0.7267055919948642 -0.6258062005689101
v 0.01564117619108729 0.6856072513333378 -0.642829690661944
v 0.01564117619108729 0.42251239158233866 -0.0076625120604344454
v 0.01564117619108729 0.6856072513333378 -0.642829690661944
v 0.01564117619108729 0.42251239158233866 -0.0076625120604344454
vt 0 1
vt 0.125 1
vt 0.125 1
vt 0 1
vt 0 1
vt 0.25 1
vt 0.25 1
vt 0 1
vt 0 1
vt 0.125 1
vt 0.125 1
vt 0 1
vt 0 1
vt 0.25 1
vt 0.25 1
vt 0 1
vt 0.46875 0.78125
vt 0.65625 0.78125
vt 0.65625 0
vt 0.46875 0
vt 0 1
vt 0.125 1
vt 0.125 0.75
vt 0 0.75
vn 0 0.3826834323650897 -0.9238795325112868
vn 0.9659258262890684 0.23911761839433454 0.09904576054128764
vn 0 -0.3826834323650897 0.9238795325112868
vn -0.9659258262890684 -0.23911761839433454 -0.09904576054128764
vn -0.2588190451025207 0.8923991008325228 0.36964381061438606
vn 0.2588190451025207 -0.8923991008325228 -0.36964381061438606
g Leaf_Green
f 44/124/31 47/123/31 45/122/31 42/121/31
f 43/128/32 44/127/32 42/126/32 41/125/32
f 48/132/33 43/131/33 41/130/33 46/129/33
f 47/136/34 48/135/34 46/134/34 45/133/34
f 46/140/35 41/139/35 42/138/35 45/137/35
f 47/144/36 44/143/36 43/142/36 48/141/36
o cube
v 0.015625 0.41285194356206456 -0.012703495966940537
v 0.015625 0.446433169083741 -0.06541546133024584
v 0.015625 0.41285194356206456 -0.012703495966940537
v 0.015625 0.446433169083741 -0.06541546133024584
v -0.015625 0.446433169083741 -0.06541546133024584
v -0.015625 0.41285194356206456 -0.012703495966940537
v -0.015625 0.446433169083741 -0.06541546133024584
v -0.015625 0.41285194356206456 -0.012703495966940537
vt 0 1
vt 0.125 1
vt 0.125 1
vt 0 1
vt 0 1
vt 0.25 1
vt 0.25 1
vt 0 1
vt 0 1
vt 0.125 1
vt 0.125 1
vt 0 1
vt 0 1
vt 0.25 1
vt 0.25 1
vt 0 1
vt 0.4375 0.0625
vt 0.46875 0.0625
vt 0.46875 0
vt 0.4375 0
vt 0 1
vt 0.125 1
vt 0.125 0.75
vt 0 0.75
vn 0 0.5372996083468238 -0.8433914458128856
vn 1 0 0
vn 0 -0.5372996083468238 0.8433914458128856
vn -1 0 0
vn 0 0.8433914458128856 0.5372996083468238
vn 0 -0.8433914458128856 -0.5372996083468238
g Leaf_Green
f 52/148/37 55/147/37 53/146/37 50/145/37
f 51/152/38 52/151/38 50/150/38 49/149/38
f 56/156/39 51/155/39 49/154/39 54/153/39
f 55/160/40 56/159/40 54/158/40 53/157/40
f 54/164/41 49/163/41 50/162/41 53/161/41
f 55/168/42 52/167/42 51/166/42 56/165/42
o cube
v -0.02508613646401725 0.5355457062802118 -0.03276523726363284
v -0.08233461240381434 0.5594634208030298 -0.040302142104178984
v -0.02508613646401725 0.5355457062802118 -0.03276523726363284
v -0.08233461240381434 0.5594634208030298 -0.040302142104178984
v -0.08641355591069094 0.5594634208030298 -0.009319490186247392
v -0.029165079970893848 0.5355457062802118 -0.0017825853457012486
v -0.08641355591069094 0.5594634208030298 -0.009319490186247392
v -0.029165079970893848 0.5355457062802118 -0.0017825853457012486
vt 0 1
vt 0.125 1
vt 0.125 1
vt 0 1
vt 0 1
vt 0.25 1
vt 0.25 1
vt 0 1
vt 0 1
vt 0.125 1
vt 0.125 1
vt 0 1
vt 0 1
vt 0.25 1
vt 0.25 1
vt 0 1
vt 0.4375 0.0625
vt 0.46875 0.0625
vt 0.46875 0
vt 0.4375 0
vt 0 1
vt 0.125 1
vt 0.125 0.75
vt 0 0.75
vn -0.9159756150367537 0.3826834323650893 -0.12059047744873849
vn 0.13052619222005032 0 -0.9914448613738107
vn 0.9159756150367537 -0.3826834323650893 0.12059047744873849
vn -0.13052619222005032 0 0.9914448613738107
vn 0.3794095225512601 0.9238795325112868 0.04995021125231434
vn -0.3794095225512601 -0.9238795325112868 -0.04995021125231434
g Leaf_Green
f 60/172/43 63/171/43 61/170/43 58/169/43
f 59/176/44 60/175/44 58/174/44 57/173/44
f 64/180/45 59/179/45 57/178/45 62/177/45
f 63/184/46 64/183/46 62/182/46 61/181/46
f 62/188/47 57/187/47 58/186/47 61/185/47
f 63/192/48 60/191/48 59/190/48 64/189/48
o cube
v -0.02590843026898282 0.5459347480571624 -0.001337523503874949
v -0.751866174848103 0.7082644585107389 -0.09691167372062792
v -0.02590843026898282 0.5459347480571624 -0.001337523503874949
v -0.751866174848103 0.7082644585107389 -0.09691167372062792
v -0.7639900953046312 0.7516945210623334 0.06894325036825277
v -0.03803235072551098 0.5893648106087566 0.16451740058500586
v -0.7639900953046312 0.7516945210623334 0.06894325036825277
v -0.03803235072551098 0.5893648106087566 0.16451740058500586
vt 0 1
vt 0.125 1
vt 0.125 1
vt 0 1
vt 0 1
vt 0.25 1
vt 0.25 1
vt 0 1
vt 0 1
vt 0.125 1
vt 0.125 1
vt 0 1
vt 0 1
vt 0.25 1
vt 0.25 1
vt 0 1
vt 0.25 0.78125
vt 0.4375 0.78125
vt 0.4375 0
vt 0.25 0
vt 0 1
vt 0.125 1
vt 0.125 0.75
vt 0 0.75
vn -0.9679436594388272 0.21643961393810243 -0.12743220028900404
vn 0.07053917356525462 -0.252684000300185 -0.9649741037898516
vn 0.9679436594388272 -0.21643961393810243 0.12743220028900404
vn -0.07053917356525462 0.252684000300185 0.9649741037898516
vn 0.2410587006206218 0.9430295273800399 -0.2293164044382262
vn -0.2410587006206218 -0.9430295273800399 0.2293164044382262
g Leaf_Green
f 68/196/49 71/195/49 69/194/49 66/193/49
f 67/200/50 68/199/50 66/198/50 65/197/50
f 72/204/51 67/203/51 65/202/51 70/201/51
f 71/208/52 72/207/52 70/206/52 69/205/52
f 70/212/53 65/211/53 66/210/53 69/209/53
f 71/216/54 68/215/54 67/214/54 72/213/54
o cube
v 0.009390341264548185 0.5893648106087566 -0.19569370713498707
v -0.716567403314572 0.7516945210623334 -0.29126785735174004
v 0.009390341264548185 0.5893648106087566 -0.19569370713498707
v -0.716567403314572 0.7516945210623334 -0.29126785735174004
v -0.747783008507972 0.7082644585107389 -0.12792640124161964
v -0.021825263928851757 0.5459347480571624 -0.03235225102486661
v -0.747783008507972 0.7082644585107389 -0.12792640124161964
v -0.021825263928851757 0.5459347480571624 -0.03235225102486661
vt 0 1
vt 0.125 1
vt 0.125 1
vt 0 1
vt 0 1
vt 0.25 1
vt 0.25 1
vt 0 1
vt 0 1
vt 0.125 1
vt 0.125 1
vt 0 1
vt 0 1
vt 0.25 1
vt 0.25 1
vt 0 1
vt 0.46875 0.78125
vt 0.65625 0.78125
vt 0.65625 0
vt 0.46875 0
vt 0 1
vt 0.125 1
vt 0.125 0.75
vt 0 0.75
vn -0.9679436594388273 0.2164396139381025 -0.12743220028900407
vn 0.1816180665797811 0.252684000300185 -0.9503502900952461
vn 0.9679436594388273 -0.2164396139381025 0.12743220028900407
vn -0.1816180665797811 -0.252684000300185 0.9503502900952461
vn 0.17349337175809879 0.94302952738004 0.28389322014691526
vn -0.17349337175809879 -0.94302952738004 -0.28389322014691526
g Leaf_Green
f 76/220/55 79/219/55 77/218/55 74/217/55
f 75/224/56 76/223/56 74/222/56 73/221/56
f 80/228/57 75/227/57 73/226/57 78/225/57
f 79/232/58 80/231/58 78/230/58 77/229/58
f 78/236/59 73/235/59 74/234/59 77/233/59
f 79/240/60 76/239/60 75/238/60 80/237/60
o cube
v -0.08232431105460536 0.5594601447732113 -0.040300785905827086
v -0.7477855769187989 0.7082623793556566 -0.12791042360451732
v -0.08232431105460536 0.5594601447732113 -0.040300785905827086
v -0.7477855769187989 0.7082623793556566 -0.12791042360451732
v -0.7518645204256755 0.7082623793556566 -0.09692777168658573
v -0.08640325456148196 0.5594601447732113 -0.009318133987895494
v -0.7518645204256755 0.7082623793556566 -0.09692777168658573
v -0.08640325456148196 0.5594601447732113 -0.009318133987895494
vt 0 1
vt 0.125 1
vt 0.125 1
vt 0 1
vt 0 1
vt 0.25 1
vt 0.25 1
vt 0 1
vt 0 1
vt 0.125 1
vt 0.125 1
vt 0 1
vt 0 1
vt 0.25 1
vt 0.25 1
vt 0 1
vt 0.4375 0.78125
vt 0.46875 0.78125
vt 0.46875 0.0625
vt 0.4375 0.0625
vt 0 1
vt 0.125 1
vt 0.125 0.75
vt 0 0.75
vn -0.9679436594388273 0.2164396139381025 -0.12743220028900412
vn 0.13052619222005032 0 -0.9914448613738107
vn 0.9679436594388273 -0.2164396139381025 0.12743220028900412
vn -0.13052619222005032 0 0.9914448613738107
vn 0.2145879430366631 0.9762960071199335 0.028251038652918295
vn -0.2145879430366631 -0.9762960071199335 -0.028251038652918295
g Leaf_Green
f 84/244/61 87/243/61 85/242/61 82/241/61
f 83/248/62 84/247/62 82/246/62 81/245/62
f 88/252/63 83/251/63 81/250/63 86/249/63
f 87/256/64 88/255/64 86/254/64 85/253/64
f 86/260/65 81/259/65 82/258/65 85/257/65
f 87/264/66 84/263/66 83/262/66 88/261/66
o cube
v -0.047335309025518746 0.35245758412952854 -0.010008059188076679
v -0.07538693434628585 0.39468197210550726 0.026549530679381927
v -0.047335309025518746 0.35245758412952854 -0.010008059188076679
v -0.07538693434628585 0.39468197210550726 0.026549530679381927
v -0.05059464246218476 0.39468197210550726 0.04557332533590441
v -0.022543017141417654 0.35245758412952854 0.009015735468445807
v -0.05059464246218476 0.39468197210550726 0.04557332533590441
v -0.022543017141417654 0.35245758412952854 0.009015735468445807
vt 0 1
vt 0.125 1
vt 0.125 1
vt 0 1
vt 0 1
vt 0.25 1
vt 0.25 1
vt 0 1
vt 0 1
vt 0.125 1
vt 0.125 1
vt 0 1
vt 0 1
vt 0.25 1
vt 0.25 1
vt 0 1
vt 0.4375 0.0625
vt 0.46875 0.0625
vt 0.46875 0
vt 0.4375 0
vt 0 1
vt 0.125 1
vt 0.125 0.75
vt 0 0.75
vn -0.4488260051322742 0.6755902076156604 0.5849214378793383
vn -0.7933533402912357 0 -0.6087614290087201
vn 0.4488260051322742 -0.6755902076156604 -0.5849214378793383
vn 0.7933533402912357 0 0.6087614290087201
vn 0.4112732602124075 0.7372773368101238 -0.5359817478799338
vn -0.4112732602124075 -0.7372773368101238 0.5359817478799338
g Leaf_Green
f 92/268/67 95/267/67 93/266/67 90/265/67
f 91/272/68 92/271/68 90/270/68 89/269/68
f 96/276/69 91/275/69 89/274/69 94/273/69
f 95/280/70 96/279/70 94/278/70 93/277/70
f 94/284/71 89/283/71 90/282/71 93/281/71
f 95/288/72 92/287/72 91/286/72 96/285/72
o cube
v -0.01848683946552443 0.3610959105684528 0.0037561941040874514
v -0.3634437115900813 0.7220940849264752 0.45331274239275
v -0.01848683946552443 0.3610959105684528 0.0037561941040874514
v -0.3634437115900813 0.7220940849264752 0.45331274239275
v -0.21718205732239193 0.7596119514136968 0.5354160542024808
v 0.1277748148021649 0.39861377705567436 0.08585950591381852
v -0.21718205732239193 0.7596119514136968 0.5354160542024808
v 0.1277748148021649 0.39861377705567436 0.08585950591381852
vt 0 1
vt 0.125 1
vt 0.125 1
vt 0 1
vt 0 1
vt 0.25 1
vt 0.25 1
vt 0 1
vt 0 1
vt 0.125 1
vt 0.125 1
vt 0 1
vt 0 1
vt 0.25 1
vt 0.25 1
vt 0 1
vt 0.25 0.78125
vt 0.4375 0.78125
vt 0.4375 0
vt 0.25 0
vt 0 1
vt 0.125 1
vt 0.125 0.75
vt 0 0.75
vn -0.5134241817667827 0.5372996083468242 0.6691074207087075
vn -0.8509768975574655 -0.21828576865292532 -0.47769199598388973
vn 0.5134241817667827 -0.5372996083468242 -0.6691074207087075
vn 0.8509768975574655 0.21828576865292532 0.47769199598388973
vn 0.11060709471178014 0.8146535791819433 -0.5693027459317833
vn -0.11060709471178014 -0.8146535791819433 0.5693027459317833
g Leaf_Green
f 100/292/73 103/291/73 101/290/73 98/289/73
f 99/296/74 100/295/74 98/294/74 97/293/74
f 104/300/75 99/299/75 97/298/75 102/297/75
f 103/304/76 104/303/76 102/302/76 101/301/76
f 102/308/77 97/307/77 98/306/77 101/305/77
f 103/312/78 100/311/78 99/310/78 104/309/78
o cube
v -0.16046580921365206 0.39861377705567447 -0.1353153039254139
v -0.505422681338209 0.7596119514136968 0.31424124436324863
v -0.16046580921365206 0.39861377705567447 -0.1353153039254139
v -0.505422681338209 0.7596119514136968 0.31424124436324863
v -0.38826167034464687 0.7220940849264754 0.43426925285382323
v -0.043304798220090035 0.3610959105684529 -0.01528729543483931
v -0.38826167034464687 0.7220940849264754 0.43426925285382323
v -0.043304798220090035 0.3610959105684529 -0.01528729543483931
vt 0 1
vt 0.125 1
vt 0.125 1
vt 0 1
vt 0 1
vt 0.25 1
vt 0.25 1
vt 0 1
vt 0 1
vt 0.125 1
vt 0.125 1
vt 0 1
vt 0 1
vt 0.25 1
vt 0.25 1
vt 0 1
vt 0.46875 0.78125
vt 0.65625 0.78125
vt 0.65625 0
vt 0.46875 0
vt 0 1
vt 0.125 1
vt 0.125 0.75
vt 0 0.75
vn -0.5134241817667826 0.5372996083468242 0.6691074207087075
vn -0.681664063962543 0.21828576865292534 -0.6983447766724341
vn 0.5134241817667826 -0.5372996083468242 -0.6691074207087075
vn 0.681664063962543 -0.21828576865292534 0.6983447766724341
vn 0.5212770026379259 0.8146535791819433 -0.25418464242921734
vn -0.5212770026379259 -0.8146535791819433 0.25418464242921734
g Leaf_Green
f 108/316/79 111/315/79 109/314/79 106/313/79
f 107/320/80 108/319/80 106/318/80 105/317/80
f 112/324/81 107/323/81 105/322/81 110/321/81
f 111/328/82 112/327/82 110/326/82 109/325/82
f 110/332/83 105/331/83 106/330/83 109/329/83
f 111/336/84 108/335/84 107/334/84 112/333/84
o cube
v -0.07538167272210905 0.39467533997337967 0.026542673597252486
v -0.388249533486242 0.7220922888097256 0.4342800080916208
v -0.07538167272210905 0.39467533997337967 0.026542673597252486
v -0.388249533486242 0.7220922888097256 0.4342800080916208
v -0.3634572416021409 0.7220922888097256 0.4533038027481433
v -0.05058938083800796 0.39467533997337967 0.04556646825377497
v -0.3634572416021409 0.7220922888097256 0.4533038027481433
v -0.05058938083800796 0.39467533997337967 0.04556646825377497
vt 0 1
vt 0.125 1
vt 0.125 1
vt 0 1
vt 0 1
vt 0.25 1
vt 0.25 1
vt 0 1
vt 0 1
vt 0.125 1
vt 0.125 1
vt 0 1
vt 0 1
vt 0.25 1
vt 0.25 1
vt 0 1
vt 0.4375 0.78125
vt 0.46875 0.78125
vt 0.46875 0.0625
vt 0.4375 0.0625
vt 0 1
vt 0.125 1
vt 0.125 0.75
vt 0 0.75
vn -0.5134241817667826 0.5372996083468241 0.6691074207087075
vn -0.7933533402912357 0 -0.6087614290087201
vn 0.5134241817667826 -0.5372996083468241 -0.6691074207087075
vn 0.7933533402912357 0 0.6087614290087201
vn 0.32708727738303844 0.8433914458128856 -0.42626843901912576
vn -0.32708727738303844 -0.8433914458128856 0.42626843901912576
g Leaf_Green
f 116/340/85 119/339/85 117/338/85 114/337/85
f 115/344/86 116/343/86 114/342/86 113/341/86
f 120/348/87 115/347/87 113/346/87 118/345/87
f 119/352/88 120/351/88 118/350/88 117/349/88
f 118/356/89 113/355/89 114/354/89 117/353/89
f 119/360/90 116/359/90 115/358/90 120/357/90
o cube
v -0.03920322813582744 0.5974459113761259 0.024737307162532085
v -0.01672792829267128 0.6188221703339802 0.07899748086228142
v -0.03920322813582744 0.5974459113761259 0.024737307162532085
v -0.01672792829267128 0.6188221703339802 0.07899748086228142
v 0.012143307098306355 0.6188221703339802 0.06703862360087232
v -0.01033199274484975 0.5974459113761259 0.012778449901122979
v 0.012143307098306355 0.6188221703339802 0.06703862360087232
v -0.01033199274484975 0.5974459113761259 0.012778449901122979
vt 0 1
vt 0.125 1
vt 0.125 1
vt 0 1
vt 0 1
vt 0.25 1
vt 0.25 1
vt 0 1
vt 0 1
vt 0.125 1
vt 0.125 1
vt 0 1
vt 0 1
vt 0.25 1
vt 0.25 1
vt 0 1
vt 0.4375 0.0625
vt 0.46875 0.0625
vt 0.46875 0
vt 0.4375 0
vt 0 1
vt 0.125 1
vt 0.125 0.75
vt 0 0.75
vn 0.3596047974904981 0.342020143325669 0.8681627791959908
vn -0.9238795325112868 0 0.38268343236508984
vn -0.3596047974904981 -0.342020143325669 -0.8681627791959908
vn 0.9238795325112868 0 -0.38268343236508984
vn -0.13088544238586688 0.9396926207859084 -0.31598541012516235
vn 0.13088544238586688 -0.9396926207859084 0.31598541012516235
g Leaf_Green
f 124/364/91 127/363/91 125/362/91 122/361/91
f 123/368/92 124/367/92 122/366/92 121/365/92
f 128/372/93 123/371/93 121/370/93 126/369/93
f 127/376/94 128/375/94 126/374/94 125/373/94
f 126/380/95 121/379/95 122/378/95 125/377/95
f 127/384/96 124/383/96 123/382/96 128/381/96
o cube
v -0.011400267338203984 0.6079684368159015 0.010157136465133831
v 0.2476975903222396 0.7273515589619164 0.6356746984107904
v -0.011400267338203984 0.6079684368159015 0.010157136465133831
v 0.2476975903222396 0.7273515589619164 0.6356746984107904
v 0.39812258774564313 0.7711602624726346 0.565005516500434
v 0.13902473008519955 0.6517771403266197 -0.060512045445222595
v 0.39812258774564313 0.7711602624726346 0.565005516500434
v 0.13902473008519955 0.6517771403266197 -0.060512045445222595
vt 0 1
vt 0.125 1
vt 0.125 1
vt 0 1
vt 0 1
vt 0.25 1
vt 0.25 1
vt 0 1
vt 0 1
vt 0.125 1
vt 0.125 1
vt 0 1
vt 0 1
vt 0.25 1
vt 0.25 1
vt 0 1
vt 0.25 0.78125
vt 0.4375 0.78125
vt 0.4375 0
vt 0.25 0
vt 0 1
vt 0.125 1
vt 0.125 0.75
vt 0 0.75
vn 0.3768696111424634 0.1736481776669307 0.9098437264664094
vn -0.8751999850088932 -0.25488700224417876 0.41116614929661893
vn -0.3768696111424634 -0.1736481776669307 -0.9098437264664094
vn 0.8751999850088932 0.25488700224417876 -0.41116614929661893
vn -0.3033055924933825 0.9512512425641978 -0.05591771706988752
vn 0.3033055924933825 -0.9512512425641978 0.05591771706988752
g Leaf_Green
f 132/388/97 135/387/97 133/386/97 130/385/97
f 131/392/98 132/391/98 130/390/98 129/389/98
f 136/396/99 131/395/99 129/394/99 134/393/99
f 135/400/100 136/399/100 134/398/100 133/397/100
f 134/404/101 129/403/101 130/402/101 133/401/101
f 135/408/102 132/407/102 131/406/102 136/405/102
o cube
v -0.19663858592067696 0.6517771403266197 0.0785242524355374
v 0.06245927173976662 0.7711602624726346 0.704041814381194
v -0.19663858592067696 0.6517771403266197 0.0785242524355374
v 0.06245927173976662 0.7711602624726346 0.704041814381194
v 0.21879646522754292 0.7273515589619164 0.6476459363928551
v -0.04030139243290071 0.6079684368159015 0.022128374447198507
v 0.21879646522754292 0.7273515589619164 0.6476459363928551
v -0.04030139243290071 0.6079684368159015 0.022128374447198507
vt 0 1
vt 0.125 1
vt 0.125 1
vt 0 1
vt 0 1
vt 0.25 1
vt 0.25 1
vt 0 1
vt 0 1
vt 0.125 1
vt 0.125 1
vt 0 1
vt 0 1
vt 0.25 1
vt 0.25 1
vt 0 1
vt 0.46875 0.78125
vt 0.65625 0.78125
vt 0.65625 0
vt 0.46875 0
vt 0 1
vt 0.125 1
vt 0.125 0.75
vt 0 0.75
vn 0.3768696111424634 0.17364817766693075 0.9098437264664097
vn -0.9095982166561527 0.254887002244179 0.32812147193215346
vn -0.3768696111424634 -0.17364817766693075 -0.9098437264664097
vn 0.9095982166561527 -0.254887002244179 -0.32812147193215346
vn 0.17492964429528635 0.9512512425641977 -0.2540092381524627
vn -0.17492964429528635 -0.9512512425641977 0.2540092381524627
g Leaf_Green
f 140/412/103 143/411/103 141/410/103 138/409/103
f 139/416/104 140/415/104 138/414/104 137/413/104
f 144/420/105 139/419/105 137/418/105 142/417/105
f 143/424/106 144/423/106 142/422/106 141/421/106
f 142/428/107 137/427/107 138/426/107 141/425/107
f 143/432/108 140/431/108 139/430/108 144/429/108
o cube
v -0.01673195536547084 0.6188193506380821 0.07898775864851204
v 0.2188115515985688 0.7273494616799137 0.6476400876900179
v -0.01673195536547084 0.6188193506380821 0.07898775864851204
v 0.2188115515985688 0.7273494616799137 0.6476400876900179
v 0.2476827869895465 0.7273494616799137 0.635681230428609
v 0.012139280025506904 0.6188193506380821 0.06702890138710293
v 0.2476827869895465 0.7273494616799137 0.635681230428609
v 0.012139280025506904 0.6188193506380821 0.06702890138710293
vt 0 1
vt 0.125 1
vt 0.125 1
vt 0 1
vt 0 1
vt 0.25 1
vt 0.25 1
vt 0 1
vt 0 1
vt 0.125 1
vt 0.125 1
vt 0 1
vt 0 1
vt 0.25 1
vt 0.25 1
vt 0 1
vt 0.4375 0.78125
vt 0.46875 0.78125
vt 0.46875 0.0625
vt 0.4375 0.0625
vt 0 1
vt 0.125 1
vt 0.125 0.75
vt 0 0.75
vn 0.3768696111424634 0.17364817766693066 0.9098437264664094
vn -0.9238795325112867 0 0.38268343236508984
vn -0.3768696111424634 -0.17364817766693066 -0.9098437264664094
vn 0.9238795325112867 0 -0.38268343236508984
vn -0.06645228065352385 0.984807753012208 -0.16042999720436074
vn 0.06645228065352385 -0.984807753012208 0.16042999720436074
g Leaf_Green
f 148/436/109 151/435/109 149/434/109 146/433/109
f 147/440/110 148/439/110 146/438/110 145/437/110
f 152/444/111 147/443/111 145/442/111 150/441/111
f 151/448/112 152/447/112 150/446/112 149/445/112
f 150/452/113 145/451/113 146/450/113 149/449/113
f 151/456/114 148/455/114 147/454/114 152/453/114
o cube
v 0.01759508276974342 0.7274575841295285 0.0014598109389021285
v 0.03522907163571154 0.7696819721055073 -0.04111240414005429
v 0.01759508276974342 0.7274575841295285 0.0014598109389021285
v 0.03522907163571154 0.7696819721055073 -0.04111240414005429
v 0.00635783624473385 0.7696819721055073 -0.05307126140146329
v -0.011276152621234325 0.7274575841295285 -0.010499046322506811
v 0.00635783624473385 0.7696819721055073 -0.05307126140146329
v -0.011276152621234325 0.7274575841295285 -0.010499046322506811
vt 0 1
vt 0.125 1
vt 0.125 1
vt 0 1
vt 0 1
vt 0.25 1
vt 0.25 1
vt 0 1
vt 0 1
vt 0.125 1
vt 0.125 1
vt 0 1
vt 0 1
vt 0.25 1
vt 0.25 1
vt 0 1
vt 0.4375 0.0625
vt 0.46875 0.0625
vt 0.46875 0
vt 0.4375 0
vt 0 1
vt 0.125 1
vt 0.125 0.75
vt 0 0.75
vn 0.2821438218554905 0.6755902076156602 -0.681155441263304
vn 0.9238795325112868 0 0.3826834323650895
vn -0.2821438218554905 -0.6755902076156602 0.681155441263304
vn -0.9238795325112868 0 -0.3826834323650895
vn -0.25853717952260435 0.737277336810124 0.6241639651811596
vn 0.25853717952260435 -0.737277336810124 -0.6241639651811596
g Leaf_Green
f 156/460/115 159/459/115 157/458/115 154/457/115
f 155/464/116 156/463/116 154/462/116 153/461/116
f 160/468/117 155/467/117 153/466/117 158/465/117
f 159/472/118 160/471/118 158/470/118 157/469/118
f 158/476/119 153/475/119 154/474/119 157/473/119
f 159/480/120 156/479/120 155/478/120 160/477/120
o cube
v -0.013832849920796253 0.7360959105684528 -0.004368903451396566
v 0.2282311000624766 1.1390706168285707 -0.5887629744626168
v -0.013832849920796253 0.7360959105684528 -0.004368903451396566
v 0.2282311000624766 1.1390706168285707 -0.5887629744626168
v 0.06570329004720366 1.1765884833157922 -0.630213382070822
v -0.1763606599360692 0.7736137770556746 -0.04581931105960174
v 0.06570329004720366 1.1765884833157922 -0.630213382070822
v -0.1763606599360692 0.7736137770556746 -0.04581931105960174
vt 0 1
vt 0.125 1
vt 0.125 1
vt 0 1
vt 0 1
vt 0.25 1
vt 0.25 1
vt 0 1
vt 0 1
vt 0.125 1
vt 0.125 1
vt 0 1
vt 0 1
vt 0.25 1
vt 0.25 1
vt 0 1
vt 0.25 0.78125
vt 0.4375 0.78125
vt 0.4375 0
vt 0.25 0
vt 0 1
vt 0.125 1
vt 0.125 0.75
vt 0 0.75
vn 0.3227519333110306 0.5372996083468239 -0.7791920946816272
vn 0.94561634917977 -0.21828576865292543 0.2411660079022846
vn -0.3227519333110306 -0.5372996083468239 0.7791920946816272
vn -0.94561634917977 0.21828576865292543 -0.2411660079022846
vn 0.040508143723397505 0.8146535791819435 0.57853144790766
vn -0.040508143723397505 -0.8146535791819435 -0.57853144790766
g Leaf_Green
f 164/484/121 167/483/121 165/482/121 162/481/121
f 163/488/122 164/487/122 162/486/122 161/485/122
f 168/492/123 163/491/123 161/490/123 166/489/123
f 167/496/124 168/495/124 166/494/124 165/493/124
f 166/500/125 161/499/125 162/498/125 165/497/125
f 167/504/126 164/503/126 163/502/126 168/501/126
o cube
v 0.1593026560698072 0.7736137770556746 0.0932169868211582
v 0.40136660605308006 1.1765884833157922 -0.491177084190062
v 0.1593026560698072 0.7736137770556746 0.0932169868211582
v 0.40136660605308006 1.1765884833157922 -0.491177084190062
v 0.2571322251571734 1.1390706168285707 -0.5767917364805519
v 0.015068275173900525 0.7360959105684528 0.0076023345306682755
v 0.2571322251571734 1.1390706168285707 -0.5767917364805519
v 0.015068275173900525 0.7360959105684528 0.0076023345306682755
vt 0 1
vt 0.125 1
vt 0.125 1
vt 0 1
vt 0 1
vt 0.25 1
vt 0.25 1
vt 0 1
vt 0 1
vt 0.125 1
vt 0.125 1
vt 0 1
vt 0 1
vt 0.25 1
vt 0.25 1
vt 0 1
vt 0.46875 0.78125
vt 0.65625 0.78125
vt 0.65625 0
vt 0.46875 0
vt 0 1
vt 0.125 1
vt 0.125 0.75
vt 0 0.75
vn 0.3227519333110305 0.5372996083468239 -0.7791920946816272
vn 0.839181852485276 0.2182857686529254 0.4981216133264872
vn -0.3227519333110305 -0.5372996083468239 0.7791920946816272
vn -0.839181852485276 -0.2182857686529254 -0.4981216133264872
vn -0.4377270930652716 0.8146535791819436 0.3804399268250849
vn 0.4377270930652716 -0.8146535791819436 -0.3804399268250849
g Leaf_Green
f 172/508/127 175/507/127 173/506/127 170/505/127
f 171/512/128 172/511/128 170/510/128 169/509/128
f 176/516/129 171/515/129 169/514/129 174/513/129
f 175/520/130 176/519/130 174/518/130 173/517/130
f 174/524/131 169/523/131 170/522/131 173/521/131
f 175/528/132 172/527/132 171/526/132 176/525/132
o cube
v 0.035225764040479945 0.7696753399733796 -0.04110441889878724
v 0.2571177181918134 1.139068820711821 -0.5767989839924058
v 0.035225764040479945 0.7696753399733796 -0.04110441889878724
v 0.2571177181918134 1.139068820711821 -0.5767989839924058
v 0.2282464828008357 1.139068820711821 -0.5887578412538148
v 0.006354528649502256 0.7696753399733796 -0.05306327616019635
v 0.2282464828008357 1.139068820711821 -0.5887578412538148
v 0.006354528649502256 0.7696753399733796 -0.05306327616019635
vt 0 1
vt 0.125 1
vt 0.125 1
vt 0 1
vt 0 1
vt 0.25 1
vt 0.25 1
vt 0 1
vt 0 1
vt 0.125 1
vt 0.125 1
vt 0 1
vt 0 1
vt 0.25 1
vt 0.25 1
vt 0 1
vt 0.4375 0.78125
vt 0.46875 0.78125
vt 0.46875 0.0625
vt 0.4375 0.0625
vt 0 1
vt 0.125 1
vt 0.125 0.75
vt 0 0.75
vn 0.3227519333110305 0.5372996083468239 -0.7791920946816272
vn 0.923879532511287 0 0.3826834323650895
vn -0.3227519333110305 -0.5372996083468239 0.7791920946816272
vn -0.923879532511287 0 -0.3826834323650895
vn -0.20561565833058085 0.8433914458128858 0.4964001109779613
vn 0.20561565833058085 -0.8433914458128858 -0.4964001109779613
g Leaf_Green
f 180/532/133 183/531/133 181/530/133 178/529/133
f 179/536/134 180/535/134 178/534/134 177/533/134
f 184/540/135 179/539/135 177/538/135 182/537/135
f 183/544/136 184/543/136 182/542/136 181/541/136
f 182/548/137 177/547/137 178/546/137 181/545/137
f 183/552/138 180/551/138 179/550/138 184/549/138
o cube
v -0.04268371063190568 0.78893400380012 0.019756245420557317
v -0.02985027600921364 0.8269815931131652 0.0676512754680576
v -0.04268371063190568 0.78893400380012 0.019756245420557317
v -0.02985027600921364 0.8269815931131652 0.0676512754680576
v 0.0003349060623196731 0.8269815931131652 0.05956318030860386
v -0.012498528560372313 0.78893400380012 0.011668150261103571
v 0.0003349060623196731 0.8269815931131652 0.05956318030860386
v -0.012498528560372313 0.78893400380012 0.011668150261103571
vt 0 1
vt 0.125 1
vt 0.125 1
vt 0 1
vt 0 1
vt 0.25 1
vt 0.25 1
vt 0 1
vt 0 1
vt 0.125 1
vt 0.125 1
vt 0 1
vt 0 1
vt 0.25 1
vt 0.25 1
vt 0 1
vt 0.4375 0.0625
vt 0.46875 0.0625
vt 0.46875 0
vt 0.4375 0
vt 0 1
vt 0.125 1
vt 0.125 0.75
vt 0 0.75
vn 0.20533495396307236 0.6087614290087207 0.7663204807600038
vn -0.9659258262890684 0 0.2588190451025203
vn -0.20533495396307236 -0.6087614290087207 -0.7663204807600038
vn 0.9659258262890684 0 -0.2588190451025203
vn -0.15755905175128265 0.793353340291235 -0.5880183863281626
vn 0.15755905175128265 -0.793353340291235 0.5880183863281626
g Leaf_Transition
f 188/556/139 191/555/139 189/554/139 186/553/139
f 187/560/140 188/559/140 186/558/140 185/557/140
f 192/564/141 187/563/141 185/562/141 190/561/141
f 191/568/142 192/567/142 190/566/142 189/565/142
f 190/572/143 185/571/143 186/570/143 189/569/143
f 191/576/144 188/575/144 187/574/144 192/573/144
o cube
v -0.014000557608139452 0.7981183402025578 0.006000001537423527
v 0.15818091502094422 1.144429800128833 0.6485900055111951
v -0.014000557608139452 0.7981183402025578 0.006000001537423527
v 0.15818091502094422 1.144429800128833 0.6485900055111951
v 0.31322615734520187 1.1838880542729981 0.5857804947862522
v 0.1410446847161182 0.8375765943467228 -0.05680950918751926
v 0.31322615734520187 1.1838880542729981 0.5857804947862522
v 0.1410446847161182 0.8375765943467228 -0.05680950918751926
vt 0 1
vt 0.125 1
vt 0.125 1
vt 0 1
vt 0 1
vt 0.25 1
vt 0.25 1
vt 0 1
vt 0 1
vt 0.125 1
vt 0.125 1
vt 0 1
vt 0 1
vt 0.25 1
vt 0.25 1
vt 0 1
vt 0.25 0.78125
vt 0.4375 0.78125
vt 0.4375 0
vt 0.25 0
vt 0 1
vt 0.125 1
vt 0.125 0.75
vt 0 0.75
vn 0.22957529683877825 0.4617486132350339 0.8567866719650289
vn -0.90208140988659 -0.22957529683877853 0.36543715330875803
vn -0.22957529683877825 -0.4617486132350339 -0.8567866719650289
vn 0.90208140988659 0.22957529683877853 -0.36543715330875803
vn -0.36543715330875814 0.8567866719650288 -0.363830023121624
vn 0.36543715330875814 -0.8567866719650288 0.363830023121624
g Leaf_Transition
f 196/580/145 199/579/145 197/578/145 194/577/145
f 195/584/146 196/583/146 194/582/146 193/581/146
f 200/588/147 195/587/147 193/586/147 198/585/147
f 199/592/148 200/591/148 198/590/148 197/589/148
f 198/596/149 193/595/149 194/594/149 197/593/149
f 199/600/150 196/599/150 195/598/150 200/597/150
o cube
v -0.20989486363235 0.8375765943467228 0.03722445938459562
v -0.03771339100326632 1.1838880542729981 0.6798144633583671
v -0.20989486363235 0.8375765943467228 0.03722445938459562
v -0.03771339100326632 1.1838880542729981 0.6798144633583671
v 0.1279644829479265 1.144429800128833 0.65668647408331
v -0.044216989681157226 0.7981183402025576 0.014096470109538517
v 0.1279644829479265 1.144429800128833 0.65668647408331
v -0.044216989681157226 0.7981183402025576 0.014096470109538517
vt 0 1
vt 0.125 1
vt 0.125 1
vt 0 1
vt 0 1
vt 0.25 1
vt 0.25 1
vt 0 1
vt 0 1
vt 0.125 1
vt 0.125 1
vt 0 1
vt 0 1
vt 0.25 1
vt 0.25 1
vt 0 1
vt 0.46875 0.78125
vt 0.65625 0.78125
vt 0.65625 0
vt 0.46875 0
vt 0 1
vt 0.125 1
vt 0.125 0.75
vt 0 0.75
vn 0.2295752968387783 0.46174861323503397 0.856786671965029
vn -0.963943993897849 0.22957529683877875 0.13456284669124102
vn -0.2295752968387783 -0.46174861323503397 -0.856786671965029
vn 0.963943993897849 -0.22957529683877875 -0.13456284669124102
vn 0.13456284669124186 0.8567866719650288 -0.4978046193371851
vn -0.13456284669124186 -0.8567866719650288 0.4978046193371851
g Leaf_Transition
f 204/604/151 207/603/151 205/602/151 202/601/151
f 203/608/152 204/607/152 202/606/152 201/605/152
f 208/612/153 203/611/153 201/610/153 206/609/153
f 207/616/154 208/615/154 206/614/154 205/613/154
f 206/620/155 201/619/155 202/618/155 205/617/155
f 207/624/156 204/623/156 203/622/156 208/621/156
o cube
v -0.029852654116613864 0.8269757395195816 0.0676424002504139
v 0.12798036246004618 1.1444279111186675 0.6566832372263711
v -0.029852654116613864 0.8269757395195816 0.0676424002504139
v 0.12798036246004618 1.1444279111186675 0.6566832372263711
v 0.1581655445315795 1.1444279111186675 0.6485951420669174
v 0.0003325279549195592 0.8269757395195816 0.05955430509096016
v 0.1581655445315795 1.1444279111186675 0.6485951420669174
v 0.0003325279549195592 0.8269757395195816 0.05955430509096016
vt 0 1
vt 0.125 1
vt 0.125 1
vt 0 1
vt 0 1
vt 0.25 1
vt 0.25 1
vt 0 1
vt 0 1
vt 0.125 1
vt 0.125 1
vt 0 1
vt 0 1
vt 0.25 1
vt 0.25 1
vt 0 1
vt 0.4375 0.78125
vt 0.46875 0.78125
vt 0.46875 0.0625
vt 0.4375 0.0625
vt 0 1
vt 0.125 1
vt 0.125 0.75
vt 0 0.75
vn 0.22957529683877828 0.4617486132350339 0.8567866719650289
vn -0.9659258262890684 0 0.2588190451025203
vn -0.22957529683877828 -0.4617486132350339 -0.8567866719650289
vn 0.9659258262890684 0 -0.2588190451025203
vn -0.11950933515490435 0.8870108331782218 -0.4460149107768818
vn 0.11950933515490435 -0.8870108331782218 0.4460149107768818
g Leaf_Transition
f 212/628/157 215/627/157 213/626/157 210/625/157
f 211/632/158 212/631/158 210/630/158 209/629/158
f 216/636/159 211/635/159 209/634/159 214/633/159
f 215/640/160 216/639/160 214/638/160 213/637/160
f 214/644/161 209/643/161 210/642/161 213/641/161
f 215/648/162 212/647/162 211/646/162 216/645/162
o cube
v -0.005846196689881011 0.9111373240632414 -0.03258858754075766
v -0.04923819944081115 0.9375509654220351 -0.0689988010451067
v -0.005846196689881011 0.9111373240632414 -0.03258858754075766
v -0.04923819944081115 0.9375509654220351 -0.0689988010451067
v -0.06932531224351551 0.9375509654220351 -0.04505991219763866
v -0.025933309492585377 0.9111373240632414 -0.008649698693289631
v -0.06932531224351551 0.9375509654220351 -0.04505991219763866
v -0.025933309492585377 0.9111373240632414 -0.008649698693289631
vt 0 1
vt 0.125 1
vt 0.125 1
vt 0 1
vt 0 1
vt 0.25 1
vt 0.25 1
vt 0 1
vt 0 1
vt 0.125 1
vt 0.125 1
vt 0 1
vt 0 1
vt 0.25 1
vt 0.25 1
vt 0 1
vt 0.4375 0.0625
vt 0.46875 0.0625
vt 0.46875 0
vt 0.4375 0
vt 0 1
vt 0.125 1
vt 0.125 0.75
vt 0 0.75
vn -0.6942720440148837 0.4226182617406994 -0.5825634160695855
vn 0.6427876096865397 0 -0.7660444431189779
vn 0.6942720440148837 -0.4226182617406994 0.5825634160695855
vn -0.6427876096865397 0 0.7660444431189779
vn 0.3237443709670645 0.9063077870366499 0.27165378227418446
vn -0.3237443709670645 -0.9063077870366499 -0.27165378227418446
g Leaf_Transition
f 220/652/163 223/651/163 221/650/163 218/649/163
f 219/656/164 220/655/164 218/654/164 217/653/164
f 224/660/165 219/659/165 217/658/165 222/657/165
f 223/664/166 224/663/166 222/662/166 221/661/166
f 222/668/167 217/667/167 218/666/167 221/665/167
f 223/672/168 220/671/168 219/670/168 224/669/168
o cube
v -0.023081063538698654 0.9213731060458696 -0.006235263647597522
v -0.5780376473090845 1.1154873898727602 -0.4718991284087317
v -0.023081063538698654 0.9213731060458696 -0.006235263647597522
v -0.5780376473090845 1.1154873898727602 -0.4718991284087317
v -0.6759324748237421 1.1584561398727602 -0.3373208801874351
v -0.12097589105335627 0.9643418560458696 0.1283429845736992
v -0.6759324748237421 1.1584561398727602 -0.3373208801874351
v -0.12097589105335627 0.9643418560458696 0.1283429845736992
vt 0 1
vt 0.125 1
vt 0.125 1
vt 0 1
vt 0 1
vt 0.25 1
vt 0.25 1
vt 0 1
vt 0 1
vt 0.125 1
vt 0.125 1
vt 0 1
vt 0 1
vt 0.25 1
vt 0.25 1
vt 0 1
vt 0.25 0.78125
vt 0.4375 0.78125
vt 0.4375 0
vt 0.25 0
vt 0 1
vt 0.125 1
vt 0.125 0.75
vt 0 0.75
vn -0.7399421116938479 0.2588190451025207 -0.6208851530148457
vn 0.5695699055398261 -0.24999999999999994 -0.7830007169239078
vn 0.7399421116938479 -0.2588190451025207 0.6208851530148457
vn -0.5695699055398261 0.24999999999999994 0.7830007169239078
vn 0.3578767861225464 0.9330127018922194 -0.03756998885251123
vn -0.3578767861225464 -0.9330127018922194 0.03756998885251123
g Leaf_Transition
f 228/676/169 231/675/169 229/674/169 226/673/169
f 227/680/170 228/679/170 226/678/170 225/677/170
f 232/684/171 227/683/171 225/682/171 230/681/171
f 231/688/172 232/687/172 230/686/172 229/685/172
f 230/692/173 225/691/173 226/690/173 229/689/173
f 231/696/174 228/695/174 227/694/174 232/693/174
o cube
v 0.11256128880860705 0.9643418560458696 -0.14997578853111548
v -0.44239529496177876 1.1584561398727602 -0.6156396532922498
v 0.11256128880860705 0.9643418560458696 -0.14997578853111548
v -0.44239529496177876 1.1584561398727602 -0.6156396532922498
v -0.5579297387959744 1.1154873898727602 -0.4958628006187863
v -0.002973155025588592 0.9213731060458696 -0.030198935857651987
v -0.5579297387959744 1.1154873898727602 -0.4958628006187863
v -0.002973155025588592 0.9213731060458696 -0.030198935857651987
vt 0 1
vt 0.125 1
vt 0.125 1
vt 0 1
vt 0 1
vt 0.25 1
vt 0.25 1
vt 0 1
vt 0 1
vt 0.125 1
vt 0.125 1
vt 0 1
vt 0 1
vt 0.25 1
vt 0.25 1
vt 0 1
vt 0.46875 0.78125
vt 0.65625 0.78125
vt 0.65625 0
vt 0.46875 0
vt 0 1
vt 0.125 1
vt 0.125 0.75
vt 0 0.75
vn -0.7399421116938479 0.2588190451025208 -0.6208851530148458
vn 0.6722004004898656 0.24999999999999994 -0.6968835064637878
vn 0.7399421116938479 -0.2588190451025208 0.6208851530148458
vn -0.6722004004898656 -0.24999999999999994 0.6968835064637878
vn 0.025145435436942504 0.9330127018922194 0.35896379369578096
vn -0.025145435436942504 -0.9330127018922194 -0.35896379369578096
g Leaf_Transition
f 236/700/175 239/699/175 237/698/175 234/697/175
f 235/704/176 236/703/176 234/702/176 233/701/176
f 240/708/177 235/707/177 233/706/177 238/705/177
f 239/712/178 240/711/178 238/710/178 237/709/178
f 238/716/179 233/715/179 234/714/179 237/713/179
f 239/720/180 236/719/180 235/718/180 240/717/180
o cube
v -0.049230357097957866 0.9375472392944046 -0.068992220538111
v -0.5579405588874782 1.1154853328023877 -0.49585076323581745
v -0.049230357097957866 0.9375472392944046 -0.068992220538111
v -0.5579405588874782 1.1154853328023877 -0.49585076323581745
v -0.5780276716901825 1.1154853328023877 -0.47191187438834936
v -0.06931746990066223 0.9375472392944046 -0.04505333169064296
v -0.5780276716901825 1.1154853328023877 -0.47191187438834936
v -0.06931746990066223 0.9375472392944046 -0.04505333169064296
vt 0 1
vt 0.125 1
vt 0.125 1
vt 0 1
vt 0 1
vt 0.25 1
vt 0.25 1
vt 0 1
vt 0 1
vt 0.125 1
vt 0.125 1
vt 0 1
vt 0 1
vt 0.25 1
vt 0.25 1
vt 0 1
vt 0.4375 0.78125
vt 0.46875 0.78125
