# Made in Blockbench 4.1.3

o cube
v 0.1875 0.2088963569839295 0.22091675211685904
v 0.1875 0.09475358904479436 0.07216300081225244
v 0.1875 0.2088963569839295 0.22091675211685904
v 0.1875 0.09475358904479436 0.07216300081225244
v -0.1875 0.09475358904479436 0.07216300081225244
v -0.1875 0.2088963569839295 0.22091675211685904
v -0.1875 0.09475358904479436 0.07216300081225244
v -0.1875 0.2088963569839295 0.22091675211685904
vt 0 1
vt 0.1875 1
vt 0.1875 1
vt 0 1
vt 0 1
vt 0.09375 1
vt 0.09375 1
vt 0 1
vt 0 1
vt 0.1875 1
vt 0.1875 1
vt 0 1
vt 0 1
vt 0.09375 1
vt 0.09375 1
vt 0 1
vt 0.15625 0
vt 0.8125 0
vt 0.8125 0.3125
vt 0.15625 0.3125
vt 0 1
vt 0.1875 1
vt 0.1875 0.90625
vt 0 0.90625
vn 0 -0.6087614290087207 -0.7933533402912352
vn 1 0 0
vn 0 0.6087614290087207 0.7933533402912352
vn -1 0 0
vn 0 0.7933533402912352 -0.6087614290087207
vn 0 -0.7933533402912352 0.6087614290087207
g Frond
f 4/4/1 7/3/1 5/2/1 2/1/1
f 3/8/2 4/7/2 2/6/2 1/5/2
f 8/12/3 3/11/3 1/10/3 6/9/3
f 7/16/4 8/15/4 6/14/4 5/13/4
f 6/20/5 1/19/5 2/18/5 5/17/5
f 7/24/6 4/23/6 3/22/6 8/21/6
o cube
v 0.1875 0.26526867166532714 0.3997194269053075
v 0.1875 0.20888633425827594 0.22089749864001498
v 0.1875 0.26526867166532714 0.3997194269053075
v 0.1875 0.20888633425827594 0.22089749864001498
v -0.1875 0.20888633425827594 0.22089749864001498
v -0.1875 0.26526867166532714 0.3997194269053075
v -0.1875 0.20888633425827594 0.22089749864001498
v -0.1875 0.26526867166532714 0.3997194269053075
vt 0 1
vt 0.1875 1
vt 0.1875 1
vt 0 1
vt 0 1
vt 0.09375 1
vt 0.09375 1
vt 0 1
vt 0 1
vt 0.1875 1
vt 0.1875 1
vt 0 1
vt 0 1
vt 0.09375 1
vt 0.09375 1
vt 0 1
vt 0.15625 0.3125
vt 0.8125 0.3125
vt 0.8125 0.65625
vt 0.15625 0.65625
vt 0 1
vt 0.1875 1
vt 0.1875 0.90625
vt 0 0.90625
vn 0 -0.3007057995042732 -0.9537169507482268
vn 1 0 0
vn 0 0.3007057995042732 0.9537169507482268
vn -1 0 0
vn 0 0.9537169507482268 -0.3007057995042732
vn 0 -0.9537169507482268 0.3007057995042732
g Frond
f 12/28/7 15/27/7 13/26/7 10/25/7
f 11/32/8 12/31/8 10/30/8 9/29/8
f 16/36/9 11/35/9 9/34/9 14/33/9
f 15/40/10 16/39/10 14/38/10 13/37/10
f 14/44/11 9/43/11 10/42/11 13/41/11
f 15/48/12 12/47/12 11/46/12 16/45/12
o cube
v 0.1875 0.28160771857130407 0.5864925859189625
v 0.1875 0.26526601680611817 0.39970608002676017
v 0.1875 0.28160771857130407 0.5864925859189625
v 0.1875 0.26526601680611817 0.39970608002676017
v -0.1875 0.26526601680611817 0.39970608002676017
v -0.1875 0.28160771857130407 0.5864925859189625
v -0.1875 0.26526601680611817 0.39970608002676017
v -0.1875 0.28160771857130407 0.5864925859189625
vt 0 1
vt 0.1875 1
vt 0.1875 1
vt 0 1
vt 0 1
vt 0.09375 1
vt 0.09375 1
vt 0 1
vt 0 1
vt 0.1875 1
vt 0.1875 1
vt 0 1
vt 0 1
vt 0.09375 1
vt 0.09375 1
vt 0 1
vt 0.15625 0.65625
vt 0.8125 0.65625
vt 0.8125 1
vt 0.15625 1
vt 0 1
vt 0.1875 1
vt 0.1875 0.90625
vt 0 0.90625
vn 0 -0.0871557427476582 -0.9961946980917455
vn 1 0 0
vn 0 0.0871557427476582 0.9961946980917455
vn -1 0 0
vn 0 0.9961946980917455 -0.0871557427476582
vn 0 -0.9961946980917455 0.0871557427476582
g Frond
f 20/52/13 23/51/13 21/50/13 18/49/13
f 19/56/14 20/55/14 18/54/14 17/53/14
f 24/60/15 19/59/15 17/58/15 22/57/15
f 23/64/16 24/63/16 22/62/16 21/61/16
f 22/68/17 17/67/17 18/66/17 21/65/17
f 23/72/18 20/71/18 19/70/18 24/69/18
o cube
v 0.03125 0.09475358904479436 0.07216300081225244
v 0.03125 -0.004415578491610034 -0.003932177813837645
v 0.03125 0.09475358904479436 0.07216300081225244
v 0.03125 -0.004415578491610034 -0.003932177813837645
v -0.03125 -0.004415578491610034 -0.003932177813837645
v -0.03125 0.09475358904479436 0.07216300081225244
v -0.03125 -0.004415578491610034 -0.003932177813837645
v -0.03125 0.09475358904479436 0.07216300081225244
vt 0 1
vt 0.1875 1
vt 0.1875 1
vt 0 1
vt 0 1
vt 0.09375 1
vt 0.09375 1
vt 0 1
vt 0 1
vt 0.1875 1
vt 0.1875 1
vt 0 1
vt 0 1
vt 0.09375 1
vt 0.09375 1
vt 0 1
vt 0.4375 0
vt 0.53125 0
vt 0.53125 0.15625
vt 0.4375 0.15625
vt 0 1
vt 0.1875 1
vt 0.1875 0.90625
vt 0 0.90625
vn 0 -0.7933533402912352 -0.6087614290087207
vn 1 0 0
vn 0 0.7933533402912352 0.6087614290087207
vn -1 0 0
vn 0 0.6087614290087207 -0.7933533402912352
vn 0 -0.6087614290087207 0.7933533402912352
g Frond
f 28/76/19 31/75/19 29/74/19 26/73/19
f 27/80/20 28/79/20 26/78/20 25/77/20
f 32/84/21 27/83/21 25/82/21 30/81/21
f 31/88/22 32/87/22 30/86/22 29/85/22
f 30/92/23 25/91/23 26/90/23 29/89/23
f 31/96/24 28/95/24 27/94/24 32/93/24
o cube
v 0.17427136312789776 0.3301190772046324 -0.34841049274356606
v 0.03803447488331864 0.24354121222306352 -0.2530163966124779
v 0.17427136312789776 0.3301190772046324 -0.34841049274356606
v 0.03803447488331864 0.24354121222306352 -0.2530163966124779
v 0.253125638514961 0.24354121222306352 0.05416561999589406
v 0.38936252675954014 0.3301190772046324 -0.041228476135194106
v 0.253125638514961 0.24354121222306352 0.05416561999589406
v 0.38936252675954014 0.3301190772046324 -0.041228476135194106
vt 0 1
vt 0.1875 1
vt 0.1875 1
vt 0 1
vt 0 1
vt 0.09375 1
vt 0.09375 1
vt 0 1
vt 0 1
vt 0.1875 1
vt 0.1875 1
vt 0 1
vt 0 1
vt 0.09375 1
vt 0.09375 1
vt 0 1
vt 0.15625 0.3125
vt 0.8125 0.3125
vt 0.8125 0.65625
vt 0.15625 0.65625
vt 0 1
vt 0.1875 1
vt 0.1875 0.90625
vt 0 0.90625
vn -0.7265967373044222 -0.461748613235034 0.5087685126991368
vn -0.5735764363510463 0 -0.8191520442889918
vn 0.7265967373044222 0.461748613235034 -0.5087685126991368
vn 0.5735764363510463 0 0.8191520442889918
vn -0.37824232047908507 0.8870108331782218 0.2648481240693882
vn 0.37824232047908507 -0.8870108331782218 -0.2648481240693882
g Frond
f 36/100/25 39/99/25 37/98/25 34/97/25
f 35/104/26 36/103/26 34/102/26 33/101/26
f 40/108/27 35/107/27 33/106/27 38/105/27
f 39/112/28 40/111/28 38/110/28 37/109/28
f 38/116/29 33/115/29 34/114/29 37/113/29
f 39/120/30 36/119/30 35/118/30 40/117/30
o cube
v 0.03804858112814218 0.2435544260121612 -0.2530262739114391
v -0.0657160000599814 0.10531492536026293 -0.1803695319643415
v 0.03804858112814218 0.2435544260121612 -0.2530262739114391
v -0.0657160000599814 0.10531492536026293 -0.1803695319643415
v 0.14937516357166095 0.10531492536026296 0.12681248464403042
v 0.25313974475978457 0.2435544260121612 0.05415574269693277
v 0.14937516357166095 0.10531492536026296 0.12681248464403042
v 0.25313974475978457 0.2435544260121612 0.05415574269693277
vt 0 1
vt 0.1875 1
vt 0.1875 1
vt 0 1
vt 0 1
vt 0.09375 1
vt 0.09375 1
vt 0 1
vt 0 1
vt 0.1875 1
vt 0.1875 1
vt 0 1
vt 0 1
vt 0.09375 1
vt 0.09375 1
vt 0 1
vt 0.15625 0
vt 0.8125 0
vt 0.8125 0.3125
vt 0.15625 0.3125
vt 0 1
vt 0.1875 1
vt 0.1875 0.90625
vt 0 0.90625
vn -0.5534110996699925 -0.7372773368101242 0.38750262371785393
vn -0.5735764363510462 0 -0.8191520442889917
vn 0.5534110996699925 0.7372773368101242 -0.38750262371785393
vn 0.5735764363510462 0 0.8191520442889917
vn -0.6039422376559566 0.6755902076156604 0.4228849074499409
vn 0.6039422376559566 -0.6755902076156604 -0.4228849074499409
g Frond
f 44/124/31 47/123/31 45/122/31 42/121/31
f 43/128/32 44/127/32 42/126/32 41/125/32
f 48/132/33 43/131/33 41/130/33 46/129/33
f 47/136/34 48/135/34 46/134/34 45/133/34
f 46/140/35 41/139/35 42/138/35 45/137/35
f 47/144/36 44/143/36 43/142/36 48/141/36
o cube
v 0.023905318119869567 0.10531492536026295 -0.052377025044186544
v -0.02337497194001608 -0.005561428787014766 -0.01927100953551298
v 0.023905318119869567 0.10531492536026295 -0.052377025044186544
v -0.02337497194001608 -0.005561428787014766 -0.01927100953551298
v 0.012473555331924319 -0.005561428787014766 0.03192599323254901
v 0.05975384539180996 0.10531492536026295 -0.0011800222761245566
v 0.012473555331924319 -0.005561428787014766 0.03192599323254901
v 0.05975384539180996 0.10531492536026295 -0.0011800222761245566
vt 0 1
vt 0.1875 1
vt 0.1875 1
vt 0 1
vt 0 1
vt 0.09375 1
vt 0.09375 1
vt 0 1
vt 0 1
vt 0.1875 1
vt 0.1875 1
vt 0 1
vt 0 1
vt 0.09375 1
vt 0.09375 1
vt 0 1
vt 0.4375 0
vt 0.53125 0
vt 0.53125 0.15625
vt 0.4375 0.15625
vt 0 1
vt 0.1875 1
vt 0.1875 0.90625
vt 0 0.90625
vn -0.37824232047908507 -0.8870108331782218 0.2648481240693884
vn -0.5735764363510462 0 -0.8191520442889917
vn 0.37824232047908507 0.8870108331782218 -0.2648481240693884
vn 0.5735764363510462 0 0.8191520442889917
vn -0.7265967373044221 0.461748613235034 0.5087685126991367
vn 0.7265967373044221 -0.461748613235034 -0.5087685126991367
g Frond
f 52/148/37 55/147/37 53/146/37 50/145/37
f 51/152/38 52/151/38 50/150/38 49/149/38
f 56/156/39 51/155/39 49/154/39 54/153/39
f 55/160/40 56/159/40 54/158/40 53/157/40
f 54/164/41 49/163/41 50/162/41 53/161/41
f 55/168/42 52/167/42 51/166/42 56/165/42
o cube
v 0.3226184953490283 0.3786427159742856 -0.4522842729965942
v 0.17426097374223629 0.330114145017563 -0.3484032180174085
v 0.3226184953490283 0.3786427159742856 -0.4522842729965942
v 0.17426097374223629 0.330114145017563 -0.3484032180174085
v 0.38935213737387864 0.330114145017563 -0.041221201409036554
v 0.5377096589806707 0.3786427159742856 -0.14510225638822227
v 0.38935213737387864 0.330114145017563 -0.041221201409036554
v 0.5377096589806707 0.3786427159742856 -0.14510225638822227
vt 0 1
vt 0.1875 1
vt 0.1875 1
vt 0 1
vt 0 1
vt 0.09375 1
vt 0.09375 1
vt 0 1
vt 0 1
vt 0.1875 1
vt 0.1875 1
vt 0 1
vt 0 1
vt 0.09375 1
vt 0.09375 1
vt 0 1
vt 0.15625 0.65625
vt 0.8125 0.65625
vt 0.8125 1
vt 0.15625 1
vt 0 1
vt 0.1875 1
vt 0.1875 0.90625
vt 0 0.90625
vn -0.7912401152362238 -0.2588190451025207 0.5540322932223235
vn -0.5735764363510462 0 -0.8191520442889917
vn 0.7912401152362238 0.2588190451025207 -0.5540322932223235
vn 0.5735764363510462 0 0.8191520442889917
vn -0.2120121498966546 0.9659258262890684 0.14845250554968448
vn 0.2120121498966546 -0.9659258262890684 -0.14845250554968448
g Frond
f 60/172/43 63/171/43 61/170/43 58/169/43
f 59/176/44 60/175/44 58/174/44 57/173/44
f 64/180/45 59/179/45 57/178/45 62/177/45
f 63/184/46 64/183/46 62/182/46 61/181/46
f 62/188/47 57/187/47 58/186/47 61/185/47
f 63/192/48 60/191/48 59/190/48 64/189/48
o cube
v -0.15919810095550518 0.39660989466671653 0.2836295182501946
v -0.029022092702714428 0.2760872178504904 0.22292744869387005
v -0.15919810095550518 0.39660989466671653 0.2836295182501946
v -0.029022092702714428 0.2760872178504904 0.22292744869387005
v -0.18750394085547667 0.2760872178504904 -0.11693797144487374
v -0.3176799491082674 0.39660989466671653 -0.056235901888549156
v -0.18750394085547667 0.2760872178504904 -0.11693797144487374
v -0.3176799491082674 0.39660989466671653 -0.056235901888549156
vt 0 1
vt 0.1875 1
vt 0.1875 1
vt 0 1
vt 0 1
vt 0.09375 1
vt 0.09375 1
vt 0 1
vt 0 1
vt 0.1875 1
vt 0.1875 1
vt 0 1
vt 0 1
vt 0.09375 1
vt 0.09375 1
vt 0 1
vt 0.15625 0.3125
vt 0.8125 0.3125
vt 0.8125 0.65625
vt 0.15625 0.65625
vt 0 1
vt 0.1875 1
vt 0.1875 0.90625
vt 0 0.90625
vn 0.694272044014884 -0.6427876096865395 -0.3237443709670645
vn 0.42261826174069933 0 0.90630778703665
vn -0.694272044014884 0.6427876096865395 0.3237443709670645
vn -0.42261826174069933 0 -0.90630778703665
vn 0.5825634160695855 0.766044443118978 -0.27165378227418435
vn -0.5825634160695855 -0.766044443118978 0.27165378227418435
g Frond
f 68/196/49 71/195/49 69/194/49 66/193/49
f 67/200/50 68/199/50 66/198/50 65/197/50
f 72/204/51 67/203/51 65/202/51 70/201/51
f 71/208/52 72/207/52 70/206/52 69/205/52
f 70/212/53 65/211/53 66/210/53 69/209/53
f 71/216/54 68/215/54 67/214/54 72/213/54
o cube
v -0.0290347378371614 0.2761038456281854 0.22293334521690106
v 0.055931617197524514 0.11372408241860314 0.18331288317871053
v -0.0290347378371614 0.2761038456281854 0.22293334521690106
v 0.055931617197524514 0.11372408241860314 0.18331288317871053
v -0.10255023095523771 0.11372408241860314 -0.15655253696003324
v -0.18751658598992363 0.2761038456281854 -0.11693207492184271
v -0.10255023095523771 0.11372408241860314 -0.15655253696003324
v -0.18751658598992363 0.2761038456281854 -0.11693207492184271
vt 0 1
vt 0.1875 1
vt 0.1875 1
vt 0 1
vt 0 1
vt 0.09375 1
vt 0.09375 1
vt 0 1
vt 0 1
vt 0.1875 1
vt 0.1875 1
vt 0 1
vt 0 1
vt 0.09375 1
vt 0.09375 1
vt 0 1
vt 0.15625 0
vt 0.8125 0
vt 0.8125 0.3125
vt 0.15625 0.3125
vt 0 1
vt 0.1875 1
vt 0.1875 0.90625
vt 0 0.90625
vn 0.4531538935183249 -0.8660254037844387 -0.21130913087034958
vn 0.42261826174069944 0 0.90630778703665
vn -0.4531538935183249 0.8660254037844387 0.21130913087034958
vn -0.42261826174069944 0 -0.90630778703665
vn 0.784885567221396 0.4999999999999999 -0.3659981507706667
vn -0.784885567221396 -0.4999999999999999 0.3659981507706667
g Frond
f 76/220/55 79/219/55 77/218/55 74/217/55
f 75/224/56 76/223/56 74/222/56 73/221/56
f 80/228/57 75/227/57 73/226/57 78/225/57
f 79/232/58 80/231/58 78/230/58 77/229/58
f 78/236/59 73/235/59 74/234/59 77/233/59
f 79/240/60 76/239/60 75/238/60 80/237/60
o cube
v -0.010102486199459748 0.11372408241860314 0.04170229145423395
v 0.019218728301765804 -0.007016645867530397 0.02802958458590709
v -0.010102486199459748 0.11372408241860314 0.04170229145423395
v 0.019218728301765804 -0.007016645867530397 0.02802958458590709
v -0.0071949130570279005 -0.007016645867530397 -0.028614652103883538
v -0.03651612755825345 0.11372408241860314 -0.014941945235556676
v -0.0071949130570279005 -0.007016645867530397 -0.028614652103883538
v -0.03651612755825345 0.11372408241860314 -0.014941945235556676
vt 0 1
vt 0.1875 1
vt 0.1875 1
vt 0 1
vt 0 1
vt 0.09375 1
vt 0.09375 1
vt 0 1
vt 0 1
vt 0.1875 1
vt 0.1875 1
vt 0 1
vt 0 1
vt 0.09375 1
vt 0.09375 1
vt 0 1
vt 0.4375 0
vt 0.53125 0
vt 0.53125 0.15625
vt 0.4375 0.15625
vt 0 1
vt 0.1875 1
vt 0.1875 0.90625
vt 0 0.90625
vn 0.2345697160098045 -0.9659258262890684 -0.10938165494661496
vn 0.4226182617406994 0 0.90630778703665
vn -0.2345697160098045 0.9659258262890684 0.10938165494661496
vn -0.4226182617406994 0 -0.90630778703665
vn 0.8754260980655931 0.2588190451025207 -0.40821789367673467
vn -0.8754260980655931 -0.2588190451025207 0.40821789367673467
g Frond
f 84/244/61 87/243/61 85/242/61 82/241/61
f 83/248/62 84/247/62 82/246/62 81/245/62
f 88/252/63 83/251/63 81/250/63 86/249/63
f 87/256/64 88/255/64 86/254/64 85/253/64
f 86/260/65 81/259/65 82/258/65 85/257/65
f 87/264/66 84/263/66 83/262/66 88/261/66
o cube
v -0.3099200008826067 0.4831801992489067 0.3539122944378734
v -0.1591878461397399 0.3966023342673378 0.28362473635107033
v -0.3099200008826067 0.4831801992489067 0.3539122944378734
v -0.1591878461397399 0.3966023342673378 0.28362473635107033
v -0.31766969429250214 0.3966023342673378 -0.05624068378767341
v -0.46840184903536886 0.4831801992489067 0.014046874299129628
v -0.31766969429250214 0.3966023342673378 -0.05624068378767341
v -0.46840184903536886 0.4831801992489067 0.014046874299129628
vt 0 1
vt 0.1875 1
vt 0.1875 1
vt 0 1
vt 0 1
vt 0.09375 1
vt 0.09375 1
vt 0 1
vt 0 1
vt 0.1875 1
vt 0.1875 1
vt 0 1
vt 0 1
vt 0.09375 1
vt 0.09375 1
vt 0 1
vt 0.15625 0.65625
vt 0.8125 0.65625
vt 0.8125 1
vt 0.15625 1
vt 0 1
vt 0.1875 1
vt 0.1875 0.90625
vt 0 0.90625
vn 0.8039048252952892 -0.46174861323503413 -0.3748669764629494
vn 0.4226182617406995 0 0.9063077870366502
vn -0.8039048252952892 0.46174861323503413 0.3748669764629494
vn -0.4226182617406995 0 -0.9063077870366502
vn 0.41848636382828575 0.8870108331782218 -0.19514339628656857
vn -0.41848636382828575 -0.8870108331782218 0.19514339628656857
g Frond
f 92/268/67 95/267/67 93/266/67 90/265/67
f 91/272/68 92/271/68 90/270/68 89/269/68
f 96/276/69 91/275/69 89/274/69 94/273/69
f 95/280/70 96/279/70 94/278/70 93/277/70
f 94/284/71 89/283/71 90/282/71 93/281/71
f 95/288/72 92/287/72 91/286/72 96/285/72
o cube
v -0.4306692042281528 0.1728622398238908 -0.21904248901682039
v -0.31060515258400345 0.15652053805870492 -0.0759557241284886
v -0.4306692042281528 0.1728622398238908 -0.21904248901682039
v -0.31060515258400345 0.15652053805870492 -0.0759557241284886
v -0.02333848641438669 0.1565205380587049 -0.3170010777609409
v -0.1434025380585361 0.1728622398238908 -0.46008784264927266
v -0.02333848641438669 0.1565205380587049 -0.3170010777609409
v -0.1434025380585361 0.1728622398238908 -0.46008784264927266
vt 0 1
vt 0.1875 1
vt 0.1875 1
vt 0 1
vt 0 1
vt 0.09375 1
vt 0.09375 1
vt 0 1
vt 0 1
vt 0.1875 1
vt 0.1875 1
vt 0 1
vt 0 1
vt 0.09375 1
vt 0.09375 1
vt 0 1
vt 0.15625 0.3125
vt 0.8125 0.3125
vt 0.8125 0.65625
vt 0.15625 0.65625
vt 0 1
vt 0.1875 1
vt 0.1875 0.90625
vt 0 0.90625
vn 0.640341608768797 -0.08715574274765811 0.7631294127377696
vn -0.7660444431189781 0 0.6427876096865395
vn -0.640341608768797 0.08715574274765811 -0.7631294127377696
vn 0.7660444431189781 0 -0.6427876096865395
vn 0.05602263155122212 0.9961946980917457 0.06676517241775064
vn -0.05602263155122212 -0.9961946980917457 -0.06676517241775064
g Frond
f 100/292/73 103/291/73 101/290/73 98/289/73
f 99/296/74 100/295/74 98/294/74 97/293/74
f 104/300/75 99/299/75 97/298/75 102/297/75
f 103/304/76 104/303/76 102/302/76 101/301/76
f 102/308/77 97/307/77 98/306/77 101/305/77
f 103/312/78 100/311/78 99/310/78 104/309/78
o cube
v -0.31061862953092356 0.15652615599064584 -0.07597178532839793
v -0.20138798901787633 0.07728523191426472 0.05420422292439275
v -0.31061862953092356 0.15652615599064584 -0.07597178532839793
v -0.20138798901787633 0.07728523191426472 0.05420422292439275
v 0.08587867715174038 0.07728523191426472 -0.18684113070805955
v -0.02335196336130687 0.15652615599064584 -0.3170171389608502
v 0.08587867715174038 0.07728523191426472 -0.18684113070805955
v -0.02335196336130687 0.15652615599064584 -0.3170171389608502
vt 0 1
vt 0.1875 1
vt 0.1875 1
vt 0 1
vt 0 1
vt 0.09375 1
vt 0.09375 1
vt 0 1
vt 0 1
vt 0.1875 1
vt 0.1875 1
vt 0 1
vt 0 1
vt 0.09375 1
vt 0.09375 1
vt 0 1
vt 0.15625 0
vt 0.8125 0
vt 0.8125 0.3125
vt 0.15625 0.3125
vt 0 1
vt 0.1875 1
vt 0.1875 0.90625
vt 0 0.90625
vn 0.5825634160695855 -0.4226182617406994 0.6942720440148838
vn -0.7660444431189781 0 0.6427876096865395
vn -0.5825634160695855 0.4226182617406994 -0.6942720440148838
vn 0.7660444431189781 0 -0.6427876096865395
vn 0.2716537822741845 0.90630778703665 0.3237443709670646
vn -0.2716537822741845 -0.90630778703665 -0.3237443709670646
g Frond
f 108/316/79 111/315/79 109/314/79 106/313/79
f 107/320/80 108/319/80 106/318/80 105/317/80
f 112/324/81 107/323/81 105/322/81 110/321/81
f 111/328/82 112/327/82 110/326/82 109/325/82
f 110/332/83 105/331/83 106/330/83 109/329/83
f 111/336/84 108/335/84 107/334/84 112/333/84
o cube
v -0.08169354478053603 0.07728523191426472 -0.04623134108912904
v -0.02014306021727301 -0.003063219296552691 0.027121670015054097
v -0.08169354478053603 0.07728523191426472 -0.04623134108912904
v -0.02014306021727301 -0.003063219296552691 0.027121670015054097
v 0.027734717477663103 -0.003063219296552691 -0.013052555590354627
v -0.033815767085599906 0.07728523191426472 -0.08640556669453775
v 0.027734717477663103 -0.003063219296552691 -0.013052555590354627
v -0.033815767085599906 0.07728523191426472 -0.08640556669453775
vt 0 1
vt 0.1875 1
vt 0.1875 1
vt 0 1
vt 0 1
vt 0.09375 1
vt 0.09375 1
vt 0 1
vt 0 1
vt 0.1875 1
vt 0.1875 1
vt 0 1
vt 0 1
vt 0.09375 1
vt 0.09375 1
vt 0 1
vt 0.4375 0
vt 0.53125 0
vt 0.53125 0.15625
vt 0.4375 0.15625
vt 0 1
vt 0.1875 1
vt 0.1875 0.90625
vt 0 0.90625
vn 0.4924038765061042 -0.6427876096865393 0.5868240888334652
vn -0.7660444431189779 0 0.6427876096865395
vn -0.4924038765061042 0.6427876096865393 -0.5868240888334652
vn 0.7660444431189779 0 -0.6427876096865395
vn 0.41317591116653496 0.7660444431189782 0.492403876506104
vn -0.41317591116653496 -0.7660444431189782 -0.492403876506104
g Frond
f 116/340/85 119/339/85 117/338/85 114/337/85
f 115/344/86 116/343/86 114/342/86 113/341/86
f 120/348/87 115/347/87 113/346/87 118/345/87
f 119/352/88 120/351/88 118/350/88 117/349/88
f 118/356/89 113/355/89 114/354/89 117/353/89
f 119/360/90 116/359/90 115/358/90 120/357/90
o cube
v -0.550152047633451 0.148388875647426 -0.36143659689845586
v -0.4306604590249871 0.1728625366886857 -0.2190320668895297
v -0.550152047633451 0.148388875647426 -0.36143659689845586
v -0.4306604590249871 0.1728625366886857 -0.2190320668895297
v -0.1433937928553704 0.17286253668868568 -0.460077420521982
v -0.26288538146383433 0.148388875647426 -0.6024819505309081
v -0.1433937928553704 0.17286253668868568 -0.460077420521982
v -0.26288538146383433 0.148388875647426 -0.6024819505309081
vt 0 1
vt 0.1875 1
vt 0.1875 1
vt 0 1
vt 0 1
vt 0.09375 1
vt 0.09375 1
vt 0 1
vt 0 1
vt 0.1875 1
vt 0.1875 1
vt 0 1
vt 0 1
vt 0.09375 1
vt 0.09375 1
vt 0 1
vt 0.15625 0.65625
vt 0.8125 0.65625
vt 0.8125 1
vt 0.15625 1
vt 0 1
vt 0.1875 1
vt 0.1875 0.90625
vt 0 0.90625
vn 0.6372884725784741 0.1305261922200516 0.7594908267142728
vn -0.766044443118978 0 0.6427876096865395
vn -0.6372884725784741 -0.1305261922200516 -0.7594908267142728
vn 0.766044443118978 0 -0.6427876096865395
vn -0.0839006190986128 0.9914448613738105 -0.0999888642316502
vn 0.0839006190986128 -0.9914448613738105 0.0999888642316502
g Frond
f 124/364/91 127/363/91 125/362/91 122/361/91
f 123/368/92 124/367/92 122/366/92 121/365/92
f 128/372/93 123/371/93 121/370/93 126/369/93
f 127/376/94 128/375/94 126/374/94 125/373/94
f 126/380/95 121/379/95 122/378/95 125/377/95
f 127/384/96 124/383/96 123/382/96 128/381/96
o cube
v 0.21200067928401617 0.4361752023968273 -0.15869664638537048
v 0.09250909067555228 0.292541869312019 -0.17442801246636042
v 0.21200067928401617 0.4361752023968273 -0.15869664638537048
v 0.09250909067555228 0.292541869312019 -0.17442801246636042
v 0.043561768593032915 0.292541869312019 0.19736381054881846
v 0.16305335720149677 0.4361752023968273 0.2130951766298084
v 0.043561768593032915 0.292541869312019 0.19736381054881846
v 0.16305335720149677 0.4361752023968273 0.2130951766298084
vt 0 1
vt 0.1875 1
vt 0.1875 1
vt 0 1
vt 0 1
vt 0.09375 1
vt 0.09375 1
vt 0 1
vt 0 1
vt 0.1875 1
vt 0.1875 1
vt 0 1
vt 0 1
vt 0.09375 1
vt 0.09375 1
vt 0 1
vt 0.15625 0.3125
vt 0.8125 0.3125
vt 0.8125 0.65625
vt 0.15625 0.65625
vt 0 1
vt 0.1875 1
vt 0.1875 0.90625
vt 0 0.90625
vn -0.6372884725784741 -0.766044443118978 -0.08390061909861286
vn 0.13052619222005163 0 -0.9914448613738105
vn 0.6372884725784741 0.766044443118978 0.08390061909861286
vn -0.13052619222005163 0 0.9914448613738105
vn -0.7594908267142729 0.6427876096865397 -0.09998886423165014
vn 0.7594908267142729 -0.6427876096865397 0.09998886423165014
g Frond
f 132/388/97 135/387/97 133/386/97 130/385/97
f 131/392/98 132/391/98 130/390/98 129/389/98
f 136/396/99 131/395/99 129/394/99 134/393/99
f 135/400/100 136/399/100 134/398/100 133/397/100
f 134/404/101 129/403/101 130/402/101 133/401/101
f 135/408/102 132/407/102 131/406/102 136/405/102
o cube
v 0.09251985083764196 0.2925606672786666 -0.17442659586414688
v 0.028939704540160344 0.11636830088130878 -0.18279708092118238
v 0.09251985083764196 0.2925606672786666 -0.17442659586414688
v 0.028939704540160344 0.11636830088130878 -0.18279708092118238
v -0.020007617542359038 0.11636830088130876 0.1889947420939965
v 0.043572528755122575 0.2925606672786666 0.197365227151032
v -0.020007617542359038 0.11636830088130876 0.1889947420939965
v 0.043572528755122575 0.2925606672786666 0.197365227151032
vt 0 1
vt 0.1875 1
vt 0.1875 1
vt 0 1
vt 0 1
vt 0.09375 1
vt 0.09375 1
vt 0 1
vt 0 1
vt 0.1875 1
vt 0.1875 1
vt 0 1
vt 0 1
vt 0.09375 1
vt 0.09375 1
vt 0 1
vt 0.15625 0
vt 0.8125 0
vt 0.8125 0.3125
vt 0.15625 0.3125
vt 0 1
vt 0.1875 1
vt 0.1875 0.90625
vt 0 0.90625
vn -0.33909411358656866 -0.9396926207859084 -0.044642586970855956
vn 0.13052619222005166 0 -0.9914448613738105
vn 0.33909411358656866 0.9396926207859084 0.044642586970855956
vn -0.13052619222005166 0 0.9914448613738105
vn -0.9316534201490775 0.342020143325669 -0.1226544996484656
vn 0.9316534201490775 -0.342020143325669 0.1226544996484656
g Frond
f 140/412/103 143/411/103 141/410/103 138/409/103
f 139/416/104 140/415/104 138/414/104 137/413/104
f 144/420/105 139/419/105 137/418/105 142/417/105
f 143/424/106 144/423/106 142/422/106 141/421/106
f 142/428/107 137/427/107 138/426/107 141/425/107
f 143/432/108 140/431/108 139/430/108 144/429/108
o cube
v 0.00854498700577727 0.11636830088130877 -0.027883821331524505
v -0.0022562771550206934 -0.00815603638015941 -0.029305834735394803
v 0.00854498700577727 0.11636830088130877 -0.027883821331524505
v -0.0022562771550206934 -0.00815603638015941 -0.029305834735394803
v -0.010414164168773924 -0.00815603638015941 0.03265946910046834
v 0.0003870999920240394 0.11636830088130877 0.03408148250433864
v -0.010414164168773924 -0.00815603638015941 0.03265946910046834
v 0.0003870999920240394 0.11636830088130877 0.03408148250433864
vt 0 1
vt 0.1875 1
vt 0.1875 1
vt 0 1
vt 0 1
vt 0.09375 1
vt 0.09375 1
vt 0 1
vt 0 1
vt 0.1875 1
vt 0.1875 1
vt 0 1
vt 0 1
vt 0.09375 1
vt 0.09375 1
vt 0 1
vt 0.4375 0
vt 0.53125 0
vt 0.53125 0.15625
vt 0.4375 0.15625
vt 0 1
vt 0.1875 1
vt 0.1875 0.90625
vt 0 0.90625
vn -0.08641011328638383 -0.9961946980917455 -0.011376107230962317
vn 0.13052619222005166 0 -0.9914448613738105
vn 0.08641011328638383 0.9961946980917455 0.011376107230962317
vn -0.13052619222005166 0 0.9914448613738105
vn -0.9876721143508955 0.08715574274765847 -0.13002950065171956
vn 0.9876721143508955 -0.08715574274765847 0.13002950065171956
g Frond
f 148/436/109 151/435/109 149/434/109 146/433/109
f 147/440/110 148/439/110 146/438/110 145/437/110
f 152/444/111 147/443/111 145/442/111 150/441/111
f 151/448/112 152/447/112 150/446/112 149/445/112
f 150/452/113 145/451/113 146/450/113 149/449/113
f 151/456/114 148/455/114 147/454/114 152/453/114
o cube
v 0.3594720755352885 0.5503085599777996 -0.13928166874618994
v 0.21199093319425846 0.43616579203866446 -0.1586979294824288
v 0.3594720755352885 0.5503085599777996 -0.13928166874618994
v 0.21199093319425846 0.43616579203866446 -0.1586979294824288
v 0.16304361111173907 0.43616579203866446 0.21309389353275007
v 0.3105247534527691 0.5503085599777996 0.23251015426898894
v 0.16304361111173907 0.43616579203866446 0.21309389353275007
v 0.3105247534527691 0.5503085599777996 0.23251015426898894
vt 0 1
vt 0.1875 1
vt 0.1875 1
vt 0 1
vt 0 1
vt 0.09375 1
vt 0.09375 1
vt 0 1
vt 0 1
vt 0.1875 1
vt 0.1875 1
vt 0 1
vt 0 1
vt 0.09375 1
vt 0.09375 1
vt 0 1
vt 0.15625 0.65625
vt 0.8125 0.65625
vt 0.8125 1
vt 0.15625 1
vt 0 1
vt 0.1875 1
vt 0.1875 0.90625
vt 0 0.90625
vn -0.7865660924854933 -0.6087614290087204 -0.1035533905932739
vn 0.13052619222005166 0 -0.9914448613738104
vn 0.7865660924854933 0.6087614290087204 0.1035533905932739
vn -0.13052619222005166 0 0.9914448613738104
vn -0.6035533905932736 0.7933533402912354 -0.07945931129894558
vn 0.6035533905932736 -0.7933533402912354 0.07945931129894558
g Frond
f 156/460/115 159/459/115 157/458/115 154/457/115
f 155/464/116 156/463/116 154/462/116 153/461/116
f 160/468/117 155/467/117 153/466/117 158/465/117
f 159/472/118 160/471/118 158/470/118 157/469/118
f 158/476/119 153/475/119 154/474/119 157/473/119
f 159/480/120 156/479/120 155/478/120 160/477/120
o cube
v -0.3475007733904548 0.09259962284836029 0.37143649645766386
v -0.1782147085869848 0.10894132461354616 0.2924971080208824
v -0.3475007733904548 0.09259962284836029 0.37143649645766386
v -0.1782147085869848 0.10894132461354616 0.2924971080208824
v -0.3366965567397471 0.10894132461354619 -0.04736831211786135
v -0.5059826215432172 0.09259962284836029 0.031571076318920095
v -0.3366965567397471 0.10894132461354619 -0.04736831211786135
v -0.5059826215432172 0.09259962284836029 0.031571076318920095
vt 0 1
vt 0.1875 1
vt 0.1875 1
vt 0 1
vt 0 1
vt 0.09375 1
vt 0.09375 1
vt 0 1
vt 0 1
vt 0.1875 1
vt 0.1875 1
vt 0 1
vt 0 1
vt 0.09375 1
vt 0.09375 1
vt 0 1
vt 0.15625 0.3125
vt 0.8125 0.3125
vt 0.8125 0.65625
vt 0.15625 0.65625
vt 0 1
vt 0.1875 1
vt 0.1875 0.90625
vt 0 0.90625
vn 0.9028590122851737 0.08715574274765815 -0.4210100716628344
vn 0.42261826174069933 0 0.90630778703665
vn -0.9028590122851737 -0.08715574274765815 0.4210100716628344
vn -0.42261826174069933 0 -0.90630778703665
vn -0.07898992833716555 0.9961946980917457 0.03683360850073485
vn 0.07898992833716555 -0.9961946980917457 -0.03683360850073485
g Frond
f 164/484/121 167/483/121 165/482/121 162/481/121
f 163/488/122 164/487/122 162/486/122 161/485/122
f 168/492/123 163/491/123 161/490/123 166/489/123
f 167/496/124 168/495/124 166/494/124 165/493/124
f 166/500/125 161/499/125 162/498/125 165/497/125
f 167/504/126 164/503/126 163/502/126 168/501/126
o cube
v -0.1782343060647565 0.10894321641803387 0.2925062464748479
v -0.014091912677457782 0.06041464546131121 0.21596539141046012
v -0.1782343060647565 0.10894321641803387 0.2925062464748479
v -0.014091912677457782 0.06041464546131121 0.21596539141046012
v -0.17257376083022008 0.06041464546131122 -0.12390002872828365
v -0.33671615421751877 0.10894321641803388 -0.04735917366389588
v -0.17257376083022008 0.06041464546131122 -0.12390002872828365
v -0.33671615421751877 0.10894321641803388 -0.04735917366389588
vt 0 1
vt 0.1875 1
vt 0.1875 1
vt 0 1
vt 0 1
vt 0.09375 1
vt 0.09375 1
vt 0 1
vt 0 1
vt 0.1875 1
vt 0.1875 1
vt 0 1
vt 0 1
vt 0.09375 1
vt 0.09375 1
vt 0 1
vt 0.15625 0
vt 0.8125 0
vt 0.8125 0.3125
vt 0.15625 0.3125
vt 0 1
vt 0.1875 1
vt 0.1875 0.90625
vt 0 0.90625
vn 0.8754260980655932 -0.2588190451025209 -0.4082178936767349
vn 0.4226182617406995 0 0.9063077870366502
vn -0.8754260980655932 0.2588190451025209 0.4082178936767349
vn -0.4226182617406995 0 -0.9063077870366502
vn 0.23456971600980459 0.9659258262890684 -0.109381654946615
vn -0.23456971600980459 -0.9659258262890684 0.109381654946615
g Frond
f 172/508/127 175/507/127 173/506/127 170/505/127
f 171/512/128 172/511/128 170/510/128 169/509/128
f 176/516/129 171/515/129 169/514/129 174/513/129
f 175/520/130 176/519/130 174/518/130 173/517/130
f 174/524/131 169/523/131 170/522/131 173/521/131
f 175/528/132 172/527/132 171/526/132 176/525/132
o cube
v -0.08012601607444207 0.060414645461311214 0.07435479968598355
v 0.017984679828232417 -0.0020853545386887856 0.028605030839650193
v -0.08012601607444207 0.060414645461311214 0.07435479968598355
v 0.017984679828232417 -0.0020853545386887856 0.028605030839650193
v -0.008428961530561288 -0.0020853545386887856 -0.028039205850140435
v -0.10653965743323578 0.060414645461311214 0.017710562996192912
v -0.008428961530561288 -0.0020853545386887856 -0.028039205850140435
v -0.10653965743323578 0.060414645461311214 0.017710562996192912
vt 0 1
vt 0.1875 1
vt 0.1875 1
vt 0 1
vt 0 1
vt 0.09375 1
vt 0.09375 1
vt 0 1
vt 0 1
vt 0.1875 1
vt 0.1875 1
vt 0 1
vt 0 1
vt 0.09375 1
vt 0.09375 1
vt 0 1
vt 0.4375 0
vt 0.53125 0
vt 0.53125 0.15625
vt 0.4375 0.15625
vt 0 1
vt 0.1875 1
vt 0.1875 0.90625
vt 0 0.90625
vn 0.7848855672213959 -0.5000000000000002 -0.36599815077066683
vn 0.4226182617406994 0 0.90630778703665
vn -0.7848855672213959 0.5000000000000002 0.36599815077066683
vn -0.4226182617406994 0 -0.90630778703665
vn 0.453153893518325 0.8660254037844388 -0.21130913087034967
vn -0.453153893518325 -0.8660254037844388 0.21130913087034967
g Frond
f 180/532/133 183/531/133 181/530/133 178/529/133
f 179/536/134 180/535/134 178/534/134 177/533/134
f 184/540/135 179/539/135 177/538/135 182/537/135
f 183/544/136 184/543/136 182/542/136 181/541/136
f 182/548/137 177/547/137 178/546/137 181/545/137
f 183/552/138 180/551/138 179/550/138 184/549/138
o cube
v -0.5095563830902385 0.03621994030051809 0.4470042683076505
v -0.3474886770104947 0.09260227770756932 0.37143085582305246
v -0.5095563830902385 0.03621994030051809 0.4470042683076505
v -0.3474886770104947 0.09260227770756932 0.37143085582305246
v -0.5059705251632569 0.09260227770756932 0.031565435684308724
v -0.6680382312430009 0.03621994030051809 0.1071388481689067
v -0.5059705251632569 0.09260227770756932 0.031565435684308724
v -0.6680382312430009 0.03621994030051809 0.1071388481689067
vt 0 1
vt 0.1875 1
vt 0.1875 1
vt 0 1
vt 0 1
vt 0.09375 1
vt 0.09375 1
vt 0 1
vt 0 1
vt 0.1875 1
vt 0.1875 1
vt 0 1
vt 0 1
vt 0.09375 1
vt 0.09375 1
vt 0 1
vt 0.15625 0.65625
vt 0.8125 0.65625
vt 0.8125 1
vt 0.15625 1
vt 0 1
vt 0.1875 1
vt 0.1875 0.90625
vt 0 0.90625
vn 0.8643610990919672 0.3007057995042731 -0.40305819991785585
vn 0.42261826174069944 0 0.9063077870366502
vn -0.8643610990919672 -0.3007057995042731 0.40305819991785585
vn -0.42261826174069944 0 -0.9063077870366502
vn -0.2725320076978043 0.9537169507482269 0.12708376228184318
vn 0.2725320076978043 -0.9537169507482269 -0.12708376228184318
g Frond
f 188/556/139 191/555/139 189/554/139 186/553/139
f 187/560/140 188/559/140 186/558/140 185/557/140
f 192/564/141 187/563/141 185/562/141 190/561/141
f 191/568/142 192/567/142 190/566/142 189/565/142
f 190/572/143 185/571/143 186/570/143 189/569/143
f 191/576/144 188/575/144 187/574/144 192/573/144
o cube
v 0.4793864470175285 0.15321364345222765 0.109285633329913
v 0.3259416233202672 0.14503500832122715 0.0018424110778306954
v 0.4793864470175285 0.15321364345222765 0.109285633329913
v 0.3259416233202672 0.14503500832122715 0.0018424110778306954
v 0.11085045968862482 0.14503500832122715 0.30902442768620253
v 0.26429528338588615 0.15321364345222765 0.4164676499382849
v 0.11085045968862482 0.14503500832122715 0.30902442768620253
v 0.26429528338588615 0.15321364345222765 0.4164676499382849
vt 0 1
vt 0.1875 1
vt 0.1875 1
vt 0 1
vt 0 1
vt 0.09375 1
vt 0.09375 1
vt 0 1
vt 0 1
vt 0.1875 1
vt 0.1875 1
vt 0 1
vt 0 1
vt 0.09375 1
vt 0.09375 1
vt 0 1
vt 0.15625 0.3125
vt 0.8125 0.3125
vt 0.8125 0.65625
vt 0.15625 0.65625
vt 0 1
vt 0.1875 1
vt 0.1875 0.90625
vt 0 0.90625
vn -0.8183723930520604 -0.04361938736533604 -0.5730305186777724
vn 0.5735764363510462 0 -0.8191520442889917
vn 0.8183723930520604 0.04361938736533604 0.5730305186777724
vn -0.5735764363510462 0 0.8191520442889917
vn -0.03573091033094846 0.9990482215818579 -0.025019052760825288
vn 0.03573091033094846 -0.9990482215818579 0.025019052760825288
g Frond
f 196/580/145 199/579/145 197/578/145 194/577/145
f 195/584/146 196/583/146 194/582/146 193/581/146
f 200/588/147 195/587/147 193/586/147 198/585/147
f 199/592/148 200/591/148 198/590/148 197/589/148
f 198/596/149 193/595/149 194/594/149 197/593/149
f 199/600/150 196/599/150 195/598/150 200/597/150
o cube
v 0.3259589823831176 0.14503970636429409 0.001854566024494804
v 0.18405939343310912 0.07328656279583974 -0.0975045958271604
v 0.3259589823831176 0.14503970636429409 0.001854566024494804
v 0.18405939343310912 0.07328656279583974 -0.0975045958271604
v -0.031031770198533218 0.07328656279583974 0.20967742078121146
v 0.11086781875147524 0.14503970636429409 0.30903658263286665
v -0.031031770198533218 0.07328656279583974 0.20967742078121146
v 0.11086781875147524 0.14503970636429409 0.30903658263286665
vt 0 1
vt 0.1875 1
vt 0.1875 1
vt 0 1
vt 0 1
vt 0.09375 1
vt 0.09375 1
vt 0 1
vt 0 1
vt 0.1875 1
vt 0.1875 1
vt 0 1
vt 0 1
vt 0.09375 1
vt 0.09375 1
vt 0 1
vt 0.15625 0
vt 0.8125 0
vt 0.8125 0.3125
vt 0.15625 0.3125
vt 0 1
vt 0.1875 1
vt 0.1875 0.90625
vt 0 0.90625
vn -0.7567978077333785 -0.38268343236508984 -0.5299155298754944
vn 0.5735764363510462 0 -0.8191520442889917
vn 0.7567978077333785 0.38268343236508984 0.5299155298754944
vn -0.5735764363510462 0 0.8191520442889917
vn -0.31347591593739144 0.9238795325112867 -0.21949819938655485
vn 0.31347591593739144 -0.9238795325112867 0.21949819938655485
g Frond
f 204/604/151 207/603/151 205/602/151 202/601/151
f 203/608/152 204/607/152 202/606/152 201/605/152
f 208/612/153 203/611/153 201/610/153 206/609/153
f 207/616/154 208/615/154 206/614/154 205/613/154
f 206/620/155 201/619/155 202/618/155 205/617/155
f 207/624/156 204/623/156 203/622/156 208/621/156
o cube
v 0.09443807525325815 0.07328656279583974 0.03048791109299455
v 0.013203448935374978 -0.002808615830250341 -0.02639318661843614
v 0.09443807525325815 0.07328656279583974 0.03048791109299455
v 0.013203448935374978 -0.002808615830250341 -0.02639318661843614
v -0.0226450783365654 -0.002808615830250341 0.024803816149625832
v 0.05858954798131776 0.07328656279583974 0.08168491386105653
v -0.0226450783365654 -0.002808615830250341 0.024803816149625832
v 0.05858954798131776 0.07328656279583974 0.08168491386105653
vt 0 1
vt 0.1875 1
vt 0.1875 1
vt 0 1
vt 0 1
vt 0.09375 1
vt 0.09375 1
vt 0 1
vt 0 1
vt 0.1875 1
vt 0.1875 1
vt 0 1
vt 0 1
vt 0.09375 1
vt 0.09375 1
vt 0 1
vt 0.4375 0
vt 0.53125 0
vt 0.53125 0.15625
vt 0.4375 0.15625
vt 0 1
vt 0.1875 1
vt 0.1875 0.90625
vt 0 0.90625
vn -0.6498770105430653 -0.6087614290087207 -0.4550487816914456
vn 0.5735764363510463 0 -0.8191520442889917
vn 0.6498770105430653 0.6087614290087207 0.4550487816914456
vn -0.5735764363510463 0 0.8191520442889917
vn -0.4986681690567814 0.7933533402912352 -0.34917121103879245
vn 0.4986681690567814 -0.7933533402912352 0.34917121103879245
g Frond
f 212/628/157 215/627/157 213/626/157 210/625/157
f 211/632/158 212/631/158 210/630/158 209/629/158
f 216/636/159 211/635/159 209/634/159 214/633/159
f 215/640/160 216/639/160 214/638/160 213/637/160
f 214/644/161 209/643/161 210/642/161 213/641/161
f 215/648/162 212/647/162 211/646/162 216/645/162
o cube
v 0.6306329393403247 0.12065550016896391 0.21518956738211206
v 0.4793753235694 0.15321453348151337 0.10927784460768258
v 0.6306329393403247 0.12065550016896391 0.21518956738211206
v 0.4793753235694 0.15321453348151337 0.10927784460768258
v 0.2642841599377576 0.15321453348151337 0.41645986121605444
v 0.4155417757086824 0.12065550016896391 0.5223715839904839
v 0.2642841599377576 0.15321453348151337 0.41645986121605444
v 0.4155417757086824 0.12065550016896391 0.5223715839904839
vt 0 1
vt 0.1875 1
vt 0.1875 1
vt 0 1
vt 0 1
vt 0.09375 1
vt 0.09375 1
vt 0 1
vt 0 1
vt 0.1875 1
vt 0.1875 1
vt 0 1
vt 0 1
vt 0.09375 1
vt 0.09375 1
vt 0 1
vt 0.15625 0.65625
vt 0.8125 0.65625
vt 0.8125 1
vt 0.15625 1
vt 0 1
vt 0.1875 1
vt 0.1875 0.90625
vt 0 0.90625
vn -0.8067072841115988 0.17364817766693036 -0.5648625214636237
vn 0.5735764363510464 0 -0.8191520442889918
vn 0.8067072841115988 -0.17364817766693036 0.5648625214636237
vn -0.5735764363510464 0 0.8191520442889918
vn 0.14224425972292398 0.9848077530122081 0.09960050292505128
vn -0.14224425972292398 -0.9848077530122081 -0.09960050292505128
g Frond
f 220/652/163 223/651/163 221/650/163 218/649/163
f 219/656/164 220/655/164 218/654/164 217/653/164
f 224/660/165 219/659/165 217/658/165 222/657/165
f 223/664/166 224/663/166 222/662/166 221/661/166
f 222/668/167 217/667/167 218/666/167 221/665/167
f 223/672/168 220/671/168 219/670/168 224/669/168
o cube
v -0.0127465706402978 0.2296166646159813 -0.4566773033096446
v -0.08279887820448309 0.189034237002587 -0.2875560723126571
v -0.0127465706402978 0.2296166646159813 -0.4566773033096446
v -0.08279887820448309 0.189034237002587 -0.2875560723126571
v 0.26365594648724944 0.189034237002587 -0.1440497851757484
v 0.33370825405143467 0.2296166646159813 -0.3131710161727359
v 0.26365594648724944 0.189034237002587 -0.1440497851757484
v 0.33370825405143467 0.2296166646159813 -0.3131710161727359
vt 0 1
vt 0.1875 1
vt 0.1875 1
vt 0 1
vt 0 1
vt 0.09375 1
vt 0.09375 1
vt 0 1
vt 0 1
vt 0.1875 1
vt 0.1875 1
vt 0 1
vt 0 1
vt 0.09375 1
vt 0.09375 1
vt 0 1
vt 0.15625 0.3125
vt 0.8125 0.3125
vt 0.8125 0.65625
vt 0.15625 0.65625
vt 0 1
vt 0.1875 1
vt 0.1875 0.90625
vt 0 0.90625
vn -0.3736123070089883 -0.21643961393810301 0.9019798986505999
vn -0.9238795325112867 0 -0.3826834323650899
vn 0.3736123070089883 0.21643961393810301 -0.9019798986505999
vn 0.9238795325112867 0 0.3826834323650899
vn -0.08282785436160818 0.9762960071199335 0.19996412934205796
vn 0.08282785436160818 -0.9762960071199335 -0.19996412934205796
g Frond
f 228/676/169 231/675/169 229/674/169 226/673/169
f 227/680/170 228/679/170 226/678/170 225/677/170
f 232/684/171 227/683/171 225/682/171 230/681/171
f 231/688/172 232/687/172 230/686/172 229/685/172
f 230/692/173 225/691/173 226/690/173 229/689/173
f 231/696/174 228/695/174 227/694/174 232/693/174
o cube
v -0.08279120396673503 0.1890425435376687 -0.2875745995615094
v -0.1433071914625533 0.08829886697263925 -0.14147608180870433
v -0.08279120396673503 0.1890425435376687 -0.2875745995615094
v -0.1433071914625533 0.08829886697263925 -0.14147608180870433
v 0.2031476332291792 0.08829886697263925 0.0020302053282043875
v 0.2636636207249975 0.1890425435376687 -0.14406831242460066
v 0.2031476332291792 0.08829886697263925 0.0020302053282043875
v 0.2636636207249975 0.1890425435376687 -0.14406831242460066
vt 0 1
vt 0.1875 1
vt 0.1875 1
vt 0 1
