# Made in Blockbench 4.9.3

o cube
v 0.0848820346888206 0.0011535178210937413 0.020702566144429335
v 0.01723252217054594 0.17793021311773072 -0.14261780446511774
v 0.0848820346888206 0.0011535178210937413 0.020702566144429335
v 0.01723252217054594 0.17793021311773072 -0.14261780446511774
v -0.1559948901753203 0.17793021311773072 -0.07086466089666332
v -0.08834537765704564 0.0011535178210937413 0.09245570971288375
v -0.1559948901753203 0.17793021311773072 -0.07086466089666332
v -0.08834537765704564 0.0011535178210937413 0.09245570971288375
vt 0 1
vt 0.25 1
vt 0.25 1
vt 0 1
vt 0 1
vt 0.5625 1
vt 0.5625 1
vt 0 1
vt 0 1
vt 0.25 1
vt 0.25 1
vt 0 1
vt 0 1
vt 0.5625 1
vt 0.5625 1
vt 0 1
vt 0.3125 0.4375
vt 0.625 0.4375
vt 0.625 0
vt 0.3125 0
vt 0 1
vt 0.25 1
vt 0.25 0.4375
vt 0 0.4375
vn -0.2705980500730987 0.7071067811865476 -0.6532814824381881
vn 0.9238795325112866 0 -0.38268343236509006
vn 0.2705980500730987 -0.7071067811865476 0.6532814824381881
vn -0.9238795325112866 0 0.38268343236509006
vn 0.27059805007309873 0.7071067811865476 0.6532814824381882
vn -0.27059805007309873 -0.7071067811865476 -0.6532814824381882
g Leaf
f 4/4/1 7/3/1 5/2/1 2/1/1
f 3/8/2 4/7/2 2/6/2 1/5/2
f 8/12/3 3/11/3 1/10/3 6/9/3
f 7/16/4 8/15/4 6/14/4 5/13/4
f 6/20/5 1/19/5 2/18/5 5/17/5
f 7/24/6 4/23/6 3/22/6 8/21/6
o cube
v 0.01723932648606219 0.17791776305427365 -0.14260137739431555
v -0.04779110627438671 0.2571586871306548 -0.2995987301315829
v 0.01723932648606219 0.17791776305427365 -0.14260137739431555
v -0.04779110627438671 0.2571586871306548 -0.2995987301315829
v -0.22101851862025296 0.2571586871306548 -0.22784558656312848
v -0.15598808585980406 0.17791776305427365 -0.0708482338258612
v -0.22101851862025296 0.2571586871306548 -0.22784558656312848
v -0.15598808585980406 0.17791776305427365 -0.0708482338258612
vt 0 1
vt 0.25 1
vt 0.25 1
vt 0 1
vt 0 1
vt 0.5625 1
vt 0.5625 1
vt 0 1
vt 0 1
vt 0.25 1
vt 0.25 1
vt 0 1
vt 0 1
vt 0.5625 1
vt 0.5625 1
vt 0 1
vt 0.3125 0.75
vt 0.625 0.75
vt 0.625 0.4375
vt 0.3125 0.4375
vt 0 1
vt 0.25 1
vt 0.25 0.4375
vt 0 0.4375
vn -0.3468289747223942 0.4226182617406995 -0.8373192145987588
vn 0.9238795325112867 0 -0.38268343236509017
vn 0.3468289747223942 -0.4226182617406995 0.8373192145987588
vn -0.9238795325112867 0 0.38268343236509017
vn 0.16172900698309892 0.9063077870366499 0.39044836208773015
vn -0.16172900698309892 -0.9063077870366499 -0.39044836208773015
g Leaf
f 12/28/7 15/27/7 13/26/7 10/25/7
f 11/32/8 12/31/8 10/30/8 9/29/8
f 16/36/9 11/35/9 9/34/9 14/33/9
f 15/40/10 16/39/10 14/38/10 13/37/10
f 14/44/11 9/43/11 10/42/11 13/41/11
f 15/48/12 12/47/12 11/46/12 16/45/12
o cube
v -0.03998020283440695 0.25120761668652003 -0.28074154111239713
v -0.08781563188004327 0.25120761668652003 -0.396226482676308
v -0.03998020283440695 0.25120761668652003 -0.28074154111239713
v -0.08781563188004327 0.25120761668652003 -0.396226482676308
v -0.2610430442259095 0.25120761668652003 -0.3244733391078536
v -0.2132076151802732 0.25120761668652003 -0.20898839754394272
v -0.2610430442259095 0.25120761668652003 -0.3244733391078536
v -0.2132076151802732 0.25120761668652003 -0.20898839754394272
vt 0 1
vt 0.25 1
vt 0.25 1
vt 0 1
vt 0 1
vt 0.5625 1
vt 0.5625 1
vt 0 1
vt 0 1
vt 0.25 1
vt 0.25 1
vt 0 1
vt 0 1
vt 0.5625 1
vt 0.5625 1
vt 0 1
vt 0.3125 1
vt 0.625 1
vt 0.625 0.75
vt 0.3125 0.75
vt 0 1
vt 0.25 1
vt 0.25 0.4375
vt 0 0.4375
vn -0.38268343236509006 0 -0.9238795325112866
vn 0.9238795325112866 0 -0.38268343236509006
vn 0.38268343236509006 0 0.9238795325112866
vn -0.9238795325112866 0 0.38268343236509006
vn 0 1 0
vn 0 -1 0
g Leaf
f 20/52/13 23/51/13 21/50/13 18/49/13
f 19/56/14 20/55/14 18/54/14 17/53/14
f 24/60/15 19/59/15 17/58/15 22/57/15
f 23/64/16 24/63/16 22/62/16 21/61/16
f 22/68/17 17/67/17 18/66/17 21/65/17
f 23/72/18 20/71/18 19/70/18 24/69/18
o cube
v 0.017124891945513254 0.00047388188686392496 -0.03146994461315211
v -0.1828088255703546 0.14386799097462688 -0.07579418266877913
v 0.017124891945513254 0.00047388188686392496 -0.03146994461315211
v -0.1828088255703546 0.14386799097462688 -0.07579418266877913
v -0.22339125318374703 0.14386799097462688 0.1072613186662088
v -0.02345753566787917 0.00047388188686392496 0.15158555672183582
v -0.22339125318374703 0.14386799097462688 0.1072613186662088
v -0.02345753566787917 0.00047388188686392496 0.15158555672183582
vt 0 1
vt 0.25 1
vt 0.25 1
vt 0 1
vt 0 1
vt 0.5625 1
vt 0.5625 1
vt 0 1
vt 0 1
vt 0.25 1
vt 0.25 1
vt 0 1
vt 0 1
vt 0.5625 1
vt 0.5625 1
vt 0 1
vt 0.3125 0.4375
vt 0.625 0.4375
vt 0.625 0
vt 0.3125 0
vt 0 1
vt 0.25 1
vt 0.25 0.4375
vt 0 0.4375
vn -0.7997348700634717 0.5735764363510518 -0.17729695222250813
vn 0.21643961393809297 0 -0.9762960071199356
vn 0.7997348700634717 -0.5735764363510518 0.17729695222250813
vn -0.21643961393809297 0 0.9762960071199356
vn 0.5599803845876138 0.8191520442889878 0.12414466244780889
vn -0.5599803845876138 -0.8191520442889878 -0.12414466244780889
g Leaf
f 28/76/19 31/75/19 29/74/19 26/73/19
f 27/80/20 28/79/20 26/78/20 25/77/20
f 32/84/21 27/83/21 25/82/21 30/81/21
f 31/88/22 32/87/22 30/86/22 29/85/22
f 30/92/23 25/91/23 26/90/23 29/89/23
f 31/96/24 28/95/24 27/94/24 32/93/24
o cube
v -0.1827896195454244 0.14385881761281616 -0.07578992479556151
v -0.35960765592918187 0.19238738856954019 -0.1149895397208438
v -0.1827896195454244 0.14385881761281616 -0.07578992479556151
v -0.35960765592918187 0.19238738856954019 -0.1149895397208438
v -0.40019008354257435 0.19238738856954007 0.06806596161414413
v -0.22337204715881687 0.14385881761281616 0.10726557653942648
v -0.40019008354257435 0.19238738856954007 0.06806596161414413
v -0.22337204715881687 0.14385881761281616 0.10726557653942648
vt 0 1
vt 0.25 1
vt 0.25 1
vt 0 1
vt 0 1
vt 0.5625 1
vt 0.5625 1
vt 0 1
vt 0 1
vt 0.25 1
vt 0.25 1
vt 0 1
vt 0 1
vt 0.5625 1
vt 0.5625 1
vt 0 1
vt 0.3125 0.75
vt 0.625 0.75
vt 0.625 0.4375
vt 0.3125 0.4375
vt 0 1
vt 0.25 1
vt 0.25 0.4375
vt 0 0.4375
vn -0.9430295273800401 0.25881904510252757 -0.20906461293483897
vn 0.21643961393809305 0 -0.9762960071199357
vn 0.9430295273800401 -0.25881904510252757 0.20906461293483897
vn -0.21643961393809305 0 0.9762960071199357
vn 0.2526840003001922 0.9659258262890664 0.05601869420181706
vn -0.2526840003001922 -0.9659258262890664 -0.05601869420181706
g Leaf
f 36/100/25 39/99/25 37/98/25 34/97/25
f 35/104/26 36/103/26 34/102/26 33/101/26
f 40/108/27 35/107/27 33/106/27 38/105/27
f 39/112/28 40/111/28 38/110/28 37/109/28
f 38/116/29 33/115/29 34/114/29 37/113/29
f 39/120/30 36/119/30 35/118/30 40/117/30
o cube
v -0.3389744405690862 0.1900710393866153 -0.11041526600234847
v -0.45915742519990815 0.1683650171782498 -0.1370591922354989
v -0.3389744405690862 0.1900710393866153 -0.11041526600234847
v -0.45915742519990815 0.1683650171782498 -0.1370591922354989
v -0.4997398528133006 0.1683650171782498 0.04599630909948904
v -0.3795568681824787 0.1900710393866153 0.07264023533263941
v -0.4997398528133006 0.1683650171782498 0.04599630909948904
v -0.3795568681824787 0.1900710393866153 0.07264023533263941
vt 0 1
vt 0.25 1
vt 0.25 1
vt 0 1
vt 0 1
vt 0.5625 1
vt 0.5625 1
vt 0 1
vt 0 1
vt 0.25 1
vt 0.25 1
vt 0 1
vt 0 1
vt 0.5625 1
vt 0.5625 1
vt 0 1
vt 0.3125 1
vt 0.625 1
vt 0.625 0.75
vt 0.3125 0.75
vt 0 1
vt 0.25 1
vt 0.25 0.4375
vt 0 0.4375
vn -0.9614638770465758 -0.17364817766692367 -0.21315140986520345
vn 0.21643961393809302 0 -0.9762960071199357
vn 0.9614638770465758 0.17364817766692367 0.21315140986520345
vn -0.21643961393809302 0 0.9762960071199357
vn -0.1695320224998707 0.9848077530122092 -0.03758434453528221
vn 0.1695320224998707 -0.9848077530122092 0.03758434453528221
g Leaf
f 44/124/31 47/123/31 45/122/31 42/121/31
f 43/128/32 44/127/32 42/126/32 41/125/32
f 48/132/33 43/131/33 41/130/33 46/129/33
f 47/136/34 48/135/34 46/134/34 45/133/34
f 46/140/35 41/139/35 42/138/35 45/137/35
f 47/144/36 44/143/36 43/142/36 48/141/36
o cube
v -0.06606265352339491 0.0011535178210937413 0.127432580404363
v 0.05336595075367068 0.17793021311773072 0.2577660315227619
v -0.06606265352339491 0.0011535178210937413 0.127432580404363
v 0.05336595075367068 0.17793021311773072 0.2577660315227619
v 0.1916054514055685 0.17793021311773072 0.13109286759482508
v 0.07217684712850292 0.0011535178210938524 0.0007594164764263001
v 0.1916054514055685 0.17793021311773072 0.13109286759482508
v 0.07217684712850292 0.0011535178210938524 0.0007594164764263001
vt 0 1
vt 0.25 1
vt 0.25 1
vt 0 1
vt 0 1
vt 0.5625 1
vt 0.5625 1
vt 0 1
vt 0 1
vt 0.25 1
vt 0.25 1
vt 0 1
vt 0 1
vt 0.5625 1
vt 0.5625 1
vt 0 1
vt 0.3125 0.4375
vt 0.625 0.4375
vt 0.625 0
vt 0.3125 0
vt 0 1
vt 0.25 1
vt 0.25 0.4375
vt 0 0.4375
vn 0.47771441710826235 0.7071067811865478 0.5213338044735953
vn -0.737277336810122 0 0.6755902076156626
vn -0.47771441710826235 -0.7071067811865478 -0.5213338044735953
vn 0.737277336810122 0 -0.6755902076156626
vn -0.4777144171082627 0.7071067811865475 -0.5213338044735956
vn 0.4777144171082627 -0.7071067811865475 0.5213338044735956
g Leaf
f 52/148/37 55/147/37 53/146/37 50/145/37
f 51/152/38 52/151/38 50/150/38 49/149/38
f 56/156/39 51/155/39 49/154/39 54/153/39
f 55/160/40 56/159/40 54/158/40 53/157/40
f 54/164/41 49/163/41 50/162/41 53/161/41
f 55/168/42 52/167/42 51/166/42 56/165/42
o cube
v 0.05335393839948033 0.17791776305427376 0.2577529223385161
v 0.1681588132759394 0.25715868713065493 0.3830404582553891
v 0.05335393839948033 0.17791776305427376 0.2577529223385161
v 0.1681588132759394 0.25715868713065493 0.3830404582553891
v 0.30639831392783723 0.25715868713065493 0.2563672943274524
v 0.19159343905137827 0.17791776305427376 0.1310797584105794
v 0.30639831392783723 0.25715868713065493 0.2563672943274524
v 0.19159343905137827 0.17791776305427376 0.1310797584105794
vt 0 1
vt 0.25 1
vt 0.25 1
vt 0 1
vt 0 1
vt 0.5625 1
vt 0.5625 1
vt 0 1
vt 0 1
vt 0.25 1
vt 0.25 1
vt 0 1
vt 0 1
vt 0.5625 1
vt 0.5625 1
vt 0 1
vt 0.3125 0.75
vt 0.625 0.75
vt 0.625 0.4375
vt 0.3125 0.4375
vt 0 1
vt 0.25 1
vt 0.25 0.4375
vt 0 0.4375
vn 0.612292666007782 0.42261826174069983 0.6682001915566563
vn -0.737277336810122 0 0.6755902076156626
vn -0.612292666007782 -0.42261826174069983 -0.6682001915566563
vn 0.737277336810122 0 -0.6755902076156626
vn -0.2855167591915698 0.9063077870366499 -0.31158686650350614
vn 0.2855167591915698 -0.9063077870366499 0.31158686650350614
g Leaf
f 60/172/43 63/171/43 61/170/43 58/169/43
f 59/176/44 60/175/44 58/174/44 57/173/44
f 64/180/45 59/179/45 57/178/45 62/177/45
f 63/184/46 64/183/46 62/182/46 61/181/46
f 62/188/47 57/187/47 58/186/47 61/185/47
f 63/192/48 60/191/48 59/190/48 64/189/48
o cube
v 0.1543694264606581 0.25120761668652003 0.3679919831993401
v 0.23881820241261587 0.25120761668652014 0.46015165030060534
v 0.1543694264606581 0.25120761668652003 0.3679919831993401
v 0.23881820241261587 0.25120761668652014 0.46015165030060534
v 0.3770577030645138 0.25120761668652014 0.33347848637266864
v 0.2926089271125559 0.25120761668652014 0.24131881927140342
v 0.3770577030645138 0.25120761668652014 0.33347848637266864
v 0.2926089271125559 0.25120761668652014 0.24131881927140342
vt 0 1
vt 0.25 1
vt 0.25 1
vt 0 1
vt 0 1
vt 0.5625 1
vt 0.5625 1
vt 0 1
vt 0 1
vt 0.25 1
vt 0.25 1
vt 0 1
vt 0 1
vt 0.5625 1
vt 0.5625 1
vt 0 1
vt 0.3125 1
vt 0.625 1
vt 0.625 0.75
vt 0.3125 0.75
vt 0 1
vt 0.25 1
vt 0.25 0.4375
vt 0 0.4375
vn 0.6755902076156626 0 0.737277336810122
vn -0.737277336810122 0 0.6755902076156626
vn -0.6755902076156626 0 -0.737277336810122
vn 0.737277336810122 0 -0.6755902076156626
vn 0 1 0
vn 0 -1 0
g Leaf
f 68/196/49 71/195/49 69/194/49 66/193/49
f 67/200/50 68/199/50 66/198/50 65/197/50
f 72/204/51 67/203/51 65/202/51 70/201/51
f 71/208/52 72/207/52 70/206/52 69/205/52
f 70/212/53 65/211/53 66/210/53 69/209/53
f 71/216/54 68/215/54 67/214/54 72/213/54
o cube
v 0.07175385891956632 0.0007857158738752146 0.12122171957418992
v 0.20113689001196022 0.16148261829551003 -0.019975082151048262
v 0.07175385891956632 0.0007857158738752146 0.12122171957418992
v 0.20113689001196022 0.16148261829551003 -0.019975082151048262
v 0.0628973893600625 0.16148261829551003 -0.14664824607898513
v -0.0664856417323314 0.0007857158738752146 -0.005451444353747004
v 0.0628973893600625 0.16148261829551003 -0.14664824607898513
v -0.0664856417323314 0.0007857158738752146 -0.005451444353747004
vt 0 1
vt 0.25 1
vt 0.25 1
vt 0 1
vt 0 1
vt 0.5625 1
vt 0.5625 1
vt 0 1
vt 0 1
vt 0.25 1
vt 0.25 1
vt 0 1
vt 0 1
vt 0.5625 1
vt 0.5625 1
vt 0 1
vt 0.3125 0.4375
vt 0.625 0.4375
vt 0.625 0
vt 0.3125 0
vt 0 1
vt 0.25 1
vt 0.25 0.4375
vt 0 0.4375
vn 0.5175321243695756 0.6427876096865394 -0.5647872069009526
vn 0.7372773368101211 0 0.6755902076156635
vn -0.5175321243695756 -0.6427876096865394 0.5647872069009526
vn -0.7372773368101211 0 -0.6755902076156635
vn -0.43426101468090533 0.7660444431189781 0.47391273700423514
vn 0.43426101468090533 -0.7660444431189781 -0.47391273700423514
g Leaf
f 76/220/55 79/219/55 77/218/55 74/217/55
f 75/224/56 76/223/56 74/222/56 73/221/56
f 80/228/57 75/227/57 73/226/57 78/225/57
f 79/232/58 80/231/58 78/230/58 77/229/58
f 78/236/59 73/235/59 74/234/59 77/233/59
f 79/240/60 76/239/60 75/238/60 80/237/60
o cube
v 0.20112419028916695 0.1614717652838904 -0.019961222835602643
v 0.32015802768385293 0.2256005421574533 -0.14986386149931968
v 0.20112419028916695 0.1614717652838904 -0.019961222835602643
v 0.32015802768385293 0.2256005421574533 -0.14986386149931968
v 0.1819185270319552 0.2256005421574533 -0.2765370254272566
v 0.06288468963726912 0.1614717652838904 -0.14663438676353951
v 0.1819185270319552 0.2256005421574533 -0.2765370254272566
v 0.06288468963726912 0.1614717652838904 -0.14663438676353951
vt 0 1
vt 0.25 1
vt 0.25 1
vt 0 1
vt 0 1
vt 0.5625 1
vt 0.5625 1
vt 0 1
vt 0 1
vt 0.25 1
vt 0.25 1
vt 0 1
vt 0 1
vt 0.5625 1
vt 0.5625 1
vt 0 1
vt 0.3125 0.75
vt 0.625 0.75
vt 0.625 0.4375
vt 0.3125 0.4375
vt 0 1
vt 0.25 1
vt 0.25 0.4375
vt 0 0.4375
vn 0.6348471327716586 0.3420201433256689 -0.6928140728731577
vn 0.7372773368101212 0 0.6755902076156635
vn -0.6348471327716586 -0.3420201433256689 0.6928140728731577
vn -0.7372773368101212 0 -0.6755902076156635
vn -0.23106545963812783 0.9396926207859084 0.2521637004065649
vn 0.23106545963812783 -0.9396926207859084 -0.2521637004065649
g Leaf
f 84/244/61 87/243/61 85/242/61 82/241/61
f 83/248/62 84/247/62 82/246/62 81/245/62
f 88/252/63 83/251/63 81/250/63 86/249/63
f 87/256/64 88/255/64 86/254/64 85/253/64
f 86/260/65 81/259/65 82/258/65 85/257/65
f 87/264/66 84/263/66 83/262/66 88/261/66
o cube
v 0.30607070529939606 0.22145104224398449 -0.13449024682385874
v 0.3901981281630743 0.21055657440052722 -0.2262992185680393
v 0.30607070529939606 0.22145104224398449 -0.13449024682385874
v 0.3901981281630743 0.21055657440052722 -0.2262992185680393
v 0.2519586275111766 0.2105565744005271 -0.35297238249597623
v 0.16783120464749834 0.22145104224398438 -0.26116341075179567
v 0.2519586275111766 0.2105565744005271 -0.35297238249597623
v 0.16783120464749834 0.22145104224398438 -0.26116341075179567
vt 0 1
vt 0.25 1
vt 0.25 1
vt 0 1
vt 0 1
vt 0.5625 1
vt 0.5625 1
vt 0 1
vt 0 1
vt 0.25 1
vt 0.25 1
vt 0 1
vt 0 1
vt 0.5625 1
vt 0.5625 1
vt 0 1
vt 0.3125 1
vt 0.625 1
vt 0.625 0.75
vt 0.3125 0.75
vt 0 1
vt 0.25 1
vt 0.25 0.4375
vt 0 0.4375
vn 0.6730193829094255 -0.08715574274765829 -0.7344717739534448
vn 0.7372773368101211 0 0.6755902076156635
vn -0.6730193829094255 0.08715574274765829 0.7344717739534448
vn -0.7372773368101211 0 -0.6755902076156635
vn 0.05888156633778753 0.9961946980917455 -0.06425795390070167
vn -0.05888156633778753 -0.9961946980917455 0.06425795390070167
g Leaf
f 92/268/67 95/267/67 93/266/67 90/265/67
f 91/272/68 92/271/68 90/270/68 89/269/68
f 96/276/69 91/275/69 89/274/69 94/273/69
f 95/280/70 96/279/70 94/278/70 93/277/70
f 94/284/71 89/283/71 90/282/71 93/281/71
f 95/288/72 92/287/72 91/286/72 96/285/72
o cube
v -0.0904858335203278 0.0006226443464795173 0.03597764417084026
v -0.15012732114074268 0.1528130015986594 0.22513627631295985
v -0.0904858335203278 0.0006226443464795173 0.03597764417084026
v -0.15012732114074268 0.1528130015986594 0.22513627631295985
v 0.028694607124550076 0.1528130015986594 0.2815186137200105
v 0.08833609474496495 0.0006226443464796283 0.09235998157789094
v 0.028694607124550076 0.1528130015986594 0.2815186137200105
v 0.08833609474496495 0.0006226443464796283 0.09235998157789094
vt 0 1
vt 0.25 1
vt 0.25 1
vt 0 1
vt 0 1
vt 0.5625 1
vt 0.5625 1
vt 0 1
vt 0 1
vt 0.25 1
vt 0.25 1
vt 0 1
vt 0 1
vt 0.5625 1
vt 0.5625 1
vt 0 1
vt 0.3125 0.4375
vt 0.625 0.4375
vt 0.625 0
vt 0.3125 0
vt 0 1
vt 0.25 1
vt 0.25 0.4375
vt 0 0.4375
vn -0.23856595048165963 0.6087614290087194 0.7566345285684788
vn -0.9537169507482279 0 -0.30070579950427034
vn 0.23856595048165963 -0.6087614290087194 -0.7566345285684788
vn 0.9537169507482279 0 0.30070579950427034
vn 0.18305809221742902 0.793353340291236 -0.5805860938073298
vn -0.18305809221742902 -0.793353340291236 0.5805860938073298
g Leaf
f 100/292/73 103/291/73 101/290/73 98/289/73
f 99/296/74 100/295/74 98/294/74 97/293/74
f 104/300/75 99/299/75 97/298/75 102/297/75
f 103/304/76 104/303/76 102/302/76 101/301/76
f 102/308/77 97/307/77 98/306/77 101/305/77
f 103/312/78 100/311/78 99/310/78 104/309/78
o cube
v -0.15012153150832008 0.1528029788725298 0.2251179139448607
v -0.20389432241623012 0.2091853162795807 0.39566341809695393
v -0.15012153150832008 0.1528029788725298 0.2251179139448607
v -0.20389432241623012 0.2091853162795807 0.39566341809695393
v -0.025072394150937427 0.2091853162795807 0.4520457555040046
v 0.028700396756972668 0.1528029788725298 0.28150025135191137
v -0.025072394150937427 0.2091853162795807 0.4520457555040046
v 0.028700396756972668 0.1528029788725298 0.28150025135191137
vt 0 1
vt 0.25 1
vt 0.25 1
vt 0 1
vt 0 1
vt 0.5625 1
vt 0.5625 1
vt 0 1
vt 0 1
vt 0.25 1
vt 0.25 1
vt 0 1
vt 0 1
vt 0.5625 1
vt 0.5625 1
vt 0 1
vt 0.3125 0.75
vt 0.625 0.75
vt 0.625 0.4375
vt 0.3125 0.4375
vt 0 1
vt 0.25 1
vt 0.25 0.4375
vt 0 0.4375
vn -0.28678821817552047 0.30070579950427173 0.9095760221444971
vn -0.9537169507482279 0 -0.30070579950427034
vn 0.28678821817552047 -0.30070579950427173 -0.9095760221444971
vn 0.9537169507482279 0 0.30070579950427034
vn 0.09042397785550277 0.9537169507482275 -0.2867882181755222
vn -0.09042397785550277 -0.9537169507482275 0.2867882181755222
g Leaf
f 108/316/79 111/315/79 109/314/79 106/313/79
f 107/320/80 108/319/80 106/318/80 105/317/80
f 112/324/81 107/323/81 105/322/81 110/321/81
f 111/328/82 112/327/82 110/326/82 109/325/82
f 110/332/83 105/331/83 106/330/83 109/329/83
f 111/336/84 108/335/84 107/334/84 112/333/84
o cube
v -0.19757558332639397 0.20594931177213283 0.37562293804213986
v -0.23484223578937047 0.1896335377446261 0.4938176592951936
v -0.19757558332639397 0.20594931177213283 0.37562293804213986
v -0.23484223578937047 0.1896335377446261 0.4938176592951936
v -0.05602030752407777 0.1896335377446262 0.5501999967022444
v -0.01875365506110127 0.20594931177213283 0.43200527544919054
v -0.05602030752407777 0.1896335377446262 0.5501999967022444
v -0.01875365506110127 0.20594931177213283 0.43200527544919054
vt 0 1
vt 0.25 1
vt 0.25 1
vt 0 1
vt 0 1
vt 0.5625 1
vt 0.5625 1
vt 0 1
vt 0 1
vt 0.25 1
vt 0.25 1
vt 0 1
vt 0 1
vt 0.5625 1
vt 0.5625 1
vt 0 1
vt 0.3125 1
vt 0.625 1
vt 0.625 0.75
vt 0.3125 0.75
vt 0 1
vt 0.25 1
vt 0.25 0.4375
vt 0 0.4375
vn -0.298133219703812 -0.13052619222005304 0.9455577700244298
vn -0.9537169507482279 0 -0.30070579950427034
vn 0.298133219703812 0.13052619222005304 -0.9455577700244298
vn 0.9537169507482279 0 0.30070579950427034
vn -0.03924998298777928 0.9914448613738103 0.12448504203688619
vn 0.03924998298777928 -0.9914448613738103 -0.12448504203688619
g Leaf
f 116/340/85 119/339/85 117/338/85 114/337/85
f 115/344/86 116/343/86 114/342/86 113/341/86
f 120/348/87 115/347/87 113/346/87 118/345/87
f 119/352/88 120/351/88 118/350/88 117/349/88
f 118/356/89 113/355/89 114/354/89 117/353/89
f 119/360/90 116/359/90 115/358/90 120/357/90
o cube
v -0.22097086912079583 0.5625 0.22097086912079633
v -0.22097086912079583 0.5625 0.22097086912079633
v -0.22097086912079594 0 0.22097086912079622
v -0.22097086912079594 0 0.22097086912079622
v 0.17677669529663687 0.5625 -0.17677669529663692
v 0.17677669529663687 0.5625 -0.17677669529663692
v 0.17677669529663675 0 -0.17677669529663698
v 0.17677669529663675 0 -0.17677669529663698
vt 0 1
vt 0 1
vt 0 1
vt 0 1
vt 0 1
vt 0 1
vt 0 0.4375
vt 0 0.4375
vt 0 1
vt 1 1
vt 1 0
vt 0 0
vt 0 1
vt 0 1
vt 0 0.4375
vt 0 0.4375
vt 0 1
vt 0.5625 1
vt 0.5625 1
vt 0 1
vt 0 1
vt 0.5625 1
vt 0.5625 1
vt 0 1
vn 0.707106781186548 0 0.7071067811865471
vn -0.7071067811865471 0 0.707106781186548
vn -0.707106781186548 0 -0.7071067811865471
vn 0.7071067811865471 0 -0.707106781186548
vn 0 1 0
vn 0 -1 0
g Flower
f 124/364/91 127/363/91 125/362/91 122/361/91
f 123/368/92 124/367/92 122/366/92 121/365/92
f 128/372/93 123/371/93 121/370/93 126/369/93
f 127/376/94 128/375/94 126/374/94 125/373/94
f 126/380/95 121/379/95 122/378/95 125/377/95
f 127/384/96 124/383/96 123/382/96 128/381/96
o cube
v 0.2209708691207959 0.5625 0.22097086912079622
v 0.2209708691207959 0.5625 0.22097086912079622
v 0.2209708691207959 0 0.22097086912079622
v 0.2209708691207959 0 0.22097086912079622
v -0.17677669529663675 0.5625 -0.17677669529663698
v -0.17677669529663675 0.5625 -0.17677669529663698
v -0.17677669529663675 0 -0.17677669529663698
v -0.17677669529663675 0 -0.17677669529663698
vt 0 1
vt 0 1
vt 0 1
vt 0 1
vt 0 1
vt 0 1
vt 0 0.4375
vt 0 0.4375
vt 0 1
vt 1 1
vt 1 0
vt 0 0
vt 0 1
vt 0 1
vt 0 0.4375
vt 0 0.4375
vt 0 1
vt 0.5625 1
vt 0.5625 1
vt 0 1
vt 0 1
vt 0.5625 1
vt 0.5625 1
vt 0 1
vn 0.707106781186548 0 -0.707106781186547
vn 0.707106781186547 0 0.707106781186548
vn -0.707106781186548 0 0.707106781186547
vn -0.707106781186547 0 -0.707106781186548
vn 0 1 0
vn 0 -1 0
g Flower
f 132/388/97 135/387/97 133/386/97 130/385/97
f 131/392/98 132/391/98 130/390/98 129/389/98
f 136/396/99 131/395/99 129/394/99 134/393/99
f 135/400/100 136/399/100 134/398/100 133/397/100
f 134/404/101 129/403/101 130/402/101 133/401/101
f 135/408/102 132/407/102 131/406/102 136/405/102
