# Made in Blockbench 4.1.1

o cube
v -0.28827853408747595 0.8401518854655811 0.023530242322123238
v -0.28827853408747595 0.8401518854655811 0.023530242322123238
v -0.09986723974475997 -0.01419227941694967 0.008622791323590645
v -0.09986723974475997 -0.01419227941694967 0.008622791323590645
v -0.46974972194955844 0.7997080673205375 0.047794527800484606
v -0.46974972194955844 0.7997080673205375 0.047794527800484606
v -0.2813384276068424 -0.05463609756199326 0.03288707680195201
v -0.2813384276068424 -0.05463609756199326 0.03288707680195201
vt 0.625 1
vt 0.34375 1
vt 0.34375 0
vt 0.625 0
vt 0 1
vt 0 1
vt 0 0
vt 0 0
vt 0 1
vt 0.1875 1
vt 0.1875 0
vt 0 0
vt 0 1
vt 0 1
vt 0 0
vt 0 0
vt 0 1
vt 0.1875 1
vt 0.1875 1
vt 0 1
vt 0 1
vt 0.1875 1
vt 0.1875 1
vt 0 1
vn -0.1300295006517197 -0.011376107230962204 -0.9914448613738104
vn 0.9678463352644399 0.2157003634402325 -0.12940952255126068
vn 0.1300295006517197 0.011376107230962204 0.9914448613738104
vn -0.9678463352644399 -0.2157003634402325 0.12940952255126068
vn -0.21532719353453264 0.9763933312943209 0.017037086855465827
vn 0.21532719353453264 -0.9763933312943209 -0.017037086855465827
g Leaf_Wavy
f 4/4/1 7/3/1 5/2/1 2/1/1
f 3/8/2 4/7/2 2/6/2 1/5/2
f 8/12/3 3/11/3 1/10/3 6/9/3
f 7/16/4 8/15/4 6/14/4 5/13/4
f 6/20/5 1/19/5 2/18/5 5/17/5
f 7/24/6 4/23/6 3/22/6 8/21/6
o cube
v -0.0597440452140996 1.1875 -0.0013036197040328518
v -0.0597440452140996 1.1875 -0.0013036197040328518
v -0.0597440452140996 0 -0.0013036197040328518
v -0.0597440452140996 0 -0.0013036197040328518
v -0.07064889205543343 1.1875 0.24845843569143164
v -0.07064889205543343 1.1875 0.24845843569143164
v -0.07064889205543343 0 0.24845843569143164
v -0.07064889205543343 0 0.24845843569143164
vt 0.34375 1
vt 0.625 1
vt 0.625 0
vt 0.34375 0
vt 0 1
vt 0 1
vt 0 0
vt 0 0
vt 0 1
vt 0.1875 1
vt 0.1875 0
vt 0 0
vt 0 1
vt 0 1
vt 0 0
vt 0 0
vt 0 1
vt 0.1875 1
vt 0.1875 1
vt 0 1
vt 0 1
vt 0.1875 1
vt 0.1875 1
vt 0 1
vn -0.9990482215818579 0 -0.04361938736533533
vn 0.04361938736533533 0 -0.9990482215818579
vn 0.9990482215818579 0 0.04361938736533533
vn -0.04361938736533533 0 0.9990482215818579
vn 0 1 0
vn 0 -1 0
g Leaf_Straight
f 12/28/7 15/27/7 13/26/7 10/25/7
f 11/32/8 12/31/8 10/30/8 9/29/8
f 16/36/9 11/35/9 9/34/9 14/33/9
f 15/40/10 16/39/10 14/38/10 13/37/10
f 14/44/11 9/43/11 10/42/11 13/41/11
f 15/48/12 12/47/12 11/46/12 16/45/12
o cube
v 0.005917501091540239 0.86326234704279 0.35478059641512955
v 0.005917501091540239 0.86326234704279 0.35478059641512955
v 0.009243971182561109 -0.010904846841335285 0.316758869291187
v 0.009243971182561109 -0.010904846841335285 0.316758869291187
v 0.027685698539713227 0.8741671938841253 0.10596896104567105
v 0.027685698539713227 0.8741671938841253 0.10596896104567105
v 0.031012168630734097 0 0.06794723392172852
v 0.031012168630734097 0 0.06794723392172852
vt 0.34375 1
vt 0.625 1
vt 0.625 0
vt 0.34375 0
vt 0 1
vt 0 1
vt 0 0
vt 0 0
vt 0 1
vt 0.1875 1
vt 0.1875 0
vt 0 0
vt 0 1
vt 0 1
vt 0 0
vt 0 0
vt 0 1
vt 0.1875 1
vt 0.1875 1
vt 0 1
vt 0 1
vt 0.1875 1
vt 0.1875 1
vt 0 1
vn 0.9961946980917457 0 0.08715574274765633
vn -0.08707278979269199 -0.04361938736534109 0.9952465414778341
vn -0.9961946980917457 0 -0.08715574274765633
vn 0.08707278979269199 0.04361938736534109 -0.9952465414778341
vn -0.0038016801040238446 0.9990482215818576 0.04345340242736289
vn 0.0038016801040238446 -0.9990482215818576 -0.04345340242736289
g Leaf_Wavy
f 20/52/13 23/51/13 21/50/13 18/49/13
f 19/56/14 20/55/14 18/54/14 17/53/14
f 24/60/15 19/59/15 17/58/15 22/57/15
f 23/64/16 24/63/16 22/62/16 21/61/16
f 22/68/17 17/67/17 18/66/17 21/65/17
f 23/72/18 20/71/18 19/70/18 24/69/18
o cube
v 0.04933043840317779 0.9561398312664039 -0.3140679434213757
v 0.04933043840317779 0.9561398312664039 -0.3140679434213757
v 0.023105092267428684 -0.03436139428557396 -0.17908811752102102
v 0.023105092267428684 -0.03436139428557396 -0.17908811752102102
v -0.005024653864250897 0.9905012255519778 -0.07247982590035468
v -0.005024653864250897 0.9905012255519778 -0.07247982590035468
v -0.03125 0 0.0625
v -0.03125 0 0.0625
vt 0.34375 1
vt 0.625 1
vt 0.625 0
vt 0.34375 0
vt 0 1
vt 0 1
vt 0 0
vt 0 0
vt 0 1
vt 0.1875 1
vt 0.1875 0
vt 0 0
vt 0 1
vt 0 1
vt 0 0
vt 0 0
vt 0 1
vt 0.1875 1
vt 0.1875 1
vt 0 1
vt 0 1
vt 0.1875 1
vt 0.1875 1
vt 0 1
vn -0.9757256860069071 -0.004004435547129717 -0.2189596998589003
vn 0.2174203690697147 -0.13744557714229583 -0.9663524700840839
vn 0.9757256860069071 0.004004435547129717 0.2189596998589003
vn -0.2174203690697147 0.13744557714229583 0.9663524700840839
vn 0.026225346135749058 0.9905012255519778 -0.13497982590035465
vn -0.026225346135749058 -0.9905012255519778 0.13497982590035465
g Leaf_Straight
f 28/76/19 31/75/19 29/74/19 26/73/19
f 27/80/20 28/79/20 26/78/20 25/77/20
f 32/84/21 27/83/21 25/82/21 30/81/21
f 31/88/22 32/87/22 30/86/22 29/85/22
f 30/92/23 25/91/23 26/90/23 29/89/23
f 31/96/24 28/95/24 27/94/24 32/93/24
o cube
v -0.09391610777765011 0.8714314823884071 -0.016312311464283802
v -0.09391610777765011 0.8714314823884071 -0.016312311464283802
v 0.006712478385107225 0.002728972353803295 0.012925279176253107
v 0.006712478385107225 0.002728972353803295 0.012925279176253107
v -0.29042306017675323 0.8435523259603794 -0.16832471324676387
v -0.29042306017675323 0.8435523259603794 -0.16832471324676387
v -0.18979447401399596 -0.025150184074224362 -0.13908712260622696
v -0.18979447401399596 -0.025150184074224362 -0.13908712260622696
vt 0.625 1
vt 0.34375 1
vt 0.34375 0
vt 0.625 0
vt 0 1
vt 0 1
vt 0 0
vt 0 0
vt 0 1
vt 0.1875 1
vt 0.1875 0
vt 0 0
vt 0 1
vt 0 1
vt 0 0
vt 0 0
vt 0 1
vt 0.1875 1
vt 0.1875 1
vt 0 1
vt 0 1
vt 0.1875 1
vt 0.1875 1
vt 0 1
vn 0.6073996541617157 0.04366355766085271 -0.7931955331799504
vn 0.7860278095964128 0.11151662571211063 0.6080496071299203
vn -0.6073996541617157 -0.04366355766085271 0.7931955331799504
vn -0.7860278095964128 -0.11151662571211063 -0.6080496071299203
vn -0.11500409847172269 0.9928028686109759 -0.03341438930347076
vn 0.11500409847172269 -0.9928028686109759 0.03341438930347076
g Leaf_Curly
f 36/100/25 39/99/25 37/98/25 34/97/25
f 35/104/26 36/103/26 34/102/26 33/101/26
f 40/108/27 35/107/27 33/106/27 38/105/27
f 39/112/28 40/111/28 38/110/28 37/109/28
f 38/116/29 33/115/29 34/114/29 37/113/29
f 39/120/30 36/119/30 35/118/30 40/117/30
o cube
v 0.19074534641203827 0.6780164867471619 0.31501854609203417
v 0.19074534641203827 0.6780164867471619 0.31501854609203417
v 0.19335900148355595 -0.008829165590365194 0.28514433192322197
v 0.19335900148355595 -0.008829165590365194 0.28514433192322197
v 0.11149095245447163 0.685099392538893 0.1452397974691153
v 0.11149095245447163 0.685099392538893 0.1452397974691153
v 0.11410460752598928 -0.001746259798634157 0.11536558330030314
v 0.11410460752598928 -0.001746259798634157 0.11536558330030314
vt 0.34375 1
vt 0.625 1
vt 0.625 0
vt 0.34375 0
vt 0 1
vt 0 1
vt 0 0
vt 0 0
vt 0 1
vt 0.1875 1
vt 0.1875 0
vt 0 0
vt 0 1
vt 0 1
vt 0 0
vt 0 0
vt 0 1
vt 0.1875 1
vt 0.1875 1
vt 0 1
vt 0 1
vt 0.1875 1
vt 0.1875 1
vt 0 1
vn 0.9062663105591656 0.021809693682672292 -0.42214418343374815
vn 0.42269010110702226 -0.03777549755589887 0.9054866593222342
vn -0.9062663105591656 -0.021809693682672292 0.42214418343374815
vn -0.42269010110702226 0.03777549755589887 -0.9054866593222342
vn -0.0038016801040256796 0.9990482215818576 0.04345340242736319
vn 0.0038016801040256796 -0.9990482215818576 -0.04345340242736319
g Leaf_Wavy
f 44/124/31 47/123/31 45/122/31 42/121/31
f 43/128/32 44/127/32 42/126/32 41/125/32
f 48/132/33 43/131/33 41/130/33 46/129/33
f 47/136/34 48/135/34 46/134/34 45/133/34
f 46/140/35 41/139/35 42/138/35 45/137/35
f 47/144/36 44/143/36 43/142/36 48/141/36
o cube
v -0.1959878176710646 1.0588424805460306 0.050189320891861455
v -0.1959878176710646 1.0588424805460306 0.050189320891861455
v -0.11701543053246724 0.003820076447905384 -0.047776688114545274
v -0.11701543053246724 0.003820076447905384 -0.047776688114545274
v -0.30313997471037063 1.0300194016053044 0.27421531349584605
v -0.30313997471037063 1.0300194016053044 0.27421531349584605
v -0.22416758757177327 -0.02500300249282083 0.17624930448943932
v -0.22416758757177327 -0.02500300249282083 0.17624930448943932
vt 0.34375 1
vt 0.625 1
vt 0.625 0
vt 0.34375 0
vt 0 1
vt 0 1
vt 0 0
vt 0 0
vt 0 1
vt 0.1875 1
vt 0.1875 0
vt 0 0
vt 0 1
vt 0 1
vt 0 0
vt 0 0
vt 0 1
vt 0.1875 1
vt 0.1875 1
vt 0 1
vt 0 1
vt 0.1875 1
vt 0.1875 1
vt 0 1
vn -0.9004277583383501 -0.02708554629820934 -0.43416151970839306
vn 0.4286086281572241 0.11529231576290483 -0.8961039704159384
vn 0.9004277583383501 0.02708554629820934 0.43416151970839306
vn -0.4286086281572241 -0.11529231576290483 0.8961039704159384
vn -0.07432695260103282 0.9929622626805886 0.09220330259426515
vn 0.07432695260103282 -0.9929622626805886 -0.09220330259426515
g Leaf_Straight
f 52/148/37 55/147/37 53/146/37 50/145/37
f 51/152/38 52/151/38 50/150/38 49/149/38
f 56/156/39 51/155/39 49/154/39 54/153/39
f 55/160/40 56/159/40 54/158/40 53/157/40
f 54/164/41 49/163/41 50/162/41 53/161/41
f 55/168/42 52/167/42 51/166/42 56/165/42
o cube
v 0.375839148339371 0.9706120096775186 0.033632542559237075
v 0.375839148339371 0.9706120096775186 0.033632542559237075
v 0.2927172391258849 -0.025582688414228 0.0074243052549288965
v 0.2927172391258849 -0.025582688414228 0.0074243052549288965
v 0.13512289680557327 0.9889886116492285 0.09857857205674204
v 0.13512289680557327 0.9889886116492285 0.09857857205674204
v 0.05200098759208718 -0.007206086442518029 0.07237033475243387
v 0.05200098759208718 -0.007206086442518029 0.07237033475243387
vt 0.34375 1
vt 0.625 1
vt 0.625 0
vt 0.34375 0
vt 0 1
vt 0 1
vt 0 0
vt 0 0
vt 0 1
vt 0.1875 1
vt 0.1875 0
vt 0 0
vt 0 1
vt 0 1
vt 0 0
vt 0 0
vt 0 1
vt 0.1875 1
vt 0.1875 1
vt 0 1
vt 0 1
vt 0.1875 1
vt 0.1875 1
vt 0 1
vn -0.256869087608813 0.04682874644347723 -0.9653110070529335
vn 0.9628650061351908 -0.07350640788683989 -0.25978411799001994
vn 0.256869087608813 -0.04682874644347723 0.9653110070529335
vn -0.9628650061351908 0.07350640788683989 0.25978411799001994
vn 0.0831219092134861 0.9961946980917465 0.026208237304308178
vn -0.0831219092134861 -0.9961946980917465 -0.026208237304308178
g Leaf_Straight
f 60/172/43 63/171/43 61/170/43 58/169/43
f 59/176/44 60/175/44 58/174/44 57/173/44
f 64/180/45 59/179/45 57/178/45 62/177/45
f 63/184/46 64/183/46 62/182/46 61/181/46
f 62/188/47 57/187/47 58/186/47 61/185/47
f 63/192/48 60/191/48 59/190/48 64/189/48
o cube
v 0.17292007216276872 0.9777903591153195 -0.09310607797957093
v 0.17292007216276872 0.9777903591153195 -0.09310607797957093
v 0.11381931999621353 -0.012256746383044718 0.034619526296385636
v 0.11381931999621353 -0.012256746383044718 0.034619526296385636
v 0.3353358631068577 0.9563297396189558 -0.18430258373959607
v 0.3353358631068577 0.9563297396189558 -0.18430258373959607
v 0.2762351109403025 -0.03371736587940838 -0.05657697946363953
v 0.2762351109403025 -0.03371736587940838 -0.05657697946363953
vt 0.34375 1
vt 0.625 1
vt 0.625 0
vt 0.34375 0
vt 0 1
vt 0 1
vt 0 0
vt 0 0
vt 0 1
vt 0.1875 1
vt 0.1875 0
vt 0 0
vt 0 1
vt 0 1
vt 0 0
vt 0 0
vt 0 1
vt 0.1875 1
vt 0.1875 1
vt 0 1
vt 0 1
vt 0.1875 1
vt 0.1875 1
vt 0 1
vn 0.49615950481379856 0.08189265577019798 0.8643606531499627
vn -0.8662175517018077 0.11445663731393953 0.4863813640534674
vn -0.49615950481379856 -0.08189265577019798 -0.8643606531499627
vn 0.8662175517018077 -0.11445663731393953 -0.4863813640534674
vn 0.059100752166555214 0.9900471054983644 -0.12772560427595653
vn -0.059100752166555214 -0.9900471054983644 0.12772560427595653
g Leaf_Curly
f 68/196/49 71/195/49 69/194/49 66/193/49
f 67/200/50 68/199/50 66/198/50 65/197/50
f 72/204/51 67/203/51 65/202/51 70/201/51
f 71/208/52 72/207/52 70/206/52 69/205/52
f 70/212/53 65/211/53 66/210/53 69/209/53
f 71/216/54 68/215/54 67/214/54 72/213/54
o cube
v -0.19976568704958356 0.9506554263050432 -0.3443328571477278
v -0.19976568704958356 0.9506554263050432 -0.3443328571477278
v -0.14981547579726878 -0.04078943506876688 -0.22374237969898553
v -0.14981547579726878 -0.04078943506876688 -0.22374237969898553
v -0.10491330641176852 0.9832869743600566 -0.11533895338853939
v -0.10491330641176852 0.9832869743600566 -0.11533895338853939
v -0.05496309515945376 -0.008157887013753376 0.005251524060202892
v -0.05496309515945376 -0.008157887013753376 0.005251524060202892
vt 0.34375 1
vt 0.625 1
vt 0.625 0
vt 0.34375 0
vt 0 1
vt 0 1
vt 0 0
vt 0 0
vt 0 1
vt 0.1875 1
vt 0.1875 0
vt 0 0
vt 0 1
vt 0 1
vt 0 0
vt 0 0
vt 0 1
vt 0.1875 1
vt 0.1875 1
vt 0 1
vt 0 1
vt 0.1875 1
vt 0.1875 1
vt 0 1
vn -0.9238795325112871 0 0.38268343236508934
vn -0.3794095225512598 -0.13052619222005404 -0.9159756150367534
vn 0.9238795325112871 0 -0.38268343236508934
vn 0.3794095225512598 0.13052619222005404 0.9159756150367534
vn -0.04995021125231478 0.9914448613738103 -0.12059047744874224
vn 0.04995021125231478 -0.9914448613738103 0.12059047744874224
g Leaf_Straight
f 76/220/55 79/219/55 77/218/55 74/217/55
f 75/224/56 76/223/56 74/222/56 73/221/56
f 80/228/57 75/227/57 73/226/57 78/225/57
f 79/232/58 80/231/58 78/230/58 77/229/58
f 78/236/59 73/235/59 74/234/59 77/233/59
f 79/240/60 76/239/60 75/238/60 80/237/60
o cube
v -0.09009620063104015 0.4678512000996479 0.2462277737894045
v -0.09009620063104015 0.4678512000996479 0.2462277737894045
v -0.10517640519034552 -0.005900576813033874 0.08706797577958636
v -0.10517640519034552 -0.005900576813033874 0.08706797577958636
v -0.19580951902854327 0.4215686793826343 0.3940075849594941
v -0.19580951902854327 0.4215686793826343 0.3940075849594941
v -0.21088972358784863 -0.052183097530047476 0.23484778694967595
v -0.21088972358784863 -0.052183097530047476 0.23484778694967595
vt 0.34375 1
vt 0.625 1
vt 0.625 0
vt 0.34375 0
vt 0 1
vt 0 1
vt 0 0
vt 0 0
vt 0 1
vt 0.1875 1
vt 0.1875 0
vt 0 0
vt 0 1
vt 0 1
vt 0 0
vt 0 0
vt 0 1
vt 0.1875 1
vt 0.1875 1
vt 0 1
vt 0 1
vt 0.1875 1
vt 0.1875 1
vt 0 1
vn -0.8253574910117935 0.20324117530959634 -0.5267618405783503
vn 0.5638043647866833 0.2468401104907392 -0.7881589929071445
vn 0.8253574910117935 -0.20324117530959634 0.5267618405783503
vn -0.5638043647866833 -0.2468401104907392 0.7881589929071445
vn 0.030160409118610704 0.9475035538253637 0.31831959601963633
vn -0.030160409118610704 -0.9475035538253637 -0.31831959601963633
g Leaf_Straight
f 84/244/61 87/243/61 85/242/61 82/241/61
f 83/248/62 84/247/62 82/246/62 81/245/62
f 88/252/63 83/251/63 81/250/63 86/249/63
f 87/256/64 88/255/64 86/254/64 85/253/64
f 86/260/65 81/259/65 82/258/65 85/257/65
f 87/264/66 84/263/66 83/262/66 88/261/66
o cube
v -0.05356211199918418 0.5297829105883598 -0.3086839837690492
v -0.05356211199918418 0.5297829105883598 -0.3086839837690492
v -0.03809272537908347 0.0012194593574335975 -0.11688297725331132
v -0.03809272537908347 0.0012194593574335975 -0.11688297725331132
v 0.010714412956757166 0.47136586487230353 -0.4748532562275769
v 0.010714412956757166 0.47136586487230353 -0.4748532562275769
v 0.02618379957685789 -0.057197586358622675 -0.28305224971183907
v 0.02618379957685789 -0.057197586358622675 -0.28305224971183907
vt 0.625 1
vt 0.34375 1
vt 0.34375 0
vt 0.625 0
vt 0 1
vt 0 1
vt 0 0
vt 0 0
vt 0 1
vt 0.1875 1
vt 0.1875 0
vt 0 0
vt 0 1
vt 0 1
vt 0 0
vt 0 0
vt 0 1
vt 0.1875 1
vt 0.1875 1
vt 0 1
vt 0 1
vt 0.1875 1
vt 0.1875 1
vt 0 1
vn 0.9390028070421524 0.1412630651441808 0.3135577694668549
vn -0.342808133098354 0.3115575771523002 0.8862361197788148
vn -0.9390028070421524 -0.1412630651441808 -0.3135577694668549
vn 0.342808133098354 -0.3115575771523002 -0.8862361197788148
vn -0.027501131769067926 0.9396683577438689 -0.3409795671390896
vn 0.027501131769067926 -0.9396683577438689 0.3409795671390896
g Leaf_Curly
f 92/268/67 95/267/67 93/266/67 90/265/67
f 91/272/68 92/271/68 90/270/68 89/269/68
f 96/276/69 91/275/69 89/274/69 94/273/69
f 95/280/70 96/279/70 94/278/70 93/277/70
f 94/284/71 89/283/71 90/282/71 93/281/71
f 95/288/72 92/287/72 91/286/72 96/285/72
o cube
v 0.18982009198376285 0.952374507464856 -0.3308274908856024
v 0.18982009198376285 0.952374507464856 -0.3308274908856024
v 0.17098903730105453 -0.04434448265095659 -0.252108712172695
v 0.17098903730105453 -0.04434448265095659 -0.252108712172695
v 0.038235733817638395 0.9708712459477763 -0.13288797228242272
v 0.038235733817638395 0.9708712459477763 -0.13288797228242272
v 0.019404679134930054 -0.02584774416803623 -0.05416919356951527
v 0.019404679134930054 -0.02584774416803623 -0.05416919356951527
vt 0.65625 1
vt 0.34375 1
vt 0.34375 0
vt 0.65625 0
vt 0 1
vt 0 1
vt 0 0
vt 0 0
vt 0 1
vt 0.1875 1
vt 0.1875 0
vt 0 0
vt 0 1
vt 0 1
vt 0 0
vt 0 0
vt 0 1
vt 0.1875 1
vt 0.1875 1
vt 0 1
vt 0 1
vt 0.1875 1
vt 0.1875 1
vt 0 1
vn -0.7949844709988756 -0.03282050259252727 -0.6057412859300674
vn 0.6063374326644979 -0.07398695393168143 -0.791758074412719
vn 0.7949844709988756 0.03282050259252727 0.6057412859300674
vn -0.6063374326644979 0.07398695393168143 0.791758074412719
vn 0.018831054682708345 0.9967189901158127 -0.07871877871290747
vn -0.018831054682708345 -0.9967189901158127 0.07871877871290747
g Leaf_Wavy
f 100/292/73 103/291/73 101/290/73 98/289/73
f 99/296/74 100/295/74 98/294/74 97/293/74
f 104/300/75 99/299/75 97/298/75 102/297/75
f 103/304/76 104/303/76 102/302/76 101/301/76
f 102/308/77 97/307/77 98/306/77 101/305/77
f 103/312/78 100/311/78 99/310/78 104/309/78
o cube
v 0.09897416108539342 1.375 -0.04409259059430684
v 0.09897416108539342 1.375 -0.04409259059430684
v 0.09897416108539342 0 -0.04409259059430684
v 0.09897416108539342 0 -0.04409259059430684
v -0.13945507660166334 1.375 0.03108385928176141
v -0.13945507660166334 1.375 0.03108385928176141
v -0.13945507660166334 0 0.03108385928176141
v -0.13945507660166334 0 0.03108385928176141
vt 0.34375 1
vt 0.625 1
vt 0.625 0
vt 0.34375 0
vt 0 1
vt 0 1
vt 0 0
vt 0 0
vt 0 1
vt 0.1875 1
vt 0.1875 0
vt 0 0
vt 0 1
vt 0 1
vt 0 0
vt 0 0
vt 0 1
vt 0.1875 1
vt 0.1875 1
vt 0 1
vt 0 1
vt 0.1875 1
vt 0.1875 1
vt 0 1
vn -0.300705799504273 0 -0.9537169507482269
vn 0.9537169507482269 0 -0.300705799504273
vn 0.300705799504273 0 0.9537169507482269
vn -0.9537169507482269 0 0.300705799504273
vn 0 1 0
vn 0 -1 0
g Leaf_Straight
f 108/316/79 111/315/79 109/314/79 106/313/79
f 107/320/80 108/319/80 106/318/80 105/317/80
f 112/324/81 107/323/81 105/322/81 110/321/81
f 111/328/82 112/327/82 110/326/82 109/325/82
f 110/332/83 105/331/83 106/330/83 109/329/83
f 111/336/84 108/335/84 107/334/84 112/333/84
