# Made in Blockbench 4.8.1

o cube
v 0.41042899927335497 0.7289481452220146 0.3597995422062231
v 0.3527497138868836 0.7127795677083055 0.3419690307584501
v 0.41042899927335497 0.7289481452220146 0.3597995422062231
v 0.3527497138868836 0.7127795677083055 0.3419690307584501
v 0.29393652521871483 0.7829736828468778 0.4685702058659318
v 0.3516158106051862 0.7991422603605867 0.4864007173137048
v 0.29393652521871483 0.7829736828468778 0.4685702058659318
v 0.3516158106051862 0.7991422603605867 0.4864007173137048
vt 0 1
vt 0.1875 1
vt 0.1875 1
vt 0 1
vt 0 1
vt 0.125 1
vt 0.125 1
vt 0 1
vt 0 1
vt 0.1875 1
vt 0.1875 1
vt 0 1
vt 0 1
vt 0.125 1
vt 0.125 1
vt 0 1
vt 0 1
vt 0.1875 1
vt 0.1875 0.875
vt 0 0.875
vt 0.25 0.5625
vt 0.75 0.5625
vt 0.75 0.75
vt 0.25 0.75
vn -0.9228685661835432 -0.25869724021934437 -0.28528818316436855
vn 0.37640440747627985 -0.44924233688686227 -0.8102475206878831
vn 0.9228685661835432 0.25869724021934437 0.28528818316436855
vn -0.37640440747627985 0.44924233688686227 0.8102475206878831
vn -0.0814452674055533 0.855135697214966 -0.5119664127322342
vn 0.0814452674055533 -0.855135697214966 0.5119664127322342
g Leaf
f 4/4/1 7/3/1 5/2/1 2/1/1
f 3/8/2 4/7/2 2/6/2 1/5/2
f 8/12/3 3/11/3 1/10/3 6/9/3
f 7/16/4 8/15/4 6/14/4 5/13/4
f 6/20/5 1/19/5 2/18/5 5/17/5
f 7/24/6 4/23/6 3/22/6 8/21/6
o cube
v 0.35277990291035677 0.7127966211234644 0.3419735999367812
v 0.2839131269056603 0.6492672041247094 0.3452051380407276
v 0.35277990291035677 0.7127966211234644 0.3419735999367812
v 0.2839131269056603 0.6492672041247094 0.3452051380407276
v 0.22509993823749053 0.7194613192632819 0.47180631314820864
v 0.293966714242187 0.7829907362620372 0.46857477504426226
v 0.22509993823749053 0.7194613192632819 0.47180631314820864
v 0.293966714242187 0.7829907362620372 0.46857477504426226
vt 0 1
vt 0.1875 1
vt 0.1875 1
vt 0 1
vt 0 1
vt 0.125 1
vt 0.125 1
vt 0 1
vt 0 1
vt 0.1875 1
vt 0.1875 1
vt 0 1
vt 0 1
vt 0.125 1
vt 0.125 1
vt 0 1
vt 0 1
vt 0.1875 1
vt 0.1875 0.875
vt 0 0.875
vt 0.25 0.75
vt 0.75 0.75
vt 0.75 1
vt 0.25 1
vn -0.734578944050095 -0.6776471146533877 0.03446973977542837
vn 0.3764044074762861 -0.449242336886865 -0.8102475206878788
vn 0.734578944050095 0.6776471146533877 -0.03446973977542837
vn -0.3764044074762861 0.449242336886865 0.8102475206878788
vn -0.5645471609977976 0.5822162061900776 -0.5850733221220737
vn 0.5645471609977976 -0.5822162061900776 0.5850733221220737
g Leaf
f 12/28/7 15/27/7 13/26/7 10/25/7
f 11/32/8 12/31/8 10/30/8 9/29/8
f 16/36/9 11/35/9 9/34/9 14/33/9
f 15/40/10 16/39/10 14/38/10 13/37/10
f 14/44/11 9/43/11 10/42/11 13/41/11
f 15/48/12 12/47/12 11/46/12 16/45/12
o cube
v 0.5843177526871823 0.6953517786215977 0.45920793455726416
v 0.4104017914983419 0.7289467173790358 0.359787694371245
v 0.5843177526871823 0.6953517786215977 0.45920793455726416
v 0.4104017914983419 0.7289467173790358 0.359787694371245
v 0.351588602830173 0.7991408325176077 0.48638886947872684
v 0.5255045640190135 0.7655458937601698 0.585809109664746
v 0.351588602830173 0.7991408325176077 0.48638886947872684
v 0.5255045640190135 0.7655458937601698 0.585809109664746
vt 0 1
vt 0.1875 1
vt 0.1875 1
vt 0 1
vt 0 1
vt 0.125 1
vt 0.125 1
vt 0 1
vt 0 1
vt 0.1875 1
vt 0.1875 1
vt 0 1
vt 0 1
vt 0.125 1
vt 0.125 1
vt 0 1
vt 0 1
vt 0.1875 1
vt 0.1875 0.875
vt 0 0.875
vt 0.25 0
vt 0.75 0
vt 0.75 0.5625
vt 0.25 0.5625
vn -0.8562016550835225 0.16539046772892588 -0.48945349014655537
vn 0.37640440747628084 -0.44924233688686094 -0.8102475206878833
vn 0.8562016550835225 -0.16539046772892588 0.48945349014655537
vn -0.37640440747628084 0.44924233688686094 0.8102475206878833
vn 0.35389044613364024 0.8779677191860983 -0.3223883313683884
vn -0.35389044613364024 -0.8779677191860983 0.3223883313683884
g Leaf
f 20/52/13 23/51/13 21/50/13 18/49/13
f 19/56/14 20/55/14 18/54/14 17/53/14
f 24/60/15 19/59/15 17/58/15 22/57/15
f 23/64/16 24/63/16 22/62/16 21/61/16
f 22/68/17 17/67/17 18/66/17 21/65/17
f 23/72/18 20/71/18 19/70/18 24/69/18
o cube
v 0.17961194992966856 0.7138774909735026 0.33027398870676183
v 0.09572127406719921 0.750650628268557 0.35025281191577995
v 0.17961194992966856 0.7138774909735026 0.33027398870676183
v 0.09572127406719921 0.750650628268557 0.35025281191577995
v 0.1579900303612074 0.8005158910120853 0.5199357738215538
v 0.24188070622367663 0.7637427537170309 0.49995695061253576
v 0.1579900303612074 0.8005158910120853 0.5199357738215538
v 0.24188070622367663 0.7637427537170309 0.49995695061253576
vt 0 1
vt 0.1875 1
vt 0.1875 1
vt 0 1
vt 0 1
vt 0.125 1
vt 0.125 1
vt 0 1
vt 0 1
vt 0.1875 1
vt 0.1875 1
vt 0 1
vt 0 1
vt 0.125 1
vt 0.125 1
vt 0 1
vt 0 1
vt 0.1875 1
vt 0.1875 0.875
vt 0 0.875
vt 0.25 0.75
vt 0.75 0.75
vt 0.75 0.5
vt 0.25 0.5
vn -0.894833875866339 0.39224679781391325 0.21310744756285938
vn -0.33210003356804313 -0.26594806796548437 -0.9049757968307941
vn 0.894833875866339 -0.39224679781391325 -0.21310744756285938
vn 0.33210003356804313 0.26594806796548437 0.9049757968307941
vn 0.2982983444575752 0.8805759903325534 -0.36824451515767687
vn -0.2982983444575752 -0.8805759903325534 0.36824451515767687
g Leaf
f 28/76/19 31/75/19 29/74/19 26/73/19
f 27/80/20 28/79/20 26/78/20 25/77/20
f 32/84/21 27/83/21 25/82/21 30/81/21
f 31/88/22 32/87/22 30/86/22 29/85/22
f 30/92/23 25/91/23 26/90/23 29/89/23
f 31/96/24 28/95/24 27/94/24 32/93/24
o cube
v 0.22348230779047884 0.6493399915790463 0.33314066864024416
v 0.179583237686451 0.713901507576415 0.3302774674382414
v 0.22348230779047884 0.6493399915790463 0.33314066864024416
v 0.179583237686451 0.713901507576415 0.3302774674382414
v 0.24185199398045953 0.7637667703199433 0.49996042934401497
v 0.28575106408448725 0.6992052543225749 0.5028236305460179
v 0.24185199398045953 0.7637667703199433 0.49996042934401497
v 0.28575106408448725 0.6992052543225749 0.5028236305460179
vt 0 1
vt 0.1875 1
vt 0.1875 1
vt 0 1
vt 0 1
vt 0.125 1
vt 0.125 1
vt 0 1
vt 0 1
vt 0.1875 1
vt 0.1875 1
vt 0 1
vt 0 1
vt 0.125 1
vt 0.125 1
vt 0 1
vt 0 1
vt 0.1875 1
vt 0.1875 0.875
vt 0 0.875
vt 0.25 1
vt 0.75 1
vt 0.75 0.75
vt 0.25 0.75
vn -0.561908097331557 0.8263874047663196 -0.036648975385635836
vn -0.33210003356804546 -0.2659480679654858 -0.9049757968307929
vn 0.561908097331557 -0.8263874047663196 0.036648975385635836
vn 0.33210003356804546 0.2659480679654858 0.9049757968307929
vn 0.7576073243160556 0.4963421021724962 -0.423881657722594
vn -0.7576073243160556 -0.4963421021724962 0.423881657722594
g Leaf
f 36/100/25 39/99/25 37/98/25 34/97/25
f 35/104/26 36/103/26 34/102/26 33/101/26
f 40/108/27 35/107/27 33/106/27 38/105/27
f 39/112/28 40/111/28 38/110/28 37/109/28
f 38/116/29 33/115/29 34/114/29 37/113/29
f 39/120/30 36/119/30 35/118/30 40/117/30
o cube
v 0.09574152541036307 0.7506455628486113 0.3502468688473406
v -0.09578358119242658 0.7643395790225092 0.41650675933034
v 0.09574152541036307 0.7506455628486113 0.3502468688473406
v -0.09578358119242658 0.7643395790225092 0.41650675933034
v -0.03351482489841828 0.8142048417660375 0.586189721236114
v 0.15801028170437148 0.8005108255921396 0.5199298307531146
v -0.03351482489841828 0.8142048417660375 0.586189721236114
v 0.15801028170437148 0.8005108255921396 0.5199298307531146
vt 0 1
vt 0.1875 1
vt 0.1875 1
vt 0 1
vt 0 1
vt 0.125 1
vt 0.125 1
vt 0 1
vt 0 1
vt 0.1875 1
vt 0.1875 1
vt 0 1
vt 0 1
vt 0.125 1
vt 0.125 1
vt 0 1
vt 0 1
vt 0.1875 1
vt 0.1875 0.875
vt 0 0.875
vt 0.25 0.5
vt 0.75 0.5
vt 0.75 0
vt 0.25 0
vn -0.9428928325060415 0.0674166950099582 0.3262025377624586
vn -0.33210003356804424 -0.2659480679654844 -0.9049757968307937
vn 0.9428928325060415 -0.0674166950099582 -0.3262025377624586
vn 0.33210003356804424 0.2659480679654844 0.9049757968307937
vn -0.025742457397028334 0.9616270661640928 -0.27314961377933855
vn 0.025742457397028334 -0.9616270661640928 0.27314961377933855
g Leaf
f 44/124/31 47/123/31 45/122/31 42/121/31
f 43/128/32 44/127/32 42/126/32 41/125/32
f 48/132/33 43/131/33 41/130/33 46/129/33
f 47/136/34 48/135/34 46/134/34 45/133/34
f 46/140/35 41/139/35 42/138/35 45/137/35
f 47/144/36 44/143/36 43/142/36 48/141/36
o cube
v 0.34551265617427507 0.6973660768072676 0.8451427942987315
v 0.340680406005611 0.7568470571633892 0.6509819641625216
v 0.34551265617427507 0.6973660768072676 0.8451427942987315
v 0.340680406005611 0.7568470571633892 0.6509819641625216
v 0.1845679338189754 0.7609219009351211 0.6561155960165665
v 0.18940018398763936 0.7014409205789995 0.8502764261527764
v 0.1845679338189754 0.7609219009351211 0.6561155960165665
v 0.18940018398763936 0.7014409205789995 0.8502764261527764
vt 0 1
vt 0.1875 1
vt 0.1875 1
vt 0 1
vt 0 1
vt 0.125 1
vt 0.125 1
vt 0 1
vt 0 1
vt 0.1875 1
vt 0.1875 1
vt 0 1
vt 0 1
vt 0.125 1
vt 0.125 1
vt 0 1
vt 0 1
vt 0.1875 1
vt 0.1875 0.875
vt 0 0.875
vt 0.25 0
vt 0.75 0
vt 0.75 0.5625
vt 0.25 0.5625
vn -0.02378953929188439 0.29282944175321296 -0.9558687022090333
vn 0.9991198219944687 -0.026079000139085408 -0.03285524386588866
vn 0.02378953929188439 -0.29282944175321296 0.9558687022090333
vn -0.9991198219944687 0.026079000139085408 0.03285524386588866
vn 0.03454908273777062 0.9558089787160651 0.29195129232070804
vn -0.03454908273777062 -0.9558089787160651 -0.29195129232070804
g Leaf
f 52/148/37 55/147/37 53/146/37 50/145/37
f 51/152/38 52/151/38 50/150/38 49/149/38
f 56/156/39 51/155/39 49/154/39 54/153/39
f 55/160/40 56/159/40 54/158/40 53/157/40
f 54/164/41 49/163/41 50/162/41 53/161/41
f 55/168/42 52/167/42 51/166/42 56/165/42
o cube
v 0.33884275813058284 0.7645007725611872 0.5890243761737519
v 0.335010210303758 0.7242033967409087 0.504463773177118
v 0.33884275813058284 0.7645007725611872 0.5890243761737519
v 0.335010210303758 0.7242033967409087 0.504463773177118
v 0.17889773811712217 0.7282782405126422 0.509597405031162
v 0.18273028594394702 0.7685756163329205 0.5941580080277962
v 0.17889773811712217 0.7282782405126422 0.509597405031162
v 0.18273028594394702 0.7685756163329205 0.5941580080277962
vt 0 1
vt 0.1875 1
vt 0.1875 1
vt 0 1
vt 0 1
vt 0.125 1
vt 0.125 1
vt 0 1
vt 0 1
vt 0.1875 1
vt 0.1875 1
vt 0 1
vt 0 1
vt 0.125 1
vt 0.125 1
vt 0 1
vt 0 1
vt 0.1875 1
vt 0.1875 0.875
vt 0 0.875
vt 0.25 0.75
vt 0.75 0.75
vt 0.75 1
vt 0.25 1
vn -0.040880510152798984 -0.4298386754163028 -0.9019797652974293
vn 0.9991198219944687 -0.026079000139093256 -0.03285524386588213
vn 0.040880510152798984 0.4298386754163028 0.9019797652974293
vn -0.9991198219944687 0.026079000139093256 0.03285524386588213
vn 0.009400275920860584 0.902529001677012 -0.4305264636982356
vn -0.009400275920860584 -0.902529001677012 0.4305264636982356
g Leaf
f 60/172/43 63/171/43 61/170/43 58/169/43
f 59/176/44 60/175/44 58/174/44 57/173/44
f 64/180/45 59/179/45 57/178/45 62/177/45
f 63/184/46 64/183/46 62/182/46 61/181/46
f 62/188/47 57/187/47 58/186/47 61/185/47
f 63/192/48 60/191/48 59/190/48 64/189/48
o cube
v 0.3406806962660618 0.7568447767819342 0.6509926009741007
v 0.3388414770165171 0.7644951653567504 0.58898986855684
v 0.3406806962660618 0.7568447767819342 0.6509926009741007
v 0.3388414770165171 0.7644951653567504 0.58898986855684
v 0.18272900482988153 0.7685700091284828 0.5941235004108851
v 0.1845682240794262 0.7609196205536666 0.6561262328281459
v 0.18272900482988153 0.7685700091284828 0.5941235004108851
v 0.1845682240794262 0.7609196205536666 0.6561262328281459
vt 0 1
vt 0.1875 1
vt 0.1875 1
vt 0 1
vt 0 1
vt 0.125 1
vt 0.125 1
vt 0 1
vt 0 1
vt 0.1875 1
vt 0.1875 1
vt 0 1
vt 0 1
vt 0.125 1
vt 0.125 1
vt 0 1
vt 0 1
vt 0.1875 1
vt 0.1875 0.875
vt 0 0.875
vt 0.25 0.5625
vt 0.75 0.5625
vt 0.75 0.75
vt 0.25 0.75
vn -0.029427507992713937 0.12240621719705998 -0.9920437186761706
vn 0.9991198219944686 -0.026079000139087326 -0.03285524386588846
vn 0.029427507992713937 -0.12240621719705998 0.9920437186761706
vn -0.9991198219944686 0.026079000139087326 0.03285524386588846
vn 0.029893194394046876 0.9921373915659321 0.1215310379519078
vn -0.029893194394046876 -0.9921373915659321 -0.1215310379519078
g Leaf
f 68/196/49 71/195/49 69/194/49 66/193/49
f 67/200/50 68/199/50 66/198/50 65/197/50
f 72/204/51 67/203/51 65/202/51 70/201/51
f 71/208/52 72/207/52 70/206/52 69/205/52
f 70/212/53 65/211/53 66/210/53 69/209/53
f 71/216/54 68/215/54 67/214/54 72/213/54
o cube
v 0.3404045208312928 0.26194102637289685 -0.012306120914206575
v 0.2967829206220397 0.2186582973146627 -0.0009038684851648826
v 0.3404045208312928 0.26194102637289685 -0.012306120914206575
v 0.2967829206220397 0.2186582973146627 -0.0009038684851648826
v 0.2595813586167164 0.29125784378497444 0.1323605758976829
v 0.3032029588259695 0.3345405728432085 0.12095832346864122
v 0.2595813586167164 0.29125784378497444 0.1323605758976829
v 0.3032029588259695 0.3345405728432085 0.12095832346864122
vt 0 1
vt 0.1875 1
vt 0.1875 1
vt 0 1
vt 0 1
vt 0.125 1
vt 0.125 1
vt 0 1
vt 0 1
vt 0.1875 1
vt 0.1875 1
vt 0 1
vt 0 1
vt 0.125 1
vt 0.125 1
vt 0 1
vt 0 1
vt 0.1875 1
vt 0.1875 0.875
vt 0 0.875
vt 0.25 0.5625
vt 0.75 0.5625
vt 0.75 0.75
vt 0.25 0.75
vn -0.6979456033480492 -0.6925236649317459 0.182436038864668
vn 0.23808999683406934 -0.4646370974099951 -0.8528924440502259
vn 0.6979456033480492 0.6925236649317459 -0.182436038864668
vn -0.23808999683406934 0.4646370974099951 0.8528924440502259
vn -0.6754147527073128 0.5518363355379184 -0.4891743764808226
vn 0.6754147527073128 -0.5518363355379184 0.4891743764808226
g Leaf
f 76/220/55 79/219/55 77/218/55 74/217/55
f 75/224/56 76/223/56 74/222/56 73/221/56
f 80/228/57 75/227/57 73/226/57 78/225/57
f 79/232/58 80/231/58 78/230/58 77/229/58
f 78/236/59 73/235/59 74/234/59 77/233/59
f 79/240/60 76/239/60 75/238/60 80/237/60
o cube
v 0.29679974582093305 0.21868695432757068 -0.0009147833429655194
v 0.2756365018142001 0.13613351851671163 0.03815067248355564
v 0.29679974582093305 0.21868695432757068 -0.0009147833429655194
v 0.2756365018142001 0.13613351851671163 0.03815067248355564
v 0.2384349398088752 0.20873306498702282 0.17141511686640332
v 0.25959818381560806 0.2912865007978819 0.1323496610398821
v 0.2384349398088752 0.20873306498702282 0.17141511686640332
v 0.25959818381560806 0.2912865007978819 0.1323496610398821
vt 0 1
vt 0.1875 1
vt 0.1875 1
vt 0 1
vt 0 1
vt 0.125 1
vt 0.125 1
vt 0 1
vt 0 1
vt 0.1875 1
vt 0.1875 1
vt 0 1
vt 0 1
vt 0.125 1
vt 0.125 1
vt 0 1
vt 0 1
vt 0.1875 1
vt 0.1875 0.875
vt 0 0.875
vt 0.25 0.75
vt 0.75 0.75
vt 0.75 1
vt 0.25 1
vn -0.22574126940515077 -0.8805699819824957 0.4166981954828922
vn 0.23808999683407928 -0.46463709740999193 -0.8528924440502249
vn 0.22574126940515077 0.8805699819824957 -0.4166981954828922
vn -0.23808999683407928 0.46463709740999193 0.8528924440502249
vn -0.9446449241354654 0.09332135094267079 -0.31454267240445394
vn 0.9446449241354654 -0.09332135094267079 0.31454267240445394
g Leaf
f 84/244/61 87/243/61 85/242/61 82/241/61
f 83/248/62 84/247/62 82/246/62 81/245/62
f 88/252/63 83/251/63 81/250/63 86/249/63
f 87/256/64 88/255/64 86/254/64 85/253/64
f 86/260/65 81/259/65 82/258/65 85/257/65
f 87/264/66 84/263/66 83/262/66 88/261/66
o cube
v 0.5294802799725526 0.3349415376272067 0.0007064240017619072
v 0.34037961160881935 0.2619249392729537 -0.012304310572546273
v 0.5294802799725526 0.3349415376272067 0.0007064240017619072
v 0.34037961160881935 0.2619249392729537 -0.012304310572546273
v 0.3031780496034957 0.3345244857432652 0.12096013381030146
v 0.492278717967229 0.4075410840975182 0.1339708683846097
v 0.3031780496034957 0.3345244857432652 0.12096013381030146
v 0.492278717967229 0.4075410840975182 0.1339708683846097
vt 0 1
vt 0.1875 1
vt 0.1875 1
vt 0 1
vt 0 1
vt 0.125 1
vt 0.125 1
vt 0 1
vt 0 1
vt 0.1875 1
vt 0.1875 1
vt 0 1
vt 0 1
vt 0.125 1
vt 0.125 1
vt 0 1
vt 0 1
vt 0.1875 1
vt 0.1875 0.875
vt 0 0.875
vt 0.25 0
vt 0.75 0
vt 0.75 0.5625
vt 0.25 0.5625
vn -0.9309571365599174 -0.3594663303593993 -0.06405284713505585
vn 0.23808999683407134 -0.46463709740999465 -0.8528924440502257
vn 0.9309571365599174 0.3594663303593993 0.06405284713505585
vn -0.23808999683407134 0.46463709740999465 0.8528924440502257
vn -0.27682478808031535 0.8092566496781861 -0.5181425592015444
vn 0.27682478808031535 -0.8092566496781861 0.5181425592015444
g Leaf
f 92/268/67 95/267/67 93/266/67 90/265/67
f 91/272/68 92/271/68 90/270/68 89/269/68
f 96/276/69 91/275/69 89/274/69 94/273/69
f 95/280/70 96/279/70 94/278/70 93/277/70
f 94/284/71 89/283/71 90/282/71 93/281/71
f 95/288/72 92/287/72 91/286/72 96/285/72
o cube
v 0.22064883685444225 0.2134253040248001 -0.01874979052790665
v 0.16130300358324 0.2849971488454044 -0.030774997483382138
v 0.22064883685444225 0.2134253040248001 -0.01874979052790665
v 0.16130300358324 0.2849971488454044 -0.030774997483382138
v 0.2008004122350604 0.3467435975176931 0.141804204004374
v 0.26014624550626264 0.2751717526970888 0.15382941095984948
v 0.2008004122350604 0.3467435975176931 0.141804204004374
v 0.26014624550626264 0.2751717526970888 0.15382941095984948
vt 0 1
vt 0.1875 1
vt 0.1875 1
vt 0 1
vt 0 1
vt 0.125 1
vt 0.125 1
vt 0 1
vt 0 1
vt 0.1875 1
vt 0.1875 1
vt 0 1
vt 0 1
vt 0.125 1
vt 0.125 1
vt 0 1
vt 0 1
vt 0.1875 1
vt 0.1875 0.875
vt 0 0.875
vt 0.25 0.75
vt 0.75 0.75
vt 0.75 0.5
vt 0.25 0.5
vn -0.6330222215594907 0.7634330114197782 -0.12826887419173882
vn -0.21065284614304175 -0.3293143929188728 -0.9204224079346994
vn 0.6330222215594907 -0.7634330114197782 0.12826887419173882
vn 0.21065284614304175 0.3293143929188728 0.9204224079346994
vn 0.7449216371026708 0.5556276340239056 -0.36928266529214965
vn -0.7449216371026708 -0.5556276340239056 0.36928266529214965
g Leaf
f 100/292/73 103/291/73 101/290/73 98/289/73
f 99/296/74 100/295/74 98/294/74 97/293/74
f 104/300/75 99/299/75 97/298/75 102/297/75
f 103/304/76 104/303/76 102/302/76 101/301/76
f 102/308/77 97/307/77 98/306/77 101/305/77
f 103/312/78 100/311/78 99/310/78 104/309/78
o cube
v 0.22776517938808527 0.13970406443550587 0.00599796360689997
v 0.2206345583802205 0.21345895742330334 -0.01875856339913895
v 0.22776517938808527 0.13970406443550587 0.00599796360689997
v 0.2206345583802205 0.21345895742330334 -0.01875856339913895
v 0.2601319670320421 0.27520540609559174 0.1538206380886169
v 0.2672625880399069 0.20145051310779427 0.17857716509465593
v 0.2601319670320421 0.27520540609559174 0.1538206380886169
v 0.2672625880399069 0.20145051310779427 0.17857716509465593
vt 0 1
vt 0.1875 1
vt 0.1875 1
vt 0 1
vt 0 1
vt 0.125 1
vt 0.125 1
vt 0 1
vt 0 1
vt 0.1875 1
vt 0.1875 1
vt 0 1
vt 0 1
vt 0.125 1
vt 0.125 1
vt 0 1
vt 0 1
vt 0.1875 1
vt 0.1875 0.875
vt 0 0.875
vt 0.25 1
vt 0.75 1
vt 0.75 0.75
vt 0.25 0.75
vn -0.09127194890066988 0.9440626302438081 -0.3168835456772983
vn -0.21065284614304822 -0.3293143929188716 -0.9204224079346984
vn 0.09127194890066988 -0.9440626302438081 0.3168835456772983
vn 0.21065284614304822 0.3293143929188716 0.9204224079346984
vn 0.9732907118408698 0.017256326191223942 -0.2289266464408969
vn -0.9732907118408698 -0.017256326191223942 0.2289266464408969
g Leaf
f 108/316/79 111/315/79 109/314/79 106/313/79
f 107/320/80 108/319/80 106/318/80 105/317/80
f 112/324/81 107/323/81 105/322/81 110/321/81
f 111/328/82 112/327/82 110/326/82 109/325/82
f 110/332/83 105/331/83 106/330/83 109/329/83
f 111/336/84 108/335/84 107/334/84 112/333/84
o cube
v 0.16131934518445235 0.2849829228199795 -0.03077364763562762
v -0.011260634522666568 0.3921022168125212 -0.029601861038231925
v 0.16131934518445235 0.2849829228199795 -0.03077364763562762
v -0.011260634522666568 0.3921022168125212 -0.029601861038231925
v 0.028236774129153486 0.45384866548480984 0.14297734044952426
v 0.2008167538362723 0.3467293714922681 0.14180555385212856
v 0.028236774129153486 0.45384866548480984 0.14297734044952426
v 0.2008167538362723 0.3467293714922681 0.14180555385212856
vt 0 1
vt 0.1875 1
vt 0.1875 1
vt 0 1
vt 0 1
vt 0.125 1
vt 0.125 1
vt 0 1
vt 0 1
vt 0.1875 1
vt 0.1875 1
vt 0 1
vt 0 1
vt 0.125 1
vt 0.125 1
vt 0 1
vt 0 1
vt 0.1875 1
vt 0.1875 0.875
vt 0 0.875
vt 0.25 0.5
vt 0.75 0.5
vt 0.75 0
vt 0.25 0
vn -0.8496245154812007 0.5273565242709749 0.005768795556409497
vn -0.21065284614304014 -0.3293143929188728 -0.9204224079346999
vn 0.8496245154812007 -0.5273565242709749 -0.005768795556409497
vn 0.21065284614304014 0.3293143929188728 0.9204224079346999
vn 0.4834910145030328 0.7832286555823345 -0.39088273429446496
vn -0.4834910145030328 -0.7832286555823345 0.39088273429446496
g Leaf
f 116/340/85 119/339/85 117/338/85 114/337/85
f 115/344/86 116/343/86 114/342/86 113/341/86
f 120/348/87 115/347/87 113/346/87 118/345/87
f 119/352/88 120/351/88 118/350/88 117/349/88
f 118/356/89 113/355/89 114/354/89 117/353/89
f 119/360/90 116/359/90 115/358/90 120/357/90
o cube
v 0.3672199270426125 0.4758158532815384 0.09328638093430752
v 0.31655948317743454 0.43938266683773164 0.09680665832877078
v 0.3672199270426125 0.4758158532815384 0.09328638093430752
v 0.31655948317743454 0.43938266683773164 0.09680665832877078
v 0.2827145152684323 0.4999705825017974 0.23679839066580077
v 0.33337495913361037 0.536403768945604 0.23327811327133763
v 0.2827145152684323 0.4999705825017974 0.23679839066580077
v 0.33337495913361037 0.536403768945604 0.23327811327133763
vt 0 1
vt 0.1875 1
vt 0.1875 1
vt 0 1
vt 0 1
vt 0.125 1
vt 0.125 1
vt 0 1
vt 0 1
vt 0.1875 1
vt 0.1875 1
vt 0 1
vt 0 1
vt 0.125 1
vt 0.125 1
vt 0 1
vt 0 1
vt 0.1875 1
vt 0.1875 0.875
vt 0 0.875
vt 0.25 0.5625
vt 0.75 0.5625
vt 0.75 0.75
vt 0.25 0.75
vn -0.8105671018428486 -0.5829309831009065 0.05632443831141061
vn 0.2166077946176138 -0.3877626602500207 -0.8959470869569925
vn 0.8105671018428486 0.5829309831009065 -0.05632443831141061
vn -0.2166077946176138 0.3877626602500207 0.8959470869569925
vn -0.5441158302429538 0.7140249213135614 -0.4405750503854974
vn 0.5441158302429538 -0.7140249213135614 0.4405750503854974
g Leaf
f 124/364/91 127/363/91 125/362/91 122/361/91
f 123/368/92 124/367/92 122/366/92 121/365/92
f 128/372/93 123/371/93 121/370/93 126/369/93
f 127/376/94 128/375/94 126/374/94 125/373/94
f 126/380/95 121/379/95 122/378/95 125/377/95
f 127/384/96 124/383/96 123/382/96 128/381/96
o cube
v 0.31658137369553796 0.4394092297436418 0.09680045433939377
v 0.27989961080802994 0.3573513251919307 0.12344648729079066
v 0.31658137369553796 0.4394092297436418 0.09680045433939377
v 0.27989961080802994 0.3573513251919307 0.12344648729079066
v 0.24605464289902634 0.4179392408559963 0.26343821962782044
v 0.28273640578653436 0.49999714540770746 0.23679218667642354
v 0.24605464289902634 0.4179392408559963 0.26343821962782044
v 0.28273640578653436 0.49999714540770746 0.23679218667642354
vt 0 1
vt 0.1875 1
vt 0.1875 1
vt 0 1
vt 0 1
vt 0.125 1
vt 0.125 1
vt 0 1
vt 0 1
vt 0.1875 1
vt 0.1875 1
vt 0 1
vt 0 1
vt 0.125 1
vt 0.125 1
vt 0 1
vt 0 1
vt 0.1875 1
vt 0.1875 0.875
vt 0 0.875
vt 0.25 0.75
vt 0.75 0.75
vt 0.75 1
vt 0.25 1
vn -0.391272137466752 -0.8752843152182508 0.2842243514815666
vn 0.21660779461762272 -0.38776266025001976 -0.8959470869569909
vn 0.391272137466752 0.8752843152182508 -0.2842243514815666
vn -0.21660779461762272 0.38776266025001976 0.8959470869569909
vn -0.894420023117265 0.2889939218197251 -0.3413141300886409
vn 0.894420023117265 -0.2889939218197251 0.3413141300886409
g Leaf
f 132/388/97 135/387/97 133/386/97 130/385/97
f 131/392/98 132/391/98 130/390/98 129/389/98
f 136/396/99 131/395/99 129/394/99 134/393/99
f 135/400/100 136/399/100 134/398/100 133/397/100
f 134/404/101 129/403/101 130/402/101 133/401/101
f 135/408/102 132/407/102 131/406/102 136/405/102
o cube
v 0.5642699521948424 0.5138628087097965 0.12445940792762478
v 0.36719268820604345 0.475804073755716 0.0932848936991042
v 0.5642699521948424 0.5138628087097965 0.12445940792762478
v 0.36719268820604345 0.475804073755716 0.0932848936991042
v 0.3333477202970412 0.5363919894197817 0.2332766260361343
v 0.5304249842858404 0.5744507243738624 0.26445114026465477
v 0.3333477202970412 0.5363919894197817 0.2332766260361343
v 0.5304249842858404 0.5744507243738624 0.26445114026465477
vt 0 1
vt 0.1875 1
vt 0.1875 1
vt 0 1
vt 0 1
vt 0.125 1
vt 0.125 1
vt 0 1
vt 0 1
vt 0.1875 1
vt 0.1875 1
vt 0 1
vt 0 1
vt 0.125 1
vt 0.125 1
vt 0 1
vt 0 1
vt 0.1875 1
vt 0.1875 0.875
vt 0 0.875
vt 0.25 0
vt 0.75 0
vt 0.75 0.5625
vt 0.25 0.5625
vn -0.9702265304063957 -0.18736607977393552 -0.1534745315865628
vn 0.2166077946176138 -0.38776266025002015 -0.8959470869569929
vn 0.9702265304063957 0.18736607977393552 0.1534745315865628
vn -0.2166077946176138 0.38776266025002015 0.8959470869569929
vn -0.10835840071937773 0.902515413422937 -0.41680257380151103
vn 0.10835840071937773 -0.902515413422937 0.41680257380151103
g Leaf
f 140/412/103 143/411/103 141/410/103 138/409/103
f 139/416/104 140/415/104 138/414/104 137/413/104
f 144/420/105 139/419/105 137/418/105 142/417/105
f 143/424/106 144/423/106 142/422/106 141/421/106
f 142/428/107 137/427/107 138/426/107 141/425/107
f 143/432/108 140/431/108 139/430/108 144/429/108
o cube
v 0.20278393016739105 0.43304343114343746 0.07936293070483513
v 0.12953700638017762 0.4915461050150546 0.08054098230870377
v 0.20278393016739105 0.43304343114343746 0.07936293070483513
v 0.12953700638017762 0.4915461050150546 0.08054098230870377
v 0.17004545885648636 0.5387017048779688 0.25743548386130544
v 0.24329238264369968 0.48019903100635175 0.2562574322574367
v 0.17004545885648636 0.5387017048779688 0.25743548386130544
v 0.24329238264369968 0.48019903100635175 0.2562574322574367
vt 0 1
vt 0.1875 1
vt 0.1875 1
vt 0 1
vt 0 1
vt 0.125 1
vt 0.125 1
vt 0 1
vt 0 1
vt 0.1875 1
vt 0.1875 1
vt 0 1
vt 0 1
vt 0.125 1
vt 0.125 1
vt 0 1
vt 0 1
vt 0.1875 1
vt 0.1875 0.875
vt 0 0.875
vt 0.25 0.75
vt 0.75 0.75
vt 0.75 0.5
vt 0.25 0.5
vn -0.7813005203969428 0.6240285212972481 0.012565883774599856
vn -0.21604507987364652 -0.251496532602209 -0.9434373416138753
vn 0.7813005203969428 -0.6240285212972481 -0.012565883774599856
vn 0.21604507987364652 0.251496532602209 0.9434373416138753
vn 0.5855715330255191 0.7398228833285951 -0.33131266352722993
vn -0.5855715330255191 -0.7398228833285951 0.33131266352722993
g Leaf
f 148/436/109 151/435/109 149/434/109 146/433/109
f 147/440/110 148/439/110 146/438/110 145/437/110
f 152/444/111 147/443/111 145/442/111 150/441/111
f 151/448/112 152/447/112 150/446/112 149/445/112
f 150/452/113 145/451/113 146/450/113 149/449/113
f 151/456/114 148/455/114 147/454/114 152/453/114
o cube
v 0.22652299374853624 0.35998672897048123 0.0934018062168851
v 0.20276253395589516 0.43307416739750093 0.07935963688238035
v 0.22652299374853624 0.35998672897048123 0.0934018062168851
v 0.20276253395589516 0.43307416739750093 0.07935963688238035
v 0.24327098643220502 0.4802297672604151 0.25625413843498157
v 0.267031446224846 0.4071423288333955 0.27029630776948643
v 0.24327098643220502 0.4802297672604151 0.25625413843498157
v 0.267031446224846 0.4071423288333955 0.27029630776948643
vt 0 1
vt 0.1875 1
vt 0.1875 1
vt 0 1
vt 0 1
vt 0.125 1
vt 0.125 1
vt 0 1
vt 0 1
vt 0.1875 1
vt 0.1875 1
vt 0 1
vt 0 1
vt 0.125 1
vt 0.125 1
vt 0 1
vt 0 1
vt 0.1875 1
vt 0.1875 0.875
vt 0 0.875
vt 0.25 1
vt 0.75 1
vt 0.75 0.75
vt 0.25 0.75
vn -0.30413388534580477 0.9355192118658512 -0.17973976748166157
vn -0.21604507987365257 -0.2514965326022095 -0.9434373416138736
vn 0.30413388534580477 -0.9355192118658512 0.17973976748166157
vn 0.21604507987365257 0.2514965326022095 0.9434373416138736
vn 0.92780768656379 0.24809937186329736 -0.2786029404622019
vn -0.92780768656379 -0.24809937186329736 0.2786029404622019
g Leaf
f 156/460/115 159/459/115 157/458/115 154/457/115
f 155/464/116 156/463/116 154/462/116 153/461/116
f 160/468/117 155/467/117 153/466/117 158/465/117
f 159/472/118 160/471/118 158/470/118 157/469/118
f 158/476/119 153/475/119 154/474/119 157/473/119
f 159/480/120 156/479/120 155/478/120 160/477/120
o cube
v 0.12955591565168134 0.4915355539140479 0.08053946478370144
v -0.06025618923454057 0.5592494396079086 0.10595521084594917
v 0.12955591565168134 0.4915355539140479 0.08053946478370144
v -0.06025618923454057 0.5592494396079086 0.10595521084594917
v -0.019747736758232104 0.6064050394708227 0.28284971239855095
v 0.17006436812798986 0.5386911537769619 0.2574339663363032
v -0.019747736758232104 0.6064050394708227 0.28284971239855095
v 0.17006436812798986 0.5386911537769619 0.2574339663363032
vt 0 1
vt 0.1875 1
vt 0.1875 1
vt 0 1
vt 0 1
vt 0.125 1
vt 0.125 1
vt 0 1
vt 0 1
vt 0.1875 1
vt 0.1875 1
vt 0 1
vt 0 1
vt 0.125 1
vt 0.125 1
vt 0 1
vt 0 1
vt 0.1875 1
vt 0.1875 0.875
vt 0 0.875
vt 0.25 0.5
vt 0.75 0.5
vt 0.75 0
vt 0.25 0
vn -0.9344595932860157 0.33336066803131403 0.12512367292183474
vn -0.21604507987364518 -0.2514965326022084 -0.9434373416138757
vn 0.9344595932860157 -0.33336066803131403 -0.12512367292183474
vn 0.21604507987364518 0.2514965326022084 0.9434373416138757
vn 0.28303673255979434 0.9086364284458237 -0.30703427971985975
vn -0.28303673255979434 -0.9086364284458237 0.30703427971985975
g Leaf
f 164/484/121 167/483/121 165/482/121 162/481/121
f 163/488/122 164/487/122 162/486/122 161/485/122
f 168/492/123 163/491/123 161/490/123 166/489/123
f 167/496/124 168/495/124 166/494/124 165/493/124
f 166/500/125 161/499/125 162/498/125 165/497/125
f 167/504/126 164/503/126 163/502/126 168/501/126
o cube
v 0.17797216082530165 0.584569647713002 0.18486184004789163
v 0.09121435660045873 0.6199731316864572 0.18781805868410928
v 0.17797216082530165 0.584569647713002 0.18486184004789163
v 0.09121435660045873 0.6199731316864572 0.18781805868410928
v 0.12991857639987758 0.7010786104632198 0.3523784873482032
v 0.2166763806247205 0.6656751264897645 0.3494222687119857
v 0.12991857639987758 0.7010786104632198 0.3523784873482032
v 0.2166763806247205 0.6656751264897645 0.3494222687119857
vt 0 1
vt 0.1875 1
vt 0.1875 1
vt 0 1
vt 0 1
vt 0.125 1
vt 0.125 1
vt 0 1
vt 0 1
vt 0.1875 1
vt 0.1875 1
vt 0 1
vt 0 1
vt 0.125 1
vt 0.125 1
vt 0 1
vt 0 1
vt 0.1875 1
vt 0.1875 0.875
vt 0 0.875
vt 0.25 0.75
vt 0.75 0.75
vt 0.75 0.5
vt 0.25 0.5
vn -0.9254165783983249 0.3776371623835224 0.03153299878632077
vn -0.2064225055969008 -0.43256255347606726 -0.8776556195418349
vn 0.9254165783983249 -0.3776371623835224 -0.03153299878632077
vn 0.2064225055969008 0.43256255347606726 0.8776556195418349
vn 0.31779538323996237 0.8187061810669233 -0.47825336744677494
vn -0.31779538323996237 -0.8187061810669233 0.47825336744677494
g Leaf
f 172/508/127 175/507/127 173/506/127 170/505/127
f 171/512/128 172/511/128 170/510/128 169/509/128
f 176/516/129 171/515/129 169/514/129 174/513/129
f 175/520/130 176/519/130 174/518/130 173/517/130
f 174/524/131 169/523/131 170/522/131 173/521/131
f 175/528/132 172/527/132 171/526/132 176/525/132
o cube
v 0.3961028953025496 0.6184238549303975 0.19809818834933923
v 0.33911011140648184 0.5931209103160899 0.19387520627248767
v 0.3961028953025496 0.6184238549303975 0.19809818834933923
v 0.33911011140648184 0.5931209103160899 0.19387520627248767
v 0.29272123317908205 0.6770154534544557 0.3172601328575789
v 0.3497140170751498 0.7023183980687633 0.3214831149344306
v 0.29272123317908205 0.6770154534544557 0.3172601328575789
v 0.3497140170751498 0.7023183980687633 0.3214831149344306
vt 0 1
vt 0.1875 1
vt 0.1875 1
vt 0 1
vt 0 1
vt 0.125 1
vt 0.125 1
vt 0 1
vt 0 1
vt 0.1875 1
vt 0.1875 1
vt 0 1
vt 0 1
vt 0.125 1
vt 0.125 1
vt 0 1
vt 0 1
vt 0.1875 1
vt 0.1875 0.875
vt 0 0.875
vt 0.25 0.5625
vt 0.75 0.5625
vt 0.75 0.75
vt 0.25 0.75
vn -0.9118845423370835 -0.40484711382892075 -0.06756771322962563
vn 0.29688882065535843 -0.5369250760855409 -0.7896635301445842
vn 0.9118845423370835 0.40484711382892075 0.06756771322962563
vn -0.29688882065535843 0.5369250760855409 0.7896635301445842
vn -0.28341420150824914 0.740142065481303 -0.6098082594459607
vn 0.28341420150824914 -0.740142065481303 0.6098082594459607
g Leaf
f 180/532/133 183/531/133 181/530/133 178/529/133
f 179/536/134 180/535/134 178/534/134 177/533/134
f 184/540/135 179/539/135 177/538/135 182/537/135
f 183/544/136 184/543/136 182/542/136 181/541/136
f 182/548/137 177/547/137 178/546/137 181/545/137
f 183/552/138 180/551/138 179/550/138 184/549/138
o cube
v 0.09123533725419397 0.6199681450687602 0.1878155817957029
v -0.10748175932661286 0.6351718176104901 0.22706006539197654
v 0.09123533725419397 0.6199681450687602 0.1878155817957029
v -0.10748175932661286 0.6351718176104901 0.22706006539197654
v -0.06877753952719379 0.7162772963872528 0.3916204940560706
v 0.12993955705361293 0.7010736238455229 0.35237601045979705
v -0.06877753952719379 0.7162772963872528 0.3916204940560706
v 0.12993955705361293 0.7010736238455229 0.35237601045979705
vt 0 1
vt 0.1875 1
vt 0.1875 1
vt 0 1
vt 0 1
vt 0.125 1
vt 0.125 1
vt 0 1
vt 0 1
vt 0.1875 1
vt 0.1875 1
vt 0 1
vt 0 1
vt 0.125 1
vt 0.125 1
vt 0 1
vt 0 1
vt 0.1875 1
vt 0.1875 0.875
vt 0 0.875
vt 0.25 0.5
vt 0.75 0.5
vt 0.75 0
vt 0.25 0
vn -0.9782995523978179 0.07484884943620895 0.19320361155088542
vn -0.20642250559690142 -0.4325625534760674 -0.8776556195418348
vn 0.9782995523978179 -0.07484884943620895 -0.19320361155088542
vn 0.20642250559690142 0.4325625534760674 0.8776556195418348
vn -0.017881134229319758 0.8984916733439103 -0.43862623949136115
vn 0.017881134229319758 -0.8984916733439103 0.43862623949136115
g Leaf
f 188/556/139 191/555/139 189/554/139 186/553/139
f 187/560/140 188/559/140 186/558/140 185/557/140
f 192/564/141 187/563/141 185/562/141 190/561/141
f 191/568/142 192/567/142 190/566/142 189/565/142
f 190/572/143 185/571/143 186/570/143 189/569/143
f 191/576/144 188/575/144 187/574/144 192/573/144
o cube
v 0.22292514423452192 0.5237383137900835 0.20427042045732158
v 0.17794257090590349 0.5845924409245287 0.1848575656327408
v 0.22292514423452192 0.5237383137900835 0.20427042045732158
v 0.17794257090590349 0.5845924409245287 0.1848575656327408
v 0.21664679070532245 0.6656979197012913 0.34941799429683473
v 0.2616293640339409 0.6048437925668462 0.3688308491214154
v 0.21664679070532245 0.6656979197012913 0.34941799429683473
v 0.2616293640339409 0.6048437925668462 0.3688308491214154
vt 0 1
vt 0.1875 1
vt 0.1875 1
vt 0 1
vt 0 1
vt 0.125 1
vt 0.125 1
vt 0 1
vt 0 1
vt 0.1875 1
vt 0.1875 1
vt 0 1
vt 0 1
vt 0.125 1
vt 0.125 1
vt 0 1
vt 0 1
vt 0.1875 1
vt 0.1875 0.875
vt 0 0.875
vt 0.25 1
vt 0.75 1
vt 0.75 0.75
vt 0.25 0.75
vn -0.5757769386063163 0.7789328273208983 -0.24848454175463297
vn -0.20642250559690165 -0.43256255347606726 -0.8776556195418346
vn 0.5757769386063163 -0.7789328273208983 0.24848454175463297
vn 0.20642250559690165 0.43256255347606726 0.8776556195418346
vn 0.7911198810245103 0.45404106405933803 -0.40984880870343954
vn -0.7911198810245103 -0.45404106405933803 0.40984880870343954
g Leaf
f 196/580/145 199/579/145 197/578/145 194/577/145
f 195/584/146 196/583/146 194/582/146 193/581/146
f 200/588/147 195/587/147 193/586/147 198/585/147
f 199/592/148 200/591/148 198/590/148 197/589/148
f 198/596/149 193/595/149 194/594/149 197/593/149
f 199/600/150 196/599/150 195/598/150 200/597/150
o cube
v 0.5882139701356968 0.621779379100625 0.26707259717428944
v 0.3973338362557285 0.6182563377821004 0.19770309166334243
v 0.5882139701356968 0.621779379100625 0.26707259717428944
v 0.3973338362557285 0.6182563377821004 0.19770309166334243
v 0.35094495802832926 0.702150880920466 0.321088018248434
v 0.5418250919082976 0.7056739222389905 0.39045752375938103
v 0.35094495802832926 0.702150880920466 0.321088018248434
v 0.5418250919082976 0.7056739222389905 0.39045752375938103
vt 0 1
vt 0.1875 1
vt 0.1875 1
vt 0 1
vt 0 1
vt 0.125 1
vt 0.125 1
vt 0 1
vt 0 1
vt 0.1875 1
vt 0.1875 1
vt 0 1
vt 0 1
vt 0.125 1
vt 0.125 1
vt 0 1
vt 0 1
vt 0.1875 1
vt 0.1875 0.875
vt 0 0.875
vt 0.25 0
vt 0.75 0
vt 0.75 0.5625
vt 0.25 0.5625
vn -0.9397175821783059 -0.01734420341427434 -0.3415114117462007
vn 0.2968888206553547 -0.5369250760855391 -0.7896635301445867
vn 0.9397175821783059 0.01734420341427434 0.3415114117462007
vn -0.2968888206553547 0.5369250760855391 0.7896635301445867
vn 0.16966995584024705 0.8434516235555318 -0.5097072344068763
vn -0.16966995584024705 -0.8434516235555318 0.5097072344068763
g Leaf
f 204/604/151 207/603/151 205/602/151 202/601/151
f 203/608/152 204/607/152 202/606/152 201/605/152
f 208/612/153 203/611/153 201/610/153 206/609/153
f 207/616/154 208/615/154 206/614/154 205/613/154
f 206/620/155 201/619/155 202/618/155 205/617/155
f 207/624/156 204/623/156 203/622/156 208/621/156
o cube
v 0.33576864933183814 0.5955378302028316 0.1996561567527375
v 0.27794390404067093 0.5262450832119443 0.22503087934173438
v 0.33576864933183814 0.5955378302028316 0.1996561567527375
v 0.27794390404067093 0.5262450832119443 0.22503087934173438
v 0.23155502581327014 0.61013962635031 0.3484158059268252
v 0.28937977110443736 0.6794323733411973 0.3230410833378283
v 0.23155502581327014 0.61013962635031 0.3484158059268252
v 0.28937977110443736 0.6794323733411973 0.3230410833378283
vt 0 1
vt 0.1875 1
vt 0.1875 1
vt 0 1
vt 0 1
vt 0.125 1
vt 0.125 1
vt 0 1
vt 0 1
vt 0.1875 1
vt 0.1875 1
vt 0 1
vt 0 1
vt 0.125 1
vt 0.125 1
vt 0 1
vt 0 1
vt 0.1875 1
vt 0.1875 0.875
vt 0 0.875
vt 0.25 0.75
vt 0.75 0.75
vt 0.75 1
vt 0.25 1
vn -0.6167972831057835 -0.739122634569462 0.2706637076159664
vn 0.29688882065536465 -0.5369250760855411 -0.7896635301445816
vn 0.6167972831057835 0.739122634569462 -0.2706637076159664
vn -0.29688882065536465 0.5369250760855411 0.7896635301445816
vn -0.7289843206291824 0.4067052910125871 -0.5506111754579418
vn 0.7289843206291824 -0.4067052910125871 0.5506111754579418
g Leaf
f 212/628/157 215/627/157 213/626/157 210/625/157
f 211/632/158 212/631/158 210/630/158 209/629/158
f 216/636/159 211/635/159 209/634/159 214/633/159
f 215/640/160 216/639/160 214/638/160 213/637/160
f 214/644/161 209/643/161 210/642/161 213/641/161
f 215/648/162 212/647/162 211/646/162 216/645/162
o cube
v 0.25 0.75 0.625
v 0.25 0.75 -0.125
v 0.25 0 0.625
v 0.25 0 -0.125
v 0.25 0.75 -0.125
v 0.25 0.75 0.625
v 0.25 0 -0.125
v 0.25 0 0.625
vt 0 1
vt 0 1
vt 0 0.625
vt 0 0.625
vt 0 1
vt 0.34375 1
vt 0.34375 0.625
vt 0 0.625
vt 0 1
vt 0 1
vt 0 0.625
vt 0 0.625
vt 0 1
vt 1 1
vt 1 0
vt 0 0
vt 0 1
vt 0 1
vt 0 0.65625
vt 0 0.65625
vt 0 1
vt 0 1
vt 0 0.65625
vt 0 0.65625
vn 0 0 -1
vn 1 0 0
vn 0 0 1
vn -1 0 0
vn 0 1 0
vn 0 -1 0
g Stem
f 220/652/163 223/651/163 221/650/163 218/649/163
f 219/656/164 220/655/164 218/654/164 217/653/164
f 224/660/165 219/659/165 217/658/165 222/657/165
f 223/664/166 224/663/166 222/662/166 221/661/166
f 222/668/167 217/667/167 218/666/167 221/665/167
f 223/672/168 220/671/168 219/670/168 224/669/168
o cube
v 0.28125 0.375 0.27287658773652734
v 0.21875 0.375 0.16462341226347255
v 0.28125 0.25 0.27287658773652734
v 0.21875 0.25 0.16462341226347255
v 0.21875 0.375 0.16462341226347255
v 0.28125 0.375 0.27287658773652734
v 0.21875 0.25 0.16462341226347255
v 0.28125 0.25 0.27287658773652734
vt 0 1
vt 0 1
vt 0 0.9375
vt 0 0.9375
vt 0 1
vt 0.0625 1
vt 0.0625 0.9375
vt 0 0.9375
vt 0 1
vt 0 1
vt 0 0.9375
vt 0 0.9375
vt 0.3125 1
vt 0.6875 1
vt 0.6875 0.625
vt 0.3125 0.625
vt 0 1
vt 0 1
vt 0 0.9375
vt 0 0.9375
vt 0 1
vt 0 1
vt 0 0.9375
vt 0 0.9375
vn -0.49999999999999994 0 -0.8660254037844387
vn 0.8660254037844387 0 -0.49999999999999994
vn 0.49999999999999994 0 0.8660254037844387
vn -0.8660254037844387 0 0.49999999999999994
vn 0 1 0
vn 0 -1 0
g Flower
f 228/676/169 231/675/169 229/674/169 226/673/169
f 227/680/170 228/679/170 226/678/170 225/677/170
f 232/684/171 227/683/171 225/682/171 230/681/171
f 231/688/172 232/687/172 230/686/172 229/685/172
f 230/692/173 225/691/173 226/690/173 229/689/173
f 231/696/174 228/695/174 227/694/174 232/693/174
o cube
v 0.28125 0.515625 0.35100158773652734
v 0.21875 0.515625 0.24274841226347255
v 0.28125 0.390625 0.35100158773652734
v 0.21875 0.390625 0.24274841226347255
v 0.21875 0.515625 0.24274841226347255
v 0.28125 0.515625 0.35100158773652734
v 0.21875 0.390625 0.24274841226347255
v 0.28125 0.390625 0.35100158773652734
vt 0 1
vt 0 1
vt 0 0.9375
vt 0 0.9375
vt 0 1
vt 0.0625 1
vt 0.0625 0.9375
vt 0 0.9375
vt 0 1
vt 0 1
vt 0 0.9375
vt 0 0.9375
vt 0.3125 1
vt 0.6875 1
vt 0.6875 0.625
vt 0.3125 0.625
vt 0 1
vt 0 1
vt 0 0.9375
vt 0 0.9375
vt 0 1
vt 0 1
vt 0 0.9375
vt 0 0.9375
vn -0.49999999999999994 0 -0.8660254037844387
vn 0.8660254037844387 0 -0.49999999999999994
vn 0.49999999999999994 0 0.8660254037844387
vn -0.8660254037844387 0 0.49999999999999994
vn 0 1 0
vn 0 -1 0
g Flower
f 236/700/175 239/699/175 237/698/175 234/697/175
