# Made in Blockbench 4.9.3

o cube
v 0.25 0.35355339059327373 0.35355339059327373
v 0.25 0 0
v 0.25 0.35355339059327373 0.35355339059327373
v 0.25 0 0
v -0.25 0 0
v -0.25 0.35355339059327373 0.35355339059327373
v -0.25 0 0
v -0.25 0.35355339059327373 0.35355339059327373
vt 0 1
vt 0.4375 1
vt 0.4375 1
vt 0 1
vt 0 1
vt 0.4375 1
vt 0.4375 1
vt 0 1
vt 0 1
vt 0.4375 1
vt 0.4375 1
vt 0 1
vt 0 1
vt 0.4375 1
vt 0.4375 1
vt 0 1
vt 0 1
vt 0 1
vt 0 1
vt 0 1
vt 0 1
vt 1 1
vt 1 0
vt 0 0
vn 0 -0.7071067811865476 -0.7071067811865475
vn 1 0 0
vn 0 0.7071067811865476 0.7071067811865475
vn -1 0 0
vn 0 0.7071067811865475 -0.7071067811865476
vn 0 -0.7071067811865475 0.7071067811865476
g Leaf
f 4/4/1 7/3/1 5/2/1 2/1/1
f 3/8/2 4/7/2 2/6/2 1/5/2
f 8/12/3 3/11/3 1/10/3 6/9/3
f 7/16/4 8/15/4 6/14/4 5/13/4
f 6/20/5 1/19/5 2/18/5 5/17/5
f 7/24/6 4/23/6 3/22/6 8/21/6
o cube
v 0.3602384728891238 0.368638668405062 0.21641112449930744
v 0.23096988312782174 0 -0.09567085809127235
v 0.3602384728891238 0.368638668405062 0.21641112449930744
v 0.23096988312782174 0 -0.09567085809127235
v -0.23096988312782174 0 0.0956708580912724
v -0.10170129336651956 0.368638668405062 0.407752840681852
v -0.23096988312782174 0 0.0956708580912724
v -0.10170129336651956 0.368638668405062 0.407752840681852
vt 0 1
vt 0.4375 1
vt 0.4375 1
vt 0 1
vt 0 1
vt 0.4375 1
vt 0.4375 1
vt 0 1
vt 0 1
vt 0.4375 1
vt 0.4375 1
vt 0 1
vt 0 1
vt 0.4375 1
vt 0.4375 1
vt 0 1
vt 0 1
vt 0 1
vt 0 1
vt 0 1
vt 0 1
vt 1 1
vt 1 0
vt 0 0
vn -0.25853717952260435 -0.7372773368101239 -0.6241639651811596
vn 0.923879532511287 0 -0.3826834323650895
vn 0.25853717952260435 0.7372773368101239 0.6241639651811596
vn -0.923879532511287 0 0.3826834323650895
vn -0.2821438218554903 0.6755902076156602 -0.6811554412633041
vn 0.2821438218554903 -0.6755902076156602 0.6811554412633041
g Leaf
f 12/28/7 15/27/7 13/26/7 10/25/7
f 11/32/8 12/31/8 10/30/8 9/29/8
f 16/36/9 11/35/9 9/34/9 14/33/9
f 15/40/10 16/39/10 14/38/10 13/37/10
f 14/44/11 9/43/11 10/42/11 13/41/11
f 15/48/12 12/47/12 11/46/12 16/45/12
o cube
v 0.08439362470933465 0.3213938048432695 0.4495372490870877
v 0.23096988312782174 0 0.0956708580912724
v 0.08439362470933465 0.3213938048432695 0.4495372490870877
v 0.23096988312782174 0 0.0956708580912724
v -0.23096988312782174 0 -0.0956708580912724
v -0.3775461415463087 0.3213938048432696 0.258195532904543
v -0.23096988312782174 0 -0.0956708580912724
v -0.3775461415463087 0.3213938048432696 0.258195532904543
vt 0 1
vt 0.4375 1
vt 0.4375 1
vt 0 1
vt 0 1
vt 0.4375 1
vt 0.4375 1
vt 0 1
vt 0 1
vt 0.4375 1
vt 0.4375 1
vt 0 1
vt 0 1
vt 0.4375 1
vt 0.4375 1
vt 0 1
vt 0 1
vt 0 1
vt 0 1
vt 0 1
vt 0 1
vt 1 1
vt 1 0
vt 0 0
vn 0.2931525168369741 -0.6427876096865393 -0.7077327819916307
vn 0.9238795325112868 0 0.3826834323650895
vn -0.2931525168369741 0.6427876096865393 0.7077327819916307
vn -0.9238795325112868 0 -0.3826834323650895
vn 0.2459841687565964 0.7660444431189782 -0.5938583163412473
vn -0.2459841687565964 -0.7660444431189782 0.5938583163412473
g Leaf
f 20/52/13 23/51/13 21/50/13 18/49/13
f 19/56/14 20/55/14 18/54/14 17/53/14
f 24/60/15 19/59/15 17/58/15 22/57/15
f 23/64/16 24/63/16 22/62/16 21/61/16
f 22/68/17 17/67/17 18/66/17 21/65/17
f 23/72/18 20/71/18 19/70/18 24/69/18
o cube
v -0.10371606810182854 0.3043807145043602 0.4572694586951024
v 0.17677669529663698 0 0.17677669529663687
v -0.10371606810182854 0.3043807145043602 0.4572694586951024
v 0.17677669529663698 0 0.17677669529663687
v -0.17677669529663692 0 -0.17677669529663687
v -0.4572694586951024 0.3043807145043602 0.10371606810182876
v -0.17677669529663692 0 -0.17677669529663687
v -0.4572694586951024 0.3043807145043602 0.10371606810182876
vt 0 1
vt 0.4375 1
vt 0.4375 1
vt 0 1
vt 0 1
vt 0.4375 1
vt 0.4375 1
vt 0 1
vt 0 1
vt 0.4375 1
vt 0.4375 1
vt 0 1
vt 0 1
vt 0.4375 1
vt 0.4375 1
vt 0 1
vt 0 1
vt 0 1
vt 0 1
vt 0 1
vt 0 1
vt 1 1
vt 1 0
vt 0 0
vn 0.5609855267969309 -0.6087614290087207 -0.5609855267969313
vn 0.7071067811865477 0 0.7071067811865474
vn -0.5609855267969309 0.6087614290087207 0.5609855267969313
vn -0.7071067811865477 0 -0.7071067811865474
vn 0.4304593345768793 0.7933533402912354 -0.4304593345768796
vn -0.4304593345768793 -0.7933533402912354 0.4304593345768796
g Leaf
f 28/76/19 31/75/19 29/74/19 26/73/19
f 27/80/20 28/79/20 26/78/20 25/77/20
f 32/84/21 27/83/21 25/82/21 30/81/21
f 31/88/22 32/87/22 30/86/22 29/85/22
f 30/92/23 25/91/23 26/90/23 29/89/23
f 31/96/24 28/95/24 27/94/24 32/93/24
o cube
v -0.4330126973296889 0.249999997365822 0.25000001053671217
v 0 0 0.2499999999999999
v -0.4330126973296889 0.249999997365822 0.25000001053671217
v 0 0 0.2499999999999999
v 0 0 -0.2499999999999999
v -0.4330127064547494 0.2500000026341782 -0.24999998946328772
v 0 0 -0.2499999999999999
v -0.4330127064547494 0.2500000026341782 -0.24999998946328772
vt 0 1
vt 0.4375 1
vt 0.4375 1
vt 0 1
vt 0 1
vt 0.4375 1
vt 0.4375 1
vt 0 1
vt 0 1
vt 0.4375 1
vt 0.4375 1
vt 0 1
vt 0 1
vt 0.4375 1
vt 0.4375 1
vt 0 1
vt 0 1
vt 0 1
vt 0 1
vt 0 1
vt 0 1
vt 1 1
vt 1 0
vt 0 0
vn 0.8660254037844384 -0.5000000000000002 0
vn 0 0 0.9999999999999998
vn -0.8660254037844384 0.5000000000000002 0
vn 0 0 -0.9999999999999998
vn 0.5000000000000003 0.8660254037844385 0
vn -0.5000000000000003 -0.8660254037844385 0
g Leaf
f 36/100/25 39/99/25 37/98/25 34/97/25
f 35/104/26 36/103/26 34/102/26 33/101/26
f 40/108/27 35/107/27 33/106/27 38/105/27
f 39/112/28 40/111/28 38/110/28 37/109/28
f 38/116/29 33/115/29 34/114/29 37/113/29
f 39/120/30 36/119/30 35/118/30 40/117/30
o cube
v -0.28272804577541805 0.28678821817552325 0.38770784109651646
v 0.09567085809127174 0 0.23096988312782196
v -0.28272804577541805 0.28678821817552325 0.38770784109651646
v 0.09567085809127174 0 0.23096988312782196
v -0.09567085809127168 0 -0.23096988312782202
v -0.4740697619579614 0.28678821817552325 -0.07423192515912758
v -0.09567085809127168 0 -0.23096988312782202
v -0.4740697619579614 0.28678821817552325 -0.07423192515912758
vt 0 1
vt 0.4375 1
vt 0.4375 1
vt 0 1
vt 0 1
vt 0.4375 1
vt 0.4375 1
vt 0 1
vt 0 1
vt 0.4375 1
vt 0.4375 1
vt 0 1
vt 0 1
vt 0.4375 1
vt 0.4375 1
vt 0 1
vt 0 1
vt 0 1
vt 0 1
vt 0 1
vt 0 1
vt 1 1
vt 1 0
vt 0 0
vn 0.7567978077333795 -0.5735764363510465 -0.3134759159373889
vn 0.3826834323650868 0 0.9238795325112881
vn -0.7567978077333795 0.5735764363510465 0.3134759159373889
vn -0.3826834323650868 0 -0.9238795325112881
vn 0.5299155298754953 0.8191520442889915 -0.21949819938655304
vn -0.5299155298754953 -0.8191520442889915 0.21949819938655304
g Leaf
f 44/124/31 47/123/31 45/122/31 42/121/31
f 43/128/32 44/127/32 42/126/32 41/125/32
f 48/132/33 43/131/33 41/130/33 46/129/33
f 47/136/34 48/135/34 46/134/34 45/133/34
f 46/140/35 41/139/35 42/138/35 45/137/35
f 47/144/36 44/143/36 43/142/36 48/141/36
o cube
v 0.4881480071969526 0.108219807775352 -0.2499999925494194
v 0 0 -0.25
v 0.4881480071969526 0.108219807775352 -0.2499999925494194
v 0 0 -0.25
v 0 0 0.25
v 0.4881479999229805 0.10821980616275118 0.2500000074505806
v 0 0 0.25
v 0.4881479999229805 0.10821980616275118 0.2500000074505806
vt 0 1
vt 0.4375 1
vt 0.4375 1
vt 0 1
vt 0 1
vt 0.4375 1
vt 0.4375 1
vt 0 1
vt 0 1
vt 0.4375 1
vt 0.4375 1
vt 0 1
vt 0 1
vt 0.4375 1
vt 0.4375 1
vt 0 1
vt 0 1
vt 0 1
vt 0 1
vt 0 1
vt 0 1
vt 1 1
vt 1 0
vt 0 0
vn -0.9762960071199334 -0.21643961393810324 0
vn 0 0 -1
vn 0.9762960071199334 0.21643961393810324 0
vn 0 0 1
vn -0.2164396139381032 0.9762960071199334 0
vn 0.2164396139381032 -0.9762960071199334 0
g Leaf
f 52/148/37 55/147/37 53/146/37 50/145/37
f 51/152/38 52/151/38 50/150/38 49/149/38
f 56/156/39 51/155/39 49/154/39 54/153/39
f 55/160/40 56/159/40 54/158/40 53/157/40
f 54/164/41 49/163/41 50/162/41 53/161/41
f 55/168/42 52/167/42 51/166/42 56/165/42
o cube
v 0.5505927213244772 0.08682408883346526 -0.04253507755659025
v 0.0956708580912724 0 -0.23096988312782174
v 0.5505927213244772 0.08682408883346526 -0.04253507755659025
v 0.0956708580912724 0 -0.23096988312782174
v -0.09567085809127235 0 0.23096988312782174
v 0.3592510051419324 0.08682408883346526 0.41940468869905323
v -0.09567085809127235 0 0.23096988312782174
v 0.3592510051419324 0.08682408883346526 0.41940468869905323
vt 0 1
vt 0.4375 1
vt 0.4375 1
vt 0 1
vt 0 1
vt 0.4375 1
vt 0.4375 1
vt 0 1
vt 0 1
vt 0.4375 1
vt 0.4375 1
vt 0 1
vt 0 1
vt 0.4375 1
vt 0.4375 1
vt 0 1
vt 0 1
vt 0 1
vt 0 1
vt 0 1
vt 0 1
vt 1 1
vt 1 0
vt 0 0
vn -0.9098437264664097 -0.17364817766693053 -0.376869611142463
vn 0.38268343236508934 0 -0.923879532511287
vn 0.9098437264664097 0.17364817766693053 0.376869611142463
vn -0.38268343236508934 0 0.923879532511287
vn -0.16042999720436066 0.984807753012208 -0.06645228065352375
vn 0.16042999720436066 -0.984807753012208 0.06645228065352375
g Leaf
f 60/172/43 63/171/43 61/170/43 58/169/43
f 59/176/44 60/175/44 58/174/44 57/173/44
f 64/180/45 59/179/45 57/178/45 62/177/45
f 63/184/46 64/183/46 62/182/46 61/181/46
f 62/188/47 57/187/47 58/186/47 61/185/47
f 63/192/48 60/191/48 59/190/48 64/189/48
o cube
v 0.5273053876216258 0.06526309611002579 0.1737519970283521
v 0.17677669529663687 0 -0.17677669529663687
v 0.5273053876216258 0.06526309611002579 0.1737519970283521
v 0.17677669529663687 0 -0.17677669529663687
v -0.17677669529663687 0 0.17677669529663687
v 0.1737519970283521 0.06526309611002579 0.5273053876216258
v -0.17677669529663687 0 0.17677669529663687
v 0.1737519970283521 0.06526309611002579 0.5273053876216258
vt 0 1
vt 0.4375 1
vt 0.4375 1
vt 0 1
vt 0 1
vt 0.4375 1
vt 0.4375 1
vt 0 1
vt 0 1
vt 0.4375 1
vt 0.4375 1
vt 0 1
vt 0 1
vt 0.4375 1
vt 0.4375 1
vt 0 1
vt 0 1
vt 0 1
vt 0 1
vt 0 1
vt 0 1
vt 1 1
vt 1 0
vt 0 0
vn -0.7010573846499779 -0.13052619222005163 -0.7010573846499779
vn 0.7071067811865476 0 -0.7071067811865476
vn 0.7010573846499779 0.13052619222005163 0.7010573846499779
vn -0.7071067811865476 0 0.7071067811865476
vn -0.09229595564125728 0.9914448613738104 -0.09229595564125723
vn 0.09229595564125728 -0.9914448613738104 0.09229595564125723
g Leaf
f 68/196/49 71/195/49 69/194/49 66/193/49
f 67/200/50 68/199/50 66/198/50 65/197/50
f 72/204/51 67/203/51 65/202/51 70/201/51
f 71/208/52 72/207/52 70/206/52 69/205/52
f 70/212/53 65/211/53 66/210/53 69/209/53
f 71/216/54 68/215/54 67/214/54 72/213/54
o cube
v -0.49038238574321713 0.23087430661751696 -0.13682898193245197
v -0.17677669157134646 0 0.17677669902192716
v -0.49038238574321713 0.23087430661751696 -0.13682898193245197
v -0.17677669157134646 0 0.17677669902192716
v 0.17677669157134646 0 -0.17677669902192716
v -0.13682900260052422 0.23087430661751696 -0.4903823799763063
v 0.17677669157134646 0 -0.17677669902192716
v -0.13682900260052422 0.23087430661751696 -0.4903823799763063
vt 0 1
vt 0.4375 1
vt 0.4375 1
vt 0 1
vt 0 1
vt 0.4375 1
vt 0.4375 1
vt 0 1
vt 0 1
vt 0.4375 1
vt 0.4375 1
vt 0 1
vt 0 1
vt 0.4375 1
vt 0.4375 1
vt 0 1
vt 0 1
vt 0 1
vt 0 1
vt 0 1
vt 0 1
vt 1 1
vt 1 0
vt 0 0
vn 0.6272113883437415 -0.4617486132350339 0.6272113619087583
vn -0.7071067662853862 0 0.7071067960877088
vn -0.6272113883437415 0.4617486132350339 -0.6272113619087583
vn 0.7071067662853862 0 -0.7071067960877088
vn 0.32650558250256745 0.8870108331782218 0.3265055687413863
vn -0.32650558250256745 -0.8870108331782218 -0.3265055687413863
g Leaf
f 76/220/55 79/219/55 77/218/55 74/217/55
f 75/224/56 76/223/56 74/222/56 73/221/56
f 80/228/57 75/227/57 73/226/57 78/225/57
f 79/232/58 80/231/58 78/230/58 77/229/58
f 78/236/59 73/235/59 74/234/59 77/233/59
f 79/240/60 76/239/60 75/238/60 80/237/60
o cube
v -0.49572242931158844 0.25 0.06526310655659462
v -0.09567085322394625 0 0.23096988514393424
v -0.49572242931158844 0.25 0.06526310655659462
v -0.09567085322394625 0 0.23096988514393424
v 0.0956708532239463 0 -0.23096988514393424
v -0.30438072286369594 0.25 -0.39667666373127386
v 0.0956708532239463 0 -0.23096988514393424
v -0.30438072286369594 0.25 -0.39667666373127386
vt 0 1
vt 0.4375 1
vt 0.4375 1
vt 0 1
vt 0 1
vt 0.4375 1
vt 0.4375 1
vt 0 1
vt 0 1
vt 0.4375 1
vt 0.4375 1
vt 0 1
vt 0 1
vt 0.4375 1
vt 0.4375 1
vt 0 1
vt 0 1
vt 0 1
vt 0 1
vt 0 1
vt 0 1
vt 1 1
vt 1 0
vt 0 0
vn 0.800103152175284 -0.5 0.33141355717467924
vn -0.3826834128957848 0 0.9238795405757367
vn -0.800103152175284 0.5 -0.33141355717467924
vn 0.3826834128957848 0 -0.9238795405757367
vn 0.4619397702878682 0.8660254037844389 0.19134170644789245
vn -0.4619397702878682 -0.8660254037844389 -0.19134170644789245
g Leaf
f 84/244/61 87/243/61 85/242/61 82/241/61
f 83/248/62 84/247/62 82/246/62 81/245/62
f 88/252/63 83/251/63 81/250/63 86/249/63
f 87/256/64 88/255/64 86/254/64 85/253/64
f 86/260/65 81/259/65 82/258/65 85/257/65
f 87/264/66 84/263/66 83/262/66 88/261/66
o cube
v -0.4043843704890189 0.2113091308703502 -0.3229887492081065
v -0.23096988312782157 0 0.09567085809127263
v -0.4043843704890189 0.2113091308703502 -0.3229887492081065
v -0.23096988312782157 0 0.09567085809127263
v 0.23096988312782152 0 -0.09567085809127263
v 0.05755539576662427 0.21130913087035008 -0.5143304653906517
v 0.23096988312782152 0 -0.09567085809127263
v 0.05755539576662427 0.21130913087035008 -0.5143304653906517
vt 0 1
vt 0.4375 1
vt 0.4375 1
vt 0 1
vt 0 1
vt 0.4375 1
vt 0.4375 1
vt 0 1
vt 0 1
vt 0.4375 1
vt 0.4375 1
vt 0 1
vt 0 1
vt 0.4375 1
vt 0.4375 1
vt 0 1
vt 0 1
vt 0 1
vt 0 1
vt 0 1
vt 0 1
vt 1 1
vt 1 0
vt 0 0
vn 0.3468289747223946 -0.42261826174070033 0.8373192145987585
vn -0.9238795325112865 0 0.38268343236509067
vn -0.3468289747223946 0.42261826174070033 -0.8373192145987585
vn 0.9238795325112865 0 -0.38268343236509067
vn 0.16172900698309955 0.9063077870366497 0.39044836208773076
vn -0.16172900698309955 -0.9063077870366497 -0.39044836208773076
g Leaf
f 92/268/67 95/267/67 93/266/67 90/265/67
f 91/272/68 92/271/68 90/270/68 89/269/68
f 96/276/69 91/275/69 89/274/69 94/273/69
f 95/280/70 96/279/70 94/278/70 93/277/70
f 94/284/71 89/283/71 90/282/71 93/281/71
f 95/288/72 92/287/72 91/286/72 96/285/72
o cube
v -0.2500000000000002 0.19134171618254503 -0.46193976625564326
v -0.25 0 0
v -0.2500000000000002 0.19134171618254503 -0.46193976625564326
v -0.25 0 0
v 0.25 0 0
v 0.24999999999999978 0.19134171618254492 -0.4619397662556435
v 0.25 0 0
v 0.24999999999999978 0.19134171618254492 -0.4619397662556435
vt 0 1
vt 0.4375 1
vt 0.4375 1
vt 0 1
vt 0 1
vt 0.4375 1
vt 0.4375 1
vt 0 1
vt 0 1
vt 0.4375 1
vt 0.4375 1
vt 0 1
vt 0 1
vt 0.4375 1
vt 0.4375 1
vt 0 1
vt 0 1
vt 0 1
vt 0 1
vt 0 1
vt 0 1
vt 1 1
vt 1 0
vt 0 0
vn 0 -0.3826834323650899 0.9238795325112867
vn -1 0 0
vn 0 0.3826834323650899 -0.9238795325112867
vn 1 0 0
vn 0 0.9238795325112867 0.3826834323650899
vn 0 -0.9238795325112867 -0.3826834323650899
g Leaf
f 100/292/73 103/291/73 101/290/73 98/289/73
f 99/296/74 100/295/74 98/294/74 97/293/74
f 104/300/75 99/299/75 97/298/75 102/297/75
f 103/304/76 104/303/76 102/302/76 101/301/76
f 102/308/77 97/307/77 98/306/77 101/305/77
f 103/312/78 100/311/78 99/310/78 104/309/78
o cube
v 0.16041316630667612 0.15035289975213662 -0.513966556899951
v -0.1767766952966372 0 -0.17677669529663653
v 0.16041316630667612 0.15035289975213662 -0.513966556899951
v -0.1767766952966372 0 -0.17677669529663653
v 0.1767766952966372 0 0.17677669529663653
v 0.5139665568999505 0.15035289975213662 -0.1604131663066779
v 0.1767766952966372 0 0.17677669529663653
v 0.5139665568999505 0.15035289975213662 -0.1604131663066779
vt 0 1
vt 0.4375 1
vt 0.4375 1
vt 0 1
vt 0 1
vt 0.4375 1
vt 0.4375 1
vt 0 1
vt 0 1
vt 0.4375 1
vt 0.4375 1
vt 0 1
vt 0 1
vt 0.4375 1
vt 0.4375 1
vt 0 1
vt 0 1
vt 0 1
vt 0 1
vt 0 1
vt 0 1
vt 1 1
vt 1 0
vt 0 0
vn -0.6743797232066266 -0.3007057995042732 0.6743797232066291
vn -0.7071067811865488 0 -0.7071067811865464
vn 0.6743797232066266 0.3007057995042732 -0.6743797232066291
vn 0.7071067811865488 0 0.7071067811865464
vn -0.21263110997159348 0.9537169507482268 0.21263110997159437
vn 0.21263110997159348 -0.9537169507482268 -0.21263110997159437
g Leaf
f 108/316/79 111/315/79 109/314/79 106/313/79
f 107/320/80 108/319/80 106/318/80 105/317/80
f 112/324/81 107/323/81 105/322/81 110/321/81
f 111/328/82 112/327/82 110/326/82 109/325/82
f 110/332/83 105/331/83 106/330/83 109/329/83
f 111/336/84 108/335/84 107/334/84 112/333/84
o cube
v 0.3505286923249884 0.12940952255126026 -0.4157917884350152
v -0.09567085809127274 0 -0.23096988312782152
v 0.3505286923249884 0.12940952255126026 -0.4157917884350152
v -0.09567085809127274 0 -0.23096988312782152
v 0.09567085809127274 0 0.23096988312782152
v 0.5418704085075339 0.12940952255126015 0.04614797782062785
v 0.09567085809127274 0 0.23096988312782152
v 0.5418704085075339 0.12940952255126015 0.04614797782062785
vt 0 1
vt 0.4375 1
vt 0.4375 1
vt 0 1
vt 0 1
vt 0.4375 1
vt 0.4375 1
vt 0 1
vt 0 1
vt 0.4375 1
vt 0.4375 1
vt 0 1
vt 0 1
vt 0.4375 1
vt 0.4375 1
vt 0 1
vt 0 1
vt 0 1
vt 0 1
vt 0 1
vt 0 1
vt 1 1
vt 1 0
vt 0 0
vn -0.8923991008325225 -0.25881904510252046 0.36964381061438734
vn -0.382683432365091 0 -0.9238795325112862
vn 0.8923991008325225 0.25881904510252046 -0.36964381061438734
vn 0.382683432365091 0 0.9238795325112862
vn -0.23911761839433415 0.9659258262890685 0.09904576054128793
vn 0.23911761839433415 -0.9659258262890685 -0.09904576054128793
g Leaf
f 116/340/85 119/339/85 117/338/85 114/337/85
f 115/344/86 116/343/86 114/342/86 113/341/86
f 120/348/87 115/347/87 113/346/87 118/345/87
f 119/352/88 120/351/88 118/350/88 117/349/88
f 118/356/89 113/355/89 114/354/89 117/353/89
f 119/360/90 116/359/90 115/358/90 120/357/90
o cube
v -0.05116748438257274 0.17101007166283444 -0.5297522476892678
v -0.23096988312782163 0 -0.09567085809127235
v -0.05116748438257274 0.17101007166283444 -0.5297522476892678
v -0.23096988312782163 0 -0.09567085809127235
v 0.23096988312782163 0 0.0956708580912724
v 0.4107722818730706 0.17101007166283444 -0.338410531506723
v 0.23096988312782163 0 0.0956708580912724
v 0.4107722818730706 0.17101007166283444 -0.338410531506723
vt 0 1
vt 0.4375 1
vt 0.4375 1
vt 0 1
vt 0 1
vt 0.4375 1
vt 0.4375 1
vt 0 1
vt 0 1
vt 0.4375 1
vt 0.4375 1
vt 0 1
vt 0 1
vt 0.4375 1
vt 0.4375 1
vt 0 1
vt 0 1
vt 0 1
vt 0 1
vt 0 1
vt 0 1
vt 1 1
vt 1 0
vt 0 0
vn -0.35960479749049795 -0.3420201433256689 0.8681627791959909
vn -0.9238795325112868 0 -0.3826834323650895
vn 0.35960479749049795 0.3420201433256689 -0.8681627791959909
vn 0.9238795325112868 0 0.3826834323650895
vn -0.13088544238586675 0.9396926207859084 0.3159854101251624
vn 0.13088544238586675 -0.9396926207859084 -0.3159854101251624
g Leaf
f 124/364/91 127/363/91 125/362/91 122/361/91
f 123/368/92 124/367/92 122/366/92 121/365/92
f 128/372/93 123/371/93 121/370/93 126/369/93
f 127/376/94 128/375/94 126/374/94 125/373/94
f 126/380/95 121/379/95 122/378/95 125/377/95
f 127/384/96 124/383/96 123/382/96 128/381/96
o cube
v -0.25000000000000006 0.35355339059327373 -0.3535533905932737
v -0.25 0 0
v -0.25000000000000006 0.35355339059327373 -0.3535533905932737
v -0.25 0 0
v 0.25 0 0
v 0.25 0.35355339059327373 -0.3535533905932738
v 0.25 0 0
v 0.25 0.35355339059327373 -0.3535533905932738
vt 0 1
vt 0.4375 1
vt 0.4375 1
vt 0 1
vt 0 1
vt 0.4375 1
vt 0.4375 1
vt 0 1
vt 0 1
vt 0.4375 1
vt 0.4375 1
vt 0 1
vt 0 1
vt 0.4375 1
vt 0.4375 1
vt 0 1
vt 0 1
vt 0 1
vt 0 1
vt 0 1
vt 0 1
vt 1 1
vt 1 0
vt 0 0
vn 0 -0.7071067811865476 0.7071067811865475
vn -1 0 0
vn 0 0.7071067811865476 -0.7071067811865475
vn 1 0 0
vn 0 0.7071067811865475 0.7071067811865476
vn 0 -0.7071067811865475 -0.7071067811865476
g Leaf
f 132/388/97 135/387/97 133/386/97 130/385/97
f 131/392/98 132/391/98 130/390/98 129/389/98
f 136/396/99 131/395/99 129/394/99 134/393/99
f 135/400/100 136/399/100 134/398/100 133/397/100
f 134/404/101 129/403/101 130/402/101 133/401/101
f 135/408/102 132/407/102 131/406/102 136/405/102
o cube
v -0.36023847288912386 0.368638668405062 -0.21641112449930733
v -0.23096988312782174 0 0.0956708580912724
v -0.36023847288912386 0.368638668405062 -0.21641112449930733
v -0.23096988312782174 0 0.0956708580912724
v 0.23096988312782174 0 -0.0956708580912724
v 0.10170129336651956 0.368638668405062 -0.40775284068185214
v 0.23096988312782174 0 -0.0956708580912724
v 0.10170129336651956 0.368638668405062 -0.40775284068185214
vt 0 1
vt 0.4375 1
vt 0.4375 1
vt 0 1
vt 0 1
vt 0.4375 1
vt 0.4375 1
vt 0 1
vt 0 1
vt 0.4375 1
vt 0.4375 1
vt 0 1
vt 0 1
vt 0.4375 1
vt 0.4375 1
vt 0 1
vt 0 1
vt 0 1
vt 0 1
vt 0 1
vt 0 1
vt 1 1
vt 1 0
vt 0 0
vn 0.2585371795226044 -0.737277336810124 0.6241639651811596
vn -0.923879532511287 0 0.3826834323650896
vn -0.2585371795226044 0.737277336810124 -0.6241639651811596
vn 0.923879532511287 0 -0.3826834323650896
vn 0.2821438218554904 0.6755902076156604 0.6811554412633041
vn -0.2821438218554904 -0.6755902076156604 -0.6811554412633041
g Leaf
f 140/412/103 143/411/103 141/410/103 138/409/103
f 139/416/104 140/415/104 138/414/104 137/413/104
f 144/420/105 139/419/105 137/418/105 142/417/105
f 143/424/106 144/423/106 142/422/106 141/421/106
f 142/428/107 137/427/107 138/426/107 141/425/107
f 143/432/108 140/431/108 139/430/108 144/429/108
o cube
v -0.08439362470933476 0.3213938048432695 -0.4495372490870877
v -0.23096988312782174 0 -0.09567085809127235
v -0.08439362470933476 0.3213938048432695 -0.4495372490870877
v -0.23096988312782174 0 -0.09567085809127235
v 0.23096988312782174 0 0.0956708580912724
v 0.3775461415463087 0.3213938048432696 -0.258195532904543
v 0.23096988312782174 0 0.0956708580912724
v 0.3775461415463087 0.3213938048432696 -0.258195532904543
vt 0 1
vt 0.4375 1
vt 0.4375 1
vt 0 1
vt 0 1
vt 0.4375 1
vt 0.4375 1
vt 0 1
vt 0 1
vt 0.4375 1
vt 0.4375 1
vt 0 1
vt 0 1
vt 0.4375 1
vt 0.4375 1
vt 0 1
vt 0 1
vt 0 1
vt 0 1
vt 0 1
vt 0 1
vt 1 1
vt 1 0
vt 0 0
vn -0.29315251683697396 -0.6427876096865391 0.7077327819916307
vn -0.9238795325112868 0 -0.3826834323650894
vn 0.29315251683697396 0.6427876096865391 -0.7077327819916307
vn 0.9238795325112868 0 0.3826834323650894
vn -0.24598416875659632 0.7660444431189781 0.5938583163412473
vn 0.24598416875659632 -0.7660444431189781 -0.5938583163412473
g Leaf
f 148/436/109 151/435/109 149/434/109 146/433/109
f 147/440/110 148/439/110 146/438/110 145/437/110
f 152/444/111 147/443/111 145/442/111 150/441/111
f 151/448/112 152/447/112 150/446/112 149/445/112
f 150/452/113 145/451/113 146/450/113 149/449/113
f 151/456/114 148/455/114 147/454/114 152/453/114
o cube
v 0.10371606810182843 0.3043807145043602 -0.45726945869510244
v -0.17677669529663698 0 -0.1767766952966368
v 0.10371606810182843 0.3043807145043602 -0.45726945869510244
v -0.17677669529663698 0 -0.1767766952966368
v 0.17677669529663698 0 0.17677669529663675
v 0.4572694586951024 0.3043807145043602 -0.10371606810182882
v 0.17677669529663698 0 0.17677669529663675
v 0.4572694586951024 0.3043807145043602 -0.10371606810182882
vt 0 1
vt 0.4375 1
vt 0.4375 1
vt 0 1
vt 0 1
vt 0.4375 1
vt 0.4375 1
vt 0 1
vt 0 1
vt 0.4375 1
vt 0.4375 1
vt 0 1
vt 0 1
vt 0.4375 1
vt 0.4375 1
vt 0 1
vt 0 1
vt 0 1
vt 0 1
vt 0 1
vt 0 1
vt 1 1
vt 1 0
vt 0 0
vn -0.5609855267969308 -0.6087614290087207 0.5609855267969313
vn -0.7071067811865478 0 -0.7071067811865474
vn 0.5609855267969308 0.6087614290087207 -0.5609855267969313
vn 0.7071067811865478 0 0.7071067811865474
vn -0.43045933457687924 0.7933533402912354 0.4304593345768797
vn 0.43045933457687924 -0.7933533402912354 -0.4304593345768797
g Leaf
f 156/460/115 159/459/115 157/458/115 154/457/115
f 155/464/116 156/463/116 154/462/116 153/461/116
f 160/468/117 155/467/117 153/466/117 158/465/117
f 159/472/118 160/471/118 158/470/118 157/469/118
f 158/476/119 153/475/119 154/474/119 157/473/119
f 159/480/120 156/479/120 155/478/120 160/477/120
o cube
v 0.43301269732968883 0.249999997365822 -0.25000001053671217
v 0 0 -0.2499999999999999
v 0.43301269732968883 0.249999997365822 -0.25000001053671217
v 0 0 -0.2499999999999999
v 0 0 0.2499999999999999
v 0.43301270645474943 0.2500000026341782 0.2499999894632876
v 0 0 0.2499999999999999
v 0.43301270645474943 0.2500000026341782 0.2499999894632876
vt 0 1
vt 0.4375 1
vt 0.4375 1
vt 0 1
vt 0 1
vt 0.4375 1
vt 0.4375 1
vt 0 1
vt 0 1
vt 0.4375 1
vt 0.4375 1
vt 0 1
vt 0 1
vt 0.4375 1
vt 0.4375 1
vt 0 1
vt 0 1
vt 0 1
vt 0 1
vt 0 1
vt 0 1
vt 1 1
vt 1 0
vt 0 0
vn -0.8660254037844384 -0.5000000000000002 0
vn 0 0 -0.9999999999999998
vn 0.8660254037844384 0.5000000000000002 0
vn 0 0 0.9999999999999998
vn -0.5000000000000003 0.8660254037844385 0
vn 0.5000000000000003 -0.8660254037844385 0
g Leaf
f 164/484/121 167/483/121 165/482/121 162/481/121
f 163/488/122 164/487/122 162/486/122 161/485/122
f 168/492/123 163/491/123 161/490/123 166/489/123
f 167/496/124 168/495/124 166/494/124 165/493/124
f 166/500/125 161/499/125 162/498/125 165/497/125
f 167/504/126 164/503/126 163/502/126 168/501/126
o cube
v 0.282728045775418 0.28678821817552325 -0.3877078410965165
v -0.09567085809127174 0 -0.23096988312782202
v 0.282728045775418 0.28678821817552325 -0.3877078410965165
v -0.09567085809127174 0 -0.23096988312782202
v 0.09567085809127174 0 0.23096988312782196
v 0.47406976195796147 0.28678821817552325 0.07423192515912747
v 0.09567085809127174 0 0.23096988312782196
v 0.47406976195796147 0.28678821817552325 0.07423192515912747
vt 0 1
vt 0.4375 1
vt 0.4375 1
vt 0 1
vt 0 1
vt 0.4375 1
vt 0.4375 1
vt 0 1
vt 0 1
vt 0.4375 1
vt 0.4375 1
vt 0 1
vt 0 1
vt 0.4375 1
vt 0.4375 1
vt 0 1
vt 0 1
vt 0 1
vt 0 1
vt 0 1
vt 0 1
vt 1 1
vt 1 0
vt 0 0
vn -0.7567978077333795 -0.5735764363510466 0.313475915937389
vn -0.38268343236508695 0 -0.9238795325112881
vn 0.7567978077333795 0.5735764363510466 -0.313475915937389
vn 0.38268343236508695 0 0.9238795325112881
vn -0.5299155298754954 0.8191520442889917 0.21949819938655316
vn 0.5299155298754954 -0.8191520442889917 -0.21949819938655316
g Leaf
f 172/508/127 175/507/127 173/506/127 170/505/127
f 171/512/128 172/511/128 170/510/128 169/509/128
f 176/516/129 171/515/129 169/514/129 174/513/129
f 175/520/130 176/519/130 174/518/130 173/517/130
f 174/524/131 169/523/131 170/522/131 173/521/131
f 175/528/132 172/527/132 171/526/132 176/525/132
o cube
v -0.4881480071969526 0.108219807775352 0.2499999925494194
v 0 0 0.25
v -0.4881480071969526 0.108219807775352 0.2499999925494194
v 0 0 0.25
v 0 0 -0.25
v -0.48814799992298064 0.10821980616275118 -0.2500000074505805
v 0 0 -0.25
v -0.48814799992298064 0.10821980616275118 -0.2500000074505805
vt 0 1
vt 0.4375 1
vt 0.4375 1
vt 0 1
vt 0 1
vt 0.4375 1
vt 0.4375 1
vt 0 1
vt 0 1
vt 0.4375 1
vt 0.4375 1
vt 0 1
vt 0 1
vt 0.4375 1
vt 0.4375 1
vt 0 1
vt 0 1
vt 0 1
vt 0 1
vt 0 1
vt 0 1
vt 1 1
vt 1 0
vt 0 0
vn 0.9762960071199331 -0.2164396139381032 0
vn 0 0 1
vn -0.9762960071199331 0.2164396139381032 0
vn 0 0 -1
vn 0.2164396139381032 0.9762960071199334 0
vn -0.2164396139381032 -0.9762960071199334 0
g Leaf
f 180/532/133 183/531/133 181/530/133 178/529/133
f 179/536/134 180/535/134 178/534/134 177/533/134
f 184/540/135 179/539/135 177/538/135 182/537/135
f 183/544/136 184/543/136 182/542/136 181/541/136
f 182/548/137 177/547/137 178/546/137 181/545/137
f 183/552/138 180/551/138 179/550/138 184/549/138
o cube
v -0.5505927213244771 0.08682408883346526 0.04253507755659025
v -0.09567085809127229 0 0.23096988312782174
v -0.5505927213244771 0.08682408883346526 0.04253507755659025
v -0.09567085809127229 0 0.23096988312782174
v 0.09567085809127229 0 -0.23096988312782174
v -0.35925100514193253 0.08682408883346526 -0.4194046886990532
v 0.09567085809127229 0 -0.23096988312782174
v -0.35925100514193253 0.08682408883346526 -0.4194046886990532
vt 0 1
vt 0.4375 1
vt 0.4375 1
vt 0 1
vt 0 1
vt 0.4375 1
vt 0.4375 1
vt 0 1
vt 0 1
vt 0.4375 1
vt 0.4375 1
vt 0 1
vt 0 1
vt 0.4375 1
vt 0.4375 1
vt 0 1
vt 0 1
vt 0 1
vt 0 1
vt 0 1
vt 0 1
vt 1 1
vt 1 0
vt 0 0
vn 0.9098437264664099 -0.17364817766693053 0.376869611142463
vn -0.3826834323650893 0 0.923879532511287
vn -0.9098437264664099 0.17364817766693053 -0.376869611142463
vn 0.3826834323650893 0 -0.923879532511287
vn 0.16042999720436069 0.9848077530122081 0.06645228065352375
vn -0.16042999720436069 -0.9848077530122081 -0.06645228065352375
g Leaf
f 188/556/139 191/555/139 189/554/139 186/553/139
f 187/560/140 188/559/140 186/558/140 185/557/140
f 192/564/141 187/563/141 185/562/141 190/561/141
f 191/568/142 192/567/142 190/566/142 189/565/142
f 190/572/143 185/571/143 186/570/143 189/569/143
f 191/576/144 188/575/144 187/574/144 192/573/144
o cube
v -0.5273053876216258 0.06526309611002579 -0.17375199702835198
v -0.17677669529663687 0 0.17677669529663687
v -0.5273053876216258 0.06526309611002579 -0.17375199702835198
v -0.17677669529663687 0 0.17677669529663687
v 0.17677669529663687 0 -0.17677669529663687
v -0.1737519970283522 0.06526309611002579 -0.5273053876216258
v 0.17677669529663687 0 -0.17677669529663687
v -0.1737519970283522 0.06526309611002579 -0.5273053876216258
vt 0 1
vt 0.4375 1
vt 0.4375 1
vt 0 1
vt 0 1
vt 0.4375 1
vt 0.4375 1
vt 0 1
vt 0 1
vt 0.4375 1
vt 0.4375 1
vt 0 1
vt 0 1
vt 0.4375 1
vt 0.4375 1
vt 0 1
vt 0 1
vt 0 1
vt 0 1
vt 0 1
vt 0 1
vt 1 1
vt 1 0
vt 0 0
vn 0.701057384649978 -0.13052619222005163 0.7010573846499778
vn -0.7071067811865475 0 0.7071067811865477
vn -0.701057384649978 0.13052619222005163 -0.7010573846499778
vn 0.7071067811865475 0 -0.7071067811865477
vn 0.09229595564125732 0.9914448613738105 0.09229595564125723
vn -0.09229595564125732 -0.9914448613738105 -0.09229595564125723
g Leaf
f 196/580/145 199/579/145 197/578/145 194/577/145
f 195/584/146 196/583/146 194/582/146 193/581/146
f 200/588/147 195/587/147 193/586/147 198/585/147
f 199/592/148 200/591/148 198/590/148 197/589/148
f 198/596/149 193/595/149 194/594/149 197/593/149
f 199/600/150 196/599/150 195/598/150 200/597/150
o cube
v 0.49038238574321713 0.23087430661751696 0.13682898193245185
v 0.17677669157134646 0 -0.17677669902192716
v 0.49038238574321713 0.23087430661751696 0.13682898193245185
v 0.17677669157134646 0 -0.17677669902192716
v -0.17677669157134646 0 0.17677669902192716
v 0.13682900260052433 0.23087430661751696 0.4903823799763063
v -0.17677669157134646 0 0.17677669902192716
v 0.13682900260052433 0.23087430661751696 0.4903823799763063
vt 0 1
vt 0.4375 1
vt 0.4375 1
vt 0 1
vt 0 1
vt 0.4375 1
vt 0.4375 1
vt 0 1
vt 0 1
vt 0.4375 1
vt 0.4375 1
vt 0 1
vt 0 1
vt 0.4375 1
vt 0.4375 1
vt 0 1
vt 0 1
vt 0 1
vt 0 1
vt 0 1
vt 0 1
vt 1 1
vt 1 0
vt 0 0
vn -0.6272113883437417 -0.461748613235034 -0.6272113619087583
vn 0.7071067662853859 0 -0.7071067960877089
vn 0.6272113883437417 0.461748613235034 0.6272113619087583
vn -0.7071067662853859 0 0.7071067960877089
vn -0.3265055825025675 0.8870108331782218 -0.32650556874138625
vn 0.3265055825025675 -0.8870108331782218 0.32650556874138625
g Leaf
f 204/604/151 207/603/151 205/602/151 202/601/151
f 203/608/152 204/607/152 202/606/152 201/605/152
f 208/612/153 203/611/153 201/610/153 206/609/153
f 207/616/154 208/615/154 206/614/154 205/613/154
f 206/620/155 201/619/155 202/618/155 205/617/155
f 207/624/156 204/623/156 203/622/156 208/621/156
o cube
v 0.4957224293115884 0.25 -0.06526310655659467
v 0.0956708532239462 0 -0.23096988514393424
v 0.4957224293115884 0.25 -0.06526310655659467
v 0.0956708532239462 0 -0.23096988514393424
v -0.0956708532239462 0 0.23096988514393424
v 0.304380722863696 0.25 0.39667666373127375
v -0.0956708532239462 0 0.23096988514393424
v 0.304380722863696 0.25 0.39667666373127375
vt 0 1
vt 0.4375 1
vt 0.4375 1
vt 0 1
vt 0 1
vt 0.4375 1
vt 0.4375 1
vt 0 1
vt 0 1
vt 0.4375 1
vt 0.4375 1
vt 0 1
vt 0 1
vt 0.4375 1
vt 0.4375 1
vt 0 1
vt 0 1
vt 0 1
vt 0 1
vt 0 1
vt 0 1
vt 1 1
vt 1 0
vt 0 0
vn -0.8001031521752842 -0.5 -0.3314135571746791
vn 0.3826834128957847 0 -0.9238795405757367
vn 0.8001031521752842 0.5 0.3314135571746791
vn -0.3826834128957847 0 0.9238795405757367
vn -0.4619397702878682 0.8660254037844389 -0.1913417064478924
vn 0.4619397702878682 -0.8660254037844389 0.1913417064478924
g Leaf
f 212/628/157 215/627/157 213/626/157 210/625/157
f 211/632/158 212/631/158 210/630/158 209/629/158
f 216/636/159 211/635/159 209/634/159 214/633/159
f 215/640/160 216/639/160 214/638/160 213/637/160
f 214/644/161 209/643/161 210/642/161 213/641/161
f 215/648/162 212/647/162 211/646/162 216/645/162
o cube
v 0.4043843704890189 0.2113091308703502 0.3229887492081065
v 0.23096988312782152 0 -0.09567085809127268
v 0.4043843704890189 0.2113091308703502 0.3229887492081065
v 0.23096988312782152 0 -0.09567085809127268
v -0.23096988312782157 0 0.09567085809127263
v -0.05755539576662427 0.21130913087035008 0.5143304653906517
v -0.23096988312782157 0 0.09567085809127263
v -0.05755539576662427 0.21130913087035008 0.5143304653906517
vt 0 1
vt 0.4375 1
vt 0.4375 1
vt 0 1
vt 0 1
vt 0.4375 1
vt 0.4375 1
vt 0 1
vt 0 1
vt 0.4375 1
vt 0.4375 1
vt 0 1
vt 0 1
vt 0.4375 1
vt 0.4375 1
vt 0 1
vt 0 1
vt 0 1
vt 0 1
vt 0 1
vt 0 1
vt 1 1
vt 1 0
vt 0 0
vn -0.3468289747223947 -0.42261826174070033 -0.8373192145987585
vn 0.9238795325112863 0 -0.3826834323650907
vn 0.3468289747223947 0.42261826174070033 0.8373192145987585
vn -0.9238795325112863 0 0.3826834323650907
vn -0.16172900698309958 0.9063077870366496 -0.39044836208773065
vn 0.16172900698309958 -0.9063077870366496 0.39044836208773065
g Leaf
f 220/652/163 223/651/163 221/650/163 218/649/163
f 219/656/164 220/655/164 218/654/164 217/653/164
f 224/660/165 219/659/165 217/658/165 222/657/165
f 223/664/166 224/663/166 222/662/166 221/661/166
f 222/668/167 217/667/167 218/666/167 221/665/167
f 223/672/168 220/671/168 219/670/168 224/669/168
o cube
v 0.2500000000000002 0.19134171618254503 0.46193976625564326
v 0.25 0 0
v 0.2500000000000002 0.19134171618254503 0.46193976625564326
v 0.25 0 0
v -0.25 0 0
v -0.24999999999999972 0.19134171618254492 0.4619397662556435
v -0.25 0 0
v -0.24999999999999972 0.19134171618254492 0.4619397662556435
vt 0 1
vt 0.4375 1
vt 0.4375 1
vt 0 1
vt 0 1
vt 0.4375 1
vt 0.4375 1
vt 0 1
vt 0 1
vt 0.4375 1
vt 0.4375 1
vt 0 1
vt 0 1
vt 0.4375 1
vt 0.4375 1
vt 0 1
vt 0 1
vt 0 1
vt 0 1
vt 0 1
vt 0 1
vt 1 1
vt 1 0
vt 0 0
vn 0 -0.3826834323650899 -0.9238795325112867
vn 1 0 0
vn 0 0.3826834323650899 0.9238795325112867
vn -1 0 0
vn 0 0.9238795325112867 -0.3826834323650899
vn 0 -0.9238795325112867 0.3826834323650899
g Leaf
f 228/676/169 231/675/169 229/674/169 226/673/169
f 227/680/170 228/679/170 226/678/170 225/677/170
f 232/684/171 227/683/171 225/682/171 230/681/171
f 231/688/172 232/687/172 230/686/172 229/685/172
f 230/692/173 225/691/173 226/690/173 229/689/173
f 231/696/174 228/695/174 227/694/174 232/693/174
o cube
v -0.160413166306676 0.15035289975213662 0.513966556899951
v 0.1767766952966372 0 0.17677669529663653
v -0.160413166306676 0.15035289975213662 0.513966556899951
v 0.1767766952966372 0 0.17677669529663653
v -0.1767766952966372 0 -0.17677669529663653
v -0.5139665568999504 0.15035289975213662 0.1604131663066779
v -0.1767766952966372 0 -0.17677669529663653
v -0.5139665568999504 0.15035289975213662 0.1604131663066779
vt 0 1
vt 0.4375 1
vt 0.4375 1
vt 0 1
vt 0 1
vt 0.4375 1
vt 0.4375 1
vt 0 1
vt 0 1
vt 0.4375 1
vt 0.4375 1
vt 0 1
vt 0 1
vt 0.4375 1
vt 0.4375 1
vt 0 1
vt 0 1
vt 0 1
vt 0 1
vt 0 1
vt 0 1
vt 1 1
vt 1 0
vt 0 0
vn 0.6743797232066265 -0.3007057995042732 -0.6743797232066291
vn 0.7071067811865489 0 0.7071067811865462
vn -0.6743797232066265 0.3007057995042732 0.6743797232066291
vn -0.7071067811865489 0 -0.7071067811865462
vn 0.2126311099715935 0.9537169507482269 -0.21263110997159446
vn -0.2126311099715935 -0.9537169507482269 0.21263110997159446
g Leaf
f 236/700/175 239/699/175 237/698/175 234/697/175
f 235/704/176 236/703/176 234/702/176 233/701/176
f 240/708/177 235/707/177 233/706/177 238/705/177
f 239/712/178 240/711/178 238/710/178 237/709/178
f 238/716/179 233/715/179 234/714/179 237/713/179
f 239/720/180 236/719/180 235/718/180 240/717/180
o cube
v -0.3505286923249884 0.12940952255126026 0.4157917884350153
v 0.09567085809127274 0 0.23096988312782152
v -0.3505286923249884 0.12940952255126026 0.4157917884350153
v 0.09567085809127274 0 0.23096988312782152
v -0.09567085809127274 0 -0.23096988312782152
v -0.5418704085075339 0.12940952255126015 -0.046147977820627795
v -0.09567085809127274 0 -0.23096988312782152
v -0.5418704085075339 0.12940952255126015 -0.046147977820627795
vt 0 1
vt 0.4375 1
vt 0.4375 1
vt 0 1
vt 0 1
vt 0.4375 1
vt 0.4375 1
vt 0 1
vt 0 1
vt 0.4375 1
vt 0.4375 1
vt 0 1
vt 0 1
vt 0.4375 1
vt 0.4375 1
vt 0 1
vt 0 1
vt 0 1
vt 0 1
vt 0 1
vt 0 1
vt 1 1
vt 1 0
vt 0 0
vn 0.8923991008325225 -0.25881904510252046 -0.36964381061438745
vn 0.38268343236509117 0 0.9238795325112862
vn -0.8923991008325225 0.25881904510252046 0.36964381061438745
vn -0.38268343236509117 0 -0.9238795325112862
vn 0.2391176183943341 0.9659258262890684 -0.09904576054128793
vn -0.2391176183943341 -0.9659258262890684 0.09904576054128793
g Leaf
f 244/724/181 247/723/181 245/722/181 242/721/181
f 243/728/182 244/727/182 242/726/182 241/725/182
f 248/732/183 243/731/183 241/730/183 246/729/183
f 247/736/184 248/735/184 246/734/184 245/733/184
f 246/740/185 241/739/185 242/738/185 245/737/185
f 247/744/186 244/743/186 243/742/186 248/741/186
o cube
v 0.05116748438257279 0.17101007166283444 0.5297522476892675
v 0.23096988312782163 0 0.09567085809127229
v 0.05116748438257279 0.17101007166283444 0.5297522476892675
v 0.23096988312782163 0 0.09567085809127229
v -0.23096988312782163 0 -0.09567085809127229
v -0.41077228187307047 0.17101007166283444 0.33841053150672307
v -0.23096988312782163 0 -0.09567085809127229
v -0.41077228187307047 0.17101007166283444 0.33841053150672307
vt 0 1
vt 0.4375 1
vt 0.4375 1
vt 0 1
vt 0 1
vt 0.4375 1
vt 0.4375 1
vt 0 1
vt 0 1
vt 0.4375 1
vt 0.4375 1
vt 0 1
vt 0 1
vt 0.4375 1
vt 0.4375 1
vt 0 1
vt 0 1
vt 0 1
vt 0 1
vt 0 1
vt 0 1
vt 1 1
vt 1 0
vt 0 0
vn 0.35960479749049784 -0.34202014332566877 -0.868162779195991
vn 0.923879532511287 0 0.38268343236508945
vn -0.35960479749049784 0.34202014332566877 0.868162779195991
vn -0.923879532511287 0 -0.38268343236508945
vn 0.1308854423858667 0.9396926207859084 -0.3159854101251624
vn -0.1308854423858667 -0.9396926207859084 0.3159854101251624
g Leaf
f 252/748/187 255/747/187 253/746/187 250/745/187
f 251/752/188 252/751/188 250/750/188 249/749/188
f 256/756/189 251/755/189 249/754/189 254/753/189
f 255/760/190 256/759/190 254/758/190 253/757/190
f 254/764/191 249/763/191 250/762/191 253/761/191
f 255/768/192 252/767/192 251/766/192 256/765/192
o cube
v -0.3686386612865626 1.0625 -0.33779511157630887
v 0.36863866128656264 1.0625 0.3377951115763089
v -0.3686386612865626 0 -0.33779511157630887
v 0.36863866128656264 0 0.3377951115763089
v 0.36863866128656264 1.0625 0.3377951115763089
v -0.3686386612865626 1.0625 -0.33779511157630887
v 0.36863866128656264 0 0.3377951115763089
v -0.3686386612865626 0 -0.33779511157630887
vt 0 1
vt 0 1
vt 0 0
vt 0 0
vt 0 1
vt 1 1
vt 1 0
vt 0 0
vt 0 1
vt 0 1
vt 0 0
vt 0 0
vt 0 1
vt 0 1
vt 0 1
vt 0 1
vt 0 1
vt 0 1
vt 0 0
vt 0 0
vt 0 1
vt 0 1
vt 0 0
vt 0 0
vn 0.7372773225731253 0 0.6755902231526179
vn -0.6755902231526179 0 0.7372773225731253
vn -0.7372773225731253 0 -0.6755902231526179
vn 0.6755902231526179 0 -0.7372773225731253
vn 0 1 0
vn 0 -1 0
g Flower
f 260/772/193 263/771/193 261/770/193 258/769/193
f 259/776/194 260/775/194 258/774/194 257/773/194
f 264/780/195 259/779/195 257/778/195 262/777/195
f 263/784/196 264/783/196 262/782/196 261/781/196
f 262/788/197 257/787/197 258/786/197 261/785/197
f 263/792/198 260/791/198 259/790/198 264/789/198
o cube
v -0.3535533980438547 1.0625 0.35355338314269247
v 0.35355339804385455 1.0625 -0.35355338314269275
v -0.35355339804385466 0 0.3535533831426927
v 0.35355339804385466 0 -0.35355338314269263
v 0.35355339804385455 1.0625 -0.35355338314269275
v -0.3535533980438547 1.0625 0.35355338314269247
v 0.35355339804385466 0 -0.35355338314269263
v -0.35355339804385466 0 0.3535533831426927
vt 0 1
vt 0 1
vt 0 0
vt 0 0
vt 0 1
vt 1 1
vt 1 0
vt 0 0
vt 0 1
vt 0 1
vt 0 0
vt 0 0
vt 0 1
vt 0 1
vt 0 1
vt 0 1
vt 0 1
vt 0 1
vt 0 0
vt 0 0
vt 0 1
vt 0 1
vt 0 0
vt 0 0
vn 0.7071067960877094 0 -0.7071067662853854
vn 0.7071067662853854 0 0.7071067960877094
vn -0.7071067960877094 0 0.7071067662853854
vn -0.7071067662853854 0 -0.7071067960877094
vn 0 1 0
vn 0 -1 0
g Flower
f 268/796/199 271/795/199 269/794/199 266/793/199
f 267/800/200 268/799/200 266/798/200 265/797/200
f 272/804/201 267/803/201 265/802/201 270/801/201
f 271/808/202 272/807/202 270/806/202 269/805/202
f 270/812/203 265/811/203 266/810/203 269/809/203
