# Made in Blockbench 4.8.1

o cube
v 0.1875 0.9841986508933604 -0.5399498696527185
v 0.1875 0.9841986508933604 -0.5399498696527185
v 0.1875 0.5097909626236121 -0.2377188399576301
v 0.1875 0.5097909626236121 -0.2377188399576301
v -0.1875 0.9841986508933604 -0.5399498696527185
v -0.1875 0.9841986508933604 -0.5399498696527185
v -0.1875 0.5097909626236121 -0.2377188399576301
v -0.1875 0.5097909626236121 -0.2377188399576301
vt 0 1
vt 0.125 1
vt 0.125 0
vt 0 0
vt 0 1
vt 0 1
vt 0 0
vt 0 0
vt 0.375 0.625
vt 0.59375 0.625
vt 0.59375 0.3125
vt 0.375 0.3125
vt 0 1
vt 0 1
vt 0 0
vt 0 0
vt 0 1
vt 0.125 1
vt 0.125 1
vt 0 1
vt 0 1
vt 0.125 1
vt 0.125 1
vt 0 1
vn 0 -0.5372996083468239 -0.8433914458128857
vn 1 0 0
vn 0 0.5372996083468239 0.8433914458128857
vn -1 0 0
vn 0 0.8433914458128857 -0.5372996083468239
vn 0 -0.8433914458128857 0.5372996083468239
g Stem
f 4/4/1 7/3/1 5/2/1 2/1/1
f 3/8/2 4/7/2 2/6/2 1/5/2
f 8/12/3 3/11/3 1/10/3 6/9/3
f 7/16/4 8/15/4 6/14/4 5/13/4
f 6/20/5 1/19/5 2/18/5 5/17/5
f 7/24/6 4/23/6 3/22/6 8/21/6
o cube
v 0.1875 0.5097981302081156 -0.2377227722291434
v 0.1875 0.5097981302081156 -0.2377227722291434
v 0.1875 0 0
v 0.1875 0 0
v -0.1875 0.5097981302081156 -0.2377227722291434
v -0.1875 0.5097981302081156 -0.2377227722291434
v -0.1875 0 0
v -0.1875 0 0
vt 0 1
vt 0.125 1
vt 0.125 0
vt 0 0
vt 0 1
vt 0 1
vt 0 0
vt 0 0
vt 0.375 0.3125
vt 0.59375 0.3125
vt 0.59375 0
vt 0.375 0
vt 0 1
vt 0 1
vt 0 0
vt 0 0
vt 0 1
vt 0.125 1
vt 0.125 1
vt 0 1
vt 0 1
vt 0.125 1
vt 0.125 1
vt 0 1
vn 0 -0.4226182617406994 -0.90630778703665
vn 1 0 0
vn 0 0.4226182617406994 0.90630778703665
vn -1 0 0
vn 0 0.90630778703665 -0.4226182617406994
vn 0 -0.90630778703665 0.4226182617406994
g Stem
f 12/28/7 15/27/7 13/26/7 10/25/7
f 11/32/8 12/31/8 10/30/8 9/29/8
f 16/36/9 11/35/9 9/34/9 14/33/9
f 15/40/10 16/39/10 14/38/10 13/37/10
f 14/44/11 9/43/11 10/42/11 13/41/11
f 15/48/12 12/47/12 11/46/12 16/45/12
o cube
v 0.5 1.2272559939774295 -0.7830093078936503
v 0.5 1.2272559939774295 -0.7830093078936503
v 0.5 0.9841880379445538 -0.5399413518607746
v 0.5 0.9841880379445538 -0.5399413518607746
v -0.5 1.2272559939774295 -0.7830093078936503
v -0.5 1.2272559939774295 -0.7830093078936503
v -0.5 0.9841880379445538 -0.5399413518607746
v -0.5 0.9841880379445538 -0.5399413518607746
vt 0 1
vt 0.125 1
vt 0.125 0
vt 0 0
vt 0 1
vt 0 1
vt 0 0
vt 0 0
vt 0.21875 0.1875
vt 0.75 0.1875
vt 0.75 0
vt 0.21875 0
vt 0 1
vt 0 1
vt 0 0
vt 0 0
vt 0 1
vt 0.125 1
vt 0.125 1
vt 0 1
vt 0 1
vt 0.125 1
vt 0.125 1
vt 0 1
vn 0 -0.7071067811865476 -0.7071067811865475
vn 1 0 0
vn 0 0.7071067811865476 0.7071067811865475
vn -1 0 0
vn 0 0.7071067811865475 -0.7071067811865476
vn 0 -0.7071067811865475 0.7071067811865476
g Leaf
f 20/52/13 23/51/13 21/50/13 18/49/13
f 19/56/14 20/55/14 18/54/14 17/53/14
f 24/60/15 19/59/15 17/58/15 22/57/15
f 23/64/16 24/63/16 22/62/16 21/61/16
f 22/68/17 17/67/17 18/66/17 21/65/17
f 23/72/18 20/71/18 19/70/18 24/69/18
o cube
v -0.030884679129570658 0.96212578967638 -2.155528910112835
v -0.030884679129570658 0.96212578967638 -2.155528910112835
v -0.03088467912957049 1.4105829369792202 -1.0728575829511733
v -0.03088467912957049 1.4105829369792202 -1.0728575829511733
v -0.4885234324670393 1.0558589753054697 -2.194354466844839
v -0.4885234324670393 1.0558589753054697 -2.194354466844839
v -0.48852343246703916 1.50431612260831 -1.1116831396831772
v -0.48852343246703916 1.50431612260831 -1.1116831396831772
vt 0 1
vt 0.125 1
vt 0.125 0
vt 0 0
vt 0 1
vt 0 1
vt 0 0
vt 0 0
vt 0.21875 1
vt 0.46875 1
vt 0.46875 0.375
vt 0.21875 0.375
vt 0 1
vt 0 1
vt 0 0
vt 0 0
vt 0 1
vt 0.125 1
vt 0.125 1
vt 0 1
vt 0 1
vt 0.125 1
vt 0.125 1
vt 0 1
vn -0.21643961393810335 -0.9019798986505995 0.3736123070089894
vn 0.9762960071199334 -0.1999641293420583 0.08282785436160847
vn 0.21643961393810335 0.9019798986505995 -0.3736123070089894
vn -0.9762960071199334 0.1999641293420583 -0.08282785436160847
vn 0 -0.382683432365091 -0.9238795325112862
vn 0 0.382683432365091 0.9238795325112862
g Leaf
f 28/76/19 31/75/19 29/74/19 26/73/19
f 27/80/20 28/79/20 26/78/20 25/77/20
f 32/84/21 27/83/21 25/82/21 30/81/21
f 31/88/22 32/87/22 30/86/22 29/85/22
f 30/92/23 25/91/23 26/90/23 29/89/23
f 31/96/24 28/95/24 27/94/24 32/93/24
o cube
v -0.03088462804327119 1.410586524168789 -1.0728502969406852
v -0.03088462804327119 1.410586524168789 -1.0728502969406852
v -0.02440014340449903 1.5818178946785424 -0.7748539350294683
v -0.02440014340449903 1.5818178946785424 -0.7748539350294683
v -0.4885233813807399 1.502536949575965 -1.1157274844786618
v -0.4885233813807399 1.502536949575965 -1.1157274844786618
v -0.48203889674196776 1.6737683200857183 -0.8177311225674448
v -0.48203889674196776 1.6737683200857183 -0.8177311225674448
vt 0 1
vt 0.125 1
vt 0.125 0
vt 0 0
vt 0 1
vt 0 1
vt 0 0
vt 0 0
vt 0.21875 0.375
vt 0.46875 0.375
vt 0.46875 0.1875
vt 0.21875 0.1875
vt 0 1
vt 0 1
vt 0 0
vt 0 0
vt 0 1
vt 0.125 1
vt 0.125 1
vt 0 1
vt 0 1
vt 0.125 1
vt 0.125 1
vt 0 1
vn -0.21561599586216276 -0.8446240401855258 0.49002038025886974
vn 0.9762960071199333 -0.19616090753530896 0.09147133341434979
vn 0.21561599586216276 0.8446240401855258 -0.49002038025886974
vn -0.9762960071199333 0.19616090753530896 -0.09147133341434979
vn -0.018863955312791645 -0.49812762330110083 -0.8668985073780863
vn 0.018863955312791645 0.49812762330110083 0.8668985073780863
g Leaf
f 36/100/25 39/99/25 37/98/25 34/97/25
f 35/104/26 36/103/26 34/102/26 33/101/26
f 40/108/27 35/107/27 33/106/27 38/105/27
f 39/112/28 40/111/28 38/110/28 37/109/28
f 38/116/29 33/115/29 34/114/29 37/113/29
f 39/120/30 36/119/30 35/118/30 40/117/30
o cube
v 0.03125 1.4119442165547067 -1.0729145044430233
v 0.03125 1.4119442165547067 -1.0729145044430233
v 0.03125 1.227247476185486 -0.7829986949448436
v 0.03125 1.227247476185486 -0.7829986949448436
v -0.03125 1.4119442165547067 -1.0729145044430233
v -0.03125 1.4119442165547067 -1.0729145044430233
v -0.03125 1.227247476185486 -0.7829986949448436
v -0.03125 1.227247476185486 -0.7829986949448436
vt 0 1
vt 0.125 1
vt 0.125 0
vt 0 0
vt 0 1
vt 0 1
vt 0 0
vt 0 0
vt 0.46875 0.375
vt 0.5 0.375
vt 0.5 0.1875
vt 0.46875 0.1875
vt 0 1
vt 0 1
vt 0 0
vt 0 0
vt 0 1
vt 0.125 1
vt 0.125 1
vt 0 1
vt 0 1
vt 0.125 1
vt 0.125 1
vt 0 1
vn 0 -0.8433914458128856 -0.5372996083468238
vn 1 0 0
vn 0 0.8433914458128856 0.5372996083468238
vn -1 0 0
vn 0 0.5372996083468238 -0.8433914458128856
vn 0 -0.5372996083468238 0.8433914458128856
g Leaf
f 44/124/31 47/123/31 45/122/31 42/121/31
f 43/128/32 44/127/32 42/126/32 41/125/32
f 48/132/33 43/131/33 41/130/33 46/129/33
f 47/136/34 48/135/34 46/134/34 45/133/34
f 46/140/35 41/139/35 42/138/35 45/137/35
f 47/144/36 44/143/36 43/142/36 48/141/36
o cube
v 0.5502996292160884 1.0683567358375918 -2.1995311972368756
v 0.5502996292160884 1.0683567358375918 -2.1995311972368756
v 0.5502996292160884 1.5168138831404319 -1.1168598700752117
v 0.5502996292160884 1.5168138831404319 -1.1168598700752117
v 0.03164237543362369 0.9621257921246236 -2.1555288996072712
v 0.03164237543362369 0.9621257921246236 -2.1555288996072712
v 0.03164237543362369 1.4105829394274638 -1.0728575724456073
v 0.03164237543362369 1.4105829394274638 -1.0728575724456073
vt 0 1
vt 0.125 1
vt 0.125 0
vt 0 0
vt 0 1
vt 0 1
vt 0 0
vt 0 0
vt 0.5 1
vt 0.78125 1
vt 0.78125 0.375
vt 0.5 0.375
vt 0 1
vt 0 1
vt 0 0
vt 0 0
vt 0 1
vt 0.125 1
vt 0.125 1
vt 0 1
vt 0 1
vt 0.125 1
vt 0.125 1
vt 0 1
vn 0.21643961393810307 -0.9019798986505997 0.37361230700898873
vn 0.9762960071199335 0.19996412934205807 -0.08282785436160833
vn -0.21643961393810307 0.9019798986505997 -0.37361230700898873
vn -0.9762960071199335 -0.19996412934205807 0.08282785436160833
vn 0 -0.38268343236509045 -0.9238795325112866
vn 0 0.38268343236509045 0.9238795325112866
g Leaf
f 52/148/37 55/147/37 53/146/37 50/145/37
f 51/152/38 52/151/38 50/150/38 49/149/38
f 56/156/39 51/155/39 49/154/39 54/153/39
f 55/160/40 56/159/40 54/158/40 53/157/40
f 54/164/41 49/163/41 50/162/41 53/161/41
f 55/168/42 52/167/42 51/166/42 56/165/42
o cube
v 0.4892810772949603 1.5025369495759642 -1.11572748447866
v 0.4892810772949603 1.5025369495759642 -1.11572748447866
v 0.482796592656188 1.6737683200857174 -0.8177311225674428
v 0.482796592656188 1.6737683200857174 -0.8177311225674428
v 0.03164232395749145 1.4105865241687883 -1.072850296940684
v 0.03164232395749145 1.4105865241687883 -1.072850296940684
v 0.02515783931871929 1.581817894678541 -0.7748539350294668
v 0.02515783931871929 1.581817894678541 -0.7748539350294668
vt 0 1
vt 0.125 1
vt 0.125 0
vt 0 0
vt 0 1
vt 0 1
vt 0 0
vt 0 0
vt 0.5 0.375
vt 0.75 0.375
vt 0.75 0.1875
vt 0.5 0.1875
vt 0 1
vt 0 1
vt 0 0
vt 0 0
vt 0 1
vt 0.125 1
vt 0.125 1
vt 0 1
vt 0 1
vt 0.125 1
vt 0.125 1
vt 0 1
vn 0.21561599586216243 -0.8446240401855263 0.490020380258869
vn 0.9762960071199333 0.19616090753530893 -0.09147133341434928
vn -0.21561599586216243 0.8446240401855263 -0.490020380258869
vn -0.9762960071199333 -0.19616090753530893 0.09147133341434928
vn 0.018863955312791898 -0.4981276233011001 -0.8668985073780866
vn -0.018863955312791898 0.4981276233011001 0.8668985073780866
g Leaf
f 60/172/43 63/171/43 61/170/43 58/169/43
f 59/176/44 60/175/44 58/174/44 57/173/44
f 64/180/45 59/179/45 57/178/45 62/177/45
f 63/184/46 64/183/46 62/182/46 61/181/46
f 62/188/47 57/187/47 58/186/47 61/185/47
f 63/192/48 60/191/48 59/190/48 64/189/48
o cube
v 0.03162884795711007 0.9621244209886424 -2.1555283431838115
v 0.03162884795711007 0.9621244209886424 -2.1555283431838115
v 0.031628847957110184 1.4105815682914842 -1.0728570160221498
v 0.031628847957110184 1.4105815682914842 -1.0728570160221498
v -0.03087115204288987 0.9621244209886424 -2.1555283431838115
v -0.03087115204288987 0.9621244209886424 -2.1555283431838115
v -0.030871152042889816 1.4105815682914842 -1.0728570160221498
v -0.030871152042889816 1.4105815682914842 -1.0728570160221498
vt 0 1
vt 0.125 1
vt 0.125 0
vt 0 0
vt 0 1
vt 0 1
vt 0 0
vt 0 0
vt 0.46875 1
vt 0.5 1
vt 0.5 0.375
vt 0.46875 0.375
vt 0 1
vt 0 1
vt 0 0
vt 0 0
vt 0 1
vt 0.125 1
vt 0.125 1
vt 0 1
vt 0 1
vt 0.125 1
vt 0.125 1
vt 0 1
vn 0 -0.9238795325112857 0.38268343236509206
vn 1 0 0
vn 0 0.9238795325112857 -0.38268343236509206
vn -1 0 0
vn 0 -0.38268343236509206 -0.9238795325112857
vn 0 0.38268343236509206 0.9238795325112857
g Leaf
f 68/196/49 71/195/49 69/194/49 66/193/49
f 67/200/50 68/199/50 66/198/50 65/197/50
f 72/204/51 67/203/51 65/202/51 70/201/51
f 71/208/52 72/207/52 70/206/52 69/205/52
f 70/212/53 65/211/53 66/210/53 69/209/53
f 71/216/54 68/215/54 67/214/54 72/213/54
o cube
v -0.3053794708408941 1.6901638932812624 -0.5216105277673035
v -0.3053794708408941 1.6901638932812624 -0.5216105277673035
v -0.19490035042601983 1.4268361159591136 -0.330255078033222
v -0.19490035042601983 1.4268361159591136 -0.330255078033222
v -0.3595060585774217 1.6901638932812624 -0.4903605277673034
v -0.3595060585774217 1.6901638932812624 -0.4903605277673034
v -0.2490269381625474 1.4268361159591136 -0.2990050780332219
v -0.2490269381625474 1.4268361159591136 -0.2990050780332219
vt 0 1
vt 0.125 1
vt 0.125 0
vt 0 0
vt 0 1
vt 0 1
vt 0 0
vt 0 0
vt 0.46875 0.375
vt 0.5 0.375
vt 0.5 0.1875
vt 0.46875 0.1875
vt 0 1
vt 0 1
vt 0 0
vt 0 0
vt 0 1
vt 0.125 1
vt 0.125 1
vt 0 1
vt 0 1
vt 0.125 1
vt 0.125 1
vt 0 1
vn -0.38302222155948984 -0.6427876096865395 -0.663413948168938
vn 0.8660254037844382 0 -0.500000000000001
vn 0.38302222155948984 0.6427876096865395 0.663413948168938
vn -0.8660254037844382 0 0.500000000000001
vn -0.32139380484327035 0.7660444431189779 -0.556670399226419
vn 0.32139380484327035 -0.7660444431189779 0.556670399226419
g Leaf
f 76/220/55 79/219/55 77/218/55 74/217/55
f 75/224/56 76/223/56 74/222/56 73/221/56
f 80/228/57 75/227/57 73/226/57 78/225/57
f 79/232/58 80/231/58 78/230/58 77/229/58
f 78/236/59 73/235/59 74/234/59 77/233/59
f 79/240/60 76/239/60 75/238/60 80/237/60
o cube
v 0.21104527739806644 1.4268474308969292 -0.5646366255314581
v 0.21104527739806644 1.4268474308969292 -0.5646366255314581
v 0.29040832029783803 1.1219374569919156 -0.4271758029857856
v 0.29040832029783803 1.1219374569919156 -0.4271758029857856
v -0.6549801263863717 1.4268474308969292 -0.0646366255314571
v -0.6549801263863717 1.4268474308969292 -0.0646366255314571
v -0.5756170834865999 1.1219374569919156 0.07282419701421539
v -0.5756170834865999 1.1219374569919156 0.07282419701421539
vt 0 1
vt 0.125 1
vt 0.125 0
vt 0 0
vt 0 1
vt 0 1
vt 0 0
vt 0 0
vt 0.21875 0.1875
vt 0.75 0.1875
vt 0.75 0
vt 0.21875 0
vt 0 1
vt 0 1
vt 0 0
vt 0 0
vt 0 1
vt 0.125 1
vt 0.125 1
vt 0 1
vt 0 1
vt 0.125 1
vt 0.125 1
vt 0 1
vn -0.4435054165891117 -0.4617486132350341 -0.7681739149643402
vn 0.8660254037844382 0 -0.5000000000000011
vn 0.4435054165891117 0.4617486132350341 0.7681739149643402
vn -0.8660254037844382 0 0.5000000000000011
vn -0.2308743066175175 0.8870108331782216 -0.3998860292237747
vn 0.2308743066175175 -0.8870108331782216 0.3998860292237747
g Leaf
f 84/244/61 87/243/61 85/242/61 82/241/61
f 83/248/62 84/247/62 82/246/62 81/245/62
f 88/252/63 83/251/63 81/250/63 86/249/63
f 87/256/64 88/255/64 86/254/64 85/253/64
f 86/260/65 81/259/65 82/258/65 85/257/65
f 87/264/66 84/263/66 83/262/66 88/261/66
o cube
v 0.09256497448674916 0.5786248811066117 -0.14485052987001124
v 0.09256497448674916 0.5786248811066117 -0.14485052987001124
v 0.1292754660486387 0.02093714658384327 -0.0812660933139901
v 0.1292754660486387 0.02093714658384327 -0.0812660933139901
v -0.23219455193241512 0.5786248811066117 0.0426494701299891
v -0.23219455193241512 0.5786248811066117 0.0426494701299891
v -0.19548406037052557 0.02093714658384327 0.1062339066860103
v -0.19548406037052557 0.02093714658384327 0.1062339066860103
vt 0 1
vt 0.125 1
vt 0.125 0
vt 0 0
vt 0 1
vt 0 1
vt 0 0
vt 0 0
vt 0.375 0.3125
vt 0.59375 0.3125
vt 0.59375 0
vt 0.375 0
vt 0 1
vt 0 1
vt 0 0
vt 0 0
vt 0 1
vt 0.125 1
vt 0.125 1
vt 0 1
vt 0 1
vt 0.125 1
vt 0.125 1
vt 0 1
vn -0.49572243068690625 -0.13052619222005157 -0.8586164364012604
vn 0.866025403784438 0 -0.5000000000000009
vn 0.49572243068690625 0.13052619222005157 0.8586164364012604
vn -0.866025403784438 0 0.5000000000000009
vn -0.06526309611002593 0.9914448613738105 -0.11303899832181538
vn 0.06526309611002593 -0.9914448613738105 0.11303899832181538
g Stem
f 92/268/67 95/267/67 93/266/67 90/265/67
f 91/272/68 92/271/68 90/270/68 89/269/68
f 96/276/69 91/275/69 89/274/69 94/273/69
f 95/280/70 96/279/70 94/278/70 93/277/70
f 94/284/71 89/283/71 90/282/71 93/281/71
f 95/288/72 92/287/72 91/286/72 96/285/72
o cube
v 0.01977291552154925 1.1219501400905265 -0.2709300743852867
v 0.01977291552154925 1.1219501400905265 -0.2709300743852867
v 0.0925657719566334 0.5786168628029256 -0.1448491486116542
v 0.0925657719566334 0.5786168628029256 -0.1448491486116542
v -0.30498661089761503 1.1219501400905265 -0.08343007438528632
v -0.30498661089761503 1.1219501400905265 -0.08343007438528632
v -0.23219375446253088 0.5786168628029256 0.04265085138834612
v -0.23219375446253088 0.5786168628029256 0.04265085138834612
vt 0 1
vt 0.125 1
vt 0.125 0
vt 0 0
vt 0 1
vt 0 1
vt 0 0
vt 0 0
vt 0.375 0.625
vt 0.59375 0.625
vt 0.59375 0.3125
vt 0.375 0.3125
vt 0 1
vt 0 1
vt 0 0
vt 0 0
vt 0 1
vt 0.125 1
vt 0.125 1
vt 0 1
vt 0 1
vt 0.125 1
vt 0.125 1
vt 0 1
vn -0.4829629131445351 -0.25881904510252085 -0.8365163037378074
vn 0.8660254037844382 0 -0.500000000000001
vn 0.4829629131445351 0.25881904510252085 0.8365163037378074
vn -0.8660254037844382 0 0.500000000000001
vn -0.1294095225512607 0.9659258262890683 -0.22414386804201336
vn 0.1294095225512607 -0.9659258262890683 0.22414386804201336
g Stem
f 100/292/73 103/291/73 101/290/73 98/289/73
f 99/296/74 100/295/74 98/294/74 97/293/74
f 104/300/75 99/299/75 97/298/75 102/297/75
f 103/304/76 104/303/76 102/302/76 101/301/76
f 102/308/77 97/307/77 98/306/77 101/305/77
f 103/312/78 100/311/78 99/310/78 104/309/78
o cube
v -0.35936315227658544 1.688849731470587 -0.4908437507069916
v -0.35936315227658544 1.688849731470587 -0.4908437507069916
v -0.18590019995626927 1.7625467577677116 -0.20336607333485102
v -0.18590019995626927 1.7625467577677116 -0.20336607333485102
v -0.7623112756073516 1.7894378297690228 -0.2734928664554712
v -0.7623112756073516 1.7894378297690228 -0.2734928664554712
v -0.5888483232870354 1.8631348560661474 0.013984810916669366
v -0.5888483232870354 1.8631348560661474 0.013984810916669366
vt 0 1
vt 0.125 1
vt 0.125 0
vt 0 0
vt 0 1
vt 0 1
vt 0 0
vt 0 0
vt 0.21875 0.375
vt 0.46875 0.375
vt 0.46875 0.1875
vt 0.21875 0.1875
vt 0 1
vt 0 1
vt 0 0
vt 0 0
vt 0 1
vt 0.125 1
vt 0.125 1
vt 0 1
vt 0 1
vt 0.125 1
vt 0.125 1
vt 0 1
vn -0.08005023208868395 -0.9528842343535188 0.29258092258904383
vn 0.8596226631056346 -0.21458794303666384 -0.46368188640324354
vn 0.08005023208868395 0.9528842343535188 -0.29258092258904383
vn -0.8596226631056346 0.21458794303666384 0.46368188640324354
vn -0.5046194976591022 -0.21439134922799893 -0.8362986978098635
vn 0.5046194976591022 0.21439134922799893 0.8362986978098635
g Leaf
f 108/316/79 111/315/79 109/314/79 106/313/79
f 107/320/80 108/319/80 106/318/80 105/317/80
f 112/324/81 107/323/81 105/322/81 110/321/81
f 111/328/82 112/327/82 110/326/82 109/325/82
f 110/332/83 105/331/83 106/330/83 109/329/83
f 111/336/84 108/335/84 107/334/84 112/333/84
o cube
v -0.44476539861592146 1.7012588621979061 -1.8011332949659504
v -0.44476539861592146 1.7012588621979061 -1.8011332949659504
v 0.13894243229721193 1.8033944982303187 -0.7901216750485833
v 0.13894243229721193 1.8033944982303187 -0.7901216750485833
v -0.8889250181186479 1.586712864396132 -1.5331258150502038
v -0.8889250181186479 1.586712864396132 -1.5331258150502038
v -0.3052171872055145 1.688848500428545 -0.5221141951328363
v -0.3052171872055145 1.688848500428545 -0.5221141951328363
vt 0 1
vt 0.125 1
vt 0.125 0
vt 0 0
vt 0 1
vt 0 1
vt 0 0
vt 0 0
vt 0.5 1
vt 0.78125 1
vt 0.78125 0.375
vt 0.5 0.375
vt 0 1
vt 0 1
vt 0 0
vt 0 0
vt 0 1
vt 0.125 1
vt 0.125 1
vt 0 1
vt 0 1
vt 0.125 1
vt 0.125 1
vt 0 1
vn 0.22998710587674948 -0.9725809060610187 -0.03452987541195366
vn 0.8360651661227788 0.21561599586216254 -0.5044846680766999
vn -0.22998710587674948 0.9725809060610187 0.03452987541195366
vn -0.8360651661227788 -0.21561599586216254 0.5044846680766999
vn -0.4980973490458738 -0.08715574274765886 -0.8627299156628201
vn 0.4980973490458738 0.08715574274765886 0.8627299156628201
g Leaf
f 116/340/85 119/339/85 117/338/85 114/337/85
f 115/344/86 116/343/86 114/342/86 113/341/86
f 120/348/87 115/347/87 113/346/87 118/345/87
f 119/352/88 120/351/88 118/350/88 117/349/88
f 118/356/89 113/355/89 114/354/89 117/353/89
f 119/360/90 116/359/90 115/358/90 120/357/90
o cube
v 0.08449222553949609 1.789437829769021 -0.762395095793321
v 0.08449222553949609 1.789437829769021 -0.762395095793321
v 0.24672372100455908 1.8631348560661456 -0.46843293378240825
v 0.24672372100455908 1.8631348560661456 -0.46843293378240825
v -0.3052132234227143 1.6888497314705848 -0.5221072267073719
v -0.3052132234227143 1.6888497314705848 -0.5221072267073719
v -0.1429817279576513 1.7625467577677094 -0.22814506469645912
v -0.1429817279576513 1.7625467577677094 -0.22814506469645912
vt 0 1
vt 0.125 1
vt 0.125 0
vt 0 0
vt 0 1
vt 0 1
vt 0 0
vt 0 0
vt 0.5 0.375
vt 0.75 0.375
vt 0.75 0.1875
vt 0.5 0.1875
vt 0 1
vt 0 1
vt 0 0
vt 0 0
vt 0 1
vt 0.125 1
vt 0.125 1
vt 0 1
vt 0 1
vt 0.125 1
vt 0.125 1
vt 0 1
vn 0.29340762766914186 -0.9528842343535191 0.07696492672688017
vn 0.8313716244527154 0.21458794303666345 -0.5126141207166913
vn -0.29340762766914186 0.9528842343535191 -0.07696492672688017
vn -0.8313716244527154 -0.21458794303666345 0.5126141207166913
vn -0.4719461686256381 -0.21439134922799818 -0.8551626531226555
vn 0.4719461686256381 0.21439134922799818 0.8551626531226555
g Leaf
f 124/364/91 127/363/91 125/362/91 122/361/91
f 123/368/92 124/367/92 122/366/92 121/365/92
f 128/372/93 123/371/93 121/370/93 126/369/93
f 127/376/94 128/375/94 126/374/94 125/373/94
f 126/380/95 121/379/95 122/378/95 125/377/95
f 127/384/96 124/383/96 123/382/96 128/381/96
o cube
v -0.9430750411719573 1.5867128652202842 -1.5018622970831736
v -0.9430750411719573 1.5867128652202842 -1.5018622970831736
v -0.359367210258825 1.6888485012526981 -0.4908506771658079
v -0.359367210258825 1.6888485012526981 -0.4908506771658079
v -1.3438230668448812 1.687782863280673 -1.280700731906657
v -1.3438230668448812 1.687782863280673 -1.280700731906657
v -0.7601152359317487 1.7899184993130866 -0.26968911198929135
v -0.7601152359317487 1.7899184993130866 -0.26968911198929135
vt 0 1
vt 0.125 1
vt 0.125 0
vt 0 0
vt 0 1
vt 0 1
vt 0 0
vt 0 0
vt 0.21875 1
vt 0.46875 1
vt 0.46875 0.375
vt 0.21875 0.375
vt 0 1
vt 0 1
vt 0 0
vt 0 0
vt 0 1
vt 0.125 1
vt 0.125 1
vt 0 1
vt 0 1
vt 0.125 1
vt 0.125 1
vt 0 1
vn -0.14489730223463765 -0.9725809060610185 0.18190973852615058
vn 0.854929121435571 -0.21561599586216285 -0.4718113390432353
vn 0.14489730223463765 0.9725809060610185 -0.18190973852615058
vn -0.854929121435571 0.21561599586216285 0.4718113390432353
vn -0.4980973490458739 -0.0871557427476596 -0.8627299156628202
vn 0.4980973490458739 0.0871557427476596 0.8627299156628202
g Leaf
f 132/388/97 135/387/97 133/386/97 130/385/97
f 131/392/98 132/391/98 130/390/98 129/389/98
f 136/396/99 131/395/99 129/394/99 134/393/99
f 135/400/100 136/399/100 134/398/100 133/397/100
f 134/404/101 129/403/101 130/402/101 133/401/101
f 135/408/102 132/407/102 131/406/102 136/405/102
o cube
v -0.8889366740759856 1.5867113894007439 -1.533118948807497
v -0.8889366740759856 1.5867113894007439 -1.533118948807497
v -0.30522884316285315 1.6888470254331587 -0.522107328890131
v -0.30522884316285315 1.6888470254331587 -0.522107328890131
v -0.943063261812513 1.5867113894007439 -1.501868948807497
v -0.943063261812513 1.5867113894007439 -1.501868948807497
v -0.35935543089938055 1.6888470254331587 -0.4908573288901309
v -0.35935543089938055 1.6888470254331587 -0.4908573288901309
vt 0 1
vt 0.125 1
vt 0.125 0
vt 0 0
vt 0 1
vt 0 1
vt 0 0
vt 0 0
vt 0.46875 1
vt 0.5 1
vt 0.5 0.375
vt 0.46875 0.375
vt 0 1
vt 0 1
vt 0 0
vt 0 0
vt 0 1
vt 0.125 1
vt 0.125 1
vt 0 1
vt 0 1
vt 0.125 1
vt 0.125 1
vt 0 1
vn 0.043577871373830256 -0.9961946980917453 0.07547908730517564
vn 0.8660254037844382 0 -0.5000000000000011
vn -0.043577871373830256 0.9961946980917453 -0.07547908730517564
vn -0.8660254037844382 0 0.5000000000000011
vn -0.4980973490458738 -0.08715574274766076 -0.8627299156628202
vn 0.4980973490458738 0.08715574274766076 0.8627299156628202
g Leaf
f 140/412/103 143/411/103 141/410/103 138/409/103
f 139/416/104 140/415/104 138/414/104 137/413/104
f 144/420/105 139/419/105 137/418/105 142/417/105
f 143/424/106 144/423/106 142/422/106 141/421/106
f 142/428/107 137/427/107 138/426/107 141/425/107
f 143/432/108 140/431/108 139/430/108 144/429/108
o cube
v -1.0641474174475967 1.250730301789976 -0.7073200522134779
v -1.0641474174475967 1.250730301789976 -0.7073200522134779
v -0.9553365669630826 1.5679859726630072 -0.6320000640580122
v -0.9553365669630826 1.5679859726630072 -0.6320000640580122
v -1.414136194355231 1.297577500970466 -0.39903486206052596
v -1.414136194355231 1.297577500970466 -0.39903486206052596
v -1.305325343870717 1.6148331718434972 -0.3237148739050603
v -1.305325343870717 1.6148331718434972 -0.3237148739050603
vt 0 1
vt 0.125 1
vt 0.125 0
vt 0 0
vt 0 1
vt 0 1
vt 0 0
vt 0 0
vt 0.21875 0.375
vt 0.46875 0.375
vt 0.46875 0.1875
vt 0.21875 0.1875
vt 0 1
vt 0 1
vt 0 0
vt 0 0
vt 0 1
vt 0.125 1
vt 0.125 1
vt 0 1
vt 0 1
vt 0.125 1
vt 0.125 1
vt 0 1
vn 0.5850868787808415 -0.3717797966416792 0.7207309672045211
vn 0.7466427240696197 -0.0999406915850449 -0.6576750723262975
vn -0.5850868787808415 0.3717797966416792 -0.7207309672045211
vn -0.7466427240696197 0.0999406915850449 0.6576750723262975
vn -0.3165406559549505 -0.922925587994273 -0.21911269281590004
vn 0.3165406559549505 0.922925587994273 0.21911269281590004
g Leaf
f 148/436/109 151/435/109 149/434/109 146/433/109
f 147/440/110 148/439/110 146/438/110 145/437/110
f 152/444/111 147/443/111 145/442/111 150/441/111
f 151/448/112 152/447/112 150/446/112 149/445/112
f 150/452/113 145/451/113 146/450/113 149/449/113
f 151/456/114 148/455/114 147/454/114 152/453/114
o cube
v -1.2542042504667952 0.2933412811691172 -1.5857225131713866
v -1.2542042504667952 0.2933412811691172 -1.5857225131713866
v -0.7893487776398996 1.3082148012290067 -1.2290263633615899
v -0.7893487776398996 1.3082148012290067 -1.2290263633615899
v -1.4909417102612308 0.23584950871680865 -1.1136243944181234
v -1.4909417102612308 0.23584950871680865 -1.1136243944181234
v -1.0260862374343354 1.2507230287766982 -0.7569282446083268
v -1.0260862374343354 1.2507230287766982 -0.7569282446083268
vt 0 1
vt 0.125 1
vt 0.125 0
vt 0 0
vt 0 1
vt 0 1
vt 0 0
vt 0 0
vt 0.5 1
vt 0.78125 1
vt 0.78125 0.375
vt 0.5 0.375
vt 0 1
vt 0 1
vt 0 0
vt 0 0
vt 0 1
vt 0.125 1
vt 0.125 1
vt 0 1
vt 0 1
vt 0.125 1
vt 0.125 1
vt 0 1
vn 0.8025380718989634 -0.48814800355996646 0.3429929587806628
vn 0.4456234537307022 0.1082198069690514 -0.8886552823590834
vn -0.8025380718989634 0.48814800355996646 -0.3429929587806628
vn -0.4456234537307022 -0.1082198069690514 0.8886552823590834
vn -0.39667667014561736 -0.866025403784439 -0.30438071450435983
vn 0.39667667014561736 0.866025403784439 0.30438071450435983
g Leaf
f 156/460/115 159/459/115 157/458/115 154/457/115
f 155/464/116 156/463/116 154/462/116 153/461/116
f 160/468/117 155/467/117 153/466/117 158/465/117
f 159/472/118 160/471/118 158/470/118 157/469/118
f 158/476/119 153/475/119 154/474/119 157/473/119
f 159/480/120 156/479/120 155/478/120 160/477/120
o cube
v -0.8188865548007123 1.2975775009704664 -1.1747792955025549
v -0.8188865548007123 1.2975775009704664 -1.1747792955025549
v -0.7179707125863659 1.6148331718434976 -1.0891703322506148
v -0.7179707125863659 1.6148331718434976 -1.0891703322506148
v -1.0260834207960516 1.250730301789977 -0.7569260184415115
v -1.0260834207960516 1.250730301789977 -0.7569260184415115
v -0.9251675785817052 1.5679859726630077 -0.6713170551895715
v -0.9251675785817052 1.5679859726630077 -0.6713170551895715
vt 0 1
vt 0.125 1
vt 0.125 0
vt 0 0
vt 0 1
vt 0 1
vt 0 0
vt 0 0
vt 0.5 0.375
vt 0.75 0.375
vt 0.75 0.1875
vt 0.5 0.1875
vt 0 1
vt 0 1
vt 0 0
vt 0 0
vt 0 1
vt 0.125 1
vt 0.125 1
vt 0 1
vt 0 1
vt 0.125 1
vt 0.125 1
vt 0 1
vn 0.8476042822972181 -0.37177979664168004 0.37861162612958515
vn 0.44201998079005694 0.09994069158504501 -0.8914203243968922
vn -0.8476042822972181 0.37177979664168004 -0.37861162612958515
vn -0.44201998079005694 -0.09994069158504501 0.8914203243968922
vn -0.2935733591690076 -0.9229255879942728 -0.2490442567329164
vn 0.2935733591690076 0.9229255879942728 0.2490442567329164
g Leaf
f 164/484/121 167/483/121 165/482/121 162/481/121
f 163/488/122 164/487/122 162/486/122 161/485/122
f 168/492/123 163/491/123 161/490/123 166/489/123
f 167/496/124 168/495/124 166/494/124 165/493/124
f 166/500/125 161/499/125 162/498/125 165/497/125
f 167/504/126 164/503/126 163/502/126 168/501/126
o cube
v -1.5290057747787182 0.2358495003791048 -1.0640183509883425
v -1.5290057747787182 0.2358495003791048 -1.0640183509883425
v -1.0641503019518237 1.2507230204389927 -0.7073222011785472
v -1.0641503019518237 1.2507230204389927 -0.7073222011785472
v -1.8773054237454252 0.2865775348958477 -0.7544370473801677
v -1.8773054237454252 0.2865775348958477 -0.7544370473801677
v -1.4124499509185307 1.3014510549557357 -0.3977408975703723
v -1.4124499509185307 1.3014510549557357 -0.3977408975703723
vt 0 1
vt 0.125 1
vt 0.125 0
vt 0 0
vt 0 1
vt 0 1
vt 0 0
vt 0 0
vt 0.21875 1
vt 0.46875 1
vt 0.46875 0.375
vt 0.21875 0.375
vt 0 1
vt 0 1
vt 0 0
vt 0 0
vt 0 1
vt 0.125 1
vt 0.125 1
vt 0 1
vt 0 1
vt 0.125 1
vt 0.125 1
vt 0 1
vn 0.5390178945488528 -0.4881480035599656 0.6864191401589425
vn 0.7430392511289744 -0.10821980696905163 -0.6604401143641068
vn -0.5390178945488528 0.4881480035599656 -0.6864191401589425
vn -0.7430392511289744 0.10821980696905163 0.6604401143641068
vn -0.39667667014561697 -0.8660254037844394 -0.30438071450435944
vn 0.39667667014561697 0.8660254037844394 0.30438071450435944
g Leaf
f 172/508/127 175/507/127 173/506/127 170/505/127
f 171/512/128 172/511/128 170/510/128 169/509/128
f 176/516/129 171/515/129 169/514/129 174/513/129
f 175/520/130 176/519/130 174/518/130 173/517/130
f 174/524/131 169/523/131 170/522/131 173/521/131
f 175/528/132 172/527/132 171/526/132 176/525/132
o cube
v -1.4909489328411119 0.23584875965063867 -1.1136128854876128
v -1.4909489328411119 0.23584875965063867 -1.1136128854876128
v -1.0260934600142186 1.2507222797105275 -0.7569167356778178
v -1.0260934600142186 1.2507222797105275 -0.7569167356778178
v -1.528996522154157 0.23584875965063867 -1.0640283017194105
v -1.528996522154157 0.23584875965063867 -1.0640283017194105
v -1.0641410493272638 1.2507222797105275 -0.7073321519096156
v -1.0641410493272638 1.2507222797105275 -0.7073321519096156
vt 0 1
vt 0.125 1
vt 0.125 0
vt 0 0
vt 0 1
vt 0 1
vt 0 0
vt 0 0
vt 0.46875 1
vt 0.5 1
vt 0.5 0.375
vt 0.46875 0.375
vt 0 1
vt 0 1
vt 0 0
vt 0 0
vt 0 1
vt 0.125 1
vt 0.125 1
vt 0 1
vt 0 1
vt 0.125 1
vt 0.125 1
vt 0 1
vn 0.6870641468694512 -0.4999999999999979 0.5272028623656697
vn 0.6087614290087203 0 -0.7933533402912355
vn -0.6870641468694512 0.4999999999999979 -0.5272028623656697
vn -0.6087614290087203 0 0.7933533402912355
vn -0.39667667014561614 -0.8660254037844398 -0.3043807145043588
vn 0.39667667014561614 0.8660254037844398 0.3043807145043588
g Leaf
f 180/532/133 183/531/133 181/530/133 178/529/133
f 179/536/134 180/535/134 178/534/134 177/533/134
f 184/540/135 179/539/135 177/538/135 182/537/135
f 183/544/136 184/543/136 182/542/136 181/541/136
f 182/548/137 177/547/137 178/546/137 181/545/137
f 183/552/138 180/551/138 179/550/138 184/549/138
o cube
v -1.02615735141781 1.25069689378899 -0.7569657612760932
v -1.02615735141781 1.25069689378899 -0.7569657612760932
v -0.7789934322942997 1.1054218663156246 -0.5673102156779748
v -0.7789934322942997 1.1054218663156246 -0.5673102156779748
v -1.064204940730855 1.25069689378899 -0.7073811775078909
v -1.064204940730855 1.25069689378899 -0.7073811775078909
v -0.8170410216073447 1.1054218663156246 -0.5177256319097725
v -0.8170410216073447 1.1054218663156246 -0.5177256319097725
vt 0 1
vt 0.125 1
vt 0.125 0
vt 0 0
vt 0 1
vt 0 1
vt 0 0
vt 0 0
vt 0.46875 0.375
vt 0.5 0.375
vt 0.5 0.1875
vt 0.46875 0.1875
vt 0 1
vt 0 1
vt 0 0
vt 0 0
vt 0 1
vt 0.125 1
vt 0.125 1
vt 0 1
vt 0 1
vt 0.125 1
vt 0.125 1
vt 0 1
vn -0.3352856096200595 -0.9063077870366499 -0.25727369694244945
vn 0.6087614290087201 0 -0.7933533402912356
vn 0.3352856096200595 0.9063077870366499 0.25727369694244945
vn -0.6087614290087201 0 0.7933533402912356
vn -0.719022310177484 0.42261826174069955 -0.5517252235581619
vn 0.719022310177484 -0.42261826174069955 0.5517252235581619
g Leaf
f 188/556/139 191/555/139 189/554/139 186/553/139
f 187/560/140 188/559/140 186/558/140 185/557/140
f 192/564/141 187/563/141 185/562/141 190/561/141
f 191/568/142 192/567/142 190/566/142 189/565/142
f 190/572/143 185/571/143 186/570/143 189/569/143
f 191/576/144 188/575/144 187/574/144 192/573/144
o cube
v -0.49364574227837077 1.1054289259688814 -0.9392016762386095
v -0.49364574227837077 1.1054289259688814 -0.9392016762386095
v -0.27728621890137484 0.8961671847471337 -0.7731831748451763
v -0.27728621890137484 0.8961671847471337 -0.7731831748451763
v -1.102407171287091 1.1054289259688814 -0.14584833594737412
v -1.102407171287091 1.1054289259688814 -0.14584833594737412
v -0.886047647910095 0.8961671847471337 0.02017016544605932
v -0.886047647910095 0.8961671847471337 0.02017016544605932
vt 0 1
vt 0.125 1
vt 0.125 0
vt 0 0
vt 0 1
vt 0 1
vt 0 0
vt 0 0
vt 0.21875 0.1875
vt 0.75 0.1875
vt 0.75 0
vt 0.21875 0
vt 0 1
vt 0 1
vt 0 0
vt 0 0
vt 0 1
vt 0.125 1
vt 0.125 1
vt 0 1
vt 0 1
vt 0.125 1
vt 0.125 1
vt 0 1
vn -0.4829629131445344 -0.7933533402912354 -0.37059047744873935
vn 0.6087614290087202 0 -0.7933533402912357
vn 0.4829629131445344 0.7933533402912354 0.37059047744873935
vn -0.6087614290087202 0 0.7933533402912357
vn -0.6294095225512607 0.6087614290087207 -0.48296291314453393
vn 0.6294095225512607 -0.6087614290087207 0.48296291314453393
g Leaf
f 196/580/145 199/579/145 197/578/145 194/577/145
f 195/584/146 196/583/146 194/582/146 193/581/146
f 200/588/147 195/587/147 193/586/147 198/585/147
f 199/592/148 200/591/148 198/590/148 197/589/148
f 198/596/149 193/595/149 194/594/149 197/593/149
f 199/600/150 196/599/150 195/598/150 200/597/150
o cube
v -0.1806845947998933 0.4652831888517154 -0.30516051221130325
v -0.1806845947998933 0.4652831888517154 -0.30516051221130325
v 0.05909140214836461 -0.009124499418032894 -0.12117391868334432
v 0.05909140214836461 -0.009124499418032894 -0.12117391868334432
v -0.40897013067816335 0.4652831888517154 -0.007653009602089922
v -0.40897013067816335 0.4652831888517154 -0.007653009602089922
v -0.16919413372990544 -0.009124499418032894 0.17633358392586906
v -0.16919413372990544 -0.009124499418032894 0.17633358392586906
vt 0 1
vt 0.125 1
vt 0.125 0
vt 0 0
vt 0 1
vt 0 1
vt 0 0
vt 0 0
vt 0.375 0.3125
vt 0.59375 0.3125
vt 0.59375 0
vt 0.375 0
vt 0 1
vt 0 1
vt 0 0
vt 0 0
vt 0 1
vt 0.125 1
vt 0.125 1
vt 0 1
vt 0 1
vt 0.125 1
vt 0.125 1
vt 0 1
vn -0.6691074207087075 -0.5372996083468238 -0.513424181766783
vn 0.6087614290087202 0 -0.7933533402912356
vn 0.6691074207087075 0.5372996083468238 0.513424181766783
vn -0.6087614290087202 0 0.7933533402912356
vn -0.42626843901912526 0.8433914458128857 -0.3270872773830381
vn 0.42626843901912526 -0.8433914458128857 0.3270872773830381
g Stem
f 204/604/151 207/603/151 205/602/151 202/601/151
f 203/608/152 204/607/152 202/606/152 201/605/152
f 208/612/153 203/611/153 201/610/153 206/609/153
f 207/616/154 208/615/154 206/614/154 205/613/154
f 206/620/155 201/619/155 202/618/155 205/617/155
f 207/624/156 204/623/156 203/622/156 208/621/156
o cube
v -0.467531964279759 0.8961765951057434 -0.5252662402439763
v -0.467531964279759 0.8961765951057434 -0.5252662402439763
v -0.18068075958077684 0.4652765958513183 -0.3051575693441704
v -0.18068075958077684 0.4652765958513183 -0.3051575693441704
v -0.6958175001580291 0.8961765951057434 -0.227758737634763
v -0.6958175001580291 0.8961765951057434 -0.227758737634763
v -0.4089662954590469 0.4652765958513183 -0.007650066734957051
v -0.4089662954590469 0.4652765958513183 -0.007650066734957051
vt 0 1
vt 0.125 1
vt 0.125 0
vt 0 0
vt 0 1
vt 0 1
vt 0 0
vt 0 0
vt 0.375 0.625
vt 0.59375 0.625
vt 0.59375 0.3125
vt 0.375 0.3125
vt 0 1
vt 0 1
vt 0 0
vt 0 0
vt 0 1
vt 0.125 1
vt 0.125 1
vt 0 1
vt 0 1
vt 0.125 1
vt 0.125 1
vt 0 1
vn -0.6077439177599806 -0.6427876096865394 -0.46633830987729835
vn 0.6087614290087202 0 -0.7933533402912355
vn 0.6077439177599806 0.6427876096865394 0.46633830987729835
vn -0.6087614290087202 0 0.7933533402912355
vn -0.5099576972426348 0.7660444431189781 -0.39130430382187714
vn 0.5099576972426348 -0.7660444431189781 0.39130430382187714
g Stem
f 212/628/157 215/627/157 213/626/157 210/625/157
f 211/632/158 212/631/158 210/630/158 209/629/158
f 216/636/159 211/635/159 209/634/159 214/633/159
f 215/640/160 216/639/160 214/638/160 213/637/160
f 214/644/161 209/643/161 210/642/161 213/641/161
f 215/648/162 212/647/162 211/646/162 216/645/162
o cube
v 0.0830942242022168 1.8045847799835948 0.2591413023024678
v 0.0830942242022168 1.8045847799835948 0.2591413023024678
v -0.005421259422680569 1.9354549119657851 -0.04614885511112199
v -0.005421259422680569 1.9354549119657851 -0.04614885511112199
v 0.5330354774555839 1.9013451527771128 0.17016455602767455
v 0.5330354774555839 1.9013451527771128 0.17016455602767455
v 0.4445199938306863 2.032215284759303 -0.13512560138591523
v 0.4445199938306863 2.032215284759303 -0.13512560138591523
vt 0 1
vt 0.125 1
vt 0.125 0
vt 0 0
vt 0 1
vt 0 1
vt 0 0
vt 0 0
vt 0.21875 0.375
vt 0.46875 0.375
vt 0.46875 0.1875
vt 0.21875 0.1875
vt 0 1
vt 0 1
vt 0 0
vt 0 0
vt 0 1
vt 0.125 1
vt 0.125 1
vt 0 1
vt 0 1
vt 0.125 1
vt 0.125 1
vt 0 1
vn 0.11106112178860289 -0.9013586587801384 -0.4185904865965389
vn -0.959874673607183 -0.20642212862617104 0.18981705871955887
vn -0.11106112178860289 0.9013586587801384 0.4185904865965389
vn 0.959874673607183 0.20642212862617104 -0.18981705871955887
vn 0.25749958872697465 -0.3807131112209173 0.8881168215668074
vn -0.25749958872697465 0.3807131112209173 -0.8881168215668074
g Leaf
f 220/652/163 223/651/163 221/650/163 218/649/163
f 219/656/164 220/655/164 218/654/164 217/653/164
f 224/660/165 219/659/165 217/658/165 222/657/165
f 223/664/166 224/663/166 222/662/166 221/661/166
f 222/668/167 217/667/167 218/666/167 221/665/167
f 223/672/168 220/671/168 219/670/168 224/669/168
o cube
v -0.17761348468552596 1.6123441826963045 1.5316904224863181
v -0.17761348468552596 1.6123441826963045 1.5316904224863181
v -0.47058223468552557 1.9156477511758214 0.4383161624563734
v -0.47058223468552557 1.9156477511758214 0.4383161624563734
v 0.31566851473510527 1.5012786070746662 1.3687061611006903
v 0.31566851473510527 1.5012786070746662 1.3687061611006903
v 0.0226997647351056 1.8045821755541827 0.2753319010707458
v 0.0226997647351056 1.8045821755541827 0.2753319010707458
vt 0 1
vt 0.125 1
vt 0.125 0
vt 0 0
vt 0 1
vt 0 1
vt 0 0
vt 0 0
vt 0.5 1
vt 0.78125 1
vt 0.78125 0.375
vt 0.5 0.375
vt 0 1
vt 0 1
vt 0 0
vt 0 0
vt 0 1
vt 0.125 1
vt 0.125 1
vt 0 1
vt 0 1
vt 0.125 1
vt 0.125 1
vt 0 1
vn -0.27446404460522816 -0.9430295273800396 -0.18805530757816555
vn -0.9285308224388351 0.2090646129348492 0.3067939037847105
vn 0.27446404460522816 0.9430295273800396 0.18805530757816555
vn 0.9285308224388351 -0.2090646129348492 -0.3067939037847105
vn 0.24999999999999964 -0.258819045102521 0.9330127018922193
vn -0.24999999999999964 0.258819045102521 -0.9330127018922193
g Leaf
f 228/676/169 231/675/169 229/674/169 226/673/169
f 227/680/170 228/679/170 226/678/170 225/677/170
f 232/684/171 227/683/171 225/682/171 230/681/171
f 231/688/172 232/687/172 230/686/172 229/685/172
f 230/692/173 225/691/173 226/690/173 229/689/173
f 231/696/174 228/695/174 227/694/174 232/693/174
o cube
v -0.4114511022398772 1.901345152777112 0.42323897231910523
v -0.4114511022398772 1.901345152777112 0.42323897231910523
v -0.4874395234992452 2.032215284759302 0.11459219866113712
v -0.4874395234992452 2.032215284759302 0.11459219866113712
v 0.022697826425543077 1.8045847799835943 0.27532446831247537
v 0.022697826425543077 1.8045847799835943 0.27532446831247537
v -0.05329059483382492 1.9354549119657842 -0.03332230534549252
v -0.05329059483382492 1.9354549119657842 -0.03332230534549252
vt 0 1
vt 0.125 1
vt 0.125 0
vt 0 0
vt 0 1
vt 0 1
vt 0 0
vt 0 0
vt 0.5 0.375
vt 0.75 0.375
vt 0.75 0.1875
vt 0.5 0.1875
vt 0 1
vt 0 1
vt 0 0
vt 0 0
vt 0 1
vt 0.125 1
vt 0.125 1
vt 0 1
vt 0 1
vt 0.125 1
vt 0.125 1
vt 0 1
vn -0.3054769961399964 -0.9013586587801387 -0.30697943428079033
vn -0.9261843811528968 0.20642212862617113 0.3155509418808099
vn 0.3054769961399964 0.9013586587801387 0.30697943428079033
vn 0.9261843811528968 -0.20642212862617113 -0.3155509418808099
vn 0.22105722548179782 -0.3807131112209166 0.8978815233686345
vn -0.22105722548179782 0.3807131112209166 -0.8978815233686345
g Leaf
f 236/700/175 239/699/175 237/698/175 234/697/175
f 235/704/176 236/703/176 234/702/176 233/701/176
f 240/708/177 235/707/177 233/706/177 238/705/177
f 239/712/178 240/711/178 238/710/178 237/709/178
f 238/716/179 233/715/179 234/714/179 237/713/179
f 239/720/180 236/719/180 235/718/180 240/717/180
o cube
v 0.3760650143579669 1.5012786060186185 1.3525229789150242
v 0.3760650143579669 1.5012786060186185 1.3525229789150242
v 0.08309626435796769 1.8045821744981358 0.25914871888508184
v 0.08309626435796769 1.8045821744981358 0.25914871888508184
v 0.8249063732585502 1.5992776433318294 1.2594413710326842
v 0.8249063732585502 1.5992776433318294 1.2594413710326842
v 0.5319376232585509 1.9025812118113463 0.16606711100274185
v 0.5319376232585509 1.9025812118113463 0.16606711100274185
vt 0 1
vt 0.125 1
vt 0.125 0
vt 0 0
vt 0 1
vt 0 1
vt 0 0
vt 0 0
vt 0.21875 1
vt 0.46875 1
vt 0.46875 0.375
vt 0.21875 0.375
vt 0 1
vt 0 1
vt 0 0
vt 0 0
vt 0 1
vt 0.125 1
vt 0.125 1
vt 0 1
vt 0 1
vt 0.125 1
vt 0.125 1
vt 0 1
