# Made in Blockbench 4.7.4

o cube
v -0.4493099850806583 0.39286345082434604 -0.14485889768164484
v -0.43303046842438364 0.37652174905916014 0.041216829163249646
v -0.4493099850806583 0.39286345082434604 -0.14485889768164484
v -0.43303046842438364 0.37652174905916014 0.041216829163249646
v 0.43863989240589374 0.37652174905916014 -0.03504444574095106
v 0.42236037574961904 0.39286345082434604 -0.2211201725858456
v 0.43863989240589374 0.37652174905916014 -0.03504444574095106
v 0.42236037574961904 0.39286345082434604 -0.2211201725858456
vt 0 1
vt 0.1875 1
vt 0.1875 1
vt 0 1
vt 0 1
vt 0.125 1
vt 0.125 1
vt 0 1
vt 0 1
vt 0.1875 1
vt 0.1875 1
vt 0 1
vt 0 1
vt 0.125 1
vt 0.125 1
vt 0 1
vt 0.09375 0
vt 0.875 0
vt 0.875 0.1875
vt 0.09375 0.1875
vt 0 0.875
vt 0.1875 0.875
vt 0.1875 1
vt 0 1
vn 0.08682408883346499 -0.08715574274765821 0.9924038765061041
vn -0.9961946980917457 0 0.08715574274765797
vn -0.08682408883346499 0.08715574274765821 -0.9924038765061041
vn 0.9961946980917457 0 -0.08715574274765797
vn 0.007596123493896077 0.9961946980917457 0.08682408883346521
vn -0.007596123493896077 -0.9961946980917457 -0.08682408883346521
g Frond_Lower
f 4/4/1 7/3/1 5/2/1 2/1/1
f 3/8/2 4/7/2 2/6/2 1/5/2
f 8/12/3 3/11/3 1/10/3 6/9/3
f 7/16/4 8/15/4 6/14/4 5/13/4
f 6/20/5 1/19/5 2/18/5 5/17/5
f 7/24/6 4/23/6 3/22/6 8/21/6
o cube
v -0.4593746861811125 0.34509028394734065 -0.25989895767149584
v -0.4493095103229399 0.39292571299297685 -0.14485347117609276
v -0.4593746861811125 0.34509028394734065 -0.25989895767149584
v -0.4493095103229399 0.39292571299297685 -0.14485347117609276
v 0.4223608505073374 0.39292571299297674 -0.22111474608029352
v 0.41229567464916483 0.34509028394734054 -0.33616023257569655
v 0.4223608505073374 0.39292571299297674 -0.22111474608029352
v 0.41229567464916483 0.34509028394734054 -0.33616023257569655
vt 0 1
vt 0.1875 1
vt 0.1875 1
vt 0 1
vt 0 1
vt 0.125 1
vt 0.125 1
vt 0 1
vt 0 1
vt 0.1875 1
vt 0.1875 1
vt 0 1
vt 0 1
vt 0.125 1
vt 0.125 1
vt 0 1
vt 0.09375 0.1875
vt 0.875 0.1875
vt 0.875 0.375
vt 0.09375 0.375
vt 0 0.875
vt 0.1875 0.875
vt 0.1875 1
vt 0 1
vn 0.08052140686538029 0.3826834323650898 0.9203638919632243
vn -0.9961946980917455 0 0.08715574274765797
vn -0.08052140686538029 -0.3826834323650898 -0.9203638919632243
vn 0.9961946980917455 0 -0.08715574274765797
vn -0.03335305878500243 0.9238795325112868 -0.38122720636965346
vn 0.03335305878500243 -0.9238795325112868 0.38122720636965346
g Frond_Lower
f 12/28/7 15/27/7 13/26/7 10/25/7
f 11/32/8 12/31/8 10/30/8 9/29/8
f 16/36/9 11/35/9 9/34/9 14/33/9
f 15/40/10 16/39/10 14/38/10 13/37/10
f 14/44/11 9/43/11 10/42/11 13/41/11
f 15/48/12 12/47/12 11/46/12 16/45/12
o cube
v -0.4769329565131036 0.028842653012768782 -0.46059090591217705
v -0.4593721765967937 0.3451144451926009 -0.25987027299147303
v -0.4769329565131036 0.028842653012768782 -0.46059090591217705
v -0.4593721765967937 0.3451144451926009 -0.25987027299147303
v 0.41229818423348374 0.3451144451926008 -0.3361315478956738
v 0.39473740431717375 0.02884265301276867 -0.5368521808163778
v 0.41229818423348374 0.3451144451926008 -0.3361315478956738
v 0.39473740431717375 0.02884265301276867 -0.5368521808163778
vt 0 1
vt 0.1875 1
vt 0.1875 1
vt 0 1
vt 0 1
vt 0.125 1
vt 0.125 1
vt 0 1
vt 0 1
vt 0.1875 1
vt 0.1875 1
vt 0 1
vt 0 1
vt 0.125 1
vt 0.125 1
vt 0 1
vt 0.09375 0.375
vt 0.875 0.375
vt 0.875 0.6875
vt 0.09375 0.6875
vt 0 0.875
vt 0.1875 0.875
vt 0.1875 1
vt 0 1
vn 0.046828746443493274 0.8433914458128857 0.5352550211218774
vn -0.9961946980917457 0 0.08715574274765796
vn -0.046828746443493274 -0.8433914458128857 -0.5352550211218774
vn 0.9961946980917457 0 -0.08715574274765796
vn -0.07350640788684314 0.5372996083468239 -0.8401820867347285
vn 0.07350640788684314 -0.5372996083468239 0.8401820867347285
g Frond_Lower
f 20/52/13 23/51/13 21/50/13 18/49/13
f 19/56/14 20/55/14 18/54/14 17/53/14
f 24/60/15 19/59/15 17/58/15 22/57/15
f 23/64/16 24/63/16 22/62/16 21/61/16
f 22/68/17 17/67/17 18/66/17 21/65/17
f 23/72/18 20/71/18 19/70/18 24/69/18
o cube
v -0.4825716809289667 -0.21262140416173814 -0.5250418209063484
v -0.47693228940067917 0.02886005241052869 -0.4605832807822735
v -0.4825716809289667 -0.21262140416173814 -0.5250418209063484
v -0.47693228940067917 0.02886005241052869 -0.4605832807822735
v 0.39473807142959827 0.02886005241052869 -0.5368445556864743
v 0.38909867990131075 -0.21262140416173825 -0.6013030958105492
v 0.39473807142959827 0.02886005241052869 -0.5368445556864743
v 0.38909867990131075 -0.21262140416173825 -0.6013030958105492
vt 0 1
vt 0.1875 1
vt 0.1875 1
vt 0 1
vt 0 1
vt 0.125 1
vt 0.125 1
vt 0 1
vt 0 1
vt 0.1875 1
vt 0.1875 1
vt 0 1
vt 0 1
vt 0.125 1
vt 0.125 1
vt 0 1
vt 0.09375 0.6875
vt 0.875 0.6875
vt 0.875 1
vt 0.09375 1
vt 0 0.875
vt 0.1875 0.875
vt 0.1875 1
vt 0 1
vn 0.022557566113149925 0.9659258262890683 0.25783416049629976
vn -0.9961946980917457 0 0.08715574274765796
vn -0.022557566113149925 -0.9659258262890683 -0.25783416049629976
vn 0.9961946980917457 0 -0.08715574274765796
vn -0.084185982829369 0.258819045102521 -0.9622501868990583
vn 0.084185982829369 -0.258819045102521 0.9622501868990583
g Frond_Lower
f 28/76/19 31/75/19 29/74/19 26/73/19
f 27/80/20 28/79/20 26/78/20 25/77/20
f 32/84/21 27/83/21 25/82/21 30/81/21
f 31/88/22 32/87/22 30/86/22 29/85/22
f 30/92/23 25/91/23 26/90/23 29/89/23
f 31/96/24 28/95/24 27/94/24 32/93/24
o cube
v 0.5176195103680752 0.2948619610090766 -0.30018198602195156
v 0.4051562692224151 0.4679970526410526 -0.5347720741258619
v 0.5176195103680752 0.2948619610090766 -0.30018198602195156
v 0.4051562692224151 0.4679970526410526 -0.5347720741258619
v -0.5491788902863299 0.6262471751809451 0.03953298596113364
v -0.43671564914066974 0.45311208354896904 0.274123074065044
v -0.5491788902863299 0.6262471751809451 0.03953298596113364
v -0.43671564914066974 0.45311208354896904 0.274123074065044
vt 0 1
vt 0.125 1
vt 0.125 1
vt 0 1
vt 0 1
vt 0.3125 1
vt 0.3125 1
vt 0 1
vt 0 1
vt 0.125 1
vt 0.125 1
vt 0 1
vt 0 1
vt 0.3125 1
vt 0.3125 1
vt 0 1
vt 0 0.3125
vt 1 0.3125
vt 1 0
vt 0 0
vt 0 1
vt 0.0625 1
vt 0.0625 0.6875
vt 0 0.6875
vn -0.35988237166611253 0.5540322932223232 -0.7506882819325129
vn 0.8482979195633289 -0.14066677559101545 -0.510493386743996
vn 0.35988237166611253 -0.5540322932223232 0.7506882819325129
vn -0.8482979195633289 0.14066677559101545 0.510493386743996
vn 0.3884267218260122 0.8205248785452156 0.4193609488970774
vn -0.3884267218260122 -0.8205248785452156 -0.4193609488970774
g Frond_Upper
f 36/100/25 39/99/25 37/98/25 34/97/25
f 35/104/26 36/103/26 34/102/26 33/101/26
f 40/108/27 35/107/27 33/106/27 38/105/27
f 39/112/28 40/111/28 38/110/28 37/109/28
f 38/116/29 33/115/29 34/114/29 37/113/29
f 39/120/30 36/119/30 35/118/30 40/117/30
o cube
v 0.40516541924066396 0.4679883057069081 -0.5347544591190854
v 0.22852970471215284 0.557982313602833 -0.8530717582026108
v 0.40516541924066396 0.4679883057069081 -0.5347544591190854
v 0.22852970471215284 0.557982313602833 -0.8530717582026108
v -0.7258054547965922 0.7162324361427257 -0.2787666981156152
v -0.5491697402680811 0.6262384282468005 0.03955060096791008
v -0.7258054547965922 0.7162324361427257 -0.2787666981156152
v -0.5491697402680811 0.6262384282468005 0.03955060096791008
vt 0 1
vt 0.125 1
vt 0.125 1
vt 0 1
vt 0 1
vt 0.3125 1
vt 0.3125 1
vt 0 1
vt 0 1
vt 0.125 1
vt 0.125 1
vt 0 1
vt 0 1
vt 0.3125 1
vt 0.3125 1
vt 0 1
vt 0 0.625
vt 1 0.625
vt 1 0.3125
vt 0 0.3125
vt 0 1
vt 0.0625 1
vt 0.0625 0.6875
vt 0 0.6875
vn -0.4710285720760301 0.23998402105580025 -0.8488461308894008
vn 0.8482979195633289 -0.14066677559101548 -0.5104933867439959
vn 0.4710285720760301 -0.23998402105580025 0.8488461308894008
vn -0.8482979195633289 0.14066677559101548 0.5104933867439959
vn 0.241914703878339 0.9605313778751406 0.13731987534490206
vn -0.241914703878339 -0.9605313778751406 -0.13731987534490206
g Frond_Upper
f 44/124/31 47/123/31 45/122/31 42/121/31
f 43/128/32 44/127/32 42/126/32 41/125/32
f 48/132/33 43/131/33 41/130/33 46/129/33
f 47/136/34 48/135/34 46/134/34 45/133/34
f 46/140/35 41/139/35 42/138/35 45/137/35
f 47/144/36 44/143/36 43/142/36 48/141/36
o cube
v 0.2285392632134009 0.5579805781881855 -0.8530553964394169
v -0.016135621747795148 0.5298740810897873 -1.2518921901158322
v 0.2285392632134009 0.5579805781881855 -0.8530553964394169
v -0.016135621747795148 0.5298740810897873 -1.2518921901158322
v -0.9704707812565402 0.68812420362968 -0.6775871300288365
v -0.725795896295344 0.7162307007280779 -0.27875033635242136
v -0.9704707812565402 0.68812420362968 -0.6775871300288365
v -0.725795896295344 0.7162307007280779 -0.27875033635242136
vt 0 1
vt 0.125 1
vt 0.125 1
vt 0 1
vt 0 1
vt 0.3125 1
vt 0.3125 1
vt 0 1
vt 0 1
vt 0.125 1
vt 0.125 1
vt 0 1
vt 0 1
vt 0.3125 1
vt 0.3125 1
vt 0 1
vt 0 1
vt 1 1
vt 1 0.625
vt 0 0.625
vt 0 1
vt 0.0625 1
vt 0.0625 0.6875
vt 0 0.6875
vn -0.5219730879172182 -0.05996052714324937 -0.8508518265096855
vn 0.8482979195633289 -0.14066677559101548 -0.510493386743996
vn 0.5219730879172182 0.05996052714324937 0.8508518265096855
vn -0.8482979195633289 0.14066677559101548 0.510493386743996
vn 0.08907713036853102 0.9882396437249069 -0.12428866165413953
vn -0.08907713036853102 -0.9882396437249069 0.12428866165413953
g Frond_Upper
f 52/148/37 55/147/37 53/146/37 50/145/37
f 51/152/38 52/151/38 50/150/38 49/149/38
f 56/156/39 51/155/39 49/154/39 54/153/39
f 55/160/40 56/159/40 54/158/40 53/157/40
f 54/164/41 49/163/41 50/162/41 53/161/41
f 55/168/42 52/167/42 51/166/42 56/165/42
o cube
v 0.2083248440391936 0.26857528434076605 0.5527036916980814
v 0.4385362552099531 0.4765932402765577 0.5154547162079757
v 0.2083248440391936 0.26857528434076605 0.5527036916980814
v 0.4385362552099531 0.4765932402765577 0.5154547162079757
v 0.08043170393922561 0.6856375599971598 -0.5303400068384458
v -0.149779707231534 0.47761960406136805 -0.4930910313483401
v 0.08043170393922561 0.6856375599971598 -0.5303400068384458
v -0.149779707231534 0.47761960406136805 -0.4930910313483401
vt 0 1
vt 0.125 1
vt 0.125 1
vt 0 1
vt 0 1
vt 0.3125 1
vt 0.3125 1
vt 0 1
vt 0 1
vt 0.125 1
vt 0.125 1
vt 0 1
vt 0 1
vt 0.3125 1
vt 0.3125 1
vt 0 1
vt 0 0.3125
vt 1 0.3125
vt 1 0
vt 0 0
vt 0 1
vt 0.0625 1
vt 0.0625 0.6875
vt 0 0.6875
vn 0.7366765157464307 0.6656574589945335 -0.11919672156833828
vn 0.31831515668509114 -0.18581717308497964 0.9295953093745969
vn -0.7366765157464307 -0.6656574589945335 0.11919672156833828
vn -0.31831515668509114 0.18581717308497964 -0.9295953093745969
vn -0.5966432536887054 0.722753156666678 0.3487760059925388
vn 0.5966432536887054 -0.722753156666678 -0.3487760059925388
g Frond_Upper
f 60/172/43 63/171/43 61/170/43 58/169/43
f 59/176/44 60/175/44 58/174/44 57/173/44
f 64/180/45 59/179/45 57/178/45 62/177/45
f 63/184/46 64/183/46 62/182/46 61/181/46
f 62/188/47 57/187/47 58/186/47 61/185/47
f 63/192/48 60/191/48 59/190/48 64/189/48
o cube
v 0.4385249682433716 0.47653233202052725 0.5154464061537625
v 0.78749313787394 0.4293630798427408 0.38652286977006245
v 0.4385249682433716 0.47653233202052725 0.5154464061537625
v 0.78749313787394 0.4293630798427408 0.38652286977006245
v 0.42938858660321255 0.6384073995633428 -0.6592718532763591
v 0.08042041697264413 0.6855766517411293 -0.530348316892659
v 0.42938858660321255 0.6384073995633428 -0.6592718532763591
v 0.08042041697264413 0.6855766517411293 -0.530348316892659
vt 0 1
vt 0.125 1
vt 0.125 1
vt 0 1
vt 0 1
vt 0.3125 1
vt 0.3125 1
vt 0 1
vt 0 1
vt 0.125 1
vt 0.125 1
vt 0 1
vt 0 1
vt 0.3125 1
vt 0.3125 1
vt 0 1
vt 0 0.625
vt 1 0.625
vt 1 0.3125
vt 0 0.3125
vt 0 1
vt 0.0625 1
vt 0.0625 0.6875
vt 0 0.6875
vn 0.9305817856815158 -0.1257846724740971 -0.3437960970231999
vn 0.3183151566850912 -0.1858171730849796 0.9295953093745969
vn -0.9305817856815158 0.1257846724740971 0.3437960970231999
vn -0.3183151566850912 0.1858171730849796 -0.9295953093745969
vn 0.1808120603896411 0.9744999714506363 0.13287890901253654
vn -0.1808120603896411 -0.9744999714506363 -0.13287890901253654
g Frond_Upper
f 68/196/49 71/195/49 69/194/49 66/193/49
f 67/200/50 68/199/50 66/198/50 65/197/50
f 72/204/51 67/203/51 65/202/51 70/201/51
f 71/208/52 72/207/52 70/206/52 69/205/52
f 70/212/53 65/211/53 66/210/53 69/209/53
f 71/216/54 68/215/54 67/214/54 72/213/54
o cube
v 0.7874539098663003 0.4293886351098506 0.3865414106089802
v 1.019664835231004 0.05276880542345541 0.23174427714631385
v 0.7874539098663003 0.4293886351098506 0.3865414106089802
v 1.019664835231004 0.05276880542345541 0.23174427714631385
v 0.6615602839602763 0.2618131251440574 -0.8140504459001077
v 0.42934935859557255 0.6384329548304526 -0.6592533124374413
v 0.6615602839602763 0.2618131251440574 -0.8140504459001077
v 0.42934935859557255 0.6384329548304526 -0.6592533124374413
vt 0 1
vt 0.125 1
vt 0.125 1
vt 0 1
vt 0 1
vt 0.3125 1
vt 0.3125 1
vt 0 1
vt 0 1
vt 0.125 1
vt 0.125 1
vt 0 1
vt 0 1
vt 0.3125 1
vt 0.3125 1
vt 0 1
vt 0 1
vt 1 1
vt 1 0.625
vt 0 0.625
vt 0 1
vt 0.0625 1
vt 0.0625 0.6875
vt 0 0.6875
vn 0.4953833074447016 -0.8034556366643097 -0.3302338847203551
vn 0.31831515668509114 -0.1858171730849796 0.9295953093745969
vn -0.4953833074447016 0.8034556366643097 0.3302338847203551
vn -0.31831515668509114 0.1858171730849796 -0.9295953093745969
vn 0.8082517180493303 0.5656244497005546 -0.1637013810914577
vn -0.8082517180493303 -0.5656244497005546 0.1637013810914577
g Frond_Upper
f 76/220/55 79/219/55 77/218/55 74/217/55
f 75/224/56 76/223/56 74/222/56 73/221/56
f 80/228/57 75/227/57 73/226/57 78/225/57
f 79/232/58 80/231/58 78/230/58 77/229/58
f 78/236/59 73/235/59 74/234/59 77/233/59
f 79/240/60 76/239/60 75/238/60 80/237/60
o cube
v -0.48830585615476174 0.3479517268043065 -0.31106947485085595
v -0.6029118522974025 0.5949935283123144 -0.15779826439099465
v -0.48830585615476174 0.3479517268043065 -0.31106947485085595
v -0.6029118522974025 0.5949935283123144 -0.15779826439099465
v 0.34143385206357135 0.655615407279422 0.45061046207952016
v 0.45603984820621224 0.4085736057714142 0.2973392516196589
v 0.34143385206357135 0.655615407279422 0.45061046207952016
v 0.45603984820621224 0.4085736057714142 0.2973392516196589
vt 0 1
vt 0.125 1
vt 0.125 1
vt 0 1
vt 0 1
vt 0.3125 1
vt 0.3125 1
vt 0 1
vt 0 1
vt 0.125 1
vt 0.125 1
vt 0 1
vt 0 1
vt 0.3125 1
vt 0.3125 1
vt 0 1
vt 0 0.3125
vt 1 0.3125
vt 1 0
vt 0 0
vt 0 1
vt 0.0625 1
vt 0.0625 0.6875
vt 0 0.6875
vn -0.3667391876564503 0.7905337648256252 0.49046787347155585
vn -0.8394184038764211 -0.05388611463742902 -0.5408077568626799
vn 0.3667391876564503 -0.7905337648256252 -0.49046787347155585
vn 0.8394184038764211 0.05388611463742902 0.5408077568626799
vn 0.4010973840236913 0.6100431569322822 -0.6833507409884374
vn -0.4010973840236913 -0.6100431569322822 0.6833507409884374
g Frond_Upper
f 84/244/61 87/243/61 85/242/61 82/241/61
f 83/248/62 84/247/62 82/246/62 81/245/62
f 88/252/63 83/251/63 81/250/63 86/249/63
f 87/256/64 88/255/64 86/254/64 85/253/64
f 86/260/65 81/259/65 82/258/65 85/257/65
f 87/264/66 84/263/66 83/262/66 88/261/66
o cube
v -0.6028970408282612 0.5949739377985219 -0.15781930211275308
v -0.7972048452353613 0.7373242169568484 0.12959307613501614
v -0.6028970408282612 0.5949739377985219 -0.15781930211275308
v -0.7972048452353613 0.7373242169568484 0.12959307613501614
v 0.1471408591256126 0.7979460959239559 0.738001802605531
v 0.34144866353271264 0.6555958167656297 0.45058942435776184
v 0.1471408591256126 0.7979460959239559 0.738001802605531
v 0.34144866353271264 0.6555958167656297 0.45058942435776184
vt 0 1
vt 0.125 1
vt 0.125 1
vt 0 1
vt 0 1
vt 0.3125 1
vt 0.3125 1
vt 0 1
vt 0 1
vt 0.125 1
vt 0.125 1
vt 0 1
vt 0 1
vt 0.3125 1
vt 0.3125 1
vt 0 1
vt 0 0.625
vt 1 0.625
vt 1 0.3125
vt 0 0.3125
vt 0 1
vt 0.0625 1
vt 0.0625 0.6875
vt 0 0.6875
vn -0.5181541450856 0.3796007444222035 0.7664330086607178
vn -0.8394184038764212 -0.05388611463742896 -0.5408077568626799
vn 0.5181541450856 -0.3796007444222035 -0.7664330086607178
vn 0.8394184038764212 0.05388611463742896 0.5408077568626799
vn 0.16399093012777424 0.923579753721026 -0.34656516465512904
vn -0.16399093012777424 -0.923579753721026 0.34656516465512904
g Frond_Upper
f 92/268/67 95/267/67 93/266/67 90/265/67
f 91/272/68 92/271/68 90/270/68 89/269/68
f 96/276/69 91/275/69 89/274/69 94/273/69
f 95/280/70 96/279/70 94/278/70 93/277/70
f 94/284/71 89/283/71 90/282/71 93/281/71
f 95/288/72 92/287/72 91/286/72 96/285/72
o cube
v -0.7971916651616082 0.7373195260974255 0.12957308599222161
v -1.0510050814187224 0.7360382861353263 0.5236589530974156
v -0.7971916651616082 0.7373195260974255 0.12957308599222161
v -1.0510050814187224 0.7360382861353263 0.5236589530974156
v -0.10665937705774836 0.7966601651024341 1.1320676795679305
v 0.14715403919936576 0.797941405064533 0.7379818124627364
v -0.10665937705774836 0.7966601651024341 1.1320676795679305
v 0.14715403919936576 0.797941405064533 0.7379818124627364
vt 0 1
vt 0.125 1
vt 0.125 1
vt 0 1
vt 0 1
vt 0.3125 1
vt 0.3125 1
vt 0 1
vt 0 1
vt 0.125 1
vt 0.125 1
vt 0 1
vt 0 1
vt 0.3125 1
vt 0.3125 1
vt 0 1
vt 0 1
vt 1 1
vt 1 0.625
vt 0 0.625
vt 0 1
vt 0.0625 1
vt 0.0625 0.6875
vt 0 0.6875
vn -0.5414686213485098 -0.0027333119191447924 0.8407165164910803
vn -0.8394184038764212 -0.053886114637429004 -0.5408077568626799
vn 0.5414686213485098 0.0027333119191447924 -0.8407165164910803
vn 0.8394184038764212 0.053886114637429004 0.5408077568626799
vn -0.04678114287301695 0.9985433469085029 -0.026883247874091677
vn 0.04678114287301695 -0.9985433469085029 0.026883247874091677
g Frond_Upper
f 100/292/73 103/291/73 101/290/73 98/289/73
f 99/296/74 100/295/74 98/294/74 97/293/74
f 104/300/75 99/299/75 97/298/75 102/297/75
f 103/304/76 104/303/76 102/302/76 101/301/76
f 102/308/77 97/307/77 98/306/77 101/305/77
f 103/312/78 100/311/78 99/310/78 104/309/78
o cube
v -0.15931217857730912 0.3993271390580774 0.41623296872968574
v 0.01829535071804944 0.3467656174543641 0.44537232329187126
v -0.15931217857730912 0.3993271390580774 0.41623296872968574
v 0.01829535071804944 0.3467656174543641 0.44537232329187126
v 0.170083012094715 0.38233651470482233 -0.4156272220753721
v -0.00752451720064351 0.4348980363085355 -0.4447665766375577
v 0.170083012094715 0.38233651470482233 -0.4156272220753721
v -0.00752451720064351 0.4348980363085355 -0.4447665766375577
vt 0 1
vt 0.1875 1
vt 0.1875 1
vt 0 1
vt 0 1
vt 0.125 1
vt 0.125 1
vt 0 1
vt 0 1
vt 0.1875 1
vt 0.1875 1
vt 0 1
vt 0 1
vt 0.125 1
vt 0.125 1
vt 0 1
vt 0.09375 0
vt 0.875 0
vt 0.875 0.1875
vt 0.09375 0.1875
vt 0 0.875
vt 0.1875 0.875
vt 0.1875 1
vt 0 1
vn 0.9472401562419122 -0.28032811521980394 0.15540989099832295
vn -0.17347161300190353 -0.040652454000523655 0.9839994804197069
vn -0.9472401562419122 0.28032811521980394 -0.15540989099832295
vn 0.17347161300190353 0.040652454000523655 -0.9839994804197069
vn 0.2695249262782871 0.9590430260426525 0.08713660719603598
vn -0.2695249262782871 -0.9590430260426525 -0.08713660719603598
g Frond_Lower
f 108/316/79 111/315/79 109/314/79 106/313/79
f 107/320/80 108/319/80 106/318/80 105/317/80
f 112/324/81 107/323/81 105/322/81 110/321/81
f 111/328/82 112/327/82 110/326/82 109/325/82
f 110/332/83 105/331/83 106/330/83 109/329/83
f 111/336/84 108/335/84 107/334/84 112/333/84
o cube
v -0.2798784634130768 0.3751142402142642 0.3939777317134686
v -0.1592953332694167 0.39938707924720496 0.41623841476763546
v -0.2798784634130768 0.3751142402142642 0.3939777317134686
v -0.1592953332694167 0.39938707924720496 0.41623841476763546
v -0.007507671892751089 0.4349579764976632 -0.4447611305996079
v -0.1280908020364112 0.41068513746472235 -0.46702181365377476
v -0.007507671892751089 0.4349579764976632 -0.4447611305996079
v -0.1280908020364112 0.41068513746472235 -0.46702181365377476
vt 0 1
vt 0.1875 1
vt 0.1875 1
vt 0 1
vt 0 1
vt 0.125 1
vt 0.125 1
vt 0 1
vt 0 1
vt 0.1875 1
vt 0.1875 1
vt 0 1
vt 0 1
vt 0.125 1
vt 0.125 1
vt 0 1
vt 0.09375 0.1875
vt 0.875 0.1875
vt 0.875 0.375
vt 0.09375 0.375
vt 0 0.875
vt 0.1875 0.875
vt 0.1875 1
vt 0 1
vn 0.9646650411492812 0.1941827122635266 0.17808546443333453
vn -0.17347161300190356 -0.04065245400052366 0.983999480419707
vn -0.9646650411492812 -0.1941827122635266 -0.17808546443333453
vn 0.17347161300190356 0.04065245400052366 -0.983999480419707
vn -0.1983152991248375 0.9801226720373913 0.005530812897795904
vn 0.1983152991248375 -0.9801226720373913 -0.005530812897795904
g Frond_Lower
f 116/340/85 119/339/85 117/338/85 114/337/85
f 115/344/86 116/343/86 114/342/86 113/341/86
f 120/348/87 115/347/87 113/346/87 118/345/87
f 119/352/88 120/351/88 118/350/88 117/349/88
f 118/356/89 113/355/89 114/354/89 117/353/89
f 119/360/90 116/359/90 115/358/90 120/357/90
o cube
v -0.4830486290544906 0.06375603114738915 0.34529708444419893
v -0.2798394667997236 0.3751407688060342 0.39398570250810094
v -0.4830486290544906 0.06375603114738915 0.34529708444419893
v -0.2798394667997236 0.3751407688060342 0.39398570250810094
v -0.12805180542305805 0.41071166605649234 -0.4670138428591425
v -0.331260967677825 0.09932692839784729 -0.5157024609230445
v -0.12805180542305805 0.41071166605649234 -0.4670138428591425
v -0.331260967677825 0.09932692839784729 -0.5157024609230445
vt 0 1
vt 0.1875 1
vt 0.1875 1
vt 0 1
vt 0 1
vt 0.125 1
vt 0.125 1
vt 0 1
vt 0 1
vt 0.1875 1
vt 0.1875 1
vt 0 1
vt 0 1
vt 0.125 1
vt 0.125 1
vt 0 1
vt 0.09375 0.375
vt 0.875 0.375
vt 0.875 0.6875
vt 0.09375 0.6875
vt 0 0.875
vt 0.1875 0.875
vt 0.1875 1
vt 0 1
vn 0.5418910993460455 0.8303593004230538 0.12983631483707211
vn -0.17347161300190353 -0.04065245400052367 0.983999480419707
vn -0.5418910993460455 -0.8303593004230538 -0.12983631483707211
vn 0.17347161300190353 0.04065245400052367 -0.983999480419707
vn -0.8223512849944677 0.5557434751615823 -0.12201456422606108
vn 0.8223512849944677 -0.5557434751615823 0.12201456422606108
g Frond_Lower
f 124/364/91 127/363/91 125/362/91 122/361/91
f 123/368/92 124/367/92 122/366/92 121/365/92
f 128/372/93 123/371/93 121/370/93 126/369/93
f 127/376/94 128/375/94 126/374/94 125/373/94
f 126/380/95 121/379/95 122/378/95 125/377/95
f 127/384/96 124/383/96 123/382/96 128/381/96
o cube
v -0.529525055746346 -0.18117791580137266 0.3269845679491534
v -0.48303958495026444 0.06377852991877397 0.345299608353679
v -0.529525055746346 -0.18117791580137266 0.3269845679491534
v -0.48303958495026444 0.06377852991877397 0.345299608353679
v -0.33125192357359884 0.09934942716923212 -0.5156999370135644
v -0.37773739436968035 -0.1456070185509145 -0.53401497741809
v -0.33125192357359884 0.09934942716923212 -0.5156999370135644
v -0.37773739436968035 -0.1456070185509145 -0.53401497741809
vt 0 1
vt 0.1875 1
vt 0.1875 1
vt 0 1
vt 0 1
vt 0.125 1
vt 0.125 1
vt 0 1
vt 0 1
vt 0.1875 1
vt 0.1875 1
vt 0 1
vt 0 1
vt 0.125 1
vt 0.125 1
vt 0 1
vt 0.09375 0.6875
vt 0.875 0.6875
vt 0.875 1
vt 0.09375 1
vt 0 0.875
vt 0.1875 0.875
vt 0.1875 1
vt 0 1
vn 0.18594188318432642 0.9798257828805874 0.07326016161810263
vn -0.17347161300190353 -0.04065245400052365 0.983999480419707
vn -0.18594188318432642 -0.9798257828805874 -0.07326016161810263
vn 0.17347161300190353 0.04065245400052365 -0.983999480419707
vn -0.9671262666065814 0.19567527484631136 -0.16241296516422687
vn 0.9671262666065814 -0.19567527484631136 0.16241296516422687
g Frond_Lower
f 132/388/97 135/387/97 133/386/97 130/385/97
f 131/392/98 132/391/98 130/390/98 129/389/98
f 136/396/99 131/395/99 129/394/99 134/393/99
f 135/400/100 136/399/100 134/398/100 133/397/100
f 134/404/101 129/403/101 130/402/101 133/401/101
f 135/408/102 132/407/102 131/406/102 136/405/102
o cube
v 0.363603123255803 0.41915339977233934 -0.4620612446236177
v 0.1932853476826838 0.37995962936874983 -0.5299726110166985
v 0.363603123255803 0.41915339977233934 -0.4620612446236177
v 0.1932853476826838 0.37995962936874983 -0.5299726110166985
v -0.12741733716484333 0.3632652346403281 0.28396601389075693
v 0.042900438408275954 0.40245900504391763 0.35187738028383775
v -0.12741733716484333 0.3632652346403281 0.28396601389075693
v 0.042900438408275954 0.40245900504391763 0.35187738028383775
vt 0 1
vt 0.1875 1
vt 0.1875 1
vt 0 1
vt 0 1
vt 0.125 1
vt 0.125 1
vt 0 1
vt 0 1
vt 0.1875 1
vt 0.1875 1
vt 0 1
vt 0 1
vt 0.125 1
vt 0.125 1
vt 0 1
vt 0.09375 0
vt 0.875 0
vt 0.875 0.1875
vt 0.09375 0.1875
vt 0 0.875
vt 0.1875 0.875
vt 0.1875 1
vt 0 1
vn -0.908361469723303 -0.20903344215247774 -0.36219395409643107
vn 0.3665173541114596 0.0190793082610534 -0.9302155713228062
vn 0.908361469723303 0.20903344215247774 0.36219395409643107
vn -0.3665173541114596 -0.0190793082610534 0.9302155713228062
vn -0.20135657291793546 0.9777223532568775 -0.05928347564522258
vn 0.20135657291793546 -0.9777223532568775 0.05928347564522258
g Frond_Lower
f 140/412/103 143/411/103 141/410/103 138/409/103
f 139/416/104 140/415/104 138/414/104 137/413/104
f 144/420/105 139/419/105 137/418/105 142/417/105
f 143/424/106 144/423/106 142/422/106 141/421/106
f 142/428/107 137/427/107 138/426/107 141/425/107
f 143/432/108 140/431/108 139/430/108 144/429/108
o cube
v 0.47592836126960525 0.38595863078698334 -0.41848444688307995
v 0.36359053846999567 0.4192145074194179 -0.4620649498408455
v 0.47592836126960525 0.38595863078698334 -0.41848444688307995
v 0.36359053846999567 0.4192145074194179 -0.4620649498408455
v 0.04288785362246861 0.4025201126909962 0.3518736750666098
v 0.15522567642207818 0.3692642360585616 0.39545417802437544
v 0.04288785362246861 0.4025201126909962 0.3518736750666098
v 0.15522567642207818 0.3692642360585616 0.39545417802437544
vt 0 1
vt 0.1875 1
vt 0.1875 1
vt 0 1
vt 0 1
vt 0.125 1
vt 0.125 1
vt 0 1
vt 0 1
vt 0.1875 1
vt 0.1875 1
vt 0 1
vt 0 1
vt 0.125 1
vt 0.125 1
vt 0 1
vt 0.09375 0.1875
vt 0.875 0.1875
vt 0.875 0.375
vt 0.09375 0.375
vt 0 0.875
vt 0.1875 0.875
vt 0.1875 1
vt 0 1
vn -0.8987025823968767 0.2660470130594762 -0.3486440236621244
vn 0.3665173541114596 0.01907930826105342 -0.9302155713228063
vn 0.8987025823968767 -0.2660470130594762 0.3486440236621244
vn -0.3665173541114596 -0.01907930826105342 0.9302155713228063
vn 0.24082918745102314 0.9637712212130067 0.11465747090037087
vn -0.24082918745102314 -0.9637712212130067 -0.11465747090037087
g Frond_Lower
f 148/436/109 151/435/109 149/434/109 146/433/109
f 147/440/110 148/439/110 146/438/110 145/437/110
f 152/444/111 147/443/111 145/442/111 150/441/111
f 151/448/112 152/447/112 150/446/112 149/445/112
f 150/452/113 145/451/113 146/450/113 149/449/113
f 151/456/114 148/455/114 147/454/114 152/453/114
o cube
v 0.7001639076237307 0.09695553025439385 -0.33606028385282777
v 0.4758988661972101 0.3859790616840323 -0.41849564928479416
v 0.7001639076237307 0.09695553025439385 -0.33606028385282777
v 0.4758988661972101 0.3859790616840323 -0.41849564928479416
v 0.15519618134968294 0.3692846669556107 0.3954429756226612
v 0.37946122277620353 0.08026113552597225 0.4778783410546277
v 0.15519618134968294 0.3692846669556107 0.3954429756226612
v 0.37946122277620353 0.08026113552597225 0.4778783410546277
vt 0 1
vt 0.1875 1
vt 0.1875 1
vt 0 1
vt 0 1
vt 0.125 1
vt 0.125 1
vt 0 1
vt 0 1
vt 0.1875 1
vt 0.1875 1
vt 0 1
vt 0 1
vt 0.125 1
vt 0.125 1
vt 0 1
vt 0.09375 0.375
vt 0.875 0.375
vt 0.875 0.6875
vt 0.09375 0.6875
vt 0 0.875
vt 0.1875 0.875
vt 0.1875 1
vt 0 1
vn -0.5980401104707217 0.7707294171457022 -0.21982764115191025
vn 0.3665173541114595 0.019079308261053366 -0.9302155713228062
vn 0.5980401104707217 -0.7707294171457022 0.21982764115191025
vn -0.3665173541114595 -0.019079308261053366 0.9302155713228062
vn 0.7127503457756454 0.636876868431038 0.29389589832825547
vn -0.7127503457756454 -0.636876868431038 -0.29389589832825547
g Frond_Lower
f 156/460/115 159/459/115 157/458/115 154/457/115
f 155/464/116 156/463/116 154/462/116 153/461/116
f 160/468/117 155/467/117 153/466/117 158/465/117
f 159/472/118 160/471/118 158/470/118 157/469/118
f 158/476/119 153/475/119 154/474/119 157/473/119
f 159/480/120 156/479/120 155/478/120 160/477/120
o cube
v 0.789162941264729 -0.13467071673641817 -0.30574427686448574
v 0.7001547342622647 0.0969718526334542 -0.3360635634974234
v 0.789162941264729 -0.13467071673641817 -0.30574427686448574
v 0.7001547342622647 0.0969718526334542 -0.3360635634974234
v 0.37945204941473776 0.08027745790503249 0.477875061410032
v 0.4684602564172019 -0.15136511146483989 0.5081943480429696
v 0.37945204941473776 0.08027745790503249 0.477875061410032
v 0.4684602564172019 -0.15136511146483989 0.5081943480429696
vt 0 1
vt 0.1875 1
vt 0.1875 1
vt 0 1
vt 0 1
vt 0.125 1
vt 0.125 1
vt 0 1
vt 0 1
vt 0.1875 1
vt 0.1875 1
vt 0 1
vt 0 1
vt 0.125 1
vt 0.125 1
vt 0 1
vt 0.09375 0.6875
vt 0.875 0.6875
vt 0.875 1
vt 0.09375 1
vt 0 0.875
vt 0.1875 0.875
vt 0.1875 1
vt 0 1
vn -0.3560328280098572 0.9265702774794904 -0.12127714653175077
vn 0.3665173541114595 0.01907930826105337 -0.9302155713228063
vn 0.3560328280098572 -0.9265702774794904 0.12127714653175077
vn -0.3665173541114595 -0.01907930826105337 0.9302155713228063
vn 0.859596215972615 0.37563745937786874 0.3463969465767584
vn -0.859596215972615 -0.37563745937786874 -0.3463969465767584
g Frond_Lower
f 164/484/121 167/483/121 165/482/121 162/481/121
f 163/488/122 164/487/122 162/486/122 161/485/122
f 168/492/123 163/491/123 161/490/123 166/489/123
f 167/496/124 168/495/124 166/494/124 165/493/124
f 166/500/125 161/499/125 162/498/125 165/497/125
f 167/504/126 164/503/126 163/502/126 168/501/126
o cube
v 0.02305411924358547 0.3964139135318585 -0.5642294956105441
v -0.1533004642655525 0.38044439965035126 -0.5025830398997181
v 0.02305411924358547 0.3964139135318585 -0.5642294956105441
v -0.1533004642655525 0.38044439965035126 -0.5025830398997181
v 0.13596810018317618 0.3736952794883036 0.32319123131415917
v 0.3123226836923141 0.38966479336981097 0.2615447756033331
v 0.13596810018317618 0.3736952794883036 0.32319123131415917
v 0.3123226836923141 0.38966479336981097 0.2615447756033331
vt 0 1
vt 0.1875 1
vt 0.1875 1
vt 0 1
vt 0 1
vt 0.125 1
vt 0.125 1
vt 0 1
vt 0 1
vt 0.1875 1
vt 0.1875 1
vt 0 1
vt 0 1
vt 0.125 1
vt 0.125 1
vt 0 1
vt 0.09375 0
vt 0.875 0
vt 0.875 0.1875
vt 0.09375 0.1875
vt 0 0.875
vt 0.1875 0.875
vt 0.1875 1
vt 0 1
vn -0.9405577787154024 -0.08517074070137219 0.32878109712440584
vn -0.3305926450842611 0.007713280185197312 -0.9437420242444311
vn 0.9405577787154024 0.08517074070137219 -0.32878109712440584
vn 0.3305926450842611 -0.007713280185197312 0.9437420242444311
vn -0.07784322651419345 0.9963365145557823 0.03541160612985109
vn 0.07784322651419345 -0.9963365145557823 -0.03541160612985109
g Frond_Lower
f 172/508/127 175/507/127 173/506/127 170/505/127
f 171/512/128 172/511/128 170/510/128 169/509/128
f 176/516/129 171/515/129 169/514/129 174/513/129
f 175/520/130 176/519/130 174/518/130 173/517/130
f 174/524/131 169/523/131 170/522/131 173/521/131
f 175/528/132 172/527/132 171/526/132 176/525/132
o cube
v 0.13182787164733778 0.3484124802840647 -0.6027252392497177
v 0.02304925404192837 0.39647618456401834 -0.5642272823851611
v 0.13182787164733778 0.3484124802840647 -0.6027252392497177
v 0.02304925404192837 0.39647618456401834 -0.5642272823851611
v 0.312317818490657 0.3897270644019706 0.2615469888287162
v 0.4210964360960665 0.3416633601220169 0.2230490319641596
v 0.312317818490657 0.3897270644019706 0.2615469888287162
v 0.4210964360960665 0.3416633601220169 0.2230490319641596
vt 0 1
vt 0.1875 1
vt 0.1875 1
vt 0 1
vt 0 1
vt 0.125 1
vt 0.125 1
vt 0 1
vt 0 1
vt 0.1875 1
vt 0.1875 1
vt 0 1
vt 0 1
vt 0.125 1
vt 0.125 1
vt 0 1
vt 0.09375 0.1875
vt 0.875 0.1875
vt 0.875 0.375
vt 0.09375 0.375
vt 0 0.875
vt 0.1875 0.875
vt 0.1875 1
vt 0 1
vn -0.8702289408432761 0.38450963423962925 0.3079836549164531
vn -0.3305926450842611 0.007713280185197305 -0.9437420242444311
vn 0.8702289408432761 -0.38450963423962925 -0.3079836549164531
vn 0.3305926450842611 -0.007713280185197305 0.9437420242444311
vn 0.36525346478162524 0.9230887533090691 -0.12040373739766914
vn -0.36525346478162524 -0.9230887533090691 0.12040373739766914
g Frond_Lower
f 180/532/133 183/531/133 181/530/133 178/529/133
f 179/536/134 180/535/134 178/534/134 177/533/134
f 184/540/135 179/539/135 177/538/135 182/537/135
f 183/544/136 184/543/136 182/542/136 181/541/136
f 182/548/137 177/547/137 178/546/137 181/545/137
f 183/552/138 180/551/138 179/550/138 184/549/138
o cube
v 0.3205566918791569 0.03177401912219113 -0.6714248196295652
v 0.13180080368032066 0.34843669805779753 -0.6027155594123756
v 0.3205566918791569 0.03177401912219113 -0.6714248196295652
v 0.13180080368032066 0.34843669805779753 -0.6027155594123756
v 0.42106936812904916 0.34168757789575 0.22305871180150172
v 0.6098252563278854 0.025024898960143482 0.15434945158431201
v 0.42106936812904916 0.34168757789575 0.22305871180150172
v 0.6098252563278854 0.025024898960143482 0.15434945158431201
vt 0 1
vt 0.1875 1
vt 0.1875 1
vt 0 1
vt 0 1
vt 0.125 1
vt 0.125 1
vt 0 1
vt 0 1
vt 0.1875 1
vt 0.1875 1
vt 0 1
vt 0 1
vt 0.125 1
vt 0.125 1
vt 0 1
vt 0.09375 0.375
vt 0.875 0.375
vt 0.875 0.6875
vt 0.09375 0.6875
vt 0 0.875
vt 0.1875 0.875
vt 0.1875 1
vt 0 1
vn -0.5033490351968967 0.8444338104949506 0.18322469391250562
vn -0.33059264508426117 0.007713280185197291 -0.9437420242444312
vn 0.5033490351968967 -0.8444338104949506 -0.18322469391250562
vn 0.33059264508426117 -0.007713280185197291 0.9437420242444312
vn 0.7983409370579371 0.5356043735834901 -0.2752811348706851
vn -0.7983409370579371 -0.5356043735834901 0.2752811348706851
g Frond_Lower
f 188/556/139 191/555/139 189/554/139 186/553/139
f 187/560/140 188/559/140 186/558/140 185/557/140
f 192/564/141 187/563/141 185/562/141 190/561/141
f 191/568/142 192/567/142 190/566/142 189/565/142
f 190/572/143 185/571/143 186/570/143 189/569/143
f 191/576/144 188/575/144 187/574/144 192/573/144
o cube
v 0.3805462344320637 -0.20981111185917212 -0.6944136394515572
v 0.32054954511830147 0.031791433198417374 -0.6714221737939875
v 0.3805462344320637 -0.20981111185917212 -0.6944136394515572
v 0.32054954511830147 0.031791433198417374 -0.6714221737939875
v 0.6098181095670301 0.025042313036369723 0.15435209741988987
v 0.6698147988807923 -0.21656023202121977 0.13136063176232016
v 0.6098181095670301 0.025042313036369723 0.15435209741988987
v 0.6698147988807923 -0.21656023202121977 0.13136063176232016
vt 0 1
vt 0.1875 1
vt 0.1875 1
vt 0 1
vt 0 1
vt 0.125 1
vt 0.125 1
vt 0 1
vt 0 1
vt 0.1875 1
vt 0.1875 1
vt 0 1
vt 0 1
vt 0.125 1
vt 0.125 1
vt 0 1
vt 0.09375 0.6875
vt 0.875 0.6875
vt 0.875 1
vt 0.09375 1
vt 0 0.875
vt 0.1875 0.875
vt 0.1875 1
vt 0 1
vn -0.23998675725504898 0.9664101802303591 0.09196586263027917
vn -0.3305926450842611 0.007713280185197308 -0.9437420242444312
vn 0.23998675725504898 -0.9664101802303591 -0.09196586263027917
vn 0.3305926450842611 -0.007713280185197308 0.9437420242444312
vn 0.9127512582069652 0.2568888258681366 -0.31763701261926686
vn -0.9127512582069652 -0.2568888258681366 0.31763701261926686
g Frond_Lower
f 196/580/145 199/579/145 197/578/145 194/577/145
f 195/584/146 196/583/146 194/582/146 193/581/146
f 200/588/147 195/587/147 193/586/147 198/585/147
f 199/592/148 200/591/148 198/590/148 197/589/148
f 198/596/149 193/595/149 194/594/149 197/593/149
f 199/600/150 196/599/150 195/598/150 200/597/150
o cube
v 0.4780581209559185 0.4373192677946939 0.23904519376692213
v 0.5387584693488991 0.36782193072530056 0.07582191771465718
v 0.4780581209559185 0.4373192677946939 0.23904519376692213
v 0.5387584693488991 0.36782193072530056 0.07582191771465718
v -0.2826476498826326 0.35819693347262005 -0.2255488617528958
v -0.3433479982756133 0.42769427054201326 -0.06232558570063085
v -0.2826476498826326 0.35819693347262005 -0.2255488617528958
v -0.3433479982756133 0.42769427054201326 -0.06232558570063085
vt 0 1
vt 0.1875 1
vt 0.1875 1
vt 0 1
vt 0 1
vt 0.125 1
vt 0.125 1
vt 0 1
vt 0 1
vt 0.1875 1
vt 0.1875 1
vt 0 1
vt 0 1
vt 0.125 1
vt 0.125 1
vt 0 1
vt 0.09375 0
vt 0.875 0
vt 0.875 0.1875
vt 0.09375 0.1875
vt 0 0.875
vt 0.1875 0.875
vt 0.1875 1
vt 0 1
vn 0.32373519142923035 -0.3706524643700973 -0.8705241389454135
vn 0.9387498505503221 0.010999996860206447 0.3444237479629178
vn -0.32373519142923035 0.3706524643700973 0.8705241389454135
vn -0.9387498505503221 -0.010999996860206447 -0.3444237479629178
vn 0.11808574817490727 0.9287064933150027 -0.3515110316227973
vn -0.11808574817490727 -0.9287064933150027 0.3515110316227973
g Frond_Lower
f 204/604/151 207/603/151 205/602/151 202/601/151
f 203/608/152 204/607/152 202/606/152 201/605/152
f 208/612/153 203/611/153 201/610/153 206/609/153
f 207/616/154 208/615/154 206/614/154 205/613/154
f 206/620/155 201/619/155 202/618/155 205/617/155
f 207/624/156 204/623/156 203/622/156 208/621/156
o cube
v 0.43535518227251224 0.4248702889317645 0.3558324834744917
v 0.47806550131517944 0.437377311950526 0.23902322432744572
v 0.43535518227251224 0.4248702889317645 0.3558324834744917
v 0.47806550131517944 0.437377311950526 0.23902322432744572
v -0.3433406179163523 0.42775231469784536 -0.06234755514010726
v -0.3860509369590195 0.41524529167908386 0.05446170400693873
v -0.3433406179163523 0.42775231469784536 -0.06234755514010726
v -0.3860509369590195 0.41524529167908386 0.05446170400693873
vt 0 1
vt 0.1875 1
vt 0.1875 1
vt 0 1
vt 0 1
vt 0.125 1
vt 0.125 1
vt 0 1
vt 0 1
vt 0.1875 1
vt 0.1875 1
vt 0 1
vt 0 1
vt 0.125 1
vt 0.125 1
vt 0 1
vt 0.09375 0.1875
vt 0.875 0.1875
vt 0.875 0.375
vt 0.09375 0.375
vt 0 0.875
vt 0.1875 0.875
vt 0.1875 1
vt 0 1
vn 0.3416825523413376 0.10005618415009264 -0.9344740731763681
vn 0.9387498505503222 0.010999996860206458 0.34442374796291775
vn -0.3416825523413376 -0.10005618415009264 0.9344740731763681
vn -0.9387498505503222 -0.010999996860206458 -0.34442374796291775
vn -0.04474093782272715 0.9949209818284055 0.09016922091459284
vn 0.04474093782272715 -0.9949209818284055 -0.09016922091459284
g Frond_Lower
f 212/628/157 215/627/157 213/626/157 210/625/157
f 211/632/158 212/631/158 210/630/158 209/629/158
f 216/636/159 211/635/159 209/634/159 214/633/159
f 215/640/160 216/639/160 214/638/160 213/637/160
f 214/644/161 209/643/161 210/642/161 213/641/161
f 215/648/162 212/647/162 211/646/162 216/645/162
o cube
v 0.3400315702922654 0.18015094926334263 0.6234590307539265
v 0.43536692538211175 0.4248851213877145 0.3558000031376489
v 0.3400315702922654 0.18015094926334263 0.6234590307539265
v 0.43536692538211175 0.4248851213877145 0.3558000031376489
v -0.38603919384942 0.41526012413503377 0.05442922367009595
v -0.48137454893926634 0.170525952010662 0.3220882512863734
v -0.38603919384942 0.41526012413503377 0.05442922367009595
v -0.48137454893926634 0.170525952010662 0.3220882512863734
vt 0 1
vt 0.1875 1
vt 0.1875 1
vt 0 1
vt 0 1
vt 0.125 1
vt 0.125 1
vt 0 1
vt 0 1
vt 0.1875 1
vt 0.1875 1
vt 0 1
vt 0 1
vt 0.125 1
vt 0.125 1
vt 0 1
vt 0.09375 0.375
vt 0.875 0.375
vt 0.875 0.6875
vt 0.09375 0.6875
vt 0 0.875
vt 0.1875 0.875
vt 0.1875 1
vt 0 1
vn 0.2542276135729235 0.6526244589983249 -0.7137574069767404
vn 0.938749850550322 0.010999996860206446 0.3444237479629178
vn -0.2542276135729235 -0.6526244589983249 0.7137574069767404
vn -0.938749850550322 -0.010999996860206446 -0.3444237479629178
vn -0.23263069141616782 0.7576016866310549 0.6098546103990823
vn 0.23263069141616782 -0.7576016866310549 -0.6098546103990823
g Frond_Lower
f 220/652/163 223/651/163 221/650/163 218/649/163
f 219/656/164 220/655/164 218/654/164 217/653/164
f 224/660/165 219/659/165 217/658/165 222/657/165
f 223/664/166 224/663/166 222/662/166 221/661/166
f 222/668/167 217/667/167 218/666/167 221/665/167
f 223/672/168 220/671/168 219/670/168 224/669/168
o cube
v 0.3105158252887026 -0.05200149377522867 0.7113205023698377
v 0.34003726233242926 0.18017512955352166 0.6234427444641384
v 0.3105158252887026 -0.05200149377522867 0.7113205023698377
v 0.34003726233242926 0.18017512955352166 0.6234427444641384
v -0.48136885689910247 0.17055013230084115 0.3220719649965854
v -0.5108902939428293 -0.06162649102790929 0.4099497229022847
v -0.48136885689910247 0.17055013230084115 0.3220719649965854
v -0.5108902939428293 -0.06162649102790929 0.4099497229022847
vt 0 1
vt 0.1875 1
vt 0.1875 1
vt 0 1
vt 0 1
vt 0.125 1
vt 0.125 1
vt 0 1
vt 0 1
vt 0.1875 1
vt 0.1875 1
vt 0 1
vt 0 1
vt 0.125 1
vt 0.125 1
vt 0 1
vt 0.09375 0.6875
vt 0.875 0.6875
vt 0.875 1
vt 0.09375 1
vt 0 0.875
vt 0.1875 0.875
vt 0.1875 1
vt 0 1
