# Made in Blockbench 4.1.3

o cube
v 0.2721667721846328 0.0002347135574011644 0.11172013914981573
v 0.34952936996089745 0.04081714117079545 -0.05418448716998131
v 0.2721667721846328 0.0002347135574011644 0.11172013914981573
v 0.34952936996089745 0.04081714117079545 -0.05418448716998131
v -0.21691299693700877 0.04081714117079545 -0.31832090075791847
v -0.2942755947132734 0.0002347135574011644 -0.1524162744381214
v -0.21691299693700877 0.04081714117079545 -0.31832090075791847
v -0.2942755947132734 0.0002347135574011644 -0.1524162744381214
vt 0 1
vt 0.125 1
vt 0.125 1
vt 0 1
vt 0 1
vt 0.3125 1
vt 0.3125 1
vt 0 1
vt 0 1
vt 0.125 1
vt 0.125 1
vt 0 1
vt 0 1
vt 0.3125 1
vt 0.3125 1
vt 0 1
vt 0 0.3125
vt 1 0.3125
vt 1 0
vt 0 0
vt 0 1
vt 0.0625 1
vt 0.0625 0.6875
vt 0 0.6875
vn 0.4126005214734117 0.21643961393810282 -0.8848246737055843
vn 0.9063077870366499 0 0.42261826174069933
vn -0.4126005214734117 -0.21643961393810282 0.8848246737055843
vn -0.9063077870366499 0 -0.42261826174069933
vn -0.09147133341434908 0.9762960071199335 0.1961609075353089
vn 0.09147133341434908 -0.9762960071199335 -0.1961609075353089
g Frond_Upper
f 4/4/1 7/3/1 5/2/1 2/1/1
f 3/8/2 4/7/2 2/6/2 1/5/2
f 8/12/3 3/11/3 1/10/3 6/9/3
f 7/16/4 8/15/4 6/14/4 5/13/4
f 6/20/5 1/19/5 2/18/5 5/17/5
f 7/24/6 4/23/6 3/22/6 8/21/6
o cube
v 0.3495259551030904 0.040815897502609715 -0.05417716398378146
v 0.4284653435398718 0.057157599267795615 -0.2234632287872515
v 0.3495259551030904 0.040815897502609715 -0.05417716398378146
v 0.4284653435398718 0.057157599267795615 -0.2234632287872515
v -0.13797702335803444 0.057157599267795615 -0.4875996423751886
v -0.21691641179481583 0.040815897502609715 -0.31831357757171863
v -0.13797702335803444 0.057157599267795615 -0.4875996423751886
v -0.21691641179481583 0.040815897502609715 -0.31831357757171863
vt 0 1
vt 0.125 1
vt 0.125 1
vt 0 1
vt 0 1
vt 0.3125 1
vt 0.3125 1
vt 0 1
vt 0 1
vt 0.125 1
vt 0.125 1
vt 0 1
vt 0 1
vt 0.3125 1
vt 0.3125 1
vt 0 1
vt 0 0.625
vt 1 0.625
vt 1 0.3125
vt 0 0.3125
vt 0 1
vt 0.0625 1
vt 0.0625 0.6875
vt 0 0.6875
vn 0.4210100716628344 0.08715574274765817 -0.9028590122851736
vn 0.9063077870366502 0 0.42261826174069933
vn -0.4210100716628344 -0.08715574274765817 0.9028590122851736
vn -0.9063077870366502 0 -0.42261826174069933
vn -0.03683360850073487 0.9961946980917457 0.07898992833716564
vn 0.03683360850073487 -0.9961946980917457 -0.07898992833716564
g Frond_Upper
f 12/28/7 15/27/7 13/26/7 10/25/7
f 11/32/8 12/31/8 10/30/8 9/29/8
f 16/36/9 11/35/9 9/34/9 14/33/9
f 15/40/10 16/39/10 14/38/10 13/37/10
f 14/44/11 9/43/11 10/42/11 13/41/11
f 15/48/12 12/47/12 11/46/12 16/45/12
o cube
v 0.4284618892924863 0.05715742092257747 -0.2234558211298282
v 0.5208216442799998 0.04761567993641022 -0.4215219548771182
v 0.4284618892924863 0.05715742092257747 -0.2234558211298282
v 0.5208216442799998 0.04761567993641022 -0.4215219548771182
v -0.04562072261790644 0.04761567993641022 -0.6856583684650553
v -0.13798047760541993 0.05715742092257747 -0.4875922347177653
v -0.04562072261790644 0.04761567993641022 -0.6856583684650553
v -0.13798047760541993 0.05715742092257747 -0.4875922347177653
vt 0 1
vt 0.125 1
vt 0.125 1
vt 0 1
vt 0 1
vt 0.3125 1
vt 0.3125 1
vt 0 1
vt 0 1
vt 0.125 1
vt 0.125 1
vt 0 1
vt 0 1
vt 0.3125 1
vt 0.3125 1
vt 0 1
vt 0 1
vt 1 1
vt 1 0.625
vt 0 0.625
vt 0 1
vt 0.0625 1
vt 0.0625 0.6875
vt 0 0.6875
vn 0.4222160228000618 -0.043619387365336 -0.9054451828447543
vn 0.90630778703665 0 0.4226182617406993
vn -0.4222160228000618 0.043619387365336 0.9054451828447543
vn -0.90630778703665 0 -0.4226182617406993
vn 0.018434349666532537 0.9990482215818579 -0.039532590434972106
vn -0.018434349666532537 -0.9990482215818579 0.039532590434972106
g Frond_Upper
f 20/52/13 23/51/13 21/50/13 18/49/13
f 19/56/14 20/55/14 18/54/14 17/53/14
f 24/60/15 19/59/15 17/58/15 22/57/15
f 23/64/16 24/63/16 22/62/16 21/61/16
f 22/68/17 17/67/17 18/66/17 21/65/17
f 23/72/18 20/71/18 19/70/18 24/69/18
o cube
v 0.2794824095248586 0.0016185721408258427 0.09440966036178389
v 0.34451284228530743 0.08085949621720698 -0.06258769237548341
v 0.2794824095248586 0.0016185721408258427 0.09440966036178389
v 0.34451284228530743 0.08085949621720698 -0.06258769237548341
v -0.23291186553424673 0.08085949621720698 -0.3017648376036645
v -0.2979422982946956 0.0016185721408258427 -0.1447674848663972
v -0.23291186553424673 0.08085949621720698 -0.3017648376036645
v -0.2979422982946956 0.0016185721408258427 -0.1447674848663972
vt 0 1
vt 0.125 1
vt 0.125 1
vt 0 1
vt 0 1
vt 0.3125 1
vt 0.3125 1
vt 0 1
vt 0 1
vt 0.125 1
vt 0.125 1
vt 0 1
vt 0 1
vt 0.3125 1
vt 0.3125 1
vt 0 1
vt 0 0.3125
vt 1 0.3125
vt 1 0
vt 0 0
vt 0 1
vt 0.0625 1
vt 0.0625 0.6875
vt 0 0.6875
vn 0.34682897472239405 0.42261826174069955 -0.8373192145987591
vn 0.9238795325112867 0 0.3826834323650897
vn -0.34682897472239405 -0.42261826174069955 0.8373192145987591
vn -0.9238795325112867 0 -0.3826834323650897
vn -0.16172900698309875 0.9063077870366499 0.39044836208773004
vn 0.16172900698309875 -0.9063077870366499 -0.39044836208773004
g Frond_Upper
f 28/76/19 31/75/19 29/74/19 26/73/19
f 27/80/20 28/79/20 26/78/20 25/77/20
f 32/84/21 27/83/21 25/82/21 30/81/21
f 31/88/22 32/87/22 30/86/22 29/85/22
f 30/92/23 25/91/23 26/90/23 29/89/23
f 31/96/24 28/95/24 27/94/24 32/93/24
o cube
v 0.34450992641783895 0.08085653314447502 -0.0625806528486948
v 0.41294211570854494 0.13723887055152623 -0.22779057233720013
v 0.34450992641783895 0.08085653314447502 -0.0625806528486948
v 0.41294211570854494 0.13723887055152623 -0.22779057233720013
v -0.16448259211100927 0.13723887055152623 -0.46696771756538125
v -0.2329147814017153 0.08085653314447502 -0.30175779807687586
v -0.16448259211100927 0.13723887055152623 -0.46696771756538125
v -0.2329147814017153 0.08085653314447502 -0.30175779807687586
vt 0 1
vt 0.125 1
vt 0.125 1
vt 0 1
vt 0 1
vt 0.3125 1
vt 0.3125 1
vt 0 1
vt 0 1
vt 0.125 1
vt 0.125 1
vt 0 1
vt 0 1
vt 0.3125 1
vt 0.3125 1
vt 0 1
vt 0 0.625
vt 1 0.625
vt 1 0.3125
vt 0 0.3125
vt 0 1
vt 0.0625 1
vt 0.0625 0.6875
vt 0 0.6875
vn 0.36497167621709875 0.3007057995042732 -0.881119570605362
vn 0.9238795325112867 0 0.3826834323650897
vn -0.36497167621709875 -0.3007057995042732 0.881119570605362
vn -0.9238795325112867 0 -0.3826834323650897
vn -0.11507512748638374 0.9537169507482269 0.27781593346944056
vn 0.11507512748638374 -0.9537169507482269 -0.27781593346944056
g Frond_Upper
f 36/100/25 39/99/25 37/98/25 34/97/25
f 35/104/26 36/103/26 34/102/26 33/101/26
f 40/108/27 35/107/27 33/106/27 38/105/27
f 39/112/28 40/111/28 38/110/28 37/109/28
f 38/116/29 33/115/29 34/114/29 37/113/29
f 39/120/30 36/119/30 35/118/30 40/117/30
o cube
v 0.4129390767806178 0.1372369273763847 -0.2277832357161835
v 0.49537930421803167 0.17522246624102572 -0.4268115508807105
v 0.4129390767806178 0.1372369273763847 -0.2277832357161835
v 0.49537930421803167 0.17522246624102572 -0.4268115508807105
v -0.08204540360152252 0.17522246624102572 -0.6659886961088917
v -0.16448563103893635 0.1372369273763847 -0.4669603809443646
v -0.08204540360152252 0.17522246624102572 -0.6659886961088917
v -0.16448563103893635 0.1372369273763847 -0.4669603809443646
vt 0 1
vt 0.125 1
vt 0.125 1
vt 0 1
vt 0 1
vt 0.3125 1
vt 0.3125 1
vt 0 1
vt 0 1
vt 0.125 1
vt 0.125 1
vt 0 1
vt 0 1
vt 0.3125 1
vt 0.3125 1
vt 0 1
vt 0 1
vt 1 1
vt 1 0.625
vt 0 0.625
vt 0 1
vt 0.0625 1
vt 0.0625 0.6875
vt 0 0.6875
vn 0.3768696111424634 0.17364817766693044 -0.9098437264664097
vn 0.9238795325112867 0 0.38268343236508967
vn -0.3768696111424634 -0.17364817766693044 0.9098437264664097
vn -0.9238795325112867 0 -0.38268343236508967
vn -0.06645228065352385 0.9848077530122081 0.16042999720436052
vn 0.06645228065352385 -0.9848077530122081 -0.16042999720436052
g Frond_Upper
f 44/124/31 47/123/31 45/122/31 42/121/31
f 43/128/32 44/127/32 42/126/32 41/125/32
f 48/132/33 43/131/33 41/130/33 46/129/33
f 47/136/34 48/135/34 46/134/34 45/133/34
f 46/140/35 41/139/35 42/138/35 45/137/35
f 47/144/36 44/143/36 43/142/36 48/141/36
o cube
v 0.29553023711998017 0.003510720077477095 -0.07037034190244726
v 0.27548258764679645 0.11105630189329824 -0.22264735783885473
v 0.29553023711998017 0.003510720077477095 -0.07037034190244726
v 0.27548258764679645 0.11105630189329824 -0.22264735783885473
v -0.34417045071183505 0.11105630189329824 -0.14106848770132246
v -0.32412280123865134 0.003510720077477095 0.011208528235084989
v -0.34417045071183505 0.11105630189329824 -0.14106848770132246
v -0.32412280123865134 0.003510720077477095 0.011208528235084989
vt 0 1
vt 0.125 1
vt 0.125 1
vt 0 1
vt 0 1
vt 0.3125 1
vt 0.3125 1
vt 0 1
vt 0 1
vt 0.125 1
vt 0.125 1
vt 0 1
vt 0 1
vt 0.3125 1
vt 0.3125 1
vt 0 1
vt 0 0.3125
vt 1 0.3125
vt 1 0
vt 0 0
vt 0 1
vt 0.0625 1
vt 0.0625 0.6875
vt 0 0.6875
vn -0.1069207971903132 0.5735764363510459 -0.8121440849941731
vn 0.9914448613738105 0 -0.1305261922200516
vn 0.1069207971903132 -0.5735764363510459 0.8121440849941731
vn -0.9914448613738105 0 0.1305261922200516
vn 0.07486674818404883 0.8191520442889919 0.568669410425347
vn -0.07486674818404883 -0.8191520442889919 -0.568669410425347
g Frond_Upper
f 52/148/37 55/147/37 53/146/37 50/145/37
f 51/152/38 52/151/38 50/150/38 49/149/38
f 56/156/39 51/155/39 49/154/39 54/153/39
f 55/160/40 56/159/40 54/158/40 53/157/40
f 54/164/41 49/163/41 50/162/41 53/161/41
f 55/168/42 52/167/42 51/166/42 56/165/42
o cube
v 0.27548349992554244 0.11105206071899267 -0.22264042839381804
v 0.25377509745441335 0.19762992570056154 -0.38753211574458996
v 0.27548349992554244 0.11105206071899267 -0.22264042839381804
v 0.25377509745441335 0.19762992570056154 -0.38753211574458996
v -0.36587794090421816 0.19762992570056154 -0.3059532456070577
v -0.34416953843308906 0.11105206071899267 -0.14106155825628577
v -0.36587794090421816 0.19762992570056154 -0.3059532456070577
v -0.34416953843308906 0.11105206071899267 -0.14106155825628577
vt 0 1
vt 0.125 1
vt 0.125 1
vt 0 1
vt 0 1
vt 0.3125 1
vt 0.3125 1
vt 0 1
vt 0 1
vt 0.125 1
vt 0.125 1
vt 0 1
vt 0 1
vt 0.3125 1
vt 0.3125 1
vt 0 1
vt 0 0.625
vt 1 0.625
vt 1 0.3125
vt 0 0.3125
vt 0 1
vt 0.0625 1
vt 0.0625 0.6875
vt 0 0.6875
vn -0.11577814651268872 0.4617486132350338 -0.8794223325374503
vn 0.9914448613738104 0 -0.13052619222005157
vn 0.11577814651268872 -0.4617486132350338 0.8794223325374503
vn -0.9914448613738104 0 0.13052619222005157
vn 0.0602702882484583 0.8870108331782218 0.4577982898383574
vn -0.0602702882484583 -0.8870108331782218 -0.4577982898383574
g Frond_Upper
f 60/172/43 63/171/43 61/170/43 58/169/43
f 59/176/44 60/175/44 58/174/44 57/173/44
f 64/180/45 59/179/45 57/178/45 62/177/45
f 63/184/46 64/183/46 62/182/46 61/181/46
f 62/188/47 57/187/47 58/186/47 61/185/47
f 63/192/48 60/191/48 59/190/48 64/189/48
o cube
v 0.25377607418574316 0.19762663308883602 -0.38752469673357415
v 0.2269454023876413 0.27244353944132604 -0.5913238823911848
v 0.25377607418574316 0.19762663308883602 -0.38752469673357415
v 0.2269454023876413 0.27244353944132604 -0.5913238823911848
v -0.3927076359709902 0.27244353944132604 -0.5097450122536527
v -0.36587696417288834 0.19762663308883602 -0.3059458265960419
v -0.3927076359709902 0.27244353944132604 -0.5097450122536527
v -0.36587696417288834 0.19762663308883602 -0.3059458265960419
vt 0 1
vt 0.125 1
vt 0.125 1
vt 0 1
vt 0 1
vt 0.3125 1
vt 0.3125 1
vt 0 1
vt 0 1
vt 0.125 1
vt 0.125 1
vt 0 1
vt 0 1
vt 0.3125 1
vt 0.3125 1
vt 0 1
vt 0 1
vt 1 1
vt 1 0.625
vt 0 0.625
vt 0 1
vt 0.0625 1
vt 0.0625 0.6875
vt 0 0.6875
vn -0.12265449964846556 0.3420201433256685 -0.9316534201490777
vn 0.9914448613738105 0 -0.13052619222005163
vn 0.12265449964846556 -0.3420201433256685 0.9316534201490777
vn -0.9914448613738105 0 0.13052619222005163
vn 0.04464258697085584 0.9396926207859084 0.33909411358656844
vn -0.04464258697085584 -0.9396926207859084 -0.33909411358656844
g Frond_Upper
f 68/196/49 71/195/49 69/194/49 66/193/49
f 67/200/50 68/199/50 66/198/50 65/197/50
f 72/204/51 67/203/51 65/202/51 70/201/51
f 71/208/52 72/207/52 70/206/52 69/205/52
f 70/212/53 65/211/53 66/210/53 69/209/53
f 71/216/54 68/215/54 67/214/54 72/213/54
o cube
v 0.2849171184896541 0.0000010693923282736276 -0.11246749502020474
v 0.22901713979518884 0.024474730433587943 -0.2897595768997852
v 0.2849171184896541 0.0000010693923282736276 -0.11246749502020474
v 0.22901713979518884 0.024474730433587943 -0.2897595768997852
v -0.3670559544224529 0.024474730433587943 -0.1018184522096145
v -0.31115597572798764 0.0000010693923282736276 0.07547362966996596
v -0.3670559544224529 0.024474730433587943 -0.1018184522096145
v -0.31115597572798764 0.0000010693923282736276 0.07547362966996596
vt 0 1
vt 0.125 1
vt 0.125 1
vt 0 1
vt 0 1
vt 0.3125 1
vt 0.3125 1
vt 0 1
vt 0 1
vt 0.125 1
vt 0.125 1
vt 0 1
vt 0 1
vt 0.3125 1
vt 0.3125 1
vt 0 1
vt 0 0.3125
vt 1 0.3125
vt 1 0
vt 0 0
vt 0 1
vt 0.0625 1
vt 0.0625 0.6875
vt 0 0.6875
vn -0.29813321970381496 0.13052619222005157 -0.9455577700244291
vn 0.953716950748227 0 -0.300705799504273
vn 0.29813321970381496 -0.13052619222005157 0.9455577700244291
vn -0.953716950748227 0 0.300705799504273
vn 0.03924998298777905 0.9914448613738106 0.12448504203688454
vn -0.03924998298777905 -0.9914448613738106 -0.12448504203688454
g Frond_Upper
f 76/220/55 79/219/55 77/218/55 74/217/55
f 75/224/56 76/223/56 74/222/56 73/221/56
f 80/228/57 75/227/57 73/226/57 78/225/57
f 79/232/58 80/231/58 78/230/58 77/229/58
f 78/236/59 73/235/59 74/234/59 77/233/59
f 79/240/60 76/239/60 75/238/60 80/237/60
o cube
v 0.22901959291912552 0.024474195737423807 -0.28975179658465794
v 0.17263725551207434 0.024474195737423807 -0.4685737248499505
v 0.22901959291912552 0.024474195737423807 -0.28975179658465794
v 0.17263725551207434 0.024474195737423807 -0.4685737248499505
v -0.4234358387055674 0.024474195737423807 -0.28063260015977987
v -0.3670535012985162 0.024474195737423807 -0.10181067189448723
v -0.4234358387055674 0.024474195737423807 -0.28063260015977987
v -0.3670535012985162 0.024474195737423807 -0.10181067189448723
vt 0 1
vt 0.125 1
vt 0.125 1
vt 0 1
vt 0 1
vt 0.3125 1
vt 0.3125 1
vt 0 1
vt 0 1
vt 0.125 1
vt 0.125 1
vt 0 1
vt 0 1
vt 0.3125 1
vt 0.3125 1
vt 0 1
vt 0 0.625
vt 1 0.625
vt 1 0.3125
vt 0 0.3125
vt 0 1
vt 0.0625 1
vt 0.0625 0.6875
vt 0 0.6875
vn -0.3007057995042732 0 -0.953716950748227
vn 0.953716950748227 0 -0.300705799504273
vn 0.3007057995042732 0 0.953716950748227
vn -0.953716950748227 0 0.300705799504273
vn 0 1 0
vn 0 -1 0
g Frond_Upper
f 84/244/61 87/243/61 85/242/61 82/241/61
f 83/248/62 84/247/62 82/246/62 81/245/62
f 88/252/63 83/251/63 81/250/63 86/249/63
f 87/256/64 88/255/64 86/254/64 85/253/64
f 86/260/65 81/259/65 82/258/65 85/257/65
f 87/264/66 84/263/66 83/262/66 88/261/66
o cube
v 0.1726397086360111 0.024474730433587943 -0.46856594453482314
v 0.1074230668258016 -0.004077874114548352 -0.675406706727667
v 0.1726397086360111 0.024474730433587943 -0.46856594453482314
v 0.1074230668258016 -0.004077874114548352 -0.675406706727667
v -0.4886500273918401 -0.004077874114548352 -0.48746558203749635
v -0.42343338558163063 0.024474730433587943 -0.2806248198446525
v -0.4886500273918401 -0.004077874114548352 -0.48746558203749635
v -0.42343338558163063 0.024474730433587943 -0.2806248198446525
vt 0 1
vt 0.125 1
vt 0.125 1
vt 0 1
vt 0 1
vt 0.3125 1
vt 0.3125 1
vt 0 1
vt 0 1
vt 0.125 1
vt 0.125 1
vt 0 1
vt 0 1
vt 0.3125 1
vt 0.3125 1
vt 0 1
vt 0 1
vt 1 1
vt 1 0.625
vt 0 0.625
vt 0 1
vt 0.0625 1
vt 0.0625 0.6875
vt 0 0.6875
vn -0.29813321970381496 -0.1305261922200516 -0.9455577700244292
vn 0.953716950748227 0 -0.300705799504273
vn 0.29813321970381496 0.1305261922200516 0.9455577700244292
vn -0.953716950748227 0 0.300705799504273
vn -0.03924998298777905 0.9914448613738106 -0.12448504203688454
vn 0.03924998298777905 -0.9914448613738106 0.12448504203688454
g Frond_Upper
f 92/268/67 95/267/67 93/266/67 90/265/67
f 91/272/68 92/271/68 90/270/68 89/269/68
f 96/276/69 91/275/69 89/274/69 94/273/69
f 95/280/70 96/279/70 94/278/70 93/277/70
f 94/284/71 89/283/71 90/282/71 93/281/71
f 95/288/72 92/287/72 91/286/72 96/285/72
o cube
v -0.272025597605063 -0.0478354290456362 -0.10864417194930424
v -0.2619604217468905 0 0.0064013145460987495
v -0.272025597605063 -0.0478354290456362 -0.10864417194930424
v -0.2619604217468905 0 0.0064013145460987495
v 0.236136927298982 0 -0.03717655682773024
v 0.2260717514408095 -0.0478354290456362 -0.15222204332313322
v 0.236136927298982 0 -0.03717655682773024
v 0.2260717514408095 -0.0478354290456362 -0.15222204332313322
vt 0 1
vt 0.1875 1
vt 0.1875 1
vt 0 1
vt 0 1
vt 0.125 1
vt 0.125 1
vt 0 1
vt 0 1
vt 0.1875 1
vt 0.1875 1
vt 0 1
vt 0 1
vt 0.125 1
vt 0.125 1
vt 0 1
vt 0.09375 0
vt 0.875 0
vt 0.875 0.1875
vt 0.09375 0.1875
vt 0 0.875
vt 0.1875 0.875
vt 0.1875 1
vt 0 1
vn 0.08052140686538027 0.3826834323650898 0.9203638919632244
vn -0.9961946980917457 0 0.08715574274765804
vn -0.08052140686538027 -0.3826834323650898 -0.9203638919632244
vn 0.9961946980917457 0 -0.08715574274765804
vn -0.033353058785002554 0.9238795325112867 -0.38122720636965357
vn 0.033353058785002554 -0.9238795325112867 0.38122720636965357
g Frond_Lower
f 100/292/73 103/291/73 101/290/73 98/289/73
f 99/296/74 100/295/74 98/294/74 97/293/74
f 104/300/75 99/299/75 97/298/75 102/297/75
f 103/304/76 104/303/76 102/302/76 101/301/76
f 102/308/77 97/307/77 98/306/77 101/305/77
f 103/312/78 100/311/78 99/310/78 104/309/78
o cube
v -0.2790305111151398 -0.1435332419647265 -0.18871069974580196
v -0.2720276821712371 -0.04777768657485427 -0.10866799864970236
v -0.2790305111151398 -0.1435332419647265 -0.18871069974580196
v -0.2720276821712371 -0.04777768657485427 -0.10866799864970236
v 0.22606966687463542 -0.04777768657485427 -0.15224587002353135
v 0.21906683793073267 -0.1435332419647265 -0.23228857111963094
v 0.22606966687463542 -0.04777768657485427 -0.15224587002353135
v 0.21906683793073267 -0.1435332419647265 -0.23228857111963094
vt 0 1
vt 0.1875 1
vt 0.1875 1
vt 0 1
vt 0 1
vt 0.125 1
vt 0.125 1
vt 0 1
vt 0 1
vt 0.1875 1
vt 0.1875 1
vt 0 1
vt 0 1
vt 0.125 1
vt 0.125 1
vt 0 1
vt 0.09375 0.1875
vt 0.875 0.1875
vt 0.875 0.375
vt 0.09375 0.375
vt 0 0.875
vt 0.1875 0.875
vt 0.1875 1
vt 0 1
vn 0.056022631551222044 0.766044443118978 0.640341608768797
vn -0.9961946980917457 0 0.08715574274765804
vn -0.056022631551222044 -0.766044443118978 -0.640341608768797
vn 0.9961946980917457 0 -0.08715574274765804
vn -0.0667651724177506 0.6427876096865394 -0.7631294127377697
vn 0.0667651724177506 -0.6427876096865394 0.7631294127377697
g Frond_Lower
f 108/316/79 111/315/79 109/314/79 106/313/79
f 107/320/80 108/319/80 106/318/80 105/317/80
f 112/324/81 107/323/81 105/322/81 110/321/81
f 111/328/82 112/327/82 110/326/82 109/325/82
f 110/332/83 105/331/83 106/330/83 109/329/83
f 111/336/84 108/335/84 107/334/84 112/333/84
o cube
v -0.28092828830633787 -0.3925471894959791 -0.21040239230018265
v -0.2790292574328639 -0.14349851497304275 -0.1886963700918164
v -0.28092828830633787 -0.3925471894959791 -0.21040239230018265
v -0.2790292574328639 -0.14349851497304275 -0.1886963700918164
v 0.21906809161300866 -0.14349851497304275 -0.23227424146564538
v 0.21716906073953468 -0.3925471894959791 -0.2539802636740116
v 0.21906809161300866 -0.14349851497304275 -0.23227424146564538
v 0.21716906073953468 -0.3925471894959791 -0.2539802636740116
vt 0 1
vt 0.1875 1
vt 0.1875 1
vt 0 1
vt 0 1
vt 0.125 1
vt 0.125 1
vt 0 1
vt 0 1
vt 0.1875 1
vt 0.1875 1
vt 0 1
vt 0 1
vt 0.125 1
vt 0.125 1
vt 0 1
vt 0.09375 0.375
vt 0.875 0.375
vt 0.875 0.6875
vt 0.09375 0.6875
vt 0 0.875
vt 0.1875 0.875
vt 0.1875 1
vt 0 1
vn 0.007596123493895966 0.9961946980917457 0.08682408883346529
vn -0.9961946980917455 0 0.08715574274765804
vn -0.007596123493895966 -0.9961946980917457 -0.08682408883346529
vn 0.9961946980917455 0 -0.08715574274765804
vn -0.08682408883346504 0.08715574274765807 -0.9924038765061042
vn 0.08682408883346504 -0.08715574274765807 0.9924038765061042
g Frond_Lower
f 116/340/85 119/339/85 117/338/85 114/337/85
f 115/344/86 116/343/86 114/342/86 113/341/86
f 120/348/87 115/347/87 113/346/87 118/345/87
f 119/352/88 120/351/88 118/350/88 117/349/88
f 118/356/89 113/355/89 114/354/89 117/353/89
f 119/360/90 116/359/90 115/358/90 120/357/90
o cube
v -0.2762124078709644 -0.6366022165661696 -0.156499632270295
v -0.28092839669916236 -0.3925282147861863 -0.2104036312358355
v -0.2762124078709644 -0.6366022165661696 -0.156499632270295
v -0.28092839669916236 -0.3925282147861863 -0.2104036312358355
v 0.21716895234671021 -0.3925282147861863 -0.25398150260966446
v 0.22188494117490812 -0.6366022165661696 -0.200077503644124
v 0.21716895234671021 -0.3925282147861863 -0.25398150260966446
v 0.22188494117490812 -0.6366022165661696 -0.200077503644124
vt 0 1
vt 0.1875 1
vt 0.1875 1
vt 0 1
vt 0 1
vt 0.125 1
vt 0.125 1
vt 0 1
vt 0 1
vt 0.1875 1
vt 0.1875 1
vt 0 1
vt 0 1
vt 0.125 1
vt 0.125 1
vt 0 1
vt 0.09375 0.6875
vt 0.875 0.6875
vt 0.875 1
vt 0.09375 1
vt 0 0.875
vt 0.1875 0.875
vt 0.1875 1
vt 0 1
vn -0.01886395531279169 0.9762960071199335 -0.21561599586216215
vn -0.9961946980917457 0 0.08715574274765805
vn 0.01886395531279169 -0.9762960071199335 0.21561599586216215
vn 0.9961946980917457 0 -0.08715574274765805
vn -0.0850898036421106 -0.21643961393810263 -0.9725809060610187
vn 0.0850898036421106 0.21643961393810263 0.9725809060610187
g Frond_Lower
f 124/364/91 127/363/91 125/362/91 122/361/91
f 123/368/92 124/367/92 122/366/92 121/365/92
f 128/372/93 123/371/93 121/370/93 126/369/93
f 127/376/94 128/375/94 126/374/94 125/373/94
f 126/380/95 121/379/95 122/378/95 125/377/95
f 127/384/96 124/383/96 123/382/96 128/381/96
o cube
v -0.22231760225965 -0.016315774027506447 -0.19980015703426451
v -0.2543932037962213 0 -0.08009238241644596
v -0.22231760225965 -0.016315774027506447 -0.19980015703426451
v -0.2543932037962213 0 -0.08009238241644596
v 0.2285697093483129 0 0.04931714013481444
v 0.26064531088488424 -0.016315774027506447 -0.07039063448300413
v 0.2285697093483129 0 0.04931714013481444
v 0.26064531088488424 -0.016315774027506447 -0.07039063448300413
vt 0 1
vt 0.1875 1
vt 0.1875 1
vt 0 1
vt 0 1
vt 0.125 1
vt 0.125 1
vt 0 1
vt 0 1
vt 0.1875 1
vt 0.1875 1
vt 0 1
vt 0 1
vt 0.125 1
vt 0.125 1
vt 0 1
vt 0.09375 0
vt 0.875 0
vt 0.875 0.1875
vt 0.09375 0.1875
vt 0 0.875
vt 0.1875 0.875
vt 0.1875 1
vt 0 1
vn -0.2566048122925707 0.13052619222005163 0.9576621969425487
vn -0.9659258262890684 0 -0.25881904510252074
vn 0.2566048122925707 -0.13052619222005163 -0.9576621969425487
vn 0.9659258262890684 0 0.25881904510252074
vn 0.03378266443126183 0.9914448613738105 -0.12607862007251908
vn -0.03378266443126183 -0.9914448613738105 0.12607862007251908
g Frond_Lower
f 132/388/97 135/387/97 133/386/97 130/385/97
f 131/392/98 132/391/98 130/390/98 129/389/98
f 136/396/99 131/395/99 129/394/99 134/393/99
f 135/400/100 136/399/100 134/398/100 133/397/100
f 134/404/101 129/403/101 130/402/101 133/401/101
f 135/408/102 132/407/102 131/406/102 136/405/102
o cube
v -0.1958139721060412 -0.08795086326755133 -0.2987130513525471
v -0.22231549084312302 -0.016253808723670597 -0.1998080369480191
v -0.1958139721060412 -0.08795086326755133 -0.2987130513525471
v -0.22231549084312302 -0.016253808723670597 -0.1998080369480191
v 0.2606474223014112 -0.016253808723670597 -0.0703985143967587
v 0.28714894103849303 -0.08795086326755133 -0.1693035288012867
v 0.2606474223014112 -0.016253808723670597 -0.0703985143967587
v 0.28714894103849303 -0.08795086326755133 -0.1693035288012867
vt 0 1
vt 0.1875 1
vt 0.1875 1
vt 0 1
vt 0 1
vt 0.125 1
vt 0.125 1
vt 0 1
vt 0 1
vt 0.1875 1
vt 0.1875 1
vt 0 1
vt 0 1
vt 0.125 1
vt 0.125 1
vt 0 1
vt 0.09375 0.1875
vt 0.875 0.1875
vt 0.875 0.375
vt 0.09375 0.375
vt 0 0.875
vt 0.1875 0.875
vt 0.1875 1
vt 0 1
vn -0.21201214989665468 0.5735764363510462 0.791240115236224
vn -0.9659258262890684 0 -0.25881904510252074
vn 0.21201214989665468 -0.5735764363510462 -0.791240115236224
vn 0.9659258262890684 0 0.25881904510252074
vn 0.1484525055496845 0.8191520442889919 -0.5540322932223233
vn -0.1484525055496845 -0.8191520442889919 0.5540322932223233
g Frond_Lower
f 140/412/103 143/411/103 141/410/103 138/409/103
f 139/416/104 140/415/104 138/414/104 137/413/104
f 144/420/105 139/419/105 137/418/105 142/417/105
f 143/424/106 144/423/106 142/422/106 141/421/106
f 142/428/107 137/427/107 138/426/107 141/425/107
f 143/432/108 140/431/108 139/430/108 144/429/108
o cube
v -0.17368956274577524 -0.3228441977202182 -0.3812824711725121
v -0.19581989447111947 -0.08792104252374111 -0.29869094878517405
v -0.17368956274577524 -0.3228441977202182 -0.3812824711725121
v -0.19581989447111947 -0.08792104252374111 -0.29869094878517405
v 0.2871430186734148 -0.08792104252374111 -0.16928142623391368
v 0.309273350398759 -0.3228441977202182 -0.2518729486212517
v 0.2871430186734148 -0.08792104252374111 -0.16928142623391368
v 0.309273350398759 -0.3228441977202182 -0.2518729486212517
vt 0 1
vt 0.1875 1
vt 0.1875 1
vt 0 1
vt 0 1
vt 0.125 1
vt 0.125 1
vt 0 1
vt 0 1
vt 0.1875 1
vt 0.1875 1
vt 0 1
vt 0 1
vt 0.125 1
vt 0.125 1
vt 0 1
vt 0.09375 0.375
vt 0.875 0.375
vt 0.875 0.6875
vt 0.09375 0.6875
vt 0 0.875
vt 0.1875 0.875
vt 0.1875 1
vt 0 1
vn -0.08852132690137686 0.9396926207859084 0.3303660895493521
vn -0.9659258262890684 0 -0.25881904510252074
vn 0.08852132690137686 -0.9396926207859084 -0.3303660895493521
vn 0.9659258262890684 0 0.25881904510252074
vn 0.24321034680169398 0.34202014332566877 -0.9076733711903687
vn -0.24321034680169398 -0.34202014332566877 0.9076733711903687
g Frond_Lower
f 148/436/109 151/435/109 149/434/109 146/433/109
f 147/440/110 148/439/110 146/438/110 145/437/110
f 152/444/111 147/443/111 145/442/111 150/441/111
f 151/448/112 152/447/112 150/446/112 149/445/112
f 150/452/113 145/451/113 146/450/113 149/449/113
f 151/456/114 148/455/114 147/454/114 152/453/114
o cube
v -0.17086814084680688 -0.572587603068435 -0.3918121610490495
v -0.1736905228932702 -0.32282554767297067 -0.3812788878532781
v -0.17086814084680688 -0.572587603068435 -0.3918121610490495
v -0.1736905228932702 -0.32282554767297067 -0.3812788878532781
v 0.309272390251264 -0.32282554767297067 -0.25186936530201776
v 0.3120947722977273 -0.572587603068435 -0.26240263849778905
v 0.309272390251264 -0.32282554767297067 -0.25186936530201776
v 0.3120947722977273 -0.572587603068435 -0.26240263849778905
vt 0 1
vt 0.1875 1
vt 0.1875 1
vt 0 1
vt 0 1
vt 0.125 1
vt 0.125 1
vt 0 1
vt 0 1
vt 0.1875 1
vt 0.1875 1
vt 0 1
vt 0 1
vt 0.125 1
vt 0.125 1
vt 0 1
vt 0.09375 0.6875
vt 0.875 0.6875
vt 0.875 1
vt 0.09375 1
vt 0 0.875
vt 0.1875 0.875
vt 0.1875 1
vt 0 1
vn -0.011289528185853265 0.9990482215818578 0.04213309278308528
vn -0.9659258262890683 0 -0.2588190451025208
vn 0.011289528185853265 -0.9990482215818578 -0.04213309278308528
vn 0.9659258262890683 0 0.2588190451025208
vn 0.25857270672118804 0.043619387365336215 -0.9650064789340803
vn -0.25857270672118804 -0.043619387365336215 0.9650064789340803
g Frond_Lower
f 156/460/115 159/459/115 157/458/115 154/457/115
f 155/464/116 156/463/116 154/462/116 153/461/116
f 160/468/117 155/467/117 153/466/117 158/465/117
f 159/472/118 160/471/118 158/470/118 157/469/118
f 158/476/119 153/475/119 154/474/119 157/473/119
f 159/480/120 156/479/120 155/478/120 160/477/120
o cube
v -0.19263032192524793 -0.057718576654379225 -0.22153028973790165
v -0.2394886939831166 0 -0.12104218657599052
v -0.19263032192524793 -0.057718576654379225 -0.22153028973790165
v -0.2394886939831166 0 -0.12104218657599052
v 0.2136651995352082 0 0.09026694429435904
v 0.2605235715930769 -0.057718576654379225 -0.010221158867552094
v 0.2136651995352082 0 0.09026694429435904
v 0.2605235715930769 -0.057718576654379225 -0.010221158867552094
vt 0 1
vt 0.1875 1
vt 0.1875 1
vt 0 1
vt 0 1
vt 0.125 1
vt 0.125 1
vt 0 1
vt 0 1
vt 0.1875 1
vt 0.1875 1
vt 0 1
vt 0 1
vt 0.125 1
vt 0.125 1
vt 0 1
vt 0.09375 0
vt 0.875 0
vt 0.875 0.1875
vt 0.09375 0.1875
vt 0 0.875
vt 0.1875 0.875
vt 0.1875 1
vt 0 1
vn -0.3748669764629496 0.46174861323503386 0.8039048252952893
vn -0.90630778703665 0 -0.4226182617406992
vn 0.3748669764629496 -0.46174861323503386 -0.8039048252952893
vn 0.90630778703665 0 0.4226182617406992
vn 0.19514339628656852 0.8870108331782218 -0.4184863638282857
vn -0.19514339628656852 -0.8870108331782218 0.4184863638282857
g Frond_Lower
f 164/484/121 167/483/121 165/482/121 162/481/121
f 163/488/122 164/487/122 162/486/122 161/485/122
f 168/492/123 163/491/123 161/490/123 166/489/123
f 167/496/124 168/495/124 166/494/124 165/493/124
f 166/500/125 161/499/125 162/498/125 165/497/125
f 167/504/126 164/503/126 163/502/126 168/501/126
o cube
v -0.16231764089971704 -0.16005714401342955 -0.28653604397635146
v -0.19261812546298002 -0.0576631384773056 -0.22155644513564093
v -0.16231764089971704 -0.16005714401342955 -0.28653604397635146
v -0.19261812546298002 -0.0576631384773056 -0.22155644513564093
v 0.2605357680553448 -0.0576631384773056 -0.01024731426529138
v 0.29083625261860774 -0.16005714401342955 -0.07522691310600192
v 0.2605357680553448 -0.0576631384773056 -0.01024731426529138
v 0.29083625261860774 -0.16005714401342955 -0.07522691310600192
vt 0 1
vt 0.1875 1
vt 0.1875 1
vt 0 1
vt 0 1
vt 0.125 1
vt 0.125 1
vt 0 1
vt 0 1
vt 0.1875 1
vt 0.1875 1
vt 0 1
vt 0 1
vt 0.125 1
vt 0.125 1
vt 0 1
vt 0.09375 0.1875
vt 0.875 0.1875
vt 0.875 0.375
vt 0.09375 0.375
vt 0 0.875
vt 0.1875 0.875
vt 0.1875 1
vt 0 1
vn -0.24240387650610404 0.8191520442889917 0.5198367907256847
vn -0.9063077870366502 0 -0.4226182617406993
vn 0.24240387650610404 -0.8191520442889917 -0.5198367907256847
vn 0.9063077870366502 0 0.4226182617406993
vn 0.3461886130587541 0.5735764363510462 -0.7424038765061042
vn -0.3461886130587541 -0.5735764363510462 0.7424038765061042
g Frond_Lower
f 172/508/127 175/507/127 173/506/127 170/505/127
f 171/512/128 172/511/128 170/510/128 169/509/128
f 176/516/129 171/515/129 169/514/129 174/513/129
f 175/520/130 176/519/130 174/518/130 173/517/130
f 174/524/131 169/523/131 170/522/131 173/521/131
f 175/528/132 172/527/132 171/526/132 176/525/132
o cube
v -0.16232241775275966 -0.4100212954861575 -0.2865257999819433
v -0.16232241775275966 -0.16002129548615757 -0.2865257999819433
v -0.16232241775275966 -0.4100212954861575 -0.2865257999819433
v -0.16232241775275966 -0.16002129548615757 -0.2865257999819433
v 0.2908314757655651 -0.16002129548615757 -0.07521666911159373
v 0.2908314757655651 -0.4100212954861575 -0.07521666911159372
v 0.2908314757655651 -0.16002129548615757 -0.07521666911159373
v 0.2908314757655651 -0.4100212954861575 -0.07521666911159372
vt 0 1
vt 0.1875 1
vt 0.1875 1
vt 0 1
vt 0 1
vt 0.125 1
vt 0.125 1
vt 0 1
vt 0 1
vt 0.1875 1
vt 0.1875 1
vt 0 1
vt 0 1
vt 0.125 1
vt 0.125 1
vt 0 1
vt 0.09375 0.375
vt 0.875 0.375
vt 0.875 0.6875
vt 0.09375 0.6875
vt 0 0.875
vt 0.1875 0.875
vt 0.1875 1
vt 0 1
vn 0 1 0
vn -0.90630778703665 0 -0.42261826174069933
vn 0 -1 0
vn 0.90630778703665 0 0.42261826174069933
vn 0.42261826174069933 0 -0.90630778703665
vn -0.42261826174069933 0 0.90630778703665
g Frond_Lower
f 180/532/133 183/531/133 181/530/133 178/529/133
f 179/536/134 180/535/134 178/534/134 177/533/134
f 184/540/135 179/539/135 177/538/135 182/537/135
f 183/544/136 184/543/136 182/542/136 181/541/136
f 182/548/137 177/547/137 178/546/137 181/545/137
f 183/552/138 180/551/138 179/550/138 184/549/138
o cube
v -0.19409213581935647 -0.6484317390607451 -0.2183954197254889
v -0.1623211952488957 -0.4100025013736885 -0.2865284216499399
v -0.19409213581935647 -0.6484317390607451 -0.2183954197254889
v -0.1623211952488957 -0.4100025013736885 -0.2865284216499399
v 0.2908326982694291 -0.4100025013736885 -0.07521929077959036
v 0.25906175769896833 -0.6484317390607451 -0.007086288855139344
v 0.2908326982694291 -0.4100025013736885 -0.07521929077959036
v 0.25906175769896833 -0.6484317390607451 -0.007086288855139344
vt 0 1
vt 0.1875 1
vt 0.1875 1
vt 0 1
vt 0 1
vt 0.125 1
vt 0.125 1
vt 0 1
vt 0 1
vt 0.1875 1
vt 0.1875 1
vt 0 1
vt 0 1
vt 0.125 1
vt 0.125 1
vt 0 1
vt 0.09375 0.6875
vt 0.875 0.6875
vt 0.875 1
vt 0.09375 1
vt 0 0.875
vt 0.1875 0.875
vt 0.1875 1
vt 0 1
vn 0.12708376228184307 0.953716950748227 -0.2725320076978041
vn -0.90630778703665 0 -0.4226182617406993
vn -0.12708376228184307 -0.953716950748227 0.2725320076978041
vn 0.90630778703665 0 0.4226182617406993
vn 0.40305819991785585 -0.30070579950427284 -0.8643610990919675
vn -0.40305819991785585 0.30070579950427284 0.8643610990919675
g Frond_Lower
f 188/556/139 191/555/139 189/554/139 186/553/139
f 187/560/140 188/559/140 186/558/140 185/557/140
f 192/564/141 187/563/141 185/562/141 190/561/141
f 191/568/142 192/567/142 190/566/142 189/565/142
f 190/572/143 185/571/143 186/570/143 189/569/143
f 191/576/144 188/575/144 187/574/144 192/573/144
o cube
v -0.27880233511698016 -0.03235238063781509 0.06449052816778413
v -0.19723108142648513 0 0.1535099307630994
v -0.27880233511698016 -0.03235238063781509 0.06449052816778413
v -0.19723108142648513 0 0.1535099307630994
v 0.1714075869785767 0 -0.1842851730447309
v 0.08983633328808169 -0.032352380637815085 -0.2733045756400462
v 0.1714075869785767 0 -0.1842851730447309
v 0.08983633328808169 -0.032352380637815085 -0.2733045756400462
vt 0 1
vt 0.1875 1
vt 0.1875 1
vt 0 1
vt 0 1
vt 0.125 1
vt 0.125 1
vt 0 1
vt 0 1
vt 0.1875 1
vt 0.1875 1
vt 0 1
vt 0 1
vt 0.125 1
vt 0.125 1
vt 0 1
vt 0.09375 0
vt 0.875 0
vt 0.875 0.1875
vt 0.09375 0.1875
vt 0 0.875
vt 0.1875 0.875
vt 0.1875 1
vt 0 1
vn 0.6525700295239604 0.2588190451025207 0.7121552207625225
vn -0.7372773368101239 0 0.6755902076156607
vn -0.6525700295239604 -0.2588190451025207 -0.7121552207625225
vn 0.7372773368101239 0 -0.6755902076156607
vn -0.17485561241569905 0.9659258262890682 -0.19082141628892577
vn 0.17485561241569905 -0.9659258262890682 0.19082141628892577
g Frond_Lower
f 196/580/145 199/579/145 197/578/145 194/577/145
f 195/584/146 196/583/146 194/582/146 193/581/146
f 200/588/147 195/587/147 193/586/147 198/585/147
f 199/592/148 200/591/148 198/590/148 197/589/148
f 198/596/149 193/595/149 194/594/149 197/593/149
f 199/600/150 196/599/150 195/598/150 200/597/150
o cube
v -0.3410754322234902 -0.11674078622562956 -0.00346863209246253
v -0.2788132635927561 -0.032292010273672046 0.06447860182926607
v -0.3410754322234902 -0.11674078622562956 -0.00346863209246253
v -0.2788132635927561 -0.032292010273672046 0.06447860182926607
v 0.08982540481230572 -0.03229201027367203 -0.2733165019785642
v 0.027563236181571603 -0.11674078622562956 -0.3412637359002928
v 0.08982540481230572 -0.03229201027367203 -0.2733165019785642
v 0.027563236181571603 -0.11674078622562956 -0.3412637359002928
vt 0 1
vt 0.1875 1
vt 0.1875 1
vt 0 1
vt 0 1
vt 0.125 1
vt 0.125 1
vt 0 1
vt 0 1
vt 0.1875 1
vt 0.1875 1
vt 0 1
vt 0 1
vt 0.125 1
vt 0.125 1
vt 0 1
vt 0.09375 0.1875
vt 0.875 0.1875
vt 0.875 0.375
vt 0.09375 0.375
vt 0 0.875
vt 0.1875 0.875
vt 0.1875 1
vt 0 1
vn 0.49809734904587316 0.6755902076156602 0.5435778713738288
vn -0.7372773368101239 0 0.6755902076156607
vn -0.49809734904587316 -0.6755902076156602 -0.5435778713738288
vn 0.7372773368101239 0 -0.6755902076156607
vn -0.45642212862617126 0.7372773368101241 -0.49809734904587255
vn 0.45642212862617126 -0.7372773368101241 0.49809734904587255
g Frond_Lower
f 204/604/151 207/603/151 205/602/151 202/601/151
f 203/608/152 204/607/152 202/606/152 201/605/152
f 208/612/153 203/611/153 201/610/153 206/609/153
f 207/616/154 208/615/154 206/614/154 205/613/154
f 206/620/155 201/619/155 202/618/155 205/617/155
f 207/624/156 204/623/156 203/622/156 208/621/156
o cube
v -0.37761885603431944 -0.3607822356479335 -0.043348781155397614
v -0.3410627351051453 -0.11670823386795007 -0.0034547756192736534
v -0.37761885603431944 -0.3607822356479335 -0.043348781155397614
v -0.3410627351051453 -0.11670823386795007 -0.0034547756192736534
v 0.027575933299916505 -0.11670823386795004 -0.34124987942710394
v -0.008980187629257577 -0.3607822356479335 -0.38114388496322793
v 0.027575933299916505 -0.11670823386795004 -0.34124987942710394
v -0.008980187629257577 -0.3607822356479335 -0.38114388496322793
vt 0 1
vt 0.1875 1
vt 0.1875 1
vt 0 1
vt 0 1
vt 0.125 1
vt 0.125 1
vt 0 1
vt 0 1
vt 0.1875 1
vt 0.1875 1
vt 0 1
vt 0 1
vt 0.125 1
vt 0.125 1
vt 0 1
vt 0.09375 0.375
vt 0.875 0.375
vt 0.875 0.6875
vt 0.09375 0.6875
vt 0 0.875
vt 0.1875 0.875
vt 0.1875 1
vt 0 1
vn 0.14622448371669639 0.9762960071199334 0.15957602214449582
vn -0.7372773368101239 0 0.6755902076156606
vn -0.14622448371669639 -0.9762960071199334 -0.15957602214449582
vn 0.7372773368101239 0 -0.6755902076156606
vn -0.6595760221444964 0.21643961393810285 -0.7198009200677421
vn 0.6595760221444964 -0.21643961393810285 0.7198009200677421
g Frond_Lower
f 212/628/157 215/627/157 213/626/157 210/625/157
f 211/632/158 212/631/158 210/630/158 209/629/158
f 216/636/159 211/635/159 209/634/159 214/633/159
f 215/640/160 216/639/160 214/638/160 213/637/160
f 214/644/161 209/643/161 210/642/161 213/641/161
f 215/648/162 212/647/162 211/646/162 216/645/162
o cube
v -0.3628976242398248 -0.6098119354610768 -0.02728337575185441
v -0.3776180158242716 -0.3607632609381405 -0.0433478642270298
v -0.3628976242398248 -0.6098119354610768 -0.02728337575185441
v -0.3776180158242716 -0.3607632609381405 -0.0433478642270298
v -0.008979347419209804 -0.36076326093814043 -0.38114296803486014
v 0.005741044165237019 -0.6098119354610768 -0.36507847955968475
v -0.008979347419209804 -0.36076326093814043 -0.38114296803486014
v 0.005741044165237019 -0.6098119354610768 -0.36507847955968475
vt 0 1
vt 0.1875 1
vt 0.1875 1
vt 0 1
vt 0 1
vt 0.125 1
vt 0.125 1
vt 0 1
vt 0 1
vt 0.1875 1
vt 0.1875 1
vt 0 1
vt 0 1
vt 0.125 1
vt 0.125 1
vt 0 1
vt 0.09375 0.6875
vt 0.875 0.6875
vt 0.875 1
vt 0.09375 1
vt 0 0.875
vt 0.1875 0.875
vt 0.1875 1
vt 0 1
vn -0.05888156633778737 0.9961946980917455 -0.0642579539007015
vn -0.7372773368101238 0 0.6755902076156606
vn 0.05888156633778737 -0.9961946980917455 0.0642579539007015
vn 0.7372773368101238 0 -0.6755902076156606
vn -0.6730193829094229 -0.08715574274765794 -0.7344717739534473
vn 0.6730193829094229 0.08715574274765794 0.7344717739534473
g Frond_Lower
f 220/652/163 223/651/163 221/650/163 218/649/163
f 219/656/164 220/655/164 218/654/164 217/653/164
f 224/660/165 219/659/165 217/658/165 222/657/165
f 223/664/166 224/663/166 222/662/166 221/661/166
f 222/668/167 217/667/167 218/666/167 221/665/167
f 223/672/168 220/671/168 219/670/168 224/669/168
