# Made in Blockbench 4.0.5

o cube
v 0 0.3125 0
v 0 0.3125 -0.3125
v 0 0 0
v 0 0 -0.3125
v 0 0.3125 -0.3125
v 0 0.3125 0
v 0 0 -0.3125
v 0 0 0
vt 0 1
vt 0 1
vt 0 0.78125
vt 0 0.78125
vt 0 1
vt 1 1
vt 1 0
vt 0 0
vt 0 1
vt 0 1
vt 0 0.78125
vt 0 0.78125
vt 0 1
vt 0.21875 1
vt 0.21875 0.78125
vt 0 0.78125
vt 0 1
vt 0 1
vt 0 0.78125
vt 0 0.78125
vt 0 1
vt 0 1
vt 0 0.78125
vt 0 0.78125
vn 0 0 -1
vn 1 0 0
vn 0 0 1
vn -1 0 0
vn 0 1 0
vn 0 -1 0
g Stem
f 4/4/1 7/3/1 5/2/1 2/1/1
f 3/8/2 4/7/2 2/6/2 1/5/2
f 8/12/3 3/11/3 1/10/3 6/9/3
f 7/16/4 8/15/4 6/14/4 5/13/4
f 6/20/5 1/19/5 2/18/5 5/17/5
f 7/24/6 4/23/6 3/22/6 8/21/6
o cube
v -0.06716245104335297 0.3125 0.10542393072661072
v 0.10074367656502946 0.3125 -0.15813589608991607
v -0.06716245104335297 0 0.10542393072661072
v 0.10074367656502946 0 -0.15813589608991607
v 0.10074367656502946 0.3125 -0.15813589608991607
v -0.06716245104335297 0.3125 0.10542393072661072
v 0.10074367656502946 0 -0.15813589608991607
v -0.06716245104335297 0 0.10542393072661072
vt 0 1
vt 0 1
vt 0 0.78125
vt 0 0.78125
vt 0 1
vt 1 1
vt 1 0
vt 0 0
vt 0 1
vt 0 1
vt 0 0.78125
vt 0 0.78125
vt 0 1
vt 0.21875 1
vt 0.21875 0.78125
vt 0 0.78125
vt 0 1
vt 0 1
vt 0 0.78125
vt 0 0.78125
vt 0 1
vt 0 1
vt 0 0.78125
vt 0 0.78125
vn 0.5372996083468238 0 -0.8433914458128857
vn 0.8433914458128857 0 0.5372996083468238
vn -0.5372996083468238 0 0.8433914458128857
vn -0.8433914458128857 0 -0.5372996083468238
vn 0 1 0
vn 0 -1 0
g Stem
f 12/28/7 15/27/7 13/26/7 10/25/7
f 11/32/8 12/31/8 10/30/8 9/29/8
f 16/36/9 11/35/9 9/34/9 14/33/9
f 15/40/10 16/39/10 14/38/10 13/37/10
f 14/44/11 9/43/11 10/42/11 13/41/11
f 15/48/12 12/47/12 11/46/12 16/45/12
o cube
v -0.05873078879911927 0.34375 -0.021376258957854305
v 0.2642885495960367 0.34375 0.09619316531034429
v -0.05873078879911927 0 -0.02137625895785429
v 0.2642885495960367 0 0.0961931653103443
v 0.2642885495960367 0.34375 0.09619316531034429
v -0.05873078879911927 0.34375 -0.021376258957854305
v 0.2642885495960367 0 0.0961931653103443
v -0.05873078879911927 0 -0.02137625895785429
vt 0 1
vt 0 1
vt 0 0.78125
vt 0 0.78125
vt 0 1
vt 1 1
vt 1 0
vt 0 0
vt 0 1
vt 0 1
vt 0 0.78125
vt 0 0.78125
vt 0 1
vt 0.21875 1
vt 0.21875 0.78125
vt 0 0.78125
vt 0 1
vt 0 1
vt 0 0.78125
vt 0 0.78125
vt 0 1
vt 0 1
vt 0 0.78125
vt 0 0.78125
vn 0.9396926207859085 0 0.3420201433256687
vn -0.3420201433256687 0 0.9396926207859085
vn -0.9396926207859085 0 -0.3420201433256687
vn 0.3420201433256687 0 -0.9396926207859085
vn 0 1 0
vn 0 -1 0
g Stem
f 20/52/13 23/51/13 21/50/13 18/49/13
f 19/56/14 20/55/14 18/54/14 17/53/14
f 24/60/15 19/59/15 17/58/15 22/57/15
f 23/64/16 24/63/16 22/62/16 21/61/16
f 22/68/17 17/67/17 18/66/17 21/65/17
f 23/72/18 20/71/18 19/70/18 24/69/18
o cube
v 0.01317799134082634 0.28125 0.008395306380419122
v 0.16429350618837052 0.28125 -0.22880853775445498
v 0.01317799134082634 0 0.008395306380419122
v 0.16429350618837052 0 -0.22880853775445498
v 0.16429350618837052 0.28125 -0.22880853775445498
v 0.01317799134082634 0.28125 0.008395306380419122
v 0.16429350618837052 0 -0.22880853775445498
v 0.01317799134082634 0 0.008395306380419122
vt 0 1
vt 0 1
vt 0 0.78125
vt 0 0.78125
vt 0 1
vt 1 1
vt 1 0
vt 0 0
vt 0 1
vt 0 1
vt 0 0.78125
vt 0 0.78125
vt 0 1
vt 0.21875 1
vt 0.21875 0.78125
vt 0 0.78125
vt 0 1
vt 0 1
vt 0 0.78125
vt 0 0.78125
vt 0 1
vt 0 1
vt 0 0.78125
vt 0 0.78125
vn 0.5372996083468238 0 -0.8433914458128857
vn 0.8433914458128857 0 0.5372996083468238
vn -0.5372996083468238 0 0.8433914458128857
vn -0.8433914458128857 0 -0.5372996083468238
vn 0 1 0
vn 0 -1 0
g Stem
f 28/76/19 31/75/19 29/74/19 26/73/19
f 27/80/20 28/79/20 26/78/20 25/77/20
f 32/84/21 27/83/21 25/82/21 30/81/21
f 31/88/22 32/87/22 30/86/22 29/85/22
f 30/92/23 25/91/23 26/90/23 29/89/23
f 31/96/24 28/95/24 27/94/24 32/93/24
o cube
v 0.021376258957854322 0.25 -0.058730788799119235
v -0.06412877687356289 0.24999999999999997 0.17619236639735783
v 0.0213762589578543 0 -0.05873078879911926
v -0.0641287768735629 0 0.1761923663973578
v -0.06412877687356289 0.24999999999999997 0.17619236639735783
v 0.021376258957854322 0.25 -0.058730788799119235
v -0.0641287768735629 0 0.1761923663973578
v 0.0213762589578543 0 -0.05873078879911926
vt 0 1
vt 0 1
vt 0 0.78125
vt 0 0.78125
vt 0 1
vt 1 1
vt 1 0
vt 0 0
vt 0 1
vt 0 1
vt 0 0.78125
vt 0 0.78125
vt 0 1
vt 0.21875 1
vt 0.21875 0.78125
vt 0 0.78125
vt 0 1
vt 0 1
vt 0 0.78125
vt 0 0.78125
vt 0 1
vt 0 1
vt 0 0.78125
vt 0 0.78125
vn -0.3420201433256689 0 0.9396926207859084
vn -0.9396926207859084 0 -0.3420201433256689
vn 0.3420201433256689 0 -0.9396926207859084
vn 0.9396926207859084 0 0.3420201433256689
vn 0 1 0
vn 0 -1 0
g Stem
f 36/100/25 39/99/25 37/98/25 34/97/25
f 35/104/26 36/103/26 34/102/26 33/101/26
f 40/108/27 35/107/27 33/106/27 38/105/27
f 39/112/28 40/111/28 38/110/28 37/109/28
f 38/116/29 33/115/29 34/114/29 37/113/29
f 39/120/30 36/119/30 35/118/30 40/117/30
o cube
v -0.02985715106926619 0.25 -0.032583362779599855
v 0.21990490432619822 0.24999999999999994 -0.02167851593826544
v -0.02985715106926625 0 -0.032583362779599855
v 0.21990490432619816 0 -0.02167851593826544
v 0.21990490432619822 0.24999999999999994 -0.02167851593826544
v -0.02985715106926619 0.25 -0.032583362779599855
v 0.21990490432619816 0 -0.02167851593826544
v -0.02985715106926625 0 -0.032583362779599855
vt 0 1
vt 0 1
vt 0 0.78125
vt 0 0.78125
vt 0 1
vt 1 1
vt 1 0
vt 0 0
vt 0 1
vt 0 1
vt 0 0.78125
vt 0 0.78125
vt 0 1
vt 0.21875 1
vt 0.21875 0.78125
vt 0 0.78125
vt 0 1
vt 0 1
vt 0 0.78125
vt 0 0.78125
vt 0 1
vt 0 1
vt 0 0.78125
vt 0 0.78125
vn 0.9990482215818577 0 0.04361938736533766
vn -0.04361938736533766 0 0.9990482215818577
vn -0.9990482215818577 0 -0.04361938736533766
vn 0.04361938736533766 0 -0.9990482215818577
vn 0 1 0
vn 0 -1 0
g Stem
f 44/124/31 47/123/31 45/122/31 42/121/31
f 43/128/32 44/127/32 42/126/32 41/125/32
f 48/132/33 43/131/33 41/130/33 46/129/33
f 47/136/34 48/135/34 46/134/34 45/133/34
f 46/140/35 41/139/35 42/138/35 45/137/35
f 47/144/36 44/143/36 43/142/36 48/141/36
o cube
v 0 0.296875 0
v 0.14843750000000003 0.29687499999999994 0.2571012917485053
v 0 0 0
v 0.14843749999999997 0 0.25710129174850527
v 0.14843750000000003 0.29687499999999994 0.2571012917485053
v 0 0.296875 0
v 0.14843749999999997 0 0.25710129174850527
v 0 0 0
vt 0 1
vt 0 1
vt 0 0.78125
vt 0 0.78125
vt 0 1
vt 1 1
vt 1 0
vt 0 0
vt 0 1
vt 0 1
vt 0 0.78125
vt 0 0.78125
vt 0 1
vt 0.21875 1
vt 0.21875 0.78125
vt 0 0.78125
vt 0 1
vt 0 1
vt 0 0.78125
vt 0 0.78125
vt 0 1
vt 0 1
vt 0 0.78125
vt 0 0.78125
vn 0.49999999999999994 0 0.8660254037844388
vn -0.8660254037844388 0 0.49999999999999994
vn -0.49999999999999994 0 -0.8660254037844388
vn 0.8660254037844388 0 -0.49999999999999994
vn 0 1 0
vn 0 -1 0
g Stem
f 52/148/37 55/147/37 53/146/37 50/145/37
f 51/152/38 52/151/38 50/150/38 49/149/38
f 56/156/39 51/155/39 49/154/39 54/153/39
f 55/160/40 56/159/40 54/158/40 53/157/40
f 54/164/41 49/163/41 50/162/41 53/161/41
f 55/168/42 52/167/42 51/166/42 56/165/42
o cube
v 0 0.328125 0
v -0.2559850138403099 0.328125 0.17924263635970192
v 0 0 0
v -0.2559850138403099 0 0.1792426363597019
v -0.2559850138403099 0.328125 0.17924263635970192
v 0 0.328125 0
v -0.2559850138403099 0 0.1792426363597019
v 0 0 0
vt 0 1
vt 0 1
vt 0 0.78125
vt 0 0.78125
vt 0 1
vt 1 1
vt 1 0
vt 0 0
vt 0 1
vt 0 1
vt 0 0.78125
vt 0 0.78125
vt 0 1
vt 0.21875 1
vt 0.21875 0.78125
vt 0 0.78125
vt 0 1
vt 0 1
vt 0 0.78125
vt 0 0.78125
vt 0 1
vt 0 1
vt 0 0.78125
vt 0 0.78125
vn -0.8191520442889918 0 0.573576436351046
vn -0.573576436351046 0 -0.8191520442889918
vn 0.8191520442889918 0 -0.573576436351046
vn 0.573576436351046 0 0.8191520442889918
vn 0 1 0
vn 0 -1 0
g Stem
f 60/172/43 63/171/43 61/170/43 58/169/43
f 59/176/44 60/175/44 58/174/44 57/173/44
f 64/180/45 59/179/45 57/178/45 62/177/45
f 63/184/46 64/183/46 62/182/46 61/181/46
f 62/188/47 57/187/47 58/186/47 61/185/47
f 63/192/48 60/191/48 59/190/48 64/189/48
o cube
v 0.04404809159933945 0.3125 0.01603219421839073
v -0.2496058523962569 0.3125 -0.0908491005708808
v 0.04404809159933945 0 0.01603219421839073
v -0.2496058523962569 0 -0.0908491005708808
v -0.2496058523962569 0.3125 -0.0908491005708808
v 0.04404809159933945 0.3125 0.01603219421839073
v -0.2496058523962569 0 -0.0908491005708808
v 0.04404809159933945 0 0.01603219421839073
vt 0 1
vt 0 1
vt 0 0.78125
vt 0 0.78125
vt 0 1
vt 1 1
vt 1 0
vt 0 0
vt 0 1
vt 0 1
vt 0 0.78125
vt 0 0.78125
vt 0 1
vt 0.21875 1
vt 0.21875 0.78125
vt 0 0.78125
vt 0 1
vt 0 1
vt 0 0.78125
vt 0 0.78125
vt 0 1
vt 0 1
vt 0 0.78125
vt 0 0.78125
vn -0.9396926207859083 0 -0.3420201433256689
vn 0.3420201433256689 0 -0.9396926207859083
vn 0.9396926207859083 0 0.3420201433256689
vn -0.3420201433256689 0 0.9396926207859083
vn 0 1 0
vn 0 -1 0
g Stem
f 68/196/49 71/195/49 69/194/49 66/193/49
f 67/200/50 68/199/50 66/198/50 65/197/50
f 72/204/51 67/203/51 65/202/51 70/201/51
f 71/208/52 72/207/52 70/206/52 69/205/52
f 70/212/53 65/211/53 66/210/53 69/209/53
f 71/216/54 68/215/54 67/214/54 72/213/54
o cube
v 0 0.25 0
v -0.12499999999999999 0.25 -0.21650635094610968
v 0 0 0
v -0.12499999999999999 0 -0.21650635094610968
v -0.12499999999999999 0.25 -0.21650635094610968
v 0 0.25 0
v -0.12499999999999999 0 -0.21650635094610968
v 0 0 0
vt 0 1
vt 0 1
vt 0 0.78125
vt 0 0.78125
vt 0 1
vt 1 1
vt 1 0
vt 0 0
vt 0 1
vt 0 1
vt 0 0.78125
vt 0 0.78125
vt 0 1
vt 0.21875 1
vt 0.21875 0.78125
vt 0 0.78125
vt 0 1
vt 0 1
vt 0 0.78125
vt 0 0.78125
vt 0 1
vt 0 1
vt 0 0.78125
vt 0 0.78125
vn -0.49999999999999994 0 -0.8660254037844387
vn 0.8660254037844387 0 -0.49999999999999994
vn 0.49999999999999994 0 0.8660254037844387
vn -0.8660254037844387 0 0.49999999999999994
vn 0 1 0
vn 0 -1 0
g Stem
f 76/220/55 79/219/55 77/218/55 74/217/55
f 75/224/56 76/223/56 74/222/56 73/221/56
f 80/228/57 75/227/57 73/226/57 78/225/57
f 79/232/58 80/231/58 78/230/58 77/229/58
f 78/236/59 73/235/59 74/234/59 77/233/59
f 79/240/60 76/239/60 75/238/60 80/237/60
o cube
v 0 0.3125 0
v 0 0.31249999999999994 0.31250000000000006
v 0 0 0
v 0 0 0.3125
v 0 0.31249999999999994 0.31250000000000006
v 0 0.3125 0
v 0 0 0.3125
v 0 0 0
vt 0 1
vt 0 1
vt 0 0.78125
vt 0 0.78125
vt 0 1
vt 1 1
vt 1 0
vt 0 0
vt 0 1
vt 0 1
vt 0 0.78125
vt 0 0.78125
vt 0 1
vt 0.21875 1
vt 0.21875 0.78125
vt 0 0.78125
vt 0 1
vt 0 1
vt 0 0.78125
vt 0 0.78125
vt 0 1
vt 0 1
vt 0 0.78125
vt 0 0.78125
vn 0 0 1
vn -1 0 0
vn 0 0 -1
vn 1 0 0
vn 0 1 0
vn 0 -1 0
g Stem
f 84/244/61 87/243/61 85/242/61 82/241/61
f 83/248/62 84/247/62 82/246/62 81/245/62
f 88/252/63 83/251/63 81/250/63 86/249/63
f 87/256/64 88/255/64 86/254/64 85/253/64
f 86/260/65 81/259/65 82/258/65 85/257/65
f 87/264/66 84/263/66 83/262/66 88/261/66
o cube
v -0.07833445324251478 0.38319264261658414 0.17909693236677832
v 0.13385034178999403 0.42464323349860994 0.05356023943382292
v 0.03169491953594572 0.19622110984321647 0.3033353445361073
v 0.24387971456845453 0.2376717007252423 0.1777986516031519
v 0.13385034178999403 0.42464323349860994 0.05356023943382292
v -0.07833445324251478 0.38319264261658414 0.17909693236677832
v 0.24387971456845453 0.2376717007252423 0.1777986516031519
v 0.03169491953594572 0.19622110984321647 0.3033353445361073
vt 0 1
vt 0 1
vt 0 0.90625
vt 0 0.90625
vt 0 1
vt 0.09375 1
vt 0.09375 0.90625
vt 0 0.90625
vt 0 1
vt 0 1
vt 0 0.90625
vt 0 0.90625
vt 0 1
vt 1 1
vt 1 0
vt 0 0
vt 0 1
vt 0 1
vt 0 0.90625
vt 0 0.90625
vt 0 1
vt 0 1
vt 0 0.90625
vt 0 0.90625
vn 0.8487391801300352 0.16580236352810326 -0.5021467717318215
vn 0.2931525168369747 0.6427876096865393 0.7077327819916305
vn -0.8487391801300352 -0.16580236352810326 0.5021467717318215
vn -0.2931525168369747 -0.6427876096865393 -0.7077327819916305
vn -0.44011749111384213 0.7478861310934708 -0.496953648677316
vn 0.44011749111384213 -0.7478861310934708 0.496953648677316
g Flower
f 92/268/67 95/267/67 93/266/67 90/265/67
f 91/272/68 92/271/68 90/270/68 89/269/68
f 96/276/69 91/275/69 89/274/69 94/273/69
f 95/280/70 96/279/70 94/278/70 93/277/70
f 94/284/71 89/283/71 90/282/71 93/281/71
f 95/288/72 92/287/72 91/286/72 96/285/72
o cube
v -0.0499817787942141 0.3895728362410732 0.1364227360085947
v -0.0418666491337011 0.46756495547865706 -0.16607953506953052
v -0.2740733530019177 0.1801931202930175 0.07642814526388889
v -0.26595822334140473 0.25818523953060135 -0.22607412581423633
v -0.0418666491337011 0.46756495547865706 -0.16607953506953052
v -0.0499817787942141 0.3895728362410732 0.1364227360085947
v -0.26595822334140473 0.25818523953060135 -0.22607412581423633
v -0.2740733530019177 0.1801931202930175 0.07642814526388889
vt 0 1
vt 0 1
vt 0 0.90625
vt 0 0.90625
vt 0 1
vt 0.09375 1
vt 0.09375 0.90625
vt 0 0.90625
vt 0 1
vt 0 1
vt 0 0.90625
vt 0 0.90625
vt 0 1
vt 1 1
vt 1 0
vt 0 0
vt 0 1
vt 0 1
vt 0 0.90625
vt 0 0.90625
vt 0 1
vt 0 1
vt 0 0.90625
vt 0 0.90625
vn 0.02596841491364158 0.24957478156026836 -0.9680072674500008
vn 0.6964935154375759 -0.6991367578636829 -0.16156910830126325
vn -0.02596841491364158 -0.24957478156026836 0.9680072674500008
vn -0.6964935154375759 0.6991367578636829 0.16156910830126325
vn 0.7170930374646517 0.6700150910337784 0.19198269038305868
vn -0.7170930374646517 -0.6700150910337784 -0.19198269038305868
g Flower
f 100/292/73 103/291/73 101/290/73 98/289/73
f 99/296/74 100/295/74 98/294/74 97/293/74
f 104/300/75 99/299/75 97/298/75 102/297/75
f 103/304/76 104/303/76 102/302/76 101/301/76
f 102/308/77 97/307/77 98/306/77 101/305/77
f 103/312/78 100/311/78 99/310/78 104/309/78
o cube
v -0.008858921638660672 0.33389444223477105 0.0985772440982382
v -0.08019815160062005 0.42686553680015005 -0.10439745991373969
v 0.15861931611499436 0.21527867222839997 -0.014617188670011785
v 0.08728008615303497 0.3082497667937789 -0.2175918926819897
v -0.08019815160062005 0.42686553680015005 -0.10439745991373969
v -0.008858921638660672 0.33389444223477105 0.0985772440982382
v 0.08728008615303497 0.3082497667937789 -0.2175918926819897
v 0.15861931611499436 0.21527867222839997 -0.014617188670011785
vt 0 1
vt 0 1
vt 0 0.90625
vt 0 0.90625
vt 0 1
vt 0.09375 1
vt 0.09375 0.90625
vt 0 0.90625
vt 0 1
vt 0 1
vt 0 0.90625
vt 0 0.90625
vt 0 1
vt 1 1
vt 1 0
vt 0 0
vt 0 1
vt 0 1
vt 0 0.90625
vt 0 0.90625
vt 0 1
vt 0 1
vt 0 0.90625
vt 0 0.90625
vn -0.30438071450436 0.396676670145617 -0.866025403784439
vn 0.6298703393472044 0.7658436727450925 0.1294095225512608
vn 0.30438071450436 -0.396676670145617 0.866025403784439
vn -0.6298703393472044 -0.7658436727450925 -0.1294095225512608
vn -0.7145738144155948 0.5060939520271835 0.4829629131445333
vn 0.7145738144155948 -0.5060939520271835 -0.4829629131445333
g Flower
f 108/316/79 111/315/79 109/314/79 106/313/79
f 107/320/80 108/319/80 106/318/80 105/317/80
f 112/324/81 107/323/81 105/322/81 110/321/81
f 111/328/82 112/327/82 110/326/82 109/325/82
f 110/332/83 105/331/83 106/330/83 109/329/83
f 111/336/84 108/335/84 107/334/84 112/333/84
