# Made in Blockbench 4.1.3

o cube
v 0.2950258431766004 -0.19772687323152852 0.06781824613647311
v 0.3423720087255604 -0.19772687323152852 -0.1457465054210123
v 0.2923667868127844 -0.22885795754689556 0.06722874753294839
v 0.3397129523617445 -0.22885795754689556 -0.14633600402453703
v 0.2815857020967468 -0.19227963930979988 -0.15922250516239744
v 0.23423953654778676 -0.19227963930979988 0.05434224639508797
v 0.2789266457329308 -0.22341072362516692 -0.1598120037659222
v 0.2315804801839708 -0.22341072362516692 0.05375274779156322
vt 0.0624609375 0.28125
vt 0.4372265625 0.28125
vt 0.4372265625 0.25
vt 0.0624609375 0.25
vt 0.0624609375 0.28125
vt 0.202998046875 0.28125
vt 0.202998046875 0.25
vt 0.0624609375 0.25
vt 0.0624609375 0.03125
vt 0.4372265625 0.03125
vt 0.4372265625 0
vt 0.0624609375 0
vt 0.0624609375 0.28125
vt 0.3513427734375 0.28125
vt 0.3513427734375 0.265625
vt 0.0624609375 0.265625
vt 0.374765625 0.71875
vt 0.4372265625 0.71875
vt 0.4372265625 0.5
vt 0.374765625 0.5
vt 0.0624609375 0.21875
vt 0.124921875 0.21875
vt 0.124921875 0
vt 0.0624609375 0
vn 0.21643961393810288 0 -0.9762960071199334
vn 0.9725809060610187 -0.08715574274765818 0.21561599586216235
vn -0.21643961393810288 0 0.9762960071199334
vn -0.9725809060610187 0.08715574274765818 -0.21561599586216235
vn 0.08508980364211079 0.9961946980917457 0.01886395531279175
vn -0.08508980364211079 -0.9961946980917457 -0.01886395531279175
g _
f 4/4/1 7/3/1 5/2/1 2/1/1
f 3/8/2 4/7/2 2/6/2 1/5/2
f 8/12/3 3/11/3 1/10/3 6/9/3
f 7/16/4 8/15/4 6/14/4 5/13/4
f 6/20/5 1/19/5 2/18/5 5/17/5
f 7/24/6 4/23/6 3/22/6 8/21/6
o cube
v 0.294843558520464 -0.18416835413737642 -0.21902483087318914
v 0.30154943174035975 -0.1800894106304998 -0.24927307023065254
v 0.2970563580092713 -0.21512151743587568 -0.22270826680160866
v 0.30376223122916707 -0.21104257392899906 -0.252956506159072
v 0.21022432267921945 -0.1841437435173407 -0.27006608203302274
v 0.2035184494593237 -0.18822268702421732 -0.23981784267555933
v 0.21243712216802677 -0.21509690681583996 -0.27374951796144226
v 0.20573124894813102 -0.21917585032271658 -0.24350127860397885
vt 0.124921875 0.3125
vt 0.21861328125 0.3125
vt 0.21861328125 0.28125
vt 0.124921875 0.28125
vt 0.124921875 0.3125
vt 0.140537109375 0.3125
vt 0.140537109375 0.28125
vt 0.124921875 0.28125
vt 0.0 1
vt 0.046845703125 1
vt 0.046845703125 0.96875
vt 0.0 0.96875
vt 0.124921875 0.3125
vt 0.140537109375 0.3125
vt 0.140537109375 0.28125
vt 0.124921875 0.28125
vt 0.28107421875 0.8125
vt 0.3669580078125 0.8125
vt 0.3669580078125 0.78125
vt 0.28107421875 0.78125
vt 0.24984375 0.3125
vt 0.3357275390625 0.3125
vt 0.3357275390625 0.28125
vt 0.24984375 0.28125
vn 0.21458794303666343 0.1305261922200516 -0.9679436594388271
vn 0.9741344966521636 0.04324621745963612 0.22179212589194885
vn -0.21458794303666343 -0.1305261922200516 0.9679436594388271
vn -0.9741344966521636 -0.04324621745963612 -0.22179212589194885
vn -0.07080958364183387 0.9905012255519767 0.11786994970942397
vn 0.07080958364183387 -0.9905012255519767 -0.11786994970942397
g _
f 12/28/7 15/27/7 13/26/7 10/25/7
f 11/32/8 12/31/8 10/30/8 9/29/8
f 16/36/9 11/35/9 9/34/9 14/33/9
f 15/40/10 16/39/10 14/38/10 13/37/10
f 14/44/11 9/43/11 10/42/11 13/41/11
f 15/48/12 12/47/12 11/46/12 16/45/12
o cube
v 0.17307674643894363 -0.18957413131983095 -0.24674884660968277
v 0.17978261965883935 -0.18549518781295432 -0.2769970859671461
v 0.1752895459277509 -0.2205272946183302 -0.25043228253810224
v 0.18199541914764664 -0.21644835111145358 -0.28068052189556564
v 0.08845751059769895 -0.18954952069979522 -0.2977900977695163
v 0.08175163737780322 -0.19362846420667185 -0.26754185841205297
v 0.09067031008650626 -0.22050268399829448 -0.30147353369793584
v 0.08396443686661052 -0.2245816275051711 -0.27122529434047243
vt 0.24984375 0.3125
vt 0.3357275390625 0.3125
vt 0.3357275390625 0.28125
vt 0.24984375 0.28125
vt 0.0624609375 0.28125
vt 0.078076171875 0.28125
vt 0.078076171875 0.25
vt 0.0624609375 0.25
vt 0.0 1
vt 0.046845703125 1
vt 0.046845703125 0.96875
vt 0.0 0.96875
vt 0.124921875 0.3125
vt 0.140537109375 0.3125
vt 0.140537109375 0.28125
vt 0.124921875 0.28125
vt 0.15615234375 0.8125
vt 0.24984375 0.8125
vt 0.24984375 0.78125
vt 0.15615234375 0.78125
vt 0.124921875 0.3125
vt 0.21861328125 0.3125
vt 0.21861328125 0.28125
vt 0.124921875 0.28125
vn 0.21458794303666343 0.1305261922200516 -0.9679436594388271
vn 0.9741344966521636 0.04324621745963612 0.22179212589194885
vn -0.21458794303666343 -0.1305261922200516 0.9679436594388271
vn -0.9741344966521636 -0.04324621745963612 -0.22179212589194885
vn -0.07080958364183387 0.9905012255519767 0.11786994970942397
vn 0.07080958364183387 -0.9905012255519767 -0.11786994970942397
g _
f 20/52/13 23/51/13 21/50/13 18/49/13
f 19/56/14 20/55/14 18/54/14 17/53/14
f 24/60/15 19/59/15 17/58/15 22/57/15
f 23/64/16 24/63/16 22/62/16 21/61/16
f 22/68/17 17/67/17 18/66/17 21/65/17
f 23/72/18 20/71/18 19/70/18 24/69/18
o cube
v 0.051769544628049974 -0.18818268277110745 -0.27448996193887765
v 0.058475417847945715 -0.1841037392642308 -0.304738201296341
v 0.04734110148418014 -0.21869463858876503 -0.2795862295439808
v 0.054046974704075865 -0.21461569508188838 -0.3098344689014442
v 0.028276367272137903 -0.17872365821939318 -0.31070767131224536
v 0.021570494052242168 -0.18280260172626978 -0.280459431954782
v 0.02384792412826806 -0.20923561403705077 -0.3158039389173486
v 0.017142050908372324 -0.21331455754392736 -0.2855556995598852
vt 0.124921875 0.3125
vt 0.140537109375 0.3125
vt 0.140537109375 0.28125
vt 0.124921875 0.28125
vt 0.1483447265625 0.3125
vt 0.1639599609375 0.3125
vt 0.1639599609375 0.28125
vt 0.1483447265625 0.28125
vt 0.0 1
vt 0.015615234375 1
vt 0.015615234375 0.96875
vt 0.0 0.96875
vt 0.15615234375 0.3125
vt 0.17176757812500001 0.3125
vt 0.17176757812500001 0.28125
vt 0.15615234375 0.28125
vt 0.09369140625 0.8125
vt 0.124921875 0.8125
vt 0.124921875 0.78125
vt 0.09369140625 0.78125
vt 0.40599609375 0.28125
vt 0.374765625 0.28125
vt 0.374765625 0.3125
vt 0.40599609375 0.3125
vn 0.21458794303666345 0.13052619222005168 -0.967943659438827
vn 0.9663696184258498 -0.17216259343480447 0.19102304050893992
vn -0.21458794303666345 -0.13052619222005168 0.967943659438827
vn -0.9663696184258498 0.17216259343480447 -0.19102304050893992
vn 0.14171018060383495 0.9763825861650424 0.16308056336330246
vn -0.14171018060383495 -0.9763825861650424 -0.16308056336330246
g _
f 28/76/19 31/75/19 29/74/19 26/73/19
f 27/80/20 28/79/20 26/78/20 25/77/20
f 32/84/21 27/83/21 25/82/21 30/81/21
f 31/88/22 32/87/22 30/86/22 29/85/22
f 30/92/23 25/91/23 26/90/23 29/89/23
f 31/96/24 28/95/24 27/94/24 32/93/24
o cube
v -0.06249544922584073 -0.1855418636396924 -0.04345105099268235
v -0.015149283676880725 -0.1855418636396924 -0.25701580255016776
v -0.06249544922584073 -0.2167918636396924 -0.04345105099268235
v -0.015149283676880725 -0.2167918636396924 -0.25701580255016776
v -0.045658533899378635 -0.1855418636396924 -0.2637795404857335
v -0.09300469944833864 -0.1855418636396924 -0.05021478892824807
v -0.045658533899378635 -0.2167918636396924 -0.2637795404857335
v -0.09300469944833864 -0.2167918636396924 -0.05021478892824807
vt 0.124921875 0.3125
vt 0.140537109375 0.3125
vt 0.140537109375 0.28125
vt 0.124921875 0.28125
vt 0.0 1
vt 0.109306640625 1
vt 0.109306640625 0.96875
vt 0.0 0.96875
vt 0.124921875 0.3125
vt 0.140537109375 0.3125
vt 0.140537109375 0.28125
vt 0.124921875 0.28125
vt 0.0624609375 0.28125
vt 0.24984375 0.28125
vt 0.24984375 0.25
vt 0.0624609375 0.25
vt 0.03123046875 0.75
vt 0.0624609375 0.75
vt 0.0624609375 0.53125
vt 0.03123046875 0.53125
vt 0.03123046875 0.21875
vt 0.0624609375 0.21875
vt 0.0624609375 0
vt 0.03123046875 0
vn 0.21643961393810288 0 -0.9762960071199334
vn 0.9762960071199334 0 0.21643961393810288
vn -0.21643961393810288 0 0.9762960071199334
vn -0.9762960071199334 0 -0.21643961393810288
vn 0 1 0
vn 0 -1 0
g _
f 36/100/25 39/99/25 37/98/25 34/97/25
f 35/104/26 36/103/26 34/102/26 33/101/26
f 40/108/27 35/107/27 33/106/27 38/105/27
f 39/112/28 40/111/28 38/110/28 37/109/28
f 38/116/29 33/115/29 34/114/29 37/113/29
f 39/120/30 36/119/30 35/118/30 40/117/30
o cube
v -0.08624096151277293 -0.1855418636396924 -0.080724039150746
v -0.06594974770607578 -0.1855418636396924 -0.17225178981823974
v -0.08624096151277293 -0.2167918636396924 -0.080724039150746
v -0.06594974770607578 -0.2167918636396924 -0.17225178981823974
v -0.09645899792857371 -0.1855418636396924 -0.17901552775380544
v -0.11675021173527085 -0.1855418636396924 -0.0874877770863117
v -0.09645899792857371 -0.2167918636396924 -0.17901552775380544
v -0.11675021173527085 -0.2167918636396924 -0.0874877770863117
vt 0.124921875 0.28125
vt 0.140537109375 0.28125
vt 0.140537109375 0.3125
vt 0.124921875 0.3125
vt 0.0 1
vt 0.046845703125 1
vt 0.046845703125 0.96875
vt 0.0 0.96875
vt 0.124921875 0.3125
vt 0.140537109375 0.3125
vt 0.140537109375 0.28125
vt 0.124921875 0.28125
vt 0.124921875 0.3125
vt 0.21861328125 0.3125
vt 0.21861328125 0.28125
vt 0.124921875 0.28125
vt 0.0 0.65625
vt 0.03123046875 0.65625
vt 0.03123046875 0.5625
vt 0.0 0.5625
vt 0.0 0.15625
vt 0.03123046875 0.15625
vt 0.03123046875 0.03125
vt 0.0 0.03125
vn 0.21643961393810288 0 -0.9762960071199334
vn 0.9762960071199334 0 0.21643961393810288
vn -0.21643961393810288 0 0.9762960071199334
vn -0.9762960071199334 0 -0.21643961393810288
vn 0 1 0
vn 0 -1 0
g _
f 44/124/31 47/123/31 45/122/31 42/121/31
f 43/128/32 44/127/32 42/126/32 41/125/32
f 48/132/33 43/131/33 41/130/33 46/129/33
f 47/136/34 48/135/34 46/134/34 45/133/34
f 46/140/35 41/139/35 42/138/35 45/137/35
f 47/144/36 44/143/36 43/142/36 48/141/36
o cube
v 0.32541899649100725 -0.20045049019239283 0.0745562460071657
v 0.37276516203996723 -0.20045049019239283 -0.1390085055503197
v 0.3227599401271912 -0.23158157450775987 0.07396674740364095
v 0.3701061056761513 -0.23158157450775987 -0.13959800415384446
v 0.3423720087255604 -0.19772687323152852 -0.1457465054210123
v 0.2950258431766004 -0.19772687323152852 0.06781824613647311
v 0.3397129523617445 -0.22885795754689556 -0.14633600402453703
v 0.2923667868127844 -0.22885795754689556 0.06722874753294839
vt 0.124921875 0.3125
vt 0.140537109375 0.3125
vt 0.140537109375 0.28125
vt 0.124921875 0.28125
vt 0.0624609375 0.28125
vt 0.17176757812500001 0.28125
vt 0.17176757812500001 0.25
vt 0.0624609375 0.25
vt 0.124921875 0.3125
vt 0.140537109375 0.3125
vt 0.140537109375 0.28125
vt 0.124921875 0.28125
vt 0.0 1
vt 0.109306640625 1
vt 0.109306640625 0.96875
vt 0.0 0.96875
vt 0.4372265625 0.71875
vt 0.46845703125 0.71875
vt 0.46845703125 0.5
vt 0.4372265625 0.5
vt 0.44503417968750003 0.25
vt 0.46845703125 0.25
vt 0.46845703125 0.03125
vt 0.44503417968750003 0.03125
vn 0.21643961393810288 0 -0.9762960071199334
vn 0.9725809060610187 -0.08715574274765818 0.21561599586216235
vn -0.21643961393810288 0 0.9762960071199334
vn -0.9725809060610187 0.08715574274765818 -0.21561599586216235
vn 0.08508980364211079 0.9961946980917457 0.01886395531279175
vn -0.08508980364211079 -0.9961946980917457 -0.01886395531279175
g _
f 52/148/37 55/147/37 53/146/37 50/145/37
f 51/152/38 52/151/38 50/150/38 49/149/38
f 56/156/39 51/155/39 49/154/39 54/153/39
f 55/160/40 56/159/40 54/158/40 53/157/40
f 54/164/41 49/163/41 50/162/41 53/161/41
f 55/168/42 52/167/42 51/166/42 56/165/42
o cube
v 0.3625758877409798 -0.20317410715325715 0.05078499565536035
v 0.3896308394832426 -0.20317410715325715 -0.07125200523463132
v 0.3599168313771638 -0.2343051914686242 0.0501954970518356
v 0.3869717831194267 -0.2343051914686242 -0.07184150383815607
v 0.3592376861688358 -0.20045049019239283 -0.07799000510532389
v 0.332182734426573 -0.20045049019239283 0.04404699578466778
v 0.35657862980501986 -0.23158157450775987 -0.07857950370884864
v 0.32952367806275695 -0.23158157450775987 0.04345749718114303
vt 0.124921875 0.3125
vt 0.140537109375 0.3125
vt 0.140537109375 0.28125
vt 0.124921875 0.28125
vt 0.0624609375 0.28125
vt 0.124921875 0.28125
vt 0.124921875 0.25
vt 0.0624609375 0.25
vt 0.124921875 0.3125
vt 0.140537109375 0.3125
vt 0.140537109375 0.28125
vt 0.124921875 0.28125
vt 0.0 1
vt 0.0624609375 1
vt 0.0624609375 0.96875
vt 0.0 0.96875
vt 0.46845703125 0.65625
vt 0.4996875 0.65625
vt 0.4996875 0.53125
vt 0.46845703125 0.53125
vt 0.46845703125 0.15625
vt 0.4996875 0.15625
vt 0.4996875 0.0625
vt 0.46845703125 0.0625
vn 0.21643961393810288 0 -0.9762960071199334
vn 0.9725809060610187 -0.08715574274765818 0.21561599586216235
vn -0.21643961393810288 0 0.9762960071199334
vn -0.9725809060610187 0.08715574274765818 -0.21561599586216235
vn 0.08508980364211079 0.9961946980917457 0.01886395531279175
vn -0.08508980364211079 -0.9961946980917457 -0.01886395531279175
g _
f 60/172/43 63/171/43 61/170/43 58/169/43
f 59/176/44 60/175/44 58/174/44 57/173/44
f 64/180/45 59/179/45 57/178/45 62/177/45
f 63/184/46 64/183/46 62/182/46 61/181/46
f 62/188/47 57/187/47 58/186/47 61/185/47
f 63/192/48 60/191/48 59/190/48 64/189/48
o cube
v 0.03590092439056236 -0.20453463307201303 0.010371634683823214
v 0.08324708993952237 -0.20453463307201303 -0.2031931168736622
v 0.030603048687441202 -0.23530987535364456 0.009197123917095542
v 0.0779492142364012 -0.23530987535364456 -0.20436762764038988
v -0.021913021612446446 -0.1855418636396925 -0.22650655232766984
v -0.06925918716140644 -0.1855418636396925 -0.012941800770184437
v -0.027210897315567605 -0.21631710592132408 -0.2276810630943975
v -0.07455706286452761 -0.21631710592132408 -0.014116311536912111
vt 0.0624609375 0.28125
vt 0.4372265625 0.28125
vt 0.4372265625 0.25
vt 0.0624609375 0.25
vt 0.0624609375 0.28125
vt 0.202998046875 0.28125
vt 0.202998046875 0.25
vt 0.0624609375 0.25
vt 0.0624609375 0.03125
vt 0.4372265625 0.03125
vt 0.4372265625 0
vt 0.0624609375 0
vt 0.0624609375 0.28125
vt 0.3513427734375 0.28125
vt 0.3513427734375 0.265625
vt 0.0624609375 0.265625
vt 0.0624609375 0.71875
vt 0.15615234375 0.71875
vt 0.15615234375 0.5
vt 0.0624609375 0.5
vt 0.3201123046875 0.21875
vt 0.4372265625 0.21875
vt 0.4372265625 0
vt 0.3201123046875 0
vn 0.21643961393810293 0 -0.9762960071199335
vn 0.9614638770465722 -0.17364817766693033 0.2131514098652129
vn -0.21643961393810293 0 0.9762960071199335
vn -0.9614638770465722 0.17364817766693033 -0.2131514098652129
vn 0.16953202249987687 0.984807753012208 0.0375843445352855
vn -0.16953202249987687 -0.984807753012208 -0.0375843445352855
g _
f 68/196/49 71/195/49 69/194/49 66/193/49
f 67/200/50 68/199/50 66/198/50 65/197/50
f 72/204/51 67/203/51 65/202/51 70/201/51
f 71/208/52 72/207/52 70/206/52 69/205/52
f 70/212/53 65/211/53 66/210/53 69/209/53
f 71/216/54 68/215/54 67/214/54 72/213/54
o cube
v 0.23423953654778681 -0.19227963930979983 0.054342246395087994
v 0.2815857020967468 -0.19227963930979983 -0.15922250516239744
v 0.23557033135146793 -0.22349989623423286 0.05463727650013705
v 0.28291649690042797 -0.22349989623423286 -0.1589274750573484
v 0.06822421686066968 -0.20182138029596708 -0.20652360765280614
v 0.020878051311709674 -0.20182138029596708 0.007041143904679268
v 0.06955501166435078 -0.2330416372204001 -0.20622857754775709
v 0.022208846115390774 -0.2330416372204001 0.007336174009728327
vt 0.0624609375 0.28125
vt 0.4372265625 0.28125
vt 0.4372265625 0.25
vt 0.0624609375 0.25
vt 0.0624609375 0.28125
vt 0.202998046875 0.28125
vt 0.202998046875 0.25
vt 0.0624609375 0.25
vt 0.0624609375 0.03125
vt 0.4372265625 0.03125
vt 0.4372265625 0
vt 0.0624609375 0
vt 0.0624609375 0.28125
vt 0.3513427734375 0.28125
vt 0.3513427734375 0.265625
vt 0.0624609375 0.265625
vt 0.15615234375 0.71875
vt 0.374765625 0.71875
vt 0.374765625 0.5
vt 0.15615234375 0.5
vt 0.124921875 0.21875
vt 0.34353515625000003 0.21875
vt 0.34353515625000003 0
vt 0.124921875 0
vn 0.21643961393810288 0 -0.9762960071199334
vn 0.9753667896506382 0.04361938736533599 0.21623361138472555
vn -0.21643961393810288 0 0.9762960071199334
vn -0.9753667896506382 -0.04361938736533599 -0.21623361138472555
vn -0.042585433717795204 0.9990482215818578 -0.009440963361569887
vn 0.042585433717795204 -0.9990482215818578 0.009440963361569887
g _
f 76/220/55 79/219/55 77/218/55 74/217/55
f 75/224/56 76/223/56 74/222/56 73/221/56
f 80/228/57 75/227/57 73/226/57 78/225/57
f 79/232/58 80/231/58 78/230/58 77/229/58
f 78/236/59 73/235/59 74/234/59 77/233/59
f 79/240/60 76/239/60 75/238/60 80/237/60
o cube
v 0.23449069954140248 -0.2208788456992659 0.05320932334398072
v 0.294843558520464 -0.18416835413737642 -0.21902483087318914
v 0.2367034990302098 -0.25183200899776514 0.04952588741556123
v 0.2970563580092713 -0.21512151743587568 -0.22270826680160866
v 0.08175163737780322 -0.19362846420667185 -0.26754185841205297
v 0.021398778398741665 -0.23033895576856134 0.0046922958051169306
v 0.08396443686661052 -0.2245816275051711 -0.27122529434047243
v 0.023611577887548973 -0.2612921190670606 0.0010088598766974342
vt 0.0624609375 0.28125
vt 0.4372265625 0.28125
vt 0.4372265625 0.25
vt 0.0624609375 0.25
vt 0.0624609375 0.28125
vt 0.202998046875 0.28125
vt 0.202998046875 0.25
vt 0.0624609375 0.25
vt 0.0624609375 0.03125
vt 0.4372265625 0.03125
vt 0.4372265625 0
vt 0.0624609375 0
vt 0.0624609375 0.28125
vt 0.3513427734375 0.28125
vt 0.3513427734375 0.265625
vt 0.0624609375 0.265625
vt 0.15615234375 0.515625
vt 0.374765625 0.515625
vt 0.374765625 0.78125
vt 0.15615234375 0.78125
vt 0.124921875 0
vt 0.34353515625000003 0
vt 0.34353515625000003 0.28125
vt 0.124921875 0.28125
vn 0.21458794303666343 0.1305261922200516 -0.9679436594388271
vn 0.9741344966521636 0.04324621745963612 0.22179212589194885
vn -0.21458794303666343 -0.1305261922200516 0.9679436594388271
vn -0.9741344966521636 -0.04324621745963612 -0.22179212589194885
vn -0.07080958364183387 0.9905012255519767 0.11786994970942397
vn 0.07080958364183387 -0.9905012255519767 -0.11786994970942397
g _
f 84/244/61 87/243/61 85/242/61 82/241/61
f 83/248/62 84/247/62 82/246/62 81/245/62
f 88/252/63 83/251/63 81/250/63 86/249/63
f 87/256/64 88/255/64 86/254/64 85/253/64
f 86/260/65 81/259/65 82/258/65 85/257/65
f 87/264/66 84/263/66 83/262/66 88/261/66
o cube
v 0.03671526151270013 -0.2329632959002534 0.006698397302148808
v 0.0970681204917617 -0.1962528043383639 -0.26553575691502107
v 0.032286818368830295 -0.263475251717911 0.0016021296970456025
v 0.09263967734789186 -0.22676476015602148 -0.2706320245201243
v -0.00862855652356562 -0.17742252068143216 -0.2864289019706864
v -0.06898141550262718 -0.21413301224332165 -0.01419474775351649
v -0.013056999667435457 -0.20793447649908975 -0.29152516957578956
v -0.07340985864649702 -0.24464496806097924 -0.019291015358619695
vt 0.0624609375 0.28125
vt 0.4372265625 0.28125
vt 0.4372265625 0.25
vt 0.0624609375 0.25
vt 0.0624609375 0.28125
vt 0.202998046875 0.28125
vt 0.202998046875 0.25
vt 0.0624609375 0.25
vt 0.0624609375 0.03125
vt 0.4372265625 0.03125
vt 0.4372265625 0
vt 0.0624609375 0
vt 0.0624609375 0.28125
vt 0.3513427734375 0.28125
vt 0.3513427734375 0.265625
vt 0.0624609375 0.265625
vt 0.0624609375 0.5
vt 0.15615234375 0.5
vt 0.15615234375 0.78125
vt 0.0624609375 0.78125
vt 0.3201123046875 0
vt 0.4372265625 0
vt 0.4372265625 0.28125
vt 0.3201123046875 0.28125
vn 0.21458794303666345 0.13052619222005168 -0.967943659438827
vn 0.9663696184258498 -0.17216259343480447 0.19102304050893992
vn -0.21458794303666345 -0.13052619222005168 0.967943659438827
vn -0.9663696184258498 0.17216259343480447 -0.19102304050893992
vn 0.14171018060383495 0.9763825861650424 0.16308056336330246
vn -0.14171018060383495 -0.9763825861650424 -0.16308056336330246
g _
f 92/268/67 95/267/67 93/266/67 90/265/67
f 91/272/68 92/271/68 90/270/68 89/269/68
f 96/276/69 91/275/69 89/274/69 94/273/69
f 95/280/70 96/279/70 94/278/70 93/277/70
f 94/284/71 89/283/71 90/282/71 93/281/71
f 95/288/72 92/287/72 91/286/72 96/285/72
o cube
v 0.29543089618629037 -0.22627947777966492 0.06599117008123107
v 0.35578375516535193 -0.1895689862177754 -0.2062429841359388
v 0.29365132528877513 -0.25714423135313047 0.06143456890601656
v 0.3540041842678367 -0.22043373979124092 -0.21079958531115334
v 0.29484355852046407 -0.18416835413737645 -0.21902483087318916
v 0.2344906995414025 -0.22087884569926597 0.05320932334398071
v 0.29306398762294883 -0.21503310771084194 -0.2235814320484037
v 0.23271112864388727 -0.2517435992727315 0.048652722168766205
vt 0.0624609375 0.28125
vt 0.4372265625 0.28125
vt 0.4372265625 0.25
vt 0.0624609375 0.25
vt 0.0624609375 0.28125
vt 0.202998046875 0.28125
vt 0.202998046875 0.25
vt 0.0624609375 0.25
vt 0.0624609375 0.03125
vt 0.4372265625 0.03125
vt 0.4372265625 0
vt 0.0624609375 0
vt 0.0624609375 0.28125
vt 0.3513427734375 0.28125
vt 0.3513427734375 0.265625
vt 0.0624609375 0.265625
vt 0.374765625 0.5
vt 0.4372265625 0.5
vt 0.4372265625 0.78125
vt 0.374765625 0.78125
vt 0.0624609375 0
vt 0.124921875 0
vt 0.124921875 0.28125
vt 0.0624609375 0.28125
vn 0.21458794303666348 0.13052619222005166 -0.9679436594388271
vn 0.9750431463182065 -0.08641011328638343 0.20450954779600575
vn -0.21458794303666348 -0.13052619222005166 0.9679436594388271
vn -0.9750431463182065 0.08641011328638343 -0.20450954779600575
vn 0.0569462687204883 0.9876721143508956 0.1458112376068643
vn -0.0569462687204883 -0.9876721143508956 -0.1458112376068643
g _
f 100/292/73 103/291/73 101/290/73 98/289/73
f 99/296/74 100/295/74 98/294/74 97/293/74
f 104/300/75 99/299/75 97/298/75 102/297/75
f 103/304/76 104/303/76 102/302/76 101/301/76
f 102/308/77 97/307/77 98/306/77 101/305/77
f 103/312/78 100/311/78 99/310/78 104/309/78
o cube
v 0.04963095478590045 -0.014321380295967162 0
v 0.04963095478590045 -0.014321380295967162 -0.21875
v 0.048267848930733694 -0.04554163722040022 0
v 0.048267848930733694 -0.04554163722040022 -0.21875
v -0.16891084368513096 -0.00477963930979991 -0.21875
v -0.16891084368513096 -0.00477963930979991 0
v -0.1702739495402977 -0.03599989623423297 -0.21875
v -0.1702739495402977 -0.03599989623423297 0
vt 0.4372265625 0.28125
vt 0.0624609375 0.28125
vt 0.0624609375 0.25
vt 0.4372265625 0.25
vt 0.3513427734375 0.28125
vt 0.0624609375 0.28125
vt 0.0624609375 0.265625
vt 0.3513427734375 0.265625
vt 0.4372265625 0.03125
vt 0.0624609375 0.03125
vt 0.0624609375 0
vt 0.4372265625 0
vt 0.202998046875 0.28125
vt 0.0624609375 0.28125
vt 0.0624609375 0.25
vt 0.202998046875 0.25
vt 0.374765625 0.71875
vt 0.15615234375 0.71875
vt 0.15615234375 0.5
vt 0.374765625 0.5
vt 0.34353515625000003 0.21875
vt 0.124921875 0.21875
vt 0.124921875 0
vt 0.34353515625000003 0
vn 0 0 -1
vn 0.9990482215818578 -0.043619387365336 0
vn 0 0 1
vn -0.9990482215818578 0.043619387365336 0
vn 0.043619387365336 0.9990482215818578 0
vn -0.043619387365336 -0.9990482215818578 0
g _
f 108/316/79 111/315/79 109/314/79 106/313/79
f 107/320/80 108/319/80 106/318/80 105/317/80
f 112/324/81 107/323/81 105/322/81 110/321/81
f 111/328/82 112/327/82 110/326/82 109/325/82
f 110/332/83 105/331/83 106/330/83 109/329/83
f 111/336/84 108/335/84 107/334/84 112/333/84
o cube
v 0.20445668163079495 0.0019581363603076163 -0.0625
v 0.20445668163079495 0.0019581363603076163 -0.15625
v 0.20445668163079495 -0.02929186363969241 -0.0625
v 0.20445668163079495 -0.02929186363969241 -0.15625
v 0.17320668163079495 0.0019581363603076163 -0.15625
v 0.17320668163079495 0.0019581363603076163 -0.0625
v 0.17320668163079495 -0.02929186363969241 -0.15625
v 0.17320668163079495 -0.02929186363969241 -0.0625
vt 0.140537109375 0.28125
vt 0.124921875 0.28125
vt 0.124921875 0.3125
vt 0.140537109375 0.3125
vt 0.21861328125 0.3125
vt 0.124921875 0.3125
vt 0.124921875 0.28125
vt 0.21861328125 0.28125
vt 0.140537109375 0.3125
vt 0.124921875 0.3125
vt 0.124921875 0.28125
vt 0.140537109375 0.28125
vt 0.046845703125 1
vt 0.0 1
vt 0.0 0.96875
vt 0.046845703125 0.96875
vt 0.03123046875 0.65625
vt 0.0 0.65625
vt 0.0 0.5625
vt 0.03123046875 0.5625
vt 0.03123046875 0.15625
vt 0.0 0.15625
vt 0.0 0.03125
vt 0.03123046875 0.03125
vn 0 0 -1
vn 1 0 0
vn 0 0 1
vn -1 0 0
vn 0 1 0
vn 0 -1 0
g _
f 116/340/85 119/339/85 117/338/85 114/337/85
f 115/344/86 116/343/86 114/342/86 113/341/86
f 120/348/87 115/347/87 113/346/87 118/345/87
f 119/352/88 120/351/88 118/350/88 117/349/88
f 118/356/89 113/355/89 114/354/89 117/353/89
f 119/360/90 116/359/90 115/358/90 120/357/90
o cube
v -0.16891084368513093 -0.004779639309799855 0
v -0.16891084368513093 -0.004779639309799855 -0.21875
v -0.1661872267242666 -0.035910723625166896 0
v -0.1661872267242666 -0.035910723625166896 -0.21875
v -0.231173012315865 -0.010226873231528488 -0.21875
v -0.231173012315865 -0.010226873231528488 0
v -0.2284493953550007 -0.04135795754689554 -0.21875
v -0.2284493953550007 -0.04135795754689554 0
vt 0.4372265625 0.28125
vt 0.0624609375 0.28125
vt 0.0624609375 0.25
vt 0.4372265625 0.25
vt 0.3513427734375 0.28125
vt 0.0624609375 0.28125
vt 0.0624609375 0.265625
vt 0.3513427734375 0.265625
vt 0.4372265625 0.03125
vt 0.0624609375 0.03125
vt 0.0624609375 0
vt 0.4372265625 0
vt 0.202998046875 0.28125
vt 0.0624609375 0.28125
vt 0.0624609375 0.25
vt 0.202998046875 0.25
vt 0.4372265625 0.71875
vt 0.374765625 0.71875
vt 0.374765625 0.5
vt 0.4372265625 0.5
vt 0.124921875 0.21875
vt 0.0624609375 0.21875
vt 0.0624609375 0
vt 0.124921875 0
vn 0 0 -1
vn 0.9961946980917455 0.08715574274765818 0
vn 0 0 1
vn -0.9961946980917455 -0.08715574274765818 0
vn -0.08715574274765818 0.9961946980917455 0
vn 0.08715574274765818 -0.9961946980917455 0
g _
f 124/364/91 127/363/91 125/362/91 122/361/91
f 123/368/92 124/367/92 122/366/92 121/365/92
f 128/372/93 123/371/93 121/370/93 126/369/93
f 127/376/94 128/375/94 126/374/94 125/373/94
f 126/380/95 121/379/95 122/378/95 125/377/95
f 127/384/96 124/383/96 123/382/96 128/381/96
o cube
v -0.16891084368513093 -0.033378845699265816 -0.001160429872543861
v -0.16891084368513093 0.0033316458626237166 -0.280004297133928
v -0.1661872267242666 -0.06424359927273132 -0.005223851767910098
v -0.1661872267242666 -0.027533107710841803 -0.28406771902929423
v -0.231173012315865 -0.002068986217775265 -0.28071530383586313
v -0.231173012315865 -0.038779477779664784 -0.0018714365744789963
v -0.2284493953550007 -0.03293373979124077 -0.28477872573122937
v -0.2284493953550007 -0.06964423135313029 -0.005934858469845233
vt 0.4372265625 0.28125
vt 0.0624609375 0.28125
vt 0.0624609375 0.25
vt 0.4372265625 0.25
vt 0.3513427734375 0.28125
vt 0.0624609375 0.28125
vt 0.0624609375 0.265625
vt 0.3513427734375 0.265625
vt 0.4372265625 0.03125
vt 0.0624609375 0.03125
vt 0.0624609375 0
vt 0.4372265625 0
vt 0.202998046875 0.28125
vt 0.0624609375 0.28125
vt 0.0624609375 0.25
vt 0.202998046875 0.25
vt 0.4372265625 0.5
vt 0.374765625 0.5
vt 0.374765625 0.78125
vt 0.4372265625 0.78125
vt 0.124921875 0
vt 0.0624609375 0
vt 0.0624609375 0.28125
vt 0.124921875 0.28125
vn 0 0.13052619222005166 -0.9914448613738104
vn 0.9961946980917457 0.08641011328638344 0.0113761072309622
vn 0 -0.13052619222005166 0.9914448613738104
vn -0.9961946980917457 -0.08641011328638344 -0.0113761072309622
vn -0.08715574274765818 0.9876721143508957 0.13002950065171953
vn 0.08715574274765818 -0.9876721143508957 -0.13002950065171953
g _
f 132/388/97 135/387/97 133/386/97 130/385/97
f 131/392/98 132/391/98 130/390/98 129/389/98
f 136/396/99 131/395/99 129/394/99 134/393/99
f 135/400/100 136/399/100 134/398/100 133/397/100
f 134/404/101 129/403/101 130/402/101 133/401/101
f 135/408/102 132/407/102 131/406/102 136/405/102
o cube
v 0.04963095478590045 -0.04283895576856127 -0.0024058769906182536
v 0.04963095478590045 -0.006128464206671749 -0.28124974425200233
v 0.048267848930733694 -0.07379211906706054 -0.006480938247096201
v 0.048267848930733694 -0.03708162750517102 -0.2853248055084804
v -0.16891084368513096 0.0033316458626236473 -0.28000429713392794
v -0.16891084368513096 -0.03337884569926587 -0.0011604298725438437
v -0.1702739495402977 -0.027621517435875625 -0.2840793583904059
v -0.1702739495402977 -0.06433200899776514 -0.00523549112902179
vt 0.4372265625 0.28125
vt 0.0624609375 0.28125
vt 0.0624609375 0.25
vt 0.4372265625 0.25
vt 0.3513427734375 0.28125
vt 0.0624609375 0.28125
vt 0.0624609375 0.265625
vt 0.3513427734375 0.265625
vt 0.4372265625 0.03125
vt 0.0624609375 0.03125
vt 0.0624609375 0
vt 0.4372265625 0
vt 0.202998046875 0.28125
vt 0.0624609375 0.28125
vt 0.0624609375 0.25
vt 0.202998046875 0.25
vt 0.374765625 0.5
vt 0.15615234375 0.5
vt 0.15615234375 0.78125
vt 0.374765625 0.78125
vt 0.34353515625000003 0
vt 0.124921875 0
vt 0.124921875 0.28125
vt 0.34353515625000003 0.28125
vn 0 0.1305261922200516 -0.9914448613738105
vn 0.9990482215818578 -0.04324621745963612 -0.0056934725397687356
vn 0 -0.1305261922200516 0.9914448613738105
vn -0.9990482215818578 0.04324621745963612 0.0056934725397687356
vn 0.043619387365336035 0.9905012255519768 0.1304019602072943
vn -0.043619387365336035 -0.9905012255519768 -0.1304019602072943
g _
f 140/412/103 143/411/103 141/410/103 138/409/103
f 139/416/104 140/415/104 138/414/104 137/413/104
f 144/420/105 139/419/105 137/418/105 142/417/105
f 143/424/106 144/423/106 142/422/106 141/421/106
f 142/428/107 137/427/107 138/426/107 141/425/107
f 143/432/108 140/431/108 139/430/108 144/429/108
o cube
v 0.14195668163079492 0.001958136360307547 0
v 0.14195668163079492 0.001958136360307547 -0.21875
v 0.1473831871828865 -0.028817105921323957 0
v 0.1473831871828865 -0.028817105921323957 -0.21875
v 0.0342433336450847 -0.01703463307201296 -0.21875
v 0.0342433336450847 -0.01703463307201296 0
v 0.039669839197176274 -0.04780987535364446 -0.21875
v 0.039669839197176274 -0.04780987535364446 0
vt 0.4372265625 0.28125
vt 0.0624609375 0.28125
vt 0.0624609375 0.25
vt 0.4372265625 0.25
vt 0.3513427734375 0.28125
vt 0.0624609375 0.28125
vt 0.0624609375 0.265625
vt 0.3513427734375 0.265625
vt 0.4372265625 0.03125
vt 0.0624609375 0.03125
vt 0.0624609375 0
vt 0.4372265625 0
vt 0.202998046875 0.28125
vt 0.0624609375 0.28125
vt 0.0624609375 0.25
vt 0.202998046875 0.25
vt 0.15615234375 0.71875
vt 0.0624609375 0.71875
vt 0.0624609375 0.5
vt 0.15615234375 0.5
vt 0.4372265625 0.21875
vt 0.3201123046875 0.21875
vt 0.3201123046875 0
vt 0.4372265625 0
vn 0 0 -1
vn 0.984807753012208 0.17364817766693033 0
vn 0 0 1
vn -0.984807753012208 -0.17364817766693033 0
vn -0.17364817766693033 0.984807753012208 0
vn 0.17364817766693033 -0.984807753012208 0
g _
f 148/436/109 151/435/109 149/434/109 146/433/109
f 147/440/110 148/439/110 146/438/110 145/437/110
f 152/444/111 147/443/111 145/442/111 150/441/111
f 151/448/112 152/447/112 150/446/112 149/445/112
f 150/452/113 145/451/113 146/450/113 149/449/113
f 151/456/114 148/455/114 147/454/114 152/453/114
o cube
v 0.14195668163079495 -0.02663301224332161 -0.0012833679275491682
v 0.14195668163079495 0.010077479318567908 -0.28012723518893334
v 0.1473831871828865 -0.05714496806097917 -0.0053003431172200625
v 0.1473831871828865 -0.020434476499089665 -0.28414421037860416
v 0.0342433336450847 -0.008752804338363812 -0.2826062890626475
v 0.0342433336450847 -0.045463295900253324 -0.0037624218012633527
v 0.03966983919717627 -0.039264760156021386 -0.28662326425231843
v 0.03966983919717627 -0.0759752517179109 -0.007779396990934247
vt 0.4372265625 0.28125
vt 0.0624609375 0.28125
vt 0.0624609375 0.25
vt 0.4372265625 0.25
vt 0.3513427734375 0.28125
vt 0.0624609375 0.28125
vt 0.0624609375 0.265625
vt 0.3513427734375 0.265625
vt 0.4372265625 0.03125
vt 0.0624609375 0.03125
vt 0.0624609375 0
vt 0.4372265625 0
vt 0.202998046875 0.28125
vt 0.0624609375 0.28125
vt 0.0624609375 0.25
vt 0.202998046875 0.25
vt 0.15615234375 0.5
vt 0.0624609375 0.5
vt 0.0624609375 0.78125
vt 0.15615234375 0.78125
vt 0.4372265625 0
vt 0.3201123046875 0
vt 0.3201123046875 0.28125
vt 0.4372265625 0.28125
vn 0 0.13052619222005166 -0.9914448613738104
vn 0.9848077530122081 0.17216259343480442 0.02266563541681541
vn 0 -0.13052619222005166 0.9914448613738104
vn -0.9848077530122081 -0.17216259343480442 -0.02266563541681541
vn -0.17364817766693022 0.9763825861650424 0.12854320606946862
vn 0.17364817766693022 -0.9763825861650424 -0.12854320606946862
g _
f 156/460/115 159/459/115 157/458/115 154/457/115
f 155/464/116 156/463/116 154/462/116 153/461/116
f 160/468/117 155/467/117 153/466/117 158/465/117
f 159/472/118 160/471/118 158/470/118 157/469/118
f 158/476/119 153/475/119 154/474/119 157/473/119
f 159/480/120 156/479/120 155/478/120 160/477/120
o cube
v -0.07525007291183178 -0.000722687024217239 -0.2805380601845313
v -0.07525007291183178 0.0033562564826593727 -0.3115207121024629
v -0.07661317876699852 -0.03167585032271651 -0.28461312144100925
v -0.07661317876699852 -0.0275969068158399 -0.31559577335894085
v -0.16891084368513096 0.007410589369500259 -0.31098694905185953
v -0.16891084368513096 0.0033316458626236473 -0.28000429713392794
v -0.1702739495402977 -0.023542573928999014 -0.31506201030833747
v -0.1702739495402977 -0.027621517435875625 -0.2840793583904059
vt 0.21861328125 0.3125
vt 0.124921875 0.3125
vt 0.124921875 0.28125
vt 0.21861328125 0.28125
vt 0.140537109375 0.3125
vt 0.124921875 0.3125
vt 0.124921875 0.28125
vt 0.140537109375 0.28125
vt 0.046845703125 1
vt 0.0 1
vt 0.0 0.96875
vt 0.046845703125 0.96875
vt 0.140537109375 0.3125
vt 0.124921875 0.3125
vt 0.124921875 0.28125
vt 0.140537109375 0.28125
vt 0.3669580078125 0.8125
vt 0.28107421875 0.8125
vt 0.28107421875 0.78125
vt 0.3669580078125 0.78125
vt 0.3357275390625 0.3125
vt 0.24984375 0.3125
vt 0.24984375 0.28125
vt 0.3357275390625 0.28125
vn 0 0.1305261922200516 -0.9914448613738105
vn 0.9990482215818578 -0.04324621745963612 -0.0056934725397687356
vn 0 -0.1305261922200516 0.9914448613738105
vn -0.9990482215818578 0.04324621745963612 0.0056934725397687356
vn 0.043619387365336035 0.9905012255519768 0.1304019602072943
vn -0.043619387365336035 -0.9905012255519768 -0.1304019602072943
g _
f 164/484/121 167/483/121 165/482/121 162/481/121
f 163/488/122 164/487/122 162/486/122 161/485/122
f 168/492/123 163/491/123 161/490/123 166/489/123
f 167/496/124 168/495/124 166/494/124 165/493/124
f 166/500/125 161/499/125 162/498/125 165/497/125
f 167/504/126 164/503/126 163/502/126 168/501/126
o cube
v 0.04963095478590045 -0.006128464206671749 -0.28124974425200233
v 0.04963095478590045 -0.0020495206997951376 -0.3122323961699339
v 0.048267848930733694 -0.03708162750517102 -0.2853248055084804
v 0.0482678489307337 -0.033002683998294424 -0.316307457426412
v -0.04402981598739872 0.0020048121870457486 -0.31169863311933066
v -0.04402981598739872 -0.002074131319830863 -0.28071598120139907
v -0.04539292184256548 -0.028948351111453524 -0.3157736943758086
v -0.04539292184256548 -0.03302729461833015 -0.284791042457877
vt 0.3357275390625 0.3125
vt 0.24984375 0.3125
vt 0.24984375 0.28125
vt 0.3357275390625 0.28125
vt 0.140537109375 0.3125
vt 0.124921875 0.3125
vt 0.124921875 0.28125
vt 0.140537109375 0.28125
vt 0.046845703125 1
vt 0.0 1
vt 0.0 0.96875
vt 0.046845703125 0.96875
vt 0.078076171875 0.28125
vt 0.0624609375 0.28125
vt 0.0624609375 0.25
vt 0.078076171875 0.25
vt 0.24984375 0.8125
vt 0.15615234375 0.8125
vt 0.15615234375 0.78125
vt 0.24984375 0.78125
vt 0.21861328125 0.3125
vt 0.124921875 0.3125
vt 0.124921875 0.28125
vt 0.21861328125 0.28125
vn 0 0.1305261922200516 -0.9914448613738105
vn 0.9990482215818578 -0.04324621745963612 -0.0056934725397687356
vn 0 -0.1305261922200516 0.9914448613738105
vn -0.9990482215818578 0.04324621745963612 0.0056934725397687356
vn 0.043619387365336035 0.9905012255519768 0.1304019602072943
vn -0.043619387365336035 -0.9905012255519768 -0.1304019602072943
g _
f 172/508/127 175/507/127 173/506/127 170/505/127
f 171/512/128 172/511/128 170/510/128 169/509/128
f 176/516/129 171/515/129 169/514/129 174/513/129
f 175/520/130 176/519/130 174/518/130 173/517/130
f 174/524/131 169/523/131 170/522/131 173/521/131
f 175/528/132 172/527/132 171/526/132 176/525/132
o cube
v 0.11118143934916344 0.00469739827373028 -0.2808355362957088
v 0.11118143934916344 0.008776341780606892 -0.3118181882136404
v 0.116607944901255 -0.025814557543927308 -0.2848525114853797
v 0.116607944901255 -0.021735614037050682 -0.3158351634033113
v 0.08040619706753192 0.0033962607357692493 -0.3125264893204158
v 0.08040619706753192 -0.0006826827711073624 -0.28154383740248423
v 0.0858327026196235 -0.027115695081888325 -0.31654346451008675
v 0.0858327026196235 -0.031194638588764936 -0.28556081259215516
vt 0.140537109375 0.3125
vt 0.124921875 0.3125
vt 0.124921875 0.28125
vt 0.140537109375 0.28125
vt 0.17176757812500001 0.3125
vt 0.15615234375 0.3125
vt 0.15615234375 0.28125
vt 0.17176757812500001 0.28125
vt 0.015615234375 1
vt 0.0 1
vt 0.0 0.96875
vt 0.015615234375 0.96875
vt 0.1639599609375 0.3125
vt 0.1483447265625 0.3125
vt 0.1483447265625 0.28125
vt 0.1639599609375 0.28125
vt 0.124921875 0.8125
vt 0.09369140625 0.8125
vt 0.09369140625 0.78125
vt 0.124921875 0.78125
vt 0.374765625 0.28125
vt 0.40599609375 0.28125
vt 0.40599609375 0.3125
vt 0.374765625 0.3125
vn 0 0.13052619222005166 -0.9914448613738104
vn 0.9848077530122081 0.17216259343480442 0.02266563541681541
vn 0 -0.13052619222005166 0.9914448613738104
vn -0.9848077530122081 -0.17216259343480442 -0.02266563541681541
vn -0.17364817766693022 0.9763825861650424 0.12854320606946862
vn 0.17364817766693022 -0.9763825861650424 -0.12854320606946862
g _
f 180/532/133 183/531/133 181/530/133 178/529/133
f 179/536/134 180/535/134 178/534/134 177/533/134
f 184/540/135 179/539/135 177/538/135 182/537/135
f 183/544/136 184/543/136 182/542/136 181/541/136
f 182/548/137 177/547/137 178/546/137 181/545/137
f 183/552/138 180/551/138 179/550/138 184/549/138
o cube
v 0.17320668163079495 0.0019581363603076163 -0.03125
v 0.17320668163079495 0.0019581363603076163 -0.25
v 0.17320668163079495 -0.02929186363969241 -0.03125
v 0.17320668163079495 -0.02929186363969241 -0.25
v 0.14195668163079495 0.0019581363603076163 -0.25
v 0.14195668163079495 0.0019581363603076163 -0.03125
v 0.14195668163079495 -0.02929186363969241 -0.25
v 0.14195668163079495 -0.02929186363969241 -0.03125
vt 0.140537109375 0.3125
vt 0.124921875 0.3125
vt 0.124921875 0.28125
vt 0.140537109375 0.28125
vt 0.24984375 0.28125
vt 0.0624609375 0.28125
vt 0.0624609375 0.25
vt 0.24984375 0.25
vt 0.140537109375 0.3125
vt 0.124921875 0.3125
vt 0.124921875 0.28125
vt 0.140537109375 0.28125
vt 0.109306640625 1
vt 0.0 1
vt 0.0 0.96875
vt 0.109306640625 0.96875
vt 0.0624609375 0.75
vt 0.03123046875 0.75
vt 0.03123046875 0.53125
vt 0.0624609375 0.53125
vt 0.0624609375 0.21875
vt 0.03123046875 0.21875
vt 0.03123046875 0
vt 0.0624609375 0
vn 0 0 -1
vn 1 0 0
vn 0 0 1
vn -1 0 0
vn 0 1 0
vn 0 -1 0
g _
f 188/556/139 191/555/139 189/554/139 186/553/139
f 187/560/140 188/559/140 186/558/140 185/557/140
f 192/564/141 187/563/141 185/562/141 190/561/141
f 191/568/142 192/567/142 190/566/142 189/565/142
f 190/572/143 185/571/143 186/570/143 189/569/143
f 191/576/144 188/575/144 187/574/144 192/573/144
o cube
v -0.231173012315865 -0.010226873231528488 0
v -0.231173012315865 -0.010226873231528488 -0.21875
v -0.2284493953550007 -0.04135795754689554 0
v -0.2284493953550007 -0.04135795754689554 -0.21875
v -0.26230409663123205 -0.012950490192392805 -0.21875
v -0.26230409663123205 -0.012950490192392805 0
v -0.25958047967036774 -0.04408157450775985 -0.21875
v -0.25958047967036774 -0.04408157450775985 0
vt 0.140537109375 0.3125
vt 0.124921875 0.3125
vt 0.124921875 0.28125
vt 0.140537109375 0.28125
vt 0.109306640625 1
vt 0.0 1
vt 0.0 0.96875
vt 0.109306640625 0.96875
vt 0.140537109375 0.3125
vt 0.124921875 0.3125
vt 0.124921875 0.28125
vt 0.140537109375 0.28125
vt 0.17176757812500001 0.28125
vt 0.0624609375 0.28125
vt 0.0624609375 0.25
vt 0.17176757812500001 0.25
vt 0.46845703125 0.71875
vt 0.4372265625 0.71875
vt 0.4372265625 0.5
vt 0.46845703125 0.5
vt 0.46845703125 0.25
vt 0.44503417968750003 0.25
vt 0.44503417968750003 0.03125
vt 0.46845703125 0.03125
vn 0 0 -1
vn 0.9961946980917455 0.08715574274765818 0
vn 0 0 1
vn -0.9961946980917455 -0.08715574274765818 0
vn -0.08715574274765818 0.9961946980917455 0
vn 0.08715574274765818 -0.9961946980917455 0
g _
f 196/580/145 199/579/145 197/578/145 194/577/145
f 195/584/146 196/583/146 194/582/146 193/581/146
f 200/588/147 195/587/147 193/586/147 198/585/147
f 199/592/148 200/591/148 198/590/148 197/589/148
f 198/596/149 193/595/149 194/594/149 197/593/149
