# Made in Blockbench 4.1.3

o cube
v 0.0625 2 0.0625
v 0.0625 2 0
v 0.0625 1 0.0625
v 0.0625 1 0
v 0 2 0
v 0 2 0.0625
v 0 1 0
v 0 1 0.0625
vt 0.40625 1
vt 0.5625 1
vt 0.5625 0
vt 0.40625 0
vt 0.40625 1
vt 0.5625 1
vt 0.5625 0
vt 0.40625 0
vt 0.40625 1
vt 0.5625 1
vt 0.5625 0
vt 0.40625 0
vt 0.40625 1
vt 0.5625 1
vt 0.5625 0
vt 0.40625 0
vt 0.40625 1
vt 0.5625 1
vt 0.5625 0.84375
vt 0.40625 0.84375
vt 0.40625 1
vt 0.5625 1
vt 0.5625 0.84375
vt 0.40625 0.84375
vn 0 0 -1
vn 1 0 0
vn 0 0 1
vn -1 0 0
vn 0 1 0
vn 0 -1 0
g Stem_Bottom
f 4/4/1 7/3/1 5/2/1 2/1/1
f 3/8/2 4/7/2 2/6/2 1/5/2
f 8/12/3 3/11/3 1/10/3 6/9/3
f 7/16/4 8/15/4 6/14/4 5/13/4
f 6/20/5 1/19/5 2/18/5 5/17/5
f 7/24/6 4/23/6 3/22/6 8/21/6
o cube
v 0.24931137581889387 1.8867623718583462 0.33537658773652734
v 0.2625181964982907 1.9150844902032413 0.28124999999999994
v 0.04343741601039376 1.445264240296311 0.05412658773652741
v 0.05664423668979062 1.4735863586412064 0
v 0.2625181964982907 1.9150844902032413 0.28124999999999994
v 0.24931137581889387 1.8867623718583462 0.33537658773652734
v 0.05664423668979062 1.4735863586412064 0
v 0.04343741601039376 1.445264240296311 0.05412658773652741
vt 0.40625 1
vt 0.53125 1
vt 0.53125 0
vt 0.40625 0
vt 0 1
vt 0.03125 1
vt 0.03125 0.71875
vt 0 0.71875
vt 0 1
vt 0.03125 1
vt 0.03125 0.71875
vt 0 0.71875
vt 0.40625 1
vt 0.53125 1
vt 0.53125 0
vt 0.40625 0
vt 0 1
vt 0.03125 1
vt 0.03125 0.96875
vt 0 0.96875
vt 0.40625 1
vt 0.53125 1
vt 0.53125 0
vt 0.40625 0
vn 0.2113091308703497 0.4531538935183249 -0.8660254037844386
vn 0.90630778703665 -0.4226182617406995 0
vn -0.2113091308703497 -0.4531538935183249 0.8660254037844386
vn -0.90630778703665 0.4226182617406995 0
vn 0.3659981507706668 0.7848855672213958 0.5
vn -0.3659981507706668 -0.7848855672213958 -0.5
g Stem_Middle
f 12/28/7 15/27/7 13/26/7 10/25/7
f 11/32/8 12/31/8 10/30/8 9/29/8
f 16/36/9 11/35/9 9/34/9 14/33/9
f 15/40/10 16/39/10 14/38/10 13/37/10
f 14/44/11 9/43/11 10/42/11 13/41/11
f 15/48/12 12/47/12 11/46/12 16/45/12
o cube
v -0.24290594273266214 1.6720547418033356 0.4080229869975905
v -0.19478007781943843 1.7024405651565537 0.38219949254968205
v -0.1290730543955432 1.3086821201108556 0.19259629102617004
v -0.08094718948231948 1.3390679434640738 0.1667727965782616
v -0.19478007781943843 1.7024405651565537 0.38219949254968205
v -0.24290594273266214 1.6720547418033356 0.4080229869975905
v -0.08094718948231948 1.3390679434640738 0.1667727965782616
v -0.1290730543955432 1.3086821201108556 0.19259629102617004
vt 0.40625 1
vt 0.53125 1
vt 0.53125 0
vt 0.40625 0
vt 0 1
vt 0.03125 1
vt 0.03125 0.875
vt 0 0.875
vt 0 1
vt 0.03125 1
vt 0.03125 0.875
vt 0 0.875
vt 0.40625 1
vt 0.53125 1
vt 0.53125 0
vt 0.40625 0
vt 0 1
vt 0.03125 1
vt 0.03125 0.96875
vt 0 0.96875
vt 0.40625 1
vt 0.53125 1
vt 0.53125 0
vt 0.40625 0
vn 0.7700138386115796 0.48617317365149215 -0.41317591116653496
vn 0.5825634160695854 -0.27165378227418435 0.7660444431189782
vn -0.7700138386115796 -0.48617317365149215 0.41317591116653496
vn -0.5825634160695854 0.27165378227418435 -0.7660444431189782
vn -0.26018945905627183 0.8305659924399543 0.49240387650610407
vn 0.26018945905627183 -0.8305659924399543 -0.49240387650610407
g Stem_Middle
f 20/52/13 23/51/13 21/50/13 18/49/13
f 19/56/14 20/55/14 18/54/14 17/53/14
f 24/60/15 19/59/15 17/58/15 22/57/15
f 23/64/16 24/63/16 22/62/16 21/61/16
f 22/68/17 17/67/17 18/66/17 21/65/17
f 23/72/18 20/71/18 19/70/18 24/69/18
o cube
v -0.23577463781496588 2.1461507835941687 -0.05883863546907924
v -0.18025849063936045 2.168093870603557 -0.040326252173702774
v -0.02105150555209155 1.5037119484133679 0.058730788799119284
v 0.03446464162351388 1.525655035422756 0.07724317209449574
v -0.18025849063936045 2.168093870603557 -0.040326252173702774
v -0.23577463781496588 2.1461507835941687 -0.05883863546907924
v 0.03446464162351388 1.525655035422756 0.07724317209449574
v -0.02105150555209155 1.5037119484133679 0.058730788799119284
vt 0.40625 1
vt 0.5625 1
vt 0.5625 0
vt 0.40625 0
vt 0 1
vt 0.03125 1
vt 0.03125 0.65625
vt 0 0.65625
vt 0 1
vt 0.03125 1
vt 0.03125 0.65625
vt 0 0.65625
vt 0.40625 1
vt 0.5625 1
vt 0.5625 0
vt 0.40625 0
vt 0 1
vt 0.03125 1
vt 0.03125 0.96875
vt 0 0.96875
vt 0.40625 1
vt 0.5625 1
vt 0.5625 0
vt 0.40625 0
vn 0.8882583548096871 0.35108939215021195 0.2961981327260236
vn -0.3368240888334648 0.059391174613884726 0.9396926207859086
vn -0.8882583548096871 -0.35108939215021195 -0.2961981327260236
vn 0.3368240888334648 -0.059391174613884726 -0.9396926207859086
vn -0.31232455601872644 0.9344564875357108 -0.17101007166283425
vn 0.31232455601872644 -0.9344564875357108 0.17101007166283425
g Stem_Bottom
f 28/76/19 31/75/19 29/74/19 26/73/19
f 27/80/20 28/79/20 26/78/20 25/77/20
f 32/84/21 27/83/21 25/82/21 30/81/21
f 31/88/22 32/87/22 30/86/22 29/85/22
f 30/92/23 25/91/23 26/90/23 29/89/23
f 31/96/24 28/95/24 27/94/24 32/93/24
o cube
v -0.10237565376243975 1.8519585488008696 -0.4796325117915607
v -0.10237565376243975 1.8519585488008696 -0.4796325117915607
v 0.04891064671503952 1.5021225846846389 0.015697936998643695
v 0.04891064671503952 1.5021225846846389 0.015697936998643695
v -0.1468324744418366 1.8802806671457648 -0.4460512862698842
v -0.1468324744418366 1.8802806671457648 -0.4460512862698842
v 0.0044538260356426634 1.5304447030295343 0.04927916252032018
v 0.0044538260356426634 1.5304447030295343 0.04927916252032018
vt 0.40625 1
vt 0.5625 1
vt 0.5625 0
vt 0.40625 0
vt 0 1
vt 0.03125 1
vt 0.03125 0.8125
vt 0 0.8125
vt 0 1
vt 0.03125 1
vt 0.03125 0.8125
vt 0 0.8125
vt 0.40625 1
vt 0.5625 1
vt 0.5625 0
vt 0.40625 0
vt 0 1
vt 0.03125 1
vt 0.03125 0.96875
vt 0 0.96875
vt 0.40625 1
vt 0.5625 1
vt 0.5625 0
vt 0.40625 0
vn -0.6598842367243913 -0.6937906256277923 -0.2884568631765664
vn 0.7113091308703499 -0.4531538935183248 -0.5372996083468238
vn 0.6598842367243913 0.6937906256277923 0.2884568631765664
vn -0.7113091308703499 0.4531538935183248 0.5372996083468238
vn -0.24205808076396673 0.5597375425859689 -0.792528718064327
vn 0.24205808076396673 -0.5597375425859689 0.792528718064327
g Stem_Bottom
f 36/100/25 39/99/25 37/98/25 34/97/25
f 35/104/26 36/103/26 34/102/26 33/101/26
f 40/108/27 35/107/27 33/106/27 38/105/27
f 39/112/28 40/111/28 38/110/28 37/109/28
f 38/116/29 33/115/29 34/114/29 37/113/29
f 39/120/30 36/119/30 35/118/30 40/117/30
o cube
v 0.18628888461491527 1.88800201510151 -0.18464170127897966
v 0.23900084997822063 1.8622773038975045 -0.16305610559555667
v 0.018382757006532885 1.6861034743393093 -0.015228710190186207
v 0.07109472236983824 1.660378763135304 0.006356885493236847
v 0.23900084997822063 1.8622773038975045 -0.16305610559555667
v 0.18628888461491527 1.88800201510151 -0.18464170127897966
v 0.07109472236983824 1.660378763135304 0.006356885493236847
v 0.018382757006532885 1.6861034743393093 -0.015228710190186207
vt 0.40625 1
vt 0.5625 1
vt 0.5625 0
vt 0.40625 0
vt 0.40625 1
vt 0.59375 1
vt 0.59375 0
vt 0.40625 0
vt 0.1875 1
vt 0.375 1
vt 0.375 0
vt 0.1875 0
vt 0.1875 1
vt 0.375 1
vt 0.375 0
vt 0.1875 0
vt 0.625 1
vt 0.84375 1
vt 0.84375 0
vt 0.625 0
vt 0.40625 1
vt 0.59375 1
vt 0.59375 0
vt 0.40625 0
vn 0.8433914458128858 -0.41159537926408757 0.3453695309347685
vn 0 0.6427876096865393 0.766044443118978
vn -0.8433914458128858 0.41159537926408757 -0.3453695309347685
vn 0 -0.6427876096865393 -0.766044443118978
vn 0.5372996083468237 0.646075330439042 -0.5421215714841394
vn -0.5372996083468237 -0.646075330439042 0.5421215714841394
g Stem_Top
f 44/124/31 47/123/31 45/122/31 42/121/31
f 43/128/32 44/127/32 42/126/32 41/125/32
f 48/132/33 43/131/33 41/130/33 46/129/33
f 47/136/34 48/135/34 46/134/34 45/133/34
f 46/140/35 41/139/35 42/138/35 45/137/35
f 47/144/36 44/143/36 43/142/36 48/141/36
o cube
v 0.24931137581889387 2.199262371858346 0.33537658773652734
v 0.24931137581889387 2.199262371858346 0.27287658773652734
v 0.24931137581889387 1.886762371858346 0.33537658773652734
v 0.24931137581889387 1.886762371858346 0.27287658773652734
v 0.24931137581889387 2.199262371858346 0.27287658773652734
v 0.24931137581889387 2.199262371858346 0.33537658773652734
v 0.24931137581889387 1.886762371858346 0.27287658773652734
v 0.24931137581889387 1.886762371858346 0.33537658773652734
vt 0.40625 1
vt 0.5625 1
vt 0.5625 0
vt 0.40625 0
vt 0.40625 1
vt 0.59375 1
vt 0.59375 0
vt 0.40625 0
vt 0.1875 1
vt 0.375 1
vt 0.375 0
vt 0.1875 0
vt 0.1875 1
vt 0.375 1
vt 0.375 0
vt 0.1875 0
vt 0.625 1
vt 0.84375 1
vt 0.84375 0
vt 0.625 0
vt 0.40625 1
vt 0.59375 1
vt 0.59375 0
vt 0.40625 0
vn 0 0 -1
vn 1 0 0
vn 0 0 1
vn -1 0 0
vn 0 1 0
vn 0 -1 0
g Stem_Top
f 52/148/37 55/147/37 53/146/37 50/145/37
f 51/152/38 52/151/38 50/150/38 49/149/38
f 56/156/39 51/155/39 49/154/39 54/153/39
f 55/160/40 56/159/40 54/158/40 53/157/40
f 54/164/41 49/163/41 50/162/41 53/161/41
f 55/168/42 52/167/42 51/166/42 56/165/42
o cube
v 0.24931137581889387 2.027415734655369 0.5588470958905833
v 0.24931137581889387 2.077000318423571 0.5207995065775384
v 0.24931137581889387 1.8371777880901439 0.3109241770495724
v 0.24931137581889387 1.886762371858346 0.27287658773652734
v 0.24931137581889387 2.077000318423571 0.5207995065775384
v 0.24931137581889387 2.027415734655369 0.5588470958905833
v 0.24931137581889387 1.886762371858346 0.27287658773652734
v 0.24931137581889387 1.8371777880901439 0.3109241770495724
vt 0.40625 1
vt 0.5625 1
vt 0.5625 0
vt 0.40625 0
vt 0.40625 1
vt 0.59375 1
vt 0.59375 0
vt 0.40625 0
vt 0.1875 1
vt 0.375 1
vt 0.375 0
vt 0.1875 0
vt 0.1875 1
vt 0.375 1
vt 0.375 0
vt 0.1875 0
vt 0.625 1
vt 0.84375 1
vt 0.84375 0
vt 0.625 0
vt 0.40625 1
vt 0.59375 1
vt 0.59375 0
vt 0.40625 0
vn 0 0.7933533402912352 -0.6087614290087207
vn 1 0 0
vn 0 -0.7933533402912352 0.6087614290087207
vn -1 0 0
vn 0 0.6087614290087207 0.7933533402912352
vn 0 -0.6087614290087207 -0.7933533402912352
g Stem_Top
f 60/172/43 63/171/43 61/170/43 58/169/43
f 59/176/44 60/175/44 58/174/44 57/173/44
f 64/180/45 59/179/45 57/178/45 62/177/45
f 63/184/46 64/183/46 62/182/46 61/181/46
f 62/188/47 57/187/47 58/186/47 61/185/47
f 63/192/48 60/191/48 59/190/48 64/189/48
o cube
v 0.2541993184933643 2.2826905666581556 0.0625
v 0.2541993184933643 2.2826905666581556 0.0625
v 0.05271196536330536 1.9664187744783235 0.0625
v 0.05271196536330536 1.9664187744783235 0.0625
v 0.20148735313005894 2.3162717921798324 0.0625
v 0.20148735313005894 2.3162717921798324 0.0625
v 0 2 0.0625
v 0 2 0.0625
vt 0.40625 1
vt 0.5625 1
vt 0.5625 0
vt 0.40625 0
vt 0.40625 1
vt 0.59375 1
vt 0.59375 0
vt 0.40625 0
vt 0.1875 1
vt 0.375 1
vt 0.375 0
vt 0.1875 0
vt 0.1875 1
vt 0.375 1
vt 0.375 0
vt 0.1875 0
vt 0.625 1
vt 0.84375 1
vt 0.84375 0
vt 0.625 0
vt 0.40625 1
vt 0.59375 1
vt 0.59375 0
vt 0.40625 0
vn 0 0 -1
vn 0.8433914458128857 -0.5372996083468238 0
vn 0 0 1
vn -0.8433914458128857 0.5372996083468238 0
vn 0.5372996083468238 0.8433914458128857 0
vn -0.5372996083468238 -0.8433914458128857 0
g Stem_Top
f 68/196/49 71/195/49 69/194/49 66/193/49
f 67/200/50 68/199/50 66/198/50 65/197/50
f 72/204/51 67/203/51 65/202/51 70/201/51
f 71/208/52 72/207/52 70/206/52 69/205/52
f 70/212/53 65/211/53 66/210/53 69/209/53
f 71/216/54 68/215/54 67/214/54 72/213/54
o cube
v -0.07713034678081843 2.5817666823503664 -0.39407107175654044
v -0.07216413982463432 2.544044595438287 -0.44365565552474273
v 0.0005346961641369136 1.9918421129862467 0.0625
v 0.005500903120321005 1.9541200260741673 0.012915416231797816
v -0.07216413982463432 2.544044595438287 -0.44365565552474273
v -0.07713034678081843 2.5817666823503664 -0.39407107175654044
v 0.005500903120321005 1.9541200260741673 0.012915416231797816
v 0.0005346961641369136 1.9918421129862467 0.0625
vt 0.40625 1
vt 0.53125 1
vt 0.53125 0
vt 0.40625 0
vt 0 1
vt 0.03125 1
vt 0.03125 0.625
vt 0 0.625
vt 0 1
vt 0.03125 1
vt 0.03125 0.625
vt 0 0.625
vt 0.40625 1
vt 0.53125 1
vt 0.53125 0
vt 0.40625 0
vt 0 1
vt 0.03125 1
vt 0.03125 0.96875
vt 0 0.96875
vt 0.40625 1
vt 0.53125 1
vt 0.53125 0
vt 0.40625 0
vn 0.07945931129894555 -0.6035533905932738 -0.7933533402912353
vn 0.9914448613738104 0.13052619222005157 0
vn -0.07945931129894555 0.6035533905932738 0.7933533402912353
vn -0.9914448613738104 -0.13052619222005157 0
vn -0.10355339059327379 0.7865660924854933 -0.6087614290087207
vn 0.10355339059327379 -0.7865660924854933 0.6087614290087207
g Stem_Middle
f 76/220/55 79/219/55 77/218/55 74/217/55
f 75/224/56 76/223/56 74/222/56 73/221/56
f 80/228/57 75/227/57 73/226/57 78/225/57
f 79/232/58 80/231/58 78/230/58 77/229/58
f 78/236/59 73/235/59 74/234/59 77/233/59
f 79/240/60 76/239/60 75/238/60 80/237/60
o cube
v -0.24155997722473127 2.515780227395872 -0.0512588169614306
v -0.18287075778764122 2.518178243371627 -0.029902903465513025
v -0.22421999665585685 2.141223120314057 -0.05685333288085688
v -0.16553077721876677 2.143621136289812 -0.035497419384939305
v -0.18287075778764122 2.518178243371627 -0.029902903465513025
v -0.24155997722473127 2.515780227395872 -0.0512588169614306
v -0.16553077721876677 2.143621136289812 -0.035497419384939305
v -0.22421999665585685 2.141223120314057 -0.05685333288085688
vt 0.40625 1
vt 0.53125 1
vt 0.53125 0
vt 0.40625 0
vt 0 1
vt 0.03125 1
vt 0.03125 0.8125
vt 0 0.8125
vt 0 1
vt 0.03125 1
vt 0.03125 0.8125
vt 0 0.8125
vt 0.40625 1
vt 0.53125 1
vt 0.53125 0
vt 0.40625 0
vt 0 1
vt 0.03125 1
vt 0.03125 0.96875
vt 0 0.96875
vt 0.40625 1
vt 0.53125 1
vt 0.53125 0
vt 0.40625 0
vn 0.9390275109934412 0.03836825561207915 0.34169461593468115
vn -0.34071865342160984 -0.02980901962620914 0.9396926207859084
vn -0.9390275109934412 -0.03836825561207915 -0.34169461593468115
vn 0.34071865342160984 0.02980901962620914 -0.9396926207859084
vn -0.0462399481836652 0.9988189522181738 0.014918709118470068
vn 0.0462399481836652 -0.9988189522181738 -0.014918709118470068
g Stem_Middle
f 84/244/61 87/243/61 85/242/61 82/241/61
f 83/248/62 84/247/62 82/246/62 81/245/62
f 88/252/63 83/251/63 81/250/63 86/249/63
f 87/256/64 88/255/64 86/254/64 85/253/64
f 86/260/65 81/259/65 82/258/65 85/257/65
f 87/264/66 84/263/66 83/262/66 88/261/66
o cube
v -0.030606804820062783 1.9349143798158734 0.5113340673246376
v -0.030606804820062783 1.9349143798158734 0.5113340673246376
v -0.19477855682847087 1.7024653225905089 0.3822165950850954
v -0.19477855682847087 1.7024653225905089 0.3822165950850954
v -0.07074279346457463 1.9366667549246581 0.5592118450195737
v -0.07074279346457463 1.9366667549246581 0.5592118450195737
v -0.23491454547298274 1.7042176976992935 0.43009437278003154
v -0.23491454547298274 1.7042176976992935 0.43009437278003154
vt 0.40625 1
vt 0.5625 1
vt 0.5625 0
vt 0.40625 0
vt 0.40625 1
vt 0.59375 1
vt 0.59375 0
vt 0.40625 0
vt 0.1875 1
vt 0.375 1
vt 0.375 0
vt 0.1875 0
vt 0.1875 1
vt 0.375 1
vt 0.375 0
vt 0.1875 0
vt 0.625 1
vt 0.84375 1
vt 0.84375 0
vt 0.625 0
vt 0.40625 1
vt 0.59375 1
vt 0.59375 0
vt 0.40625 0
vn -0.558227560589912 0.6677727255583279 -0.49240387650610395
vn 0.6421758183121904 -0.028038001740555513 -0.7660444431189782
vn 0.558227560589912 -0.6677727255583279 0.49240387650610395
vn -0.6421758183121904 0.028038001740555513 0.7660444431189782
vn 0.5253496064269059 0.7438369831211669 0.41317591116653485
vn -0.5253496064269059 -0.7438369831211669 -0.41317591116653485
g Stem_Top
f 92/268/67 95/267/67 93/266/67 90/265/67
f 91/272/68 92/271/68 90/270/68 89/269/68
f 96/276/69 91/275/69 89/274/69 94/273/69
f 95/280/70 96/279/70 94/278/70 93/277/70
f 94/284/71 89/283/71 90/282/71 93/281/71
f 95/288/72 92/287/72 91/286/72 96/285/72
o cube
v -0.29779937823570035 2.059835833943173 0.31611102626487714
v -0.29779937823570035 2.059835833943173 0.31611102626487714
v -0.1918958605602555 1.7134410358477625 0.41316816817832236
v -0.1918958605602555 1.7134410358477625 0.41316816817832236
v -0.3575684254833901 2.0415626023980016 0.31611102626487714
v -0.3575684254833901 2.0415626023980016 0.31611102626487714
v -0.2516649078079452 1.6951678043025915 0.41316816817832236
v -0.2516649078079452 1.6951678043025915 0.41316816817832236
vt 0.40625 1
vt 0.5625 1
vt 0.5625 0
vt 0.40625 0
vt 0.40625 1
vt 0.59375 1
vt 0.59375 0
vt 0.40625 0
vt 0.1875 1
vt 0.375 1
vt 0.375 0
vt 0.1875 0
vt 0.1875 1
vt 0.375 1
vt 0.375 0
vt 0.1875 0
vt 0.625 1
vt 0.84375 1
vt 0.84375 0
vt 0.625 0
vt 0.40625 1
vt 0.59375 1
vt 0.59375 0
vt 0.40625 0
vn 0.07567136543133485 -0.2475098837653519 -0.9659258262890683
vn 0.9563047559630355 0.2923717047227367 0
vn -0.07567136543133485 0.2475098837653519 0.9659258262890683
vn -0.9563047559630355 -0.2923717047227367 0
vn -0.282409380467853 0.9237194615877611 -0.25881904510252074
vn 0.282409380467853 -0.9237194615877611 0.25881904510252074
g Stem_Top
f 100/292/73 103/291/73 101/290/73 98/289/73
f 99/296/74 100/295/74 98/294/74 97/293/74
f 104/300/75 99/299/75 97/298/75 102/297/75
f 103/304/76 104/303/76 102/302/76 101/301/76
f 102/308/77 97/307/77 98/306/77 101/305/77
f 103/312/78 100/311/78 99/310/78 104/309/78
o cube
v -0.40146092995803906 2.0774817727969443 0.6550873583449974
v -0.40146092995803906 2.0774817727969443 0.6550873583449974
v -0.1882352737222511 1.7006067012907253 0.40508735834499754
v -0.1882352737222511 1.7006067012907253 0.40508735834499754
v -0.4558581609542828 2.0467053002904776 0.6550873583449974
v -0.4558581609542828 2.0467053002904776 0.6550873583449974
v -0.24263250471849482 1.6698302287842588 0.40508735834499754
v -0.24263250471849482 1.6698302287842588 0.40508735834499754
vt 0.40625 1
vt 0.5625 1
vt 0.5625 0
vt 0.40625 0
vt 0.40625 1
vt 0.59375 1
vt 0.59375 0
vt 0.40625 0
vt 0.1875 1
vt 0.375 1
vt 0.375 0
vt 0.1875 0
vt 0.1875 1
vt 0.375 1
vt 0.375 0
vt 0.1875 0
vt 0.625 1
vt 0.84375 1
vt 0.84375 0
vt 0.625 0
vt 0.40625 1
vt 0.59375 1
vt 0.59375 0
vt 0.40625 0
vn -0.2462117800517335 0.43517784796994974 -0.8660254037844387
vn 0.8703556959398997 0.49242356010346705 0
vn 0.2462117800517335 -0.43517784796994974 0.8660254037844387
vn -0.8703556959398997 -0.49242356010346705 0
vn -0.4264513124715759 0.7537501430124378 0.4999999999999999
vn 0.4264513124715759 -0.7537501430124378 -0.4999999999999999
g Stem_Top
f 108/316/79 111/315/79 109/314/79 106/313/79
f 107/320/80 108/319/80 106/318/80 105/317/80
f 112/324/81 107/323/81 105/322/81 110/321/81
f 111/328/82 112/327/82 110/326/82 109/325/82
f 110/332/83 105/331/83 106/330/83 109/329/83
f 111/336/84 108/335/84 107/334/84 112/333/84
o cube
v 0.5143760176513238 1.7232508770599153 -0.08270606903348589
v 0.5143760176513238 1.7232508770599153 -0.08270606903348589
v 0.2806616016846138 1.527141196821436 -0.015068689677828685
v 0.2806616016846138 1.527141196821436 -0.015068689677828685
v 0.47420179204591506 1.7711286547548515 -0.08270606903348589
v 0.47420179204591506 1.7711286547548515 -0.08270606903348589
v 0.24048737607920512 1.575018974516372 -0.015068689677828689
v 0.24048737607920512 1.575018974516372 -0.015068689677828689
vt 0.40625 1
vt 0.5625 1
vt 0.5625 0
vt 0.40625 0
vt 0 1
vt 0.03125 1
vt 0.03125 0.75
vt 0 0.75
vt 0 1
vt 0.03125 1
vt 0.03125 0.75
vt 0 0.75
vt 0.40625 1
vt 0.5625 1
vt 0.5625 0
vt 0.40625 0
vt 0 1
vt 0.03125 1
vt 0.03125 0.96875
vt 0 0.96875
vt 0.40625 1
vt 0.5625 1
vt 0.5625 0
vt 0.40625 0
vn -0.16580236352810082 -0.1391247020847505 -0.9762960071199334
vn 0.6427876096865386 -0.7660444431189788 0
vn 0.16580236352810082 0.1391247020847505 0.9762960071199334
vn -0.6427876096865386 0.7660444431189788 0
vn 0.7478861310934718 0.6275509767631338 -0.21643961393810301
vn -0.7478861310934718 -0.6275509767631338 0.21643961393810301
g Stem_Bottom
f 116/340/85 119/339/85 117/338/85 114/337/85
f 115/344/86 116/343/86 114/342/86 113/341/86
f 120/348/87 115/347/87 113/346/87 118/345/87
f 119/352/88 120/351/88 118/350/88 117/349/88
f 118/356/89 113/355/89 114/354/89 117/353/89
f 119/360/90 116/359/90 115/358/90 120/357/90
o cube
v 0.6706260176513236 1.9938838157425525 -0.08270606903348583
v 0.6706260176513236 1.9938838157425525 -0.08270606903348583
v 0.5143760176513236 1.7232508770599155 -0.08270606903348583
v 0.5143760176513236 1.7232508770599155 -0.08270606903348583
v 0.6164994299147961 2.0251338157425525 -0.08270606903348583
v 0.6164994299147961 2.0251338157425525 -0.08270606903348583
v 0.46024942991479617 1.7545008770599155 -0.08270606903348583
v 0.46024942991479617 1.7545008770599155 -0.08270606903348583
vt 0.40625 1
vt 0.53125 1
vt 0.53125 0
vt 0.40625 0
vt 0 1
vt 0.03125 1
vt 0.03125 0.84375
vt 0 0.84375
vt 0 1
vt 0.03125 1
vt 0.03125 0.84375
vt 0 0.84375
vt 0.40625 1
vt 0.53125 1
vt 0.53125 0
vt 0.40625 0
vt 0 1
vt 0.03125 1
vt 0.03125 0.96875
vt 0 0.96875
vt 0.40625 1
vt 0.53125 1
vt 0.53125 0
vt 0.40625 0
vn 0 0 -1
vn 0.8660254037844387 -0.4999999999999999 0
vn 0 0 1
vn -0.8660254037844387 0.4999999999999999 0
vn 0.4999999999999999 0.8660254037844387 0
vn -0.4999999999999999 -0.8660254037844387 0
g Stem_Middle
f 124/364/91 127/363/91 125/362/91 122/361/91
f 123/368/92 124/367/92 122/366/92 121/365/92
f 128/372/93 123/371/93 121/370/93 126/369/93
f 127/376/94 128/375/94 126/374/94 125/373/94
f 126/380/95 121/379/95 122/378/95 125/377/95
f 127/384/96 124/383/96 123/382/96 128/381/96
o cube
v 0.8995551556464557 2.1093852205270403 -0.314331407775524
v 0.8839896134887721 2.061148412046608 -0.35089880042197175
v 0.6264760065290482 2.01599196758094 -0.07489356903348547
v 0.6109104643713646 1.9677551591005076 -0.11146096167993323
v 0.8839896134887721 2.061148412046608 -0.35089880042197175
v 0.8995551556464557 2.1093852205270403 -0.314331407775524
v 0.6109104643713646 1.9677551591005076 -0.11146096167993323
v 0.6264760065290482 2.01599196758094 -0.07489356903348547
vt 0.40625 1
vt 0.5625 1
vt 0.5625 0
vt 0.40625 0
vt 0.40625 1
vt 0.59375 1
vt 0.59375 0
vt 0.40625 0
vt 0.1875 1
vt 0.375 1
vt 0.375 0
vt 0.1875 0
vt 0.1875 1
vt 0.375 1
vt 0.375 0
vt 0.1875 0
vt 0.625 1
vt 0.84375 1
vt 0.84375 0
vt 0.625 0
vt 0.40625 1
vt 0.59375 1
vt 0.59375 0
vt 0.40625 0
vn -0.24904867452293683 -0.771788935686915 -0.585078282343164
vn 0.6385009033121017 -0.5850782823431652 0.5000000000000017
vn 0.24904867452293683 0.771788935686915 0.585078282343164
vn -0.6385009033121017 0.5850782823431652 -0.5000000000000017
vn 0.7282110643130866 0.24904867452293436 -0.638500903312103
vn -0.7282110643130866 -0.24904867452293436 0.638500903312103
g Stem_Top
f 132/388/97 135/387/97 133/386/97 130/385/97
f 131/392/98 132/391/98 130/390/98 129/389/98
f 136/396/99 131/395/99 129/394/99 134/393/99
f 135/400/100 136/399/100 134/398/100 133/397/100
f 134/404/101 129/403/101 130/402/101 133/401/101
f 135/408/102 132/407/102 131/406/102 136/405/102
o cube
v 0.09583673956230426 2.592585900546778 0.11793255899225907
v 0.14730876283448244 2.5958794198162796 0.08263335856094936
v -0.039865619354343865 2.1737344361697923 -0.11902380950985958
v 0.011606403917834313 2.1770279554392937 -0.15432300994116926
v 0.14730876283448244 2.5958794198162796 0.08263335856094936
v 0.09583673956230426 2.592585900546778 0.11793255899225907
v 0.011606403917834313 2.1770279554392937 -0.15432300994116926
v -0.039865619354343865 2.1737344361697923 -0.11902380950985958
vt 0.40625 1
vt 0.53125 1
vt 0.53125 0
vt 0.40625 0
vt 0 1
vt 0.03125 1
vt 0.03125 0.75
vt 0 0.75
vt 0 1
vt 0.03125 1
vt 0.03125 0.75
vt 0 0.75
vt 0.40625 1
vt 0.53125 1
vt 0.53125 0
vt 0.40625 0
vt 0 1
vt 0.03125 1
vt 0.03125 0.96875
vt 0 0.96875
vt 0.40625 1
vt 0.53125 1
vt 0.53125 0
vt 0.40625 0
vn 0.8235523723548508 0.05269630831201827 -0.5647872069009549
vn 0.4980973490458728 -0.5435778713738292 0.6755902076156601
vn -0.8235523723548508 -0.05269630831201827 0.5647872069009549
vn -0.4980973490458728 0.5435778713738292 -0.6755902076156601
vn 0.2714047178332961 0.8377029287539716 0.47391273700423725
vn -0.2714047178332961 -0.8377029287539716 -0.47391273700423725
g Stem_Middle
f 140/412/103 143/411/103 141/410/103 138/409/103
f 139/416/104 140/415/104 138/414/104 137/413/104
f 144/420/105 139/419/105 137/418/105 142/417/105
f 143/424/106 144/423/106 142/422/106 141/421/106
f 142/428/107 137/427/107 138/426/107 141/425/107
f 143/432/108 140/431/108 139/430/108 144/429/108
o cube
v 0.1159962628344825 2.8771294198162796 0.11388335856094944
v 0.1159962628344825 2.8771294198162796 0.051383358560949444
v 0.1159962628344825 2.5646294198162796 0.11388335856094944
v 0.1159962628344825 2.5646294198162796 0.051383358560949444
v 0.1159962628344825 2.8771294198162796 0.051383358560949444
v 0.1159962628344825 2.8771294198162796 0.11388335856094944
v 0.1159962628344825 2.5646294198162796 0.051383358560949444
v 0.1159962628344825 2.5646294198162796 0.11388335856094944
vt 0.40625 1
vt 0.5625 1
vt 0.5625 0
vt 0.40625 0
vt 0.40625 1
vt 0.59375 1
vt 0.59375 0
vt 0.40625 0
vt 0.1875 1
vt 0.375 1
vt 0.375 0
vt 0.1875 0
vt 0.1875 1
vt 0.375 1
vt 0.375 0
vt 0.1875 0
vt 0.625 1
vt 0.84375 1
vt 0.84375 0
vt 0.625 0
vt 0.40625 1
vt 0.59375 1
vt 0.59375 0
vt 0.40625 0
vn 0 0 -1
vn 1 0 0
vn 0 0 1
vn -1 0 0
vn 0 1 0
vn 0 -1 0
g Stem_Top
f 148/436/109 151/435/109 149/434/109 146/433/109
f 147/440/110 148/439/110 146/438/110 145/437/110
f 152/444/111 147/443/111 145/442/111 150/441/111
f 151/448/112 152/447/112 150/446/112 149/445/112
f 150/452/113 145/451/113 146/450/113 149/449/113
f 151/456/114 148/455/114 147/454/114 152/453/114
o cube
v -0.07216413982463432 2.856544595438287 -0.38115565552474273
v -0.07216413982463432 2.856544595438287 -0.44365565552474273
v -0.07216413982463432 2.544044595438287 -0.38115565552474273
v -0.07216413982463432 2.544044595438287 -0.44365565552474273
v -0.07216413982463432 2.856544595438287 -0.44365565552474273
v -0.07216413982463432 2.856544595438287 -0.38115565552474273
v -0.07216413982463432 2.544044595438287 -0.44365565552474273
v -0.07216413982463432 2.544044595438287 -0.38115565552474273
vt 0.40625 1
vt 0.5625 1
vt 0.5625 0
vt 0.40625 0
vt 0.40625 1
vt 0.59375 1
vt 0.59375 0
vt 0.40625 0
vt 0.1875 1
vt 0.375 1
vt 0.375 0
vt 0.1875 0
vt 0.1875 1
vt 0.375 1
vt 0.375 0
vt 0.1875 0
vt 0.625 1
vt 0.84375 1
vt 0.84375 0
vt 0.625 0
vt 0.40625 1
vt 0.59375 1
vt 0.59375 0
vt 0.40625 0
vn 0 0 -1
vn 1 0 0
vn 0 0 1
vn -1 0 0
vn 0 1 0
vn 0 -1 0
g Stem_Top
f 156/460/115 159/459/115 157/458/115 154/457/115
f 155/464/116 156/463/116 154/462/116 153/461/116
f 160/468/117 155/467/117 153/466/117 158/465/117
f 159/472/118 160/471/118 158/470/118 157/469/118
f 158/476/119 153/475/119 154/474/119 157/473/119
f 159/480/120 156/479/120 155/478/120 160/477/120
o cube
v -0.19470627214057012 2.8126533643321454 -0.05126258617263152
v -0.19470627214057012 2.8126533643321454 -0.05126258617263152
v -0.19470627214057012 2.5001533643321454 -0.05126258617263152
v -0.19470627214057012 2.5001533643321454 -0.05126258617263152
v -0.2572062721405701 2.8126533643321454 -0.05126258617263152
v -0.2572062721405701 2.8126533643321454 -0.05126258617263152
v -0.2572062721405701 2.5001533643321454 -0.05126258617263152
v -0.2572062721405701 2.5001533643321454 -0.05126258617263152
vt 0.40625 1
vt 0.5625 1
vt 0.5625 0
vt 0.40625 0
vt 0.40625 1
vt 0.59375 1
vt 0.59375 0
vt 0.40625 0
vt 0.1875 1
vt 0.375 1
vt 0.375 0
vt 0.1875 0
vt 0.1875 1
vt 0.375 1
vt 0.375 0
vt 0.1875 0
vt 0.625 1
vt 0.84375 1
vt 0.84375 0
vt 0.625 0
vt 0.40625 1
vt 0.59375 1
vt 0.59375 0
vt 0.40625 0
vn 0 0 -1
vn 1 0 0
vn 0 0 1
vn -1 0 0
vn 0 1 0
vn 0 -1 0
g Stem_Top
f 164/484/121 167/483/121 165/482/121 162/481/121
f 163/488/122 164/487/122 162/486/122 161/485/122
f 168/492/123 163/491/123 161/490/123 166/489/123
f 167/496/124 168/495/124 166/494/124 165/493/124
f 166/500/125 161/499/125 162/498/125 165/497/125
f 167/504/126 164/503/126 163/502/126 168/501/126
o cube
v -0.1222162572136922 2.1696247732741742 -0.4796107580645561
v -0.1222162572136922 2.1614668862604214 -0.5415760619004193
v -0.1222162572136922 1.8597982540948588 -0.43882132299579
v -0.1222162572136922 1.8516403670811055 -0.5007866268316531
v -0.1222162572136922 2.1614668862604214 -0.5415760619004193
v -0.1222162572136922 2.1696247732741742 -0.4796107580645561
v -0.1222162572136922 1.8516403670811055 -0.5007866268316531
v -0.1222162572136922 1.8597982540948588 -0.43882132299579
vt 0.40625 1
vt 0.5625 1
vt 0.5625 0
vt 0.40625 0
vt 0.40625 1
vt 0.59375 1
vt 0.59375 0
vt 0.40625 0
vt 0.1875 1
vt 0.375 1
vt 0.375 0
vt 0.1875 0
vt 0.1875 1
vt 0.375 1
vt 0.375 0
vt 0.1875 0
vt 0.625 1
vt 0.84375 1
vt 0.84375 0
vt 0.625 0
vt 0.40625 1
vt 0.59375 1
vt 0.59375 0
vt 0.40625 0
vn 0 -0.13052619222005157 -0.9914448613738104
vn 1 0 0
vn 0 0.13052619222005157 0.9914448613738104
vn -1 0 0
vn 0 0.9914448613738104 -0.13052619222005157
vn 0 -0.9914448613738104 0.13052619222005157
g Stem_Top
f 172/508/127 175/507/127 173/506/127 170/505/127
f 171/512/128 172/511/128 170/510/128 169/509/128
f 176/516/129 171/515/129 169/514/129 174/513/129
f 175/520/130 176/519/130 174/518/130 173/517/130
f 174/524/131 169/523/131 170/522/131 173/521/131
f 175/528/132 172/527/132 171/526/132 176/525/132
o cube
v 0.7458260985017401 2.2883553075433416 0.08621737666281036
v 0.7889182074108547 2.297491517394276 0.04187947166804647
v 0.6175878562723568 1.9892202264752603 -0.10005703517174731
v 0.6606799651814714 1.9983564363261943 -0.14439494016651122
v 0.7889182074108547 2.297491517394276 0.04187947166804647
v 0.7458260985017401 2.2883553075433416 0.08621737666281036
v 0.6606799651814714 1.9983564363261943 -0.14439494016651122
v 0.6175878562723568 1.9892202264752603 -0.10005703517174731
vt 0.40625 1
vt 0.5625 1
vt 0.5625 0
vt 0.40625 0
vt 0.40625 1
vt 0.59375 1
vt 0.59375 0
vt 0.40625 0
vt 0.1875 1
vt 0.375 1
vt 0.375 0
vt 0.1875 0
vt 0.1875 1
vt 0.375 1
vt 0.375 0
vt 0.1875 0
vt 0.625 1
vt 0.84375 1
vt 0.84375 0
vt 0.625 0
vt 0.40625 1
vt 0.59375 1
vt 0.59375 0
vt 0.40625 0
vn 0.6894737425458335 0.14617935761494324 -0.7094064799162215
vn 0.6385009033121019 -0.5850782823431651 0.5000000000000017
vn -0.6894737425458335 -0.14617935761494324 0.7094064799162215
vn -0.6385009033121019 0.5850782823431651 -0.5000000000000017
vn 0.34196864594502197 0.7976935495148837 0.4967317648921538
vn -0.34196864594502197 -0.7976935495148837 -0.4967317648921538
g Stem_Top
f 180/532/133 183/531/133 181/530/133 178/529/133
f 179/536/134 180/535/134 178/534/134 177/533/134
f 184/540/135 179/539/135 177/538/135 182/537/135
f 183/544/136 184/543/136 182/542/136 181/541/136
f 182/548/137 177/547/137 178/546/137 181/545/137
f 183/552/138 180/551/138 179/550/138 184/549/138
o cube
v -0.5270327907741166 2.2820173380600224 0.05791871363853986
v -0.4997218296034796 2.3373200540600334 0.04782064436971083
v -0.20898604917008376 2.107585820335679 -0.037186048489545986
v -0.1816750879994468 2.1628885363356902 -0.047284117758375016
v -0.4997218296034796 2.3373200540600334 0.04782064436971083
v -0.5270327907741166 2.2820173380600224 0.05791871363853986
v -0.1816750879994468 2.1628885363356902 -0.047284117758375016
v -0.20898604917008376 2.107585820335679 -0.037186048489545986
vt 0.40625 1
vt 0.53125 1
vt 0.53125 0
vt 0.40625 0
vt 0 1
vt 0.03125 1
vt 0.03125 0.8125
vt 0 0.8125
vt 0 1
vt 0.03125 1
vt 0.03125 0.8125
vt 0 0.8125
vt 0.40625 1
vt 0.53125 1
vt 0.53125 0
vt 0.40625 0
vt 0 1
vt 0.03125 1
vt 0.03125 0.96875
vt 0 0.96875
vt 0.40625 1
vt 0.53125 1
vt 0.53125 0
vt 0.40625 0
vn 0.43697537873019116 0.8848434560001788 -0.16156910830126453
vn 0.29956152315159656 0.026208237304323184 0.9537169507482269
vn -0.43697537873019116 -0.8848434560001788 0.16156910830126453
vn -0.29956152315159656 -0.026208237304323184 -0.9537169507482269
vn -0.8481246442774207 0.4651507139315816 0.25361269900822864
vn 0.8481246442774207 -0.4651507139315816 -0.25361269900822864
g Stem_Middle
f 188/556/139 191/555/139 189/554/139 186/553/139
f 187/560/140 188/559/140 186/558/140 185/557/140
f 192/564/141 187/563/141 185/562/141 190/561/141
f 191/568/142 192/567/142 190/566/142 189/565/142
f 190/572/143 185/571/143 186/570/143 189/569/143
f 191/576/144 188/575/144 187/574/144 192/573/144
o cube
v -0.5963334616986015 2.5785624941503684 0.15188927598362517
v -0.5963334616986015 2.5785624941503684 0.15188927598362517
v -0.47037777422427146 2.3084496506841283 0.0579187136385399
v -0.47037777422427146 2.3084496506841283 0.0579187136385399
v -0.6529776983883921 2.5521488527915746 0.15188927598362517
v -0.6529776983883921 2.5521488527915746 0.15188927598362517
v -0.5270220109140621 2.282036009325335 0.0579187136385399
v -0.5270220109140621 2.282036009325335 0.0579187136385399
vt 0.40625 1
vt 0.5625 1
vt 0.5625 0
vt 0.40625 0
vt 0.40625 1
vt 0.59375 1
vt 0.59375 0
vt 0.40625 0
vt 0.1875 1
vt 0.375 1
vt 0.375 0
vt 0.1875 0
vt 0.1875 1
vt 0.375 1
vt 0.375 0
vt 0.1875 0
vt 0.625 1
vt 0.84375 1
vt 0.84375 0
vt 0.625 0
vt 0.40625 1
vt 0.59375 1
vt 0.59375 0
vt 0.40625 0
vn -0.12708376228184318 0.27253200769780433 -0.9537169507482269
vn 0.90630778703665 0.4226182617406994 0
vn 0.12708376228184318 -0.27253200769780433 0.9537169507482269
vn -0.90630778703665 -0.4226182617406994 0
vn -0.4030581999178559 0.8643610990919672 0.30070579950427306
vn 0.4030581999178559 -0.8643610990919672 -0.30070579950427306
g Stem_Top
f 196/580/145 199/579/145 197/578/145 194/577/145
f 195/584/146 196/583/146 194/582/146 193/581/146
f 200/588/147 195/587/147 193/586/147 198/585/147
f 199/592/148 200/591/148 198/590/148 197/589/148
f 198/596/149 193/595/149 194/594/149 197/593/149
f 199/600/150 196/599/150 195/598/150 200/597/150
o cube
v -0.3963391190090688 2.3276220450451373 -0.20352863703668977
v -0.3963391190090688 2.3276220450451373 -0.20352863703668977
v -0.18163157311236555 2.1628711505558655 -0.04727863703668983
v -0.18163157311236555 2.1628711505558655 -0.04727863703668983
v -0.4343867083221138 2.2780374612769347 -0.20352863703668977
v -0.4343867083221138 2.2780374612769347 -0.20352863703668977
v -0.21967916242541063 2.1132865667876635 -0.04727863703668983
v -0.21967916242541063 2.1132865667876635 -0.04727863703668983
vt 0.40625 1
vt 0.5625 1
vt 0.5625 0
vt 0.40625 0
vt 0.40625 1
vt 0.59375 1
vt 0.59375 0
vt 0.40625 0
vt 0.1875 1
vt 0.375 1
vt 0.375 0
vt 0.1875 0
vt 0.1875 1
vt 0.375 1
vt 0.375 0
vt 0.1875 0
vt 0.625 1
vt 0.84375 1
vt 0.84375 0
vt 0.625 0
vt 0.40625 1
vt 0.59375 1
vt 0.59375 0
vt 0.40625 0
vn 0.39667667014561764 -0.30438071450436033 -0.8660254037844388
vn 0.6087614290087207 0.7933533402912352 0
vn -0.39667667014561764 0.30438071450436033 0.8660254037844388
vn -0.6087614290087207 -0.7933533402912352 0
vn -0.6870641468694502 0.5272028623656693 -0.5
vn 0.6870641468694502 -0.5272028623656693 0.5
g Stem_Top
f 204/604/151 207/603/151 205/602/151 202/601/151
f 203/608/152 204/607/152 202/606/152 201/605/152
f 208/612/153 203/611/153 201/610/153 206/609/153
f 207/616/154 208/615/154 206/614/154 205/613/154
f 206/620/155 201/619/155 202/618/155 205/617/155
f 207/624/156 204/623/156 203/622/156 208/621/156
o cube
v 0.03508446066326827 2.3547973462489216 0.6142776721991624
v 0.03954657346597262 2.4057995289646534 0.5784291449272221
v 0.0007160054345161856 1.9619641054191737 0.051110641750480634
v 0.005178118237220537 2.0129662881349053 0.015262114478540242
v 0.03954657346597262 2.4057995289646534 0.5784291449272221
v 0.03508446066326827 2.3547973462489216 0.6142776721991624
v 0.005178118237220537 2.0129662881349053 0.015262114478540242
v 0.0007160054345161856 1.9619641054191737 0.051110641750480634
vt 0.40625 1
vt 0.53125 1
vt 0.53125 0
vt 0.40625 0
vt 0 1
vt 0.03125 1
vt 0.03125 0.625
vt 0 0.625
vt 0 1
vt 0.03125 1
vt 0.03125 0.625
vt 0 0.625
vt 0.40625 1
vt 0.53125 1
vt 0.53125 0
vt 0.40625 0
vt 0 1
vt 0.03125 1
vt 0.03125 0.96875
vt 0 0.96875
vt 0.40625 1
vt 0.53125 1
vt 0.53125 0
vt 0.40625 0
vn 0.07139380484326965 0.8160349234517082 -0.5735764363510463
vn 0.9961946980917455 -0.08715574274765817 0
vn -0.07139380484326965 -0.8160349234517082 0.5735764363510463
vn -0.9961946980917455 0.08715574274765817 0
vn 0.04999048033273031 0.5713938048432698 0.8191520442889917
vn -0.04999048033273031 -0.5713938048432698 -0.8191520442889917
g Stem_Middle
f 212/628/157 215/627/157 213/626/157 210/625/157
f 211/632/158 212/631/158 210/630/158 209/629/158
f 216/636/159 211/635/159 209/634/159 214/633/159
f 215/640/160 216/639/160 214/638/160 213/637/160
f 214/644/161 209/643/161 210/642/161 213/641/161
f 215/648/162 212/647/162 211/646/162 216/645/162
o cube
v 0.023924548361994397 2.6681217013945675 0.690819670049732
v 0.023924548361994397 2.6869158138635845 0.6312123606279678
v 0.023924548361994397 2.3700851542857464 0.5968491077046467
v 0.023924548361994397 2.388879266754764 0.5372417982828825
v 0.023924548361994397 2.6869158138635845 0.6312123606279678
v 0.023924548361994397 2.6681217013945675 0.690819670049732
v 0.023924548361994397 2.388879266754764 0.5372417982828825
v 0.023924548361994397 2.3700851542857464 0.5968491077046467
vt 0.40625 1
vt 0.5625 1
vt 0.5625 0
vt 0.40625 0
vt 0.40625 1
vt 0.59375 1
vt 0.59375 0
vt 0.40625 0
vt 0.1875 1
vt 0.375 1
vt 0.375 0
vt 0.1875 0
vt 0.1875 1
vt 0.375 1
vt 0.375 0
vt 0.1875 0
vt 0.625 1
vt 0.84375 1
vt 0.84375 0
vt 0.625 0
vt 0.40625 1
vt 0.59375 1
vt 0.59375 0
vt 0.40625 0
vn 0 0.30070579950427306 -0.9537169507482269
vn 1 0 0
vn 0 -0.30070579950427306 0.9537169507482269
vn -1 0 0
vn 0 0.9537169507482269 0.30070579950427306
vn 0 -0.9537169507482269 -0.30070579950427306
g Stem_Top
f 220/652/163 223/651/163 221/650/163 218/649/163
f 219/656/164 220/655/164 218/654/164 217/653/164
f 224/660/165 219/659/165 217/658/165 222/657/165
f 223/664/166 224/663/166 222/662/166 221/661/166
f 222/668/167 217/667/167 218/666/167 221/665/167
f 223/672/168 220/671/168 219/670/168 224/669/168
o cube
v 0.0625 1 0.0625
v 0.0625 1 0
v 0.0625 0 0.0625
v 0.0625 0 0
v 0 1 0
v 0 1 0.0625
v 0 0 0
v 0 0 0.0625
vt 0.40625 1
vt 0.5625 1
vt 0.5625 0
vt 0.40625 0
vt 0.40625 1
vt 0.5625 1
vt 0.5625 0
vt 0.40625 0
vt 0.40625 1
vt 0.5625 1
vt 0.5625 0
vt 0.40625 0
vt 0.40625 1
vt 0.5625 1
vt 0.5625 0
vt 0.40625 0
vt 0.40625 1
vt 0.5625 1
vt 0.5625 0.84375
vt 0.40625 0.84375
vt 0.40625 1
vt 0.5625 1
vt 0.5625 0.84375
vt 0.40625 0.84375
vn 0 0 -1
vn 1 0 0
vn 0 0 1
vn -1 0 0
vn 0 1 0
vn 0 -1 0
g Stem_Bottom
f 228/676/169 231/675/169 229/674/169 226/673/169
f 227/680/170 228/679/170 226/678/170 225/677/170
f 232/684/171 227/683/171 225/682/171 230/681/171
f 231/688/172 232/687/172 230/686/172 229/685/172
f 230/692/173 225/691/173 226/690/173 229/689/173
f 231/696/174 228/695/174 227/694/174 232/693/174
o cube
v -0.12907305439554323 1.3086821201108556 0.19259629102617
v -0.09552575339710179 1.3609522023133978 0.18562010996061065
v 0.023511345765819813 1.1896309545741834 0.0343407356362978
v 0.057058646764261256 1.2419010367767256 0.027364554570738442
v -0.09552575339710179 1.3609522023133978 0.18562010996061065
v -0.12907305439554323 1.3086821201108556 0.19259629102617
v 0.057058646764261256 1.2419010367767256 0.027364554570738442
v 0.023511345765819813 1.1896309545741834 0.0343407356362978
vt 0.40625 1
vt 0.53125 1
vt 0.53125 0
vt 0.40625 0
vt 0 1
vt 0.03125 1
vt 0.03125 0.875
vt 0 0.875
vt 0 1
vt 0.03125 1
vt 0.03125 0.875
vt 0 0.875
vt 0.40625 1
vt 0.53125 1
vt 0.53125 0
vt 0.40625 0
vt 0 1
vt 0.03125 1
vt 0.03125 0.96875
vt 0 0.96875
vt 0.40625 1
vt 0.53125 1
vt 0.53125 0
vt 0.40625 0
vn 0.536756815975063 0.8363213152406727 -0.11161889704894984
vn 0.5825634160695854 -0.2716537822741844 0.7660444431189781
vn -0.536756815975063 -0.8363213152406727 0.11161889704894984
vn -0.5825634160695854 0.2716537822741844 -0.7660444431189781
vn -0.6103376006454523 0.47620466214668844 0.6330222215594892
vn 0.6103376006454523 -0.47620466214668844 -0.6330222215594892
g Stem_Middle
f 236/700/175 239/699/175 237/698/175 234/697/175
f 235/704/176 236/703/176 234/702/176 233/701/176
f 240/708/177 235/707/177 233/706/177 238/705/177
f 239/712/178 240/711/178 238/710/178 237/709/178
f 238/716/179 233/715/179 234/714/179 237/713/179
f 239/720/180 236/719/180 235/718/180 240/717/180
o cube
v 0.2738275443588113 1.5200034468382573 -0.018450558645611542
v 0.2738275443588113 1.5200034468382573 -0.018450558645611542
v 0.04105003162428829 1.4466089789948 0.035659344838914225
v 0.04105003162428829 1.4466089789948 0.035659344838914225
v 0.2550334318897942 1.5796107562600215 -0.01845055864561155
v 0.2550334318897942 1.5796107562600215 -0.01845055864561155
v 0.022255919155271198 1.5062162884165642 0.03565934483891422
v 0.022255919155271198 1.5062162884165642 0.03565934483891422
vt 0.40625 1
