# Made in Blockbench 4.0.5

o cube
v 0.027236169608643186 0.5297352734467698 0.6014673768605738
v 0 0.7498652816976319 0.3813373686097117
v 0.027236169608643186 0.13198770902933687 0.2037198124431407
v 0 0.352117717280199 -0.016410195807721347
v 0 0.7498652816976319 0.3813373686097117
v 0.027236169608643186 0.5297352734467698 0.6014673768605738
v 0 0.352117717280199 -0.016410195807721347
v 0.027236169608643186 0.13198770902933687 0.2037198124431407
vt 0 1
vt 0 1
vt 0 0.5
vt 0 0.5
vt 0.09375 0.96875
vt 0.625 0.96875
vt 0.625 0
vt 0.09375 0
vt 0 1
vt 0 1
vt 0 0.5
vt 0 0.5
vt 0.875 1
vt 1 1
vt 1 0.8125
vt 0.875 0.8125
vt 0 1
vt 0 1
vt 0 0.5
vt 0 0.5
vt 0 1
vt 0 1
vt 0 0.5
vt 0 0.5
vn -0.08715574274765821 0.7044160264027588 -0.7044160264027586
vn 0.9961946980917455 0.06162841671621938 -0.06162841671621936
vn 0.08715574274765821 -0.7044160264027588 0.7044160264027586
vn -0.9961946980917455 -0.06162841671621938 0.06162841671621936
vn 0 0.7071067811865475 0.7071067811865477
vn 0 -0.7071067811865475 -0.7071067811865477
g Leaf_Long
f 4/4/1 7/3/1 5/2/1 2/1/1
f 3/8/2 4/7/2 2/6/2 1/5/2
f 8/12/3 3/11/3 1/10/3 6/9/3
f 7/16/4 8/15/4 6/14/4 5/13/4
f 6/20/5 1/19/5 2/18/5 5/17/5
f 7/24/6 4/23/6 3/22/6 8/21/6
o cube
v -0.043205056643191714 0.7585090633800544 -0.30840849935423953
v -0.04676009015286741 0.5681613624472899 -0.5562216638277112
v 0.005400632080398964 0.31374841040576185 0.032519203523638206
v 0.0018455985707232668 0.12340070947299744 -0.21529396094983352
v -0.04676009015286741 0.5681613624472899 -0.5562216638277112
v -0.043205056643191714 0.7585090633800544 -0.30840849935423953
v 0.0018455985707232668 0.12340070947299744 -0.21529396094983352
v 0.005400632080398964 0.31374841040576185 0.032519203523638206
vt 0 1
vt 0 1
vt 0 0.5
vt 0 0.5
vt 0.625 0.96875
vt 0.09375 0.96875
vt 0.09375 0
vt 0.625 0
vt 0 1
vt 0 1
vt 0 0.5
vt 0 0.5
vt 0.875 1
vt 1 1
vt 1 0.8125
vt 0.875 0.8125
vt 0 1
vt 0 1
vt 0 0.5
vt 0 0.5
vt 0 1
vt 0 1
vt 0 0.5
vt 0 0.5
vn -0.011376107230962239 -0.6091126429848462 -0.7930021263151097
vn 0.9961946980917457 0.061628416716219346 -0.06162841671621935
vn 0.011376107230962239 0.6091126429848462 0.7930021263151097
vn -0.9961946980917457 -0.061628416716219346 0.06162841671621935
vn -0.08641011328638343 0.790685605287631 -0.6060936940051158
vn 0.08641011328638343 -0.790685605287631 0.6060936940051158
g Leaf_Long
f 12/28/7 15/27/7 13/26/7 10/25/7
f 11/32/8 12/31/8 10/30/8 9/29/8
f 16/36/9 11/35/9 9/34/9 14/33/9
f 15/40/10 16/39/10 14/38/10 13/37/10
f 14/44/11 9/43/11 10/42/11 13/41/11
f 15/48/12 12/47/12 11/46/12 16/45/12
o cube
v -0.028597978089075344 0.4524375122979879 0.6124738772731169
v -0.0013618084804321593 0.67256752054885 0.39234386902225477
v -0.028597978089075344 0.05468994788055495 0.21472631285568378
v -0.0013618084804321593 0.2748199561314171 -0.005403695395178258
v -0.0013618084804321593 0.67256752054885 0.39234386902225477
v -0.028597978089075344 0.4524375122979879 0.6124738772731169
v -0.0013618084804321593 0.2748199561314171 -0.005403695395178258
v -0.028597978089075344 0.05468994788055495 0.21472631285568378
vt 0 1
vt 0 1
vt 0 0.5
vt 0 0.5
vt 0.09375 0.96875
vt 0.625 0.96875
vt 0.625 0
vt 0.09375 0
vt 0 1
vt 0 1
vt 0 0.5
vt 0 0.5
vt 0.875 1
vt 1 1
vt 1 0.8125
vt 0.875 0.8125
vt 0 1
vt 0 1
vt 0 0.5
vt 0 0.5
vt 0 1
vt 0 1
vt 0 0.5
vt 0 0.5
vn 0.08715574274765821 0.7044160264027588 -0.7044160264027586
vn 0.9961946980917455 -0.06162841671621938 0.06162841671621936
vn -0.08715574274765821 -0.7044160264027588 0.7044160264027586
vn -0.9961946980917455 0.06162841671621938 -0.06162841671621936
vn 0 0.7071067811865475 0.7071067811865477
vn 0 -0.7071067811865475 -0.7071067811865477
g Leaf_Long
f 20/52/13 23/51/13 21/50/13 18/49/13
f 19/56/14 20/55/14 18/54/14 17/53/14
f 24/60/15 19/59/15 17/58/15 22/57/15
f 23/64/16 24/63/16 22/62/16 21/61/16
f 22/68/17 17/67/17 18/66/17 21/65/17
f 23/72/18 20/71/18 19/70/18 24/69/18
o cube
v 0.0434120444167326 0.6785569637347515 -0.32541519937021335
v 0.045785833008575104 0.47761254985404156 -0.5647308019912275
v -0.005426505552091575 0.24916475453315606 0.03464504102563492
v -0.003052716960249069 0.0482203406524461 -0.20467056159537927
v 0.045785833008575104 0.47761254985404156 -0.5647308019912275
v 0.0434120444167326 0.6785569637347515 -0.32541519937021335
v -0.003052716960249069 0.0482203406524461 -0.20467056159537927
v -0.005426505552091575 0.24916475453315606 0.03464504102563492
vt 0 1
vt 0 1
vt 0 0.5
vt 0 0.5
vt 0.625 0.96875
vt 0.09375 0.96875
vt 0.09375 0
vt 0.625 0
vt 0 1
vt 0 1
vt 0 0.5
vt 0 0.5
vt 0.875 1
vt 1 1
vt 1 0.8125
vt 0.875 0.8125
vt 0 1
vt 0 1
vt 0 0.5
vt 0 0.5
vt 0 1
vt 0 1
vt 0 0.5
vt 0 0.5
vn 0.007596123493895997 -0.6430221244182719 -0.7658099283872456
vn 0.9961946980917455 -0.06162841671621937 0.06162841671621937
vn -0.007596123493895997 0.6430221244182719 0.7658099283872456
vn -0.9961946980917455 0.06162841671621937 -0.06162841671621937
vn 0.08682408883346521 0.763363927469503 -0.6401070940370636
vn -0.08682408883346521 -0.763363927469503 0.6401070940370636
g Leaf_Medium
f 28/76/19 31/75/19 29/74/19 26/73/19
f 27/80/20 28/79/20 26/78/20 25/77/20
f 32/84/21 27/83/21 25/82/21 30/81/21
f 31/88/22 32/87/22 30/86/22 29/85/22
f 30/92/23 25/91/23 26/90/23 29/89/23
f 31/96/24 28/95/24 27/94/24 32/93/24
o cube
v -0.08953734160951093 0.5785980072227317 -0.35337592031065085
v -0.08953734160951099 0.35762713810193597 -0.5743467894314473
v 0.008139758328137361 0.18689312204272038 0.038328964869359085
v 0.008139758328137296 -0.034077747078075316 -0.18264190425143736
v -0.08953734160951099 0.35762713810193597 -0.5743467894314473
v -0.08953734160951093 0.5785980072227317 -0.35337592031065085
v 0.008139758328137296 -0.034077747078075316 -0.18264190425143736
v 0.008139758328137361 0.18689312204272038 0.038328964869359085
vt 0 1
vt 0 1
vt 0 0.5
vt 0 0.5
vt 0.625 0.96875
vt 0.09375 0.96875
vt 0.09375 0
vt 0.625 0
vt 0 1
vt 0 1
vt 0 0.5
vt 0 0.5
vt 0.875 1
vt 1 1
vt 1 0.8125
vt 0.875 0.8125
vt 0 1
vt 0 1
vt 0 0.5
vt 0 0.5
vt 0 1
vt 0 1
vt 0 0.5
vt 0 0.5
vn 0 -0.7071067811865464 -0.7071067811865487
vn 0.9848077530122081 0.1227878039689729 -0.12278780396897276
vn 0 0.7071067811865464 0.7071067811865487
vn -0.9848077530122081 -0.1227878039689729 0.12278780396897276
vn -0.17364817766693033 0.6963642403200202 -0.6963642403200178
vn 0.17364817766693033 -0.6963642403200202 0.6963642403200178
g Leaf_Medium
f 36/100/25 39/99/25 37/98/25 34/97/25
f 35/104/26 36/103/26 34/102/26 33/101/26
f 40/108/27 35/107/27 33/106/27 38/105/27
f 39/112/28 40/111/28 38/110/28 37/109/28
f 38/116/29 33/115/29 34/114/29 37/113/29
f 39/120/30 36/119/30 35/118/30 40/117/30
o cube
v 0.06257168079609346 0.33453671797757434 0.622538551277892
v 0.008513120194502982 0.5705813369974833 0.4250116927056203
v 0.054058560601590484 -0.02755796666822738 0.19216520622059013
v 0 0.20848665235168154 -0.005361652351681567
v 0.008513120194502982 0.5705813369974833 0.4250116927056203
v 0.06257168079609346 0.33453671797757434 0.622538551277892
v 0 0.20848665235168154 -0.005361652351681567
v 0.054058560601590484 -0.02755796666822738 0.19216520622059013
vt 0 1
vt 0 1
vt 0 0.5
vt 0 0.5
vt 0.09375 0.96875
vt 0.625 0.96875
vt 0.625 0
vt 0.09375 0
vt 0 1
vt 0 1
vt 0 0.5
vt 0 0.5
vt 0.875 1
vt 1 1
vt 1 0.8125
vt 0.875 0.8125
vt 0 1
vt 0 1
vt 0 0.5
vt 0 0.5
vt 0 1
vt 0 1
vt 0 0.5
vt 0 0.5
vn -0.17298739392508958 0.7553427808637087 -0.6320859474312696
vn 0.9848077530122081 0.12278780396897293 -0.12278780396897288
vn 0.17298739392508958 -0.7553427808637087 0.6320859474312696
vn -0.9848077530122081 -0.12278780396897293 0.12278780396897288
vn 0.015134435901338658 0.6437238838147585 0.7651081689907588
vn -0.015134435901338658 -0.6437238838147585 -0.7651081689907588
g Leaf_Medium
f 44/124/31 47/123/31 45/122/31 42/121/31
f 43/128/32 44/127/32 42/126/32 41/125/32
f 48/132/33 43/131/33 41/130/33 46/129/33
f 47/136/34 48/135/34 46/134/34 45/133/34
f 46/140/35 41/139/35 42/138/35 45/137/35
f 47/144/36 44/143/36 43/142/36 48/141/36
o cube
v 0.0020394717534383084 0.9152275700669281 -0.2050360588884709
v 0.0428289068222044 0.7966620942696594 -0.49127843858745646
v 0.0020394717534383045 0.39554533302932915 0.010223371816891778
v 0.0428289068222044 0.2769798572320604 -0.27601900788209377
v 0.0428289068222044 0.7966620942696594 -0.49127843858745646
v 0.0020394717534383084 0.9152275700669281 -0.2050360588884709
v 0.0428289068222044 0.2769798572320604 -0.27601900788209377
v 0.0020394717534383045 0.39554533302932915 0.010223371816891778
vt 0 1
vt 0 1
vt 0 0.5
vt 0 0.5
vt 0.625 0.96875
vt 0.09375 0.96875
vt 0.09375 0
vt 0.625 0
vt 0 1
vt 0 1
vt 0 0.5
vt 0 0.5
vt 0.875 1
vt 1 1
vt 1 0.8125
vt 0.875 0.8125
vt 0 1
vt 0 1
vt 0 0.5
vt 0 0.5
vt 0 1
vt 0 1
vt 0 0.5
vt 0 0.5
vn 0.13052619222005157 -0.3794095225512599 -0.9159756150367538
vn 0.9914448613738104 0.04995021125231471 0.12059047744873957
vn -0.13052619222005157 0.3794095225512599 0.9159756150367538
vn -0.9914448613738104 -0.04995021125231471 -0.12059047744873957
vn 0 0.9238795325112871 -0.38268343236508917
vn 0 -0.9238795325112871 0.38268343236508917
g Leaf_Medium
f 52/148/37 55/147/37 53/146/37 50/145/37
f 51/152/38 52/151/38 50/150/38 49/149/38
f 56/156/39 51/155/39 49/154/39 54/153/39
f 55/160/40 56/159/40 54/158/40 53/157/40
f 54/164/41 49/163/41 50/162/41 53/161/41
f 55/168/42 52/167/42 51/166/42 56/165/42
o cube
v -0.056978308296961495 0.7402285561710152 0.4977117297259024
v -0.0027132527760457886 0.8823328106261705 0.22473199675098648
v -0.056978308296961495 0.24128496250826548 0.23797813478119573
v -0.002713252776045785 0.3833892169634208 -0.03500159819372019
v -0.0027132527760457886 0.8823328106261705 0.22473199675098648
v -0.056978308296961495 0.7402285561710152 0.4977117297259024
v -0.002713252776045785 0.3833892169634208 -0.03500159819372019
v -0.056978308296961495 0.24128496250826548 0.23797813478119573
vt 0 1
vt 0 1
vt 0 0.5
vt 0 0.5
vt 0.09375 0.96875
vt 0.625 0.96875
vt 0.625 0
vt 0.09375 0
vt 0 1
vt 0 1
vt 0 0.5
vt 0 0.5
vt 0.875 1
vt 1 1
vt 1 0.8125
vt 0.875 0.8125
vt 0 1
vt 0 1
vt 0 0.5
vt 0 0.5
vt 0 1
vt 0 1
vt 0 0.5
vt 0 0.5
vn 0.17364817766693028 0.454733614256497 -0.873535145519731
vn 0.9848077530122081 -0.08018180522849587 0.15402781475222369
vn -0.17364817766693028 -0.454733614256497 0.873535145519731
vn -0.9848077530122081 0.08018180522849587 -0.15402781475222369
vn 0 0.8870108331782216 0.461748613235034
vn 0 -0.8870108331782216 -0.461748613235034
g Leaf_Medium
f 60/172/43 63/171/43 61/170/43 58/169/43
f 59/176/44 60/175/44 58/174/44 57/173/44
f 64/180/45 59/179/45 57/178/45 62/177/45
f 63/184/46 64/183/46 62/182/46 61/181/46
f 62/188/47 57/187/47 58/186/47 61/185/47
f 63/192/48 60/191/48 59/190/48 64/189/48
o cube
v -0.017684587402348434 0.20911998092959438 0.63438115121358
v -0.004260615258902919 0.4648978746276848 0.4553456349960977
v -0.013423972143445513 -0.1135825020826477 0.17367386386580075
v 0 0.1421953916154427 -0.005361652351681581
v -0.004260615258902919 0.4648978746276848 0.4553456349960977
v -0.017684587402348434 0.20911998092959438 0.63438115121358
v 0 0.1421953916154427 -0.005361652351681581
v -0.013423972143445513 -0.1135825020826477 0.17367386386580075
vt 0 1
vt 0 1
vt 0 0.5
vt 0 0.5
vt 0.09375 0.96875
vt 0.625 0.96875
vt 0.625 0
vt 0.09375 0
vt 0 1
vt 0 1
vt 0 0.5
vt 0 0.5
vt 0.875 1
vt 1 1
vt 1 0.8125
vt 0.875 0.8125
vt 0 1
vt 0 1
vt 0 0.5
vt 0 0.5
vt 0 1
vt 0 1
vt 0 0.5
vt 0 0.5
vn 0.04295671085902565 0.8184892598338893 -0.5729136518959435
vn 0.9990482215818577 -0.030843564597231893 0.03084356459723189
vn -0.04295671085902565 -0.8184892598338893 0.5729136518959435
vn -0.9990482215818577 0.030843564597231893 -0.03084356459723189
vn -0.00757442712693852 0.5736933031328748 0.8190351775071633
vn 0.00757442712693852 -0.5736933031328748 -0.8190351775071633
g Leaf_Short
f 68/196/49 71/195/49 69/194/49 66/193/49
f 67/200/50 68/199/50 66/198/50 65/197/50
f 72/204/51 67/203/51 65/202/51 70/201/51
f 71/208/52 72/207/52 70/206/52 69/205/52
f 70/212/53 65/211/53 66/210/53 69/209/53
f 71/216/54 68/215/54 67/214/54 72/213/54
o cube
v 0.021786102465304266 0.47522250038745667 -0.378004177014829
v 0.02059807743279686 0.23585194209933058 -0.5788936352284272
v -0.0026564364000844914 0.11403159692264805 0.05251869525572674
v -0.003844461432591897 -0.12533896136547806 -0.14837076295787133
v 0.02059807743279686 0.23585194209933058 -0.5788936352284272
v 0.021786102465304266 0.47522250038745667 -0.378004177014829
v -0.003844461432591897 -0.12533896136547806 -0.14837076295787133
v -0.0026564364000844914 0.11403159692264805 0.05251869525572674
vt 0 1
vt 0 1
vt 0 0.5
vt 0 0.5
vt 0.625 0.96875
vt 0.09375 0.96875
vt 0.09375 0
vt 0.625 0
vt 0 1
vt 0 1
vt 0 0.5
vt 0 0.5
vt 0.875 1
vt 1 1
vt 1 0.8125
vt 0.875 0.8125
vt 0 1
vt 0 1
vt 0 0.5
vt 0 0.5
vt 0 1
vt 0 1
vt 0 0.5
vt 0 0.5
vn -0.0038016801040237046 -0.7659857865220036 -0.6428462662835138
vn 0.9990482215818577 -0.030843564597231893 0.030843564597231886
vn 0.0038016801040237046 0.7659857865220036 0.6428462662835138
vn -0.9990482215818577 0.030843564597231893 -0.030843564597231886
vn 0.04345340242735779 0.6421171617152155 -0.7653739951476547
vn -0.04345340242735779 -0.6421171617152155 0.7653739951476547
g Leaf_Short
f 76/220/55 79/219/55 77/218/55 74/217/55
f 75/224/56 76/223/56 74/222/56 73/221/56
f 80/228/57 75/227/57 73/226/57 78/225/57
f 79/232/58 80/231/58 78/230/58 77/229/58
f 78/236/59 73/235/59 74/234/59 77/233/59
f 79/240/60 76/239/60 75/238/60 80/237/60
o cube
v 0.0625 0.125 0.015625000000000017
v -0.078125 0.125 0.015624999999999986
v 0.0625 0 0.015625000000000017
v -0.078125 0 0.015624999999999986
v -0.078125 0.125 0.015624999999999986
v 0.0625 0.125 0.015625000000000017
v -0.078125 0 0.015624999999999986
v 0.0625 0 0.015625000000000017
vt 0 1
vt 0 1
vt 0 0.875
vt 0 0.875
vt 0.375 0.21875
vt 0.5625 0.21875
vt 0.5625 0
vt 0.375 0
vt 0 1
vt 0 1
vt 0 0.875
vt 0 0.875
vt 0 1
vt 0.125 1
vt 0.125 0.875
vt 0 0.875
vt 0 1
vt 0 1
vt 0 0.875
vt 0 0.875
vt 0 1
vt 0 1
vt 0 0.875
vt 0 0.875
vn -1 0 0
vn 0 0 -1
vn 1 0 0
vn 0 0 1
vn 0 1 0
vn 0 -1 0
g Stem
f 84/244/61 87/243/61 85/242/61 82/241/61
f 83/248/62 84/247/62 82/246/62 81/245/62
f 88/252/63 83/251/63 81/250/63 86/249/63
f 87/256/64 88/255/64 86/254/64 85/253/64
f 86/260/65 81/259/65 82/258/65 85/257/65
f 87/264/66 84/263/66 83/262/66 88/261/66
o cube
v 0 0.125 0.078125
v 0 0.125 -0.0625
v 0 0 0.078125
v 0 0 -0.0625
v 0 0.125 -0.0625
v 0 0.125 0.078125
v 0 0 -0.0625
v 0 0 0.078125
vt 0 1
vt 0 1
vt 0 0.875
vt 0 0.875
vt 0.375 0.21875
vt 0.5625 0.21875
vt 0.5625 0
vt 0.375 0
vt 0 1
vt 0 1
vt 0 0.875
vt 0 0.875
vt 0 1
vt 0.125 1
vt 0.125 0.875
vt 0 0.875
vt 0 1
vt 0 1
vt 0 0.875
vt 0 0.875
vt 0 1
vt 0 1
vt 0 0.875
vt 0 0.875
vn 0 0 -1
vn 1 0 0
vn 0 0 1
vn -1 0 0
vn 0 1 0
vn 0 -1 0
g Stem
f 92/268/67 95/267/67 93/266/67 90/265/67
f 91/272/68 92/271/68 90/270/68 89/269/68
f 96/276/69 91/275/69 89/274/69 94/273/69
f 95/280/70 96/279/70 94/278/70 93/277/70
f 94/284/71 89/283/71 90/282/71 93/281/71
f 95/288/72 92/287/72 91/286/72 96/285/72
