# Made in Blockbench 4.1.3

o cube
v -0.20849434973413758 0.37918567853051544 -0.0920111012237005
v 0.024003221354516872 0.03542696228696345 0.04648465482846569
v -0.20849434973413758 0.37918567853051544 -0.0920111012237005
v 0.024003221354516872 0.03542696228696345 0.04648465482846569
v -0.024420367470184653 -0.03429172766191072 -0.0452729623874853
v -0.2569179385588391 0.30946698858164123 -0.18376871843965148
v -0.024420367470184653 -0.03429172766191072 -0.0452729623874853
v -0.2569179385588391 0.30946698858164123 -0.18376871843965148
vt 0 1
vt 0.1875 1
vt 0.1875 1
vt 0 1
vt 0 1
vt 1 1
vt 1 1
vt 0 1
vt 0 1
vt 0.1875 1
vt 0.1875 1
vt 0 1
vt 0 1
vt 1 1
vt 1 1
vt 0 1
vt 0 1
vt 0.1875 1
vt 0.1875 0
vt 0 0
vt 0.40625 0.3125
vt 0.5 0.3125
vt 0.5 0
vt 0.40625 0
vn 0.5314230196312105 -0.7857342085566902 0.31656172811923683
vn 0.38738871059761243 0.5577495195909935 0.7340609377276082
vn -0.5314230196312105 0.7857342085566902 -0.31656172811923683
vn -0.38738871059761243 -0.5577495195909935 -0.7340609377276082
vn 0.7533389417171832 0.2674644404398601 -0.6007854958241143
vn -0.7533389417171832 -0.2674644404398601 0.6007854958241143
g Leaf
f 4/4/1 7/3/1 5/2/1 2/1/1
f 3/8/2 4/7/2 2/6/2 1/5/2
f 8/12/3 3/11/3 1/10/3 6/9/3
f 7/16/4 8/15/4 6/14/4 5/13/4
f 6/20/5 1/19/5 2/18/5 5/17/5
f 7/24/6 4/23/6 3/22/6 8/21/6
o cube
v -0.5293274150736029 0.6718329022679305 -0.14505402851905624
v -0.20848218293310117 0.3791716850446312 -0.09200688961332211
v -0.5293274150736029 0.6718329022679305 -0.14505402851905624
v -0.20848218293310117 0.3791716850446312 -0.09200688961332211
v -0.25690577175780266 0.309452995095757 -0.18376450682927306
v -0.5777510038983045 0.6021142123190563 -0.23681164573500724
v -0.25690577175780266 0.309452995095757 -0.18376450682927306
v -0.5777510038983045 0.6021142123190563 -0.23681164573500724
vt 0 1
vt 0.1875 1
vt 0.1875 1
vt 0 1
vt 0 1
vt 1 1
vt 1 1
vt 0 1
vt 0 1
vt 0.1875 1
vt 0.1875 1
vt 0 1
vt 0 1
vt 1 1
vt 1 1
vt 0 1
vt 0 1
vt 0.1875 1
vt 0.1875 0
vt 0 0
vt 0.40625 0.625
vt 0.5 0.625
vt 0.5 0.3125
vt 0.40625 0.3125
vn 0.7333605306068618 -0.668939925081827 0.12125060321310657
vn 0.3873887105976123 0.5577495195909934 0.7340609377276082
vn -0.7333605306068618 0.668939925081827 -0.12125060321310657
vn -0.3873887105976123 -0.5577495195909934 -0.7340609377276082
vn 0.5586701343812301 0.4913602039517809 -0.6681712586776855
vn -0.5586701343812301 -0.4913602039517809 0.6681712586776855
g Leaf
f 12/28/7 15/27/7 13/26/7 10/25/7
f 11/32/8 12/31/8 10/30/8 9/29/8
f 16/36/9 11/35/9 9/34/9 14/33/9
f 15/40/10 16/39/10 14/38/10 13/37/10
f 14/44/11 9/43/11 10/42/11 13/41/11
f 15/48/12 12/47/12 11/46/12 16/45/12
o cube
v -0.7597700110006059 0.7297099428625657 -0.06741746514007742
v -0.5292922970143266 0.6718137968370325 -0.1450580449360119
v -0.7597700110006059 0.7297099428625657 -0.06741746514007742
v -0.5292922970143266 0.6718137968370325 -0.1450580449360119
v -0.5777158858390281 0.6020951068881583 -0.2368156621519629
v -0.8081935998253075 0.6599912529136915 -0.1591750823560284
v -0.5777158858390281 0.6020951068881583 -0.2368156621519629
v -0.8081935998253075 0.6599912529136915 -0.1591750823560284
vt 0 1
vt 0.1875 1
vt 0.1875 1
vt 0 1
vt 0 1
vt 1 1
vt 1 1
vt 0 1
vt 0 1
vt 0.1875 1
vt 0.1875 1
vt 0 1
vt 0 1
vt 1 1
vt 1 1
vt 0 1
vt 0 1
vt 0.1875 1
vt 0.1875 0
vt 0 0
vt 0.40625 0.78125
vt 0.5 0.78125
vt 0.5 0.625
vt 0.40625 0.625
vn 0.921910855945118 -0.2315845841021334 -0.31056231918373794
vn 0.3873887105976123 0.5577495195909934 0.7340609377276082
vn -0.921910855945118 0.2315845841021334 0.31056231918373794
vn -0.3873887105976123 -0.5577495195909934 -0.7340609377276082
vn -0.0032187873585245463 0.7970470838051276 -0.6039085904387208
vn 0.0032187873585245463 -0.7970470838051276 0.6039085904387208
g Leaf
f 20/52/13 23/51/13 21/50/13 18/49/13
f 19/56/14 20/55/14 18/54/14 17/53/14
f 24/60/15 19/59/15 17/58/15 22/57/15
f 23/64/16 24/63/16 22/62/16 21/61/16
f 22/68/17 17/67/17 18/66/17 21/65/17
f 23/72/18 20/71/18 19/70/18 24/69/18
o cube
v -1.0301290468268758 0.712524298854295 0.08831800190509635
v -0.7597503161267665 0.7297079966892287 -0.0674263800600819
v -1.0301290468268758 0.712524298854295 0.08831800190509635
v -0.7597503161267665 0.7297079966892287 -0.0674263800600819
v -0.808173904951468 0.6599893067403545 -0.15918399727603288
v -1.0785526356515773 0.6428056089054208 -0.003439615310854636
v -0.808173904951468 0.6599893067403545 -0.15918399727603288
v -1.0785526356515773 0.6428056089054208 -0.003439615310854636
vt 0 1
vt 0.1875 1
vt 0.1875 1
vt 0 1
vt 0 1
vt 1 1
vt 1 1
vt 0 1
vt 0 1
vt 0.1875 1
vt 0.1875 1
vt 0 1
vt 0 1
vt 1 1
vt 1 1
vt 0 1
vt 0 1
vt 0.1875 1
vt 0.1875 0
vt 0 0
vt 0.40625 1
vt 0.5 1
vt 0.5 0.78125
vt 0.40625 0.78125
vn 0.8652119382403506 0.05498783307178761 -0.4983820222885704
vn 0.3873887105976124 0.5577495195909935 0.7340609377276082
vn -0.8652119382403506 -0.05498783307178761 0.4983820222885704
vn -0.3873887105976124 -0.5577495195909935 -0.7340609377276082
vn -0.31833675381252374 0.8281858557172328 -0.46126987714571127
vn 0.31833675381252374 -0.8281858557172328 0.46126987714571127
g Leaf
f 28/76/19 31/75/19 29/74/19 26/73/19
f 27/80/20 28/79/20 26/78/20 25/77/20
f 32/84/21 27/83/21 25/82/21 30/81/21
f 31/88/22 32/87/22 30/86/22 29/85/22
f 30/92/23 25/91/23 26/90/23 29/89/23
f 31/96/24 28/95/24 27/94/24 32/93/24
o cube
v 0.2766895462814045 0.329398345154668 -0.10670526585143811
v 0.03314624396760458 -0.028809194238247626 -0.045221376740859895
v 0.2766895462814045 0.329398345154668 -0.10670526585143811
v 0.03314624396760458 -0.028809194238247626 -0.045221376740859895
v -0.02935375375330152 0.02935519520426938 0.04607842657582828
v 0.21418954856049843 0.387562734597185 -0.015405462534749939
v -0.02935375375330152 0.02935519520426938 0.04607842657582828
v 0.21418954856049843 0.387562734597185 -0.015405462534749939
vt 0 1
vt 0.1875 1
vt 0.1875 1
vt 0 1
vt 0 1
vt 1 1
vt 1 1
vt 0 1
vt 0 1
vt 0.1875 1
vt 0.1875 1
vt 0 1
vt 0 1
vt 1 1
vt 1 1
vt 0 1
vt 0 1
vt 0.1875 1
vt 0.1875 0
vt 0 0
vt 0.40625 0.3125
vt 0.5 0.3125
vt 0.5 0
vt 0.40625 0
vn -0.5566704052886856 -0.81876009004095 0.14053460368132148
vn 0.4999999817672488 -0.4653151155401362 -0.7303984265335055
vn 0.5566704052886856 0.81876009004095 -0.14053460368132148
vn -0.4999999817672488 0.4653151155401362 0.7303984265335055
vn -0.6634139568237026 0.3363238888422964 -0.6684071840469051
vn 0.6634139568237026 -0.3363238888422964 0.6684071840469051
g Leaf
f 36/100/25 39/99/25 37/98/25 34/97/25
f 35/104/26 36/103/26 34/102/26 33/101/26
f 40/108/27 35/107/27 33/106/27 38/105/27
f 39/112/28 40/111/28 38/110/28 37/109/28
f 38/116/29 33/115/29 34/114/29 37/113/29
f 39/120/30 36/119/30 35/118/30 40/117/30
o cube
v 0.5962264763876018 0.6267661694201121 -0.077407946821568
v 0.27667716510330886 0.3293839301657104 -0.10670455812342086
v 0.5962264763876018 0.6267661694201121 -0.077407946821568
v 0.27667716510330886 0.3293839301657104 -0.10670455812342086
v 0.21417716738240275 0.3875483196082274 -0.015404754806732686
v 0.5337264786666958 0.6849305588626291 0.013891856495120177
v 0.21417716738240275 0.3875483196082274 -0.015404754806732686
v 0.5337264786666958 0.6849305588626291 0.013891856495120177
vt 0 1
vt 0.1875 1
vt 0.1875 1
vt 0 1
vt 0 1
vt 1 1
vt 1 1
vt 0 1
vt 0 1
vt 0.1875 1
vt 0.1875 1
vt 0 1
vt 0 1
vt 1 1
vt 1 1
vt 0 1
vt 0 1
vt 0.1875 1
vt 0.1875 0
vt 0 0
vt 0.40625 0.625
vt 0.5 0.625
vt 0.5 0.3125
vt 0.40625 0.3125
vn -0.7303984257926696 -0.6797308325814896 -0.06696368297566384
vn 0.49999998176724886 -0.46531511554013616 -0.7303984265335055
vn 0.7303984257926696 0.6797308325814896 0.06696368297566384
vn -0.49999998176724886 0.46531511554013616 0.7303984265335055
vn -0.4653151167030157 0.566963701208415 -0.6797308317854313
vn 0.4653151167030157 -0.566963701208415 0.6797308317854313
g Leaf
f 44/124/31 47/123/31 45/122/31 42/121/31
f 43/128/32 44/127/32 42/126/32 41/125/32
f 48/132/33 43/131/33 41/130/33 46/129/33
f 47/136/34 48/135/34 46/134/34 45/133/34
f 46/140/35 41/139/35 42/138/35 45/137/35
f 47/144/36 44/143/36 43/142/36 48/141/36
o cube
v 0.8118751583056365 0.6752779032677995 0.03931066988105015
v 0.5961926767482462 0.6267476298718597 -0.0774192736354327
v 0.8118751583056365 0.6752779032677995 0.03931066988105015
v 0.5961926767482462 0.6267476298718597 -0.0774192736354327
v 0.53369267902734 0.6849120193143767 0.01388052968125548
v 0.7493751605847304 0.7334422927103165 0.13061047319773833
v 0.53369267902734 0.6849120193143767 0.01388052968125548
v 0.7493751605847304 0.7334422927103165 0.13061047319773833
vt 0 1
vt 0.1875 1
vt 0.1875 1
vt 0 1
vt 0 1
vt 1 1
vt 1 1
vt 0 1
vt 0 1
vt 0.1875 1
vt 0.1875 1
vt 0 1
vt 0 1
vt 1 1
vt 1 1
vt 0 1
vt 0 1
vt 0.1875 1
vt 0.1875 0
vt 0 0
vt 0.40625 0.78125
vt 0.5 0.78125
vt 0.5 0.625
vt 0.40625 0.625
vn -0.8627299262295617 -0.19412109358375923 -0.46691977406593155
vn 0.4999999817672489 -0.4653151155401362 -0.7303984265335055
vn 0.8627299262295617 0.19412109358375923 0.46691977406593155
vn -0.4999999817672489 0.4653151155401362 0.7303984265335055
vn 0.07547908730692214 0.8635964591611729 -0.49850181855595954
vn -0.07547908730692214 -0.8635964591611729 0.49850181855595954
g Leaf
f 52/148/37 55/147/37 53/146/37 50/145/37
f 51/152/38 52/151/38 50/150/38 49/149/38
f 56/156/39 51/155/39 49/154/39 54/153/39
f 55/160/40 56/159/40 54/158/40 53/157/40
f 54/164/41 49/163/41 50/162/41 53/161/41
f 55/168/42 52/167/42 51/166/42 56/165/42
o cube
v 1.0571337437225454 0.6399791257754709 0.2296921629299063
v 0.8118570008630811 0.6752770087624381 0.039298809923845275
v 1.0571337437225454 0.6399791257754709 0.2296921629299063
v 0.8118570008630811 0.6752770087624381 0.039298809923845275
v 0.749357003142175 0.7334413982049551 0.13059861324053346
v 0.9946337460016395 0.6981435152179879 0.3209919662465945
v 0.749357003142175 0.7334413982049551 0.13059861324053346
v 0.9946337460016395 0.6981435152179879 0.3209919662465945
vt 0 1
vt 0.1875 1
vt 0.1875 1
vt 0 1
vt 0 1
vt 1 1
vt 1 1
vt 0 1
vt 0 1
vt 0.1875 1
vt 0.1875 1
vt 0 1
vt 0 1
vt 1 1
vt 1 1
vt 0 1
vt 0 1
vt 0.1875 1
vt 0.1875 0
vt 0 0
vt 0.40625 1
vt 0.5 1
vt 0.5 0.78125
vt 0.40625 0.78125
vn -0.7848855771502861 0.11295322555829507 -0.6092587296193952
vn 0.4999999817672488 -0.46531511554013627 -0.7303984265335055
vn 0.7848855771502861 -0.11295322555829507 0.6092587296193952
vn -0.4999999817672488 0.46531511554013627 0.7303984265335055
vn 0.36599815438634825 0.877908544260646 -0.3087425122977723
vn -0.36599815438634825 -0.877908544260646 0.3087425122977723
g Leaf
f 60/172/43 63/171/43 61/170/43 58/169/43
f 59/176/44 60/175/44 58/174/44 57/173/44
f 64/180/45 59/179/45 57/178/45 62/177/45
f 63/184/46 64/183/46 62/182/46 61/181/46
f 62/188/47 57/187/47 58/186/47 61/185/47
f 63/192/48 60/191/48 59/190/48 64/189/48
o cube
v 0.17027590206141538 0.37154946821509094 -0.17240101935831945
v 0.03842127494476024 -0.025184744002172178 -0.043472464862910926
v 0.17027590206141538 0.37154946821509094 -0.17240101935831945
v 0.03842127494476024 -0.025184744002172178 -0.043472464862910926
v -0.03283910214565971 0.027204001499890034 0.04485860555770216
v 0.09901552497099543 0.4239382137171531 -0.08406994893770636
v -0.03283910214565971 0.027204001499890034 0.04485860555770216
v 0.09901552497099543 0.4239382137171531 -0.08406994893770636
vt 0 1
vt 0.1875 1
vt 0.1875 1
vt 0 1
vt 0 1
vt 1 1
vt 1 1
vt 0 1
vt 0 1
vt 0.1875 1
vt 0.1875 1
vt 0 1
vt 0 1
vt 1 1
vt 1 1
vt 0 1
vt 0 1
vt 0.1875 1
vt 0.1875 0
vt 0 0
vt 0.40625 0.3125
vt 0.5 0.3125
vt 0.5 0
vt 0.40625 0
vn -0.30138200483806893 -0.9068210564966014 0.29469383884664796
vn 0.5700830167233597 -0.4191099640164977 -0.7066485633649048
vn 0.30138200483806893 0.9068210564966014 -0.29469383884664796
vn -0.5700830167233597 0.4191099640164977 0.7066485633649048
vn -0.7643129209972706 0.044971208083371454 -0.6432754847187495
vn 0.7643129209972706 -0.044971208083371454 0.6432754847187495
g Leaf
f 68/196/49 71/195/49 69/194/49 66/193/49
f 67/200/50 68/199/50 66/198/50 65/197/50
f 72/204/51 67/203/51 65/202/51 70/201/51
f 71/208/52 72/207/52 70/206/52 69/205/52
f 70/212/53 65/211/53 66/210/53 69/209/53
f 71/216/54 68/215/54 67/214/54 72/213/54
o cube
v 0.39657210083992134 0.7439883409403955 -0.21073014684510552
v 0.1702680269329609 0.3715325554051524 -0.1723973416459274
v 0.39657210083992134 0.7439883409403955 -0.21073014684510552
v 0.1702680269329609 0.3715325554051524 -0.1723973416459274
v 0.09900764984254092 0.4239213009072146 -0.0840662712253143
v 0.32531172374950135 0.7963770864424576 -0.12239907642449244
v 0.09900764984254092 0.4239213009072146 -0.0840662712253143
v 0.32531172374950135 0.7963770864424576 -0.12239907642449244
vt 0 1
vt 0.1875 1
vt 0.1875 1
vt 0 1
vt 0 1
vt 1 1
vt 1 1
vt 0 1
vt 0 1
vt 0.1875 1
vt 0.1875 1
vt 0 1
vt 0 1
vt 1 1
vt 1 1
vt 0 1
vt 0 1
vt 0.1875 1
vt 0.1875 0
vt 0 0
vt 0.40625 0.625
vt 0.5 0.625
vt 0.5 0.3125
vt 0.40625 0.3125
vn -0.517266454644481 -0.8513275097948411 0.08761784045526415
vn 0.5700830167233596 -0.41910996401649775 -0.7066485633649047
vn 0.517266454644481 0.8513275097948411 -0.08761784045526415
vn -0.5700830167233596 0.41910996401649775 0.7066485633649047
vn -0.6383108717099553 0.315576154245857 -0.7021188801964181
vn 0.6383108717099553 -0.315576154245857 0.7021188801964181
g Leaf
f 76/220/55 79/219/55 77/218/55 74/217/55
f 75/224/56 76/223/56 74/222/56 73/221/56
f 80/228/57 75/227/57 73/226/57 78/225/57
f 79/232/58 80/231/58 78/230/58 77/229/58
f 78/236/59 73/235/59 74/234/59 77/233/59
f 79/240/60 76/239/60 75/238/60 80/237/60
o cube
v 0.5962827030530594 0.8647832590164152 -0.12125813474332815
v 0.39654417604636993 0.7439600257769721 -0.2107358813553496
v 0.5962827030530594 0.8647832590164152 -0.12125813474332815
v 0.39654417604636993 0.7439600257769721 -0.2107358813553496
v 0.32528379895595 0.7963487712790343 -0.12240481093473653
v 0.5250223259626395 0.9171720045184774 -0.0329270643227151
v 0.32528379895595 0.7963487712790343 -0.12240481093473653
v 0.5250223259626395 0.9171720045184774 -0.0329270643227151
vt 0 1
vt 0.1875 1
vt 0.1875 1
vt 0 1
vt 0 1
vt 1 1
vt 1 1
vt 0 1
vt 0 1
vt 0.1875 1
vt 0.1875 1
vt 0 1
vt 0 1
vt 1 1
vt 1 1
vt 0 1
vt 0 1
vt 0.1875 1
vt 0.1875 0
vt 0 0
vt 0.40625 0.78125
vt 0.5 0.78125
vt 0.5 0.625
vt 0.40625 0.625
vn -0.7989541080267581 -0.483292932957772 -0.35791098644808583
vn 0.5700830167233597 -0.4191099640164977 -0.7066485633649046
vn 0.7989541080267581 0.483292932957772 0.35791098644808583
vn -0.5700830167233597 0.4191099640164977 0.7066485633649046
vn -0.19151419610765444 0.7686187475043558 -0.6103667206475747
vn 0.19151419610765444 -0.7686187475043558 0.6103667206475747
g Leaf
f 84/244/61 87/243/61 85/242/61 82/241/61
f 83/248/62 84/247/62 82/246/62 81/245/62
f 88/252/63 83/251/63 81/250/63 86/249/63
f 87/256/64 88/255/64 86/254/64 85/253/64
f 86/260/65 81/259/65 82/258/65 85/257/65
f 87/264/66 84/263/66 83/262/66 88/261/66
o cube
v 0.8513502126889055 0.9245457340432423 0.04907067202611774
v 0.5962649025448518 0.8647758251075668 -0.12126808614281144
v 0.8513502126889055 0.9245457340432423 0.04907067202611774
v 0.5962649025448518 0.8647758251075668 -0.12126808614281144
v 0.5250045254544318 0.917164570609629 -0.032937015722198384
v 0.7800898355984855 0.9769344795453044 0.13740174244673078
v 0.5250045254544318 0.917164570609629 -0.032937015722198384
v 0.7800898355984855 0.9769344795453044 0.13740174244673078
vt 0 1
vt 0.1875 1
vt 0.1875 1
vt 0 1
vt 0 1
vt 1 1
vt 1 1
vt 0 1
vt 0 1
vt 0.1875 1
vt 0.1875 1
vt 0 1
vt 0 1
vt 1 1
vt 1 1
vt 0 1
vt 0 1
vt 0.1875 1
vt 0.1875 0
vt 0 0
vt 0.40625 1
vt 0.5 1
vt 0.5 0.78125
vt 0.40625 0.78125
vn -0.8162729924609722 -0.19126370859416136 -0.5450840261405734
vn 0.5700830167233597 -0.41910996401649764 -0.7066485633649047
vn 0.8162729924609722 0.19126370859416136 0.5450840261405734
vn -0.5700830167233597 0.41910996401649764 0.7066485633649047
vn 0.09329392167983544 0.8875612834260506 -0.4511443364830142
vn -0.09329392167983544 -0.8875612834260506 0.4511443364830142
g Leaf
f 92/268/67 95/267/67 93/266/67 90/265/67
f 91/272/68 92/271/68 90/270/68 89/269/68
f 96/276/69 91/275/69 89/274/69 94/273/69
f 95/280/70 96/279/70 94/278/70 93/277/70
f 94/284/71 89/283/71 90/282/71 93/281/71
f 95/288/72 92/287/72 91/286/72 96/285/72
o cube
v 0.06753024643054763 0.30386697770770793 -0.3159303256693465
v 0.012999095001862342 -0.03764609579642235 -0.04797244810344177
v 0.06753024643054763 0.30386697770770793 -0.3159303256693465
v 0.012999095001862342 -0.03764609579642235 -0.04797244810344177
v -0.005234030299240081 0.04047866115078727 0.04788721752133354
v 0.0492971211294452 0.3819917346549176 -0.22007066004457118
v -0.005234030299240081 0.04047866115078727 0.04788721752133354
v 0.0492971211294452 0.3819917346549176 -0.22007066004457118
vt 0 1
vt 0.1875 1
vt 0.1875 1
vt 0 1
vt 0 1
vt 1 1
vt 1 1
vt 0 1
vt 0 1
vt 0.1875 1
vt 0.1875 1
vt 0 1
vt 0 1
vt 1 1
vt 1 1
vt 0 1
vt 0 1
vt 0.1875 1
vt 0.1875 0
vt 0 0
vt 0.40625 0.3125
vt 0.5 0.3125
vt 0.5 0
vt 0.40625 0
vn -0.1246426318369946 -0.7806013108665836 0.6124751487220679
vn 0.14586500240881942 -0.6249980555776768 -0.7668773249982024
vn 0.1246426318369946 0.7806013108665836 -0.6124751487220679
vn -0.14586500240881942 0.6249980555776768 0.7668773249982024
vn -0.9814212222083963 0.006246919040204008 -0.19176381463008776
vn 0.9814212222083963 -0.006246919040204008 0.19176381463008776
g Leaf
f 100/292/73 103/291/73 101/290/73 98/289/73
f 99/296/74 100/295/74 98/294/74 97/293/74
f 104/300/75 99/299/75 97/298/75 102/297/75
f 103/304/76 104/303/76 102/302/76 101/301/76
f 102/308/77 97/307/77 98/306/77 101/305/77
f 103/312/78 100/311/78 99/310/78 104/309/78
o cube
v 0.24864693420374664 0.628737295078415 -0.5462471244789784
v 0.06752506493473757 0.30385232506858595 -0.31591936945537624
v 0.24864693420374664 0.628737295078415 -0.5462471244789784
v 0.06752506493473757 0.30385232506858595 -0.31591936945537624
v 0.04929193963363514 0.38197708201579555 -0.22005970383060097
v 0.2304138089026442 0.7068620520256247 -0.45038745885420306
v 0.04929193963363514 0.38197708201579555 -0.22005970383060097
v 0.2304138089026442 0.7068620520256247 -0.45038745885420306
vt 0 1
vt 0.1875 1
vt 0.1875 1
vt 0 1
vt 0 1
vt 1 1
vt 1 1
vt 0 1
vt 0 1
vt 0.1875 1
vt 0.1875 1
vt 0 1
vt 0 1
vt 1 1
vt 1 1
vt 0 1
vt 0 1
vt 0.1875 1
vt 0.1875 0
vt 0 0
vt 0.40625 0.625
vt 0.5 0.625
vt 0.5 0.3125
vt 0.40625 0.3125
vn -0.4139928440434491 -0.7425942171653237 0.5264634400539476
vn 0.1458650024088194 -0.6249980555776767 -0.7668773249982024
vn 0.4139928440434491 0.7425942171653237 -0.5264634400539476
vn -0.1458650024088194 0.6249980555776767 0.7668773249982024
vn -0.8985172931853296 0.24068913385681392 -0.36706322982582346
vn 0.8985172931853296 -0.24068913385681392 0.36706322982582346
g Leaf
f 108/316/79 111/315/79 109/314/79 106/313/79
f 107/320/80 108/319/80 106/318/80 105/317/80
f 112/324/81 107/323/81 105/322/81 110/321/81
f 111/328/82 112/327/82 110/326/82 109/325/82
f 110/332/83 105/331/83 106/330/83 109/329/83
f 111/336/84 108/335/84 107/334/84 112/333/84
o cube
v 0.46747589731467803 0.739366485156646 -0.5947862326835656
v 0.24861957804790608 0.6287121497577661 -0.5462318345878933
v 0.46747589731467803 0.739366485156646 -0.5947862326835656
v 0.24861957804790608 0.6287121497577661 -0.5462318345878933
v 0.23038645274680364 0.7068369067049758 -0.45037216896311794
v 0.4492427720135756 0.8174912421038557 -0.49892656705879024
v 0.23038645274680364 0.7068369067049758 -0.45037216896311794
v 0.4492427720135756 0.8174912421038557 -0.49892656705879024
vt 0 1
vt 0.1875 1
vt 0.1875 1
vt 0 1
vt 0 1
vt 1 1
vt 1 1
vt 0 1
vt 0 1
vt 0.1875 1
vt 0.1875 1
vt 0 1
vt 0 1
vt 1 1
vt 1 1
vt 0 1
vt 0 1
vt 0.1875 1
vt 0.1875 0
vt 0 0
vt 0.40625 0.78125
vt 0.5 0.78125
vt 0.5 0.625
vt 0.40625 0.625
vn -0.8754252770670877 -0.4426173415955193 0.19421759238268904
vn 0.14586500240881933 -0.6249980555776767 -0.7668773249982024
vn 0.8754252770670877 0.4426173415955193 -0.19421759238268904
vn -0.14586500240881933 0.6249980555776767 0.7668773249982024
vn -0.460818820518746 0.6430142451322821 -0.6117014755684944
vn 0.460818820518746 -0.6430142451322821 0.6117014755684944
g Leaf
f 116/340/85 119/339/85 117/338/85 114/337/85
f 115/344/86 116/343/86 114/342/86 113/341/86
f 120/348/87 115/347/87 113/346/87 118/345/87
f 119/352/88 120/351/88 118/350/88 117/349/88
f 118/356/89 113/355/89 114/354/89 117/353/89
f 119/360/90 116/359/90 115/358/90 120/357/90
o cube
v 0.7737804445573215 0.8006095802625797 -0.5864377029332195
v 0.4674554470728251 0.7393594473098934 -0.5947843866699823
v 0.7737804445573215 0.8006095802625797 -0.5864377029332195
v 0.4674554470728251 0.7393594473098934 -0.5947843866699823
v 0.44922232177172267 0.8174842042571031 -0.4989247210452071
v 0.7555473192562191 0.8787343372097893 -0.4905780373084443
v 0.44922232177172267 0.8174842042571031 -0.4989247210452071
v 0.7555473192562191 0.8787343372097893 -0.4905780373084443
vt 0 1
vt 0.1875 1
vt 0.1875 1
vt 0 1
vt 0 1
vt 1 1
vt 1 1
vt 0 1
vt 0 1
vt 0.1875 1
vt 0.1875 1
vt 0 1
vt 0 1
vt 1 1
vt 1 1
vt 0 1
vt 0 1
vt 0.1875 1
vt 0.1875 0
vt 0 0
vt 0.40625 1
vt 0.5 1
vt 0.5 0.78125
vt 0.40625 0.78125
vn -0.9802399919503886 -0.1960004254485953 -0.026709387957641124
vn 0.14586500240881936 -0.6249980555776768 -0.7668773249982024
vn 0.9802399919503886 0.1960004254485953 0.026709387957641124
vn -0.14586500240881936 0.6249980555776768 0.7668773249982024
vn -0.13361496642733314 0.7556197878219528 -0.6412376914986594
vn 0.13361496642733314 -0.7556197878219528 0.6412376914986594
g Leaf
f 124/364/91 127/363/91 125/362/91 122/361/91
f 123/368/92 124/367/92 122/366/92 121/365/92
f 128/372/93 123/371/93 121/370/93 126/369/93
f 127/376/94 128/375/94 126/374/94 125/373/94
f 126/380/95 121/379/95 122/378/95 125/377/95
f 127/384/96 124/383/96 123/382/96 128/381/96
o cube
v 0.12337760071639389 0.3759998890929004 -0.20053478214961884
v 0.05658283365064991 -0.01775198174264661 -0.02191738852251504
v 0.12337760071639389 0.3759998890929004 -0.20053478214961884
v 0.05658283365064991 -0.01775198174264661 -0.02191738852251504
v -0.05223545104393219 0.022000678964181966 0.025022007328482483
v 0.014559316021811791 0.415752549799729 -0.1535953862986213
v -0.05223545104393219 0.022000678964181966 0.025022007328482483
v 0.014559316021811791 0.415752549799729 -0.1535953862986213
vt 0 1
vt 0.1875 1
vt 0.1875 1
vt 0 1
vt 0 1
vt 1 1
vt 1 1
vt 0 1
vt 0 1
vt 0.1875 1
vt 0.1875 1
vt 0 1
vt 0 1
vt 1 1
vt 1 1
vt 0 1
vt 0 1
vt 0.1875 1
vt 0.1875 0
vt 0 0
vt 0.40625 0.3125
vt 0.5 0.3125
vt 0.5 0
vt 0.40625 0
vn -0.15267375329312904 -0.9000042761955361 0.40826832829052306
vn 0.8705462775566568 -0.3180212856546286 -0.37551516680798025
vn 0.15267375329312904 0.9000042761955361 -0.40826832829052306
vn -0.8705462775566568 0.3180212856546286 0.37551516680798025
vn -0.4678032745584803 -0.29808516350252406 -0.8320488757350956
vn 0.4678032745584803 0.29808516350252406 0.8320488757350956
g Leaf
f 132/388/97 135/387/97 133/386/97 130/385/97
f 131/392/98 132/391/98 130/390/98 129/389/98
f 136/396/99 131/395/99 129/394/99 134/393/99
f 135/400/100 136/399/100 134/398/100 133/397/100
f 134/404/101 129/403/101 130/402/101 133/401/101
f 135/408/102 132/407/102 131/406/102 136/405/102
o cube
v 0.2486203111982433 0.7907256682644926 -0.26141661091707785
v 0.12337337813837806 0.37598211204232257 -0.20052951596843271
v 0.2486203111982433 0.7907256682644926 -0.26141661091707785
v 0.12337337813837806 0.37598211204232257 -0.20052951596843271
v 0.014555093443795963 0.41573477274915116 -0.1535901201174352
v 0.1398020265036612 0.8304783289713212 -0.2144772150660803
v 0.014555093443795963 0.41573477274915116 -0.1535901201174352
v 0.1398020265036612 0.8304783289713212 -0.2144772150660803
vt 0 1
vt 0.1875 1
vt 0.1875 1
vt 0 1
vt 0 1
vt 1 1
vt 1 1
vt 0 1
vt 0 1
vt 0.1875 1
vt 0.1875 1
vt 0 1
vt 0 1
vt 1 1
vt 1 1
vt 0 1
vt 0 1
vt 0.1875 1
vt 0.1875 0
vt 0 0
vt 0.40625 0.625
vt 0.5 0.625
vt 0.5 0.3125
vt 0.40625 0.3125
vn -0.28627870413683487 -0.9479852713649601 0.13917050273976017
vn 0.8705462775566569 -0.31802128565462867 -0.37551516680798036
vn 0.28627870413683487 0.9479852713649601 -0.13917050273976017
vn -0.8705462775566569 0.31802128565462867 0.37551516680798036
vn -0.40024202951462096 -0.013652367768270862 -0.9163077707104405
vn 0.40024202951462096 0.013652367768270862 0.9163077707104405
g Leaf
f 140/412/103 143/411/103 141/410/103 138/409/103
f 139/416/104 140/415/104 138/414/104 137/413/104
f 144/420/105 139/419/105 137/418/105 142/417/105
f 143/424/106 144/423/106 142/422/106 141/421/106
f 142/428/107 137/427/107 138/426/107 141/425/107
f 143/432/108 140/431/108 139/430/108 144/429/108
o cube
v 0.36629726869498075 0.9807890025065418 -0.14957278913879002
v 0.24860424969051184 0.7906894233824794 -0.26142315031151087
v 0.36629726869498075 0.9807890025065418 -0.14957278913879002
v 0.24860424969051184 0.7906894233824794 -0.26142315031151087
v 0.13978596499592974 0.830442084089308 -0.21448375446051332
v 0.25747898400039865 1.0205416632133701 -0.10263339328779249
v 0.13978596499592974 0.830442084089308 -0.21448375446051332
v 0.25747898400039865 1.0205416632133701 -0.10263339328779249
vt 0 1
vt 0.1875 1
vt 0.1875 1
vt 0 1
vt 0 1
vt 1 1
vt 1 1
vt 0 1
vt 0 1
vt 0.1875 1
vt 0.1875 1
vt 0 1
vt 0 1
vt 1 1
vt 1 1
vt 0 1
vt 0 1
vt 0.1875 1
vt 0.1875 0
vt 0 0
vt 0.40625 0.78125
vt 0.5 0.78125
vt 0.5 0.625
vt 0.40625 0.625
vn -0.4707720760178753 -0.7603983164962492 -0.44740144469088355
vn 0.8705462775566569 -0.3180212856546288 -0.3755151668079803
vn 0.4707720760178753 0.7603983164962492 0.44740144469088355
vn -0.8705462775566569 0.3180212856546288 0.3755151668079803
vn -0.14325791801526347 0.5662657169035107 -0.8116774647516619
vn 0.14325791801526347 -0.5662657169035107 0.8116774647516619
g Leaf
f 148/436/109 151/435/109 149/434/109 146/433/109
f 147/440/110 148/439/110 146/438/110 145/437/110
f 152/444/111 147/443/111 145/442/111 150/441/111
f 151/448/112 152/447/112 150/446/112 149/445/112
f 150/452/113 145/451/113 146/450/113 149/449/113
f 151/456/114 148/455/114 147/454/114 152/453/114
o cube
v 0.5198423339912509 1.1435456340389418 0.06854892487441493
v 0.36628666537932053 0.9807748824096288 -0.14958541229232153
v 0.5198423339912509 1.1435456340389418 0.06854892487441493
v 0.36628666537932053 0.9807748824096288 -0.14958541229232153
v 0.25746838068473843 1.0205275431164573 -0.10264601644132394
v 0.4110240492966688 1.1832982947457704 0.11548832072541253
v 0.25746838068473843 1.0205275431164573 -0.10264601644132394
v 0.4110240492966688 1.1832982947457704 0.11548832072541253
vt 0 1
vt 0.1875 1
vt 0.1875 1
vt 0 1
vt 0 1
vt 1 1
vt 1 1
vt 0 1
vt 0 1
vt 0.1875 1
vt 0.1875 1
vt 0 1
vt 0 1
vt 1 1
vt 1 1
vt 0 1
vt 0 1
vt 0.1875 1
vt 0.1875 0
vt 0 0
vt 0.40625 1
vt 0.5 1
vt 0.5 0.78125
vt 0.40625 0.78125
vn -0.49137813955817744 -0.5208664052138018 -0.6980298789335567
vn 0.8705462775566568 -0.31802128565462867 -0.3755151668079802
vn 0.49137813955817744 0.5208664052138018 0.6980298789335567
vn -0.8705462775566568 0.31802128565462867 0.3755151668079802
vn 0.026395124485260664 0.7921872567709156 -0.6097070178480636
vn -0.026395124485260664 -0.7921872567709156 0.6097070178480636
g Leaf
f 156/460/115 159/459/115 157/458/115 154/457/115
f 155/464/116 156/463/116 154/462/116 153/461/116
f 160/468/117 155/467/117 153/466/117 158/465/117
f 159/472/118 160/471/118 158/470/118 157/469/118
f 158/476/119 153/475/119 154/474/119 157/473/119
f 159/480/120 156/479/120 155/478/120 160/477/120
o cube
v -0.18484890564032042 0.4016154673258333 0.0066529100311694045
v 0.03825758360715577 0.026974161388228127 0.04234095202049012
v -0.18484890564032042 0.4016154673258333 0.0066529100311694045
v 0.03825758360715577 0.026974161388228127 0.04234095202049012
v -0.0378375971067792 -0.02630939268736964 -0.04129747417935193
v -0.26094408635425537 0.3483319132502355 -0.07698551616867265
v -0.0378375971067792 -0.02630939268736964 -0.04129747417935193
v -0.26094408635425537 0.3483319132502355 -0.07698551616867265
vt 0 1
vt 0.1875 1
vt 0.1875 1
vt 0 1
vt 0 1
vt 1 1
vt 1 1
vt 0 1
vt 0 1
vt 0.1875 1
vt 0.1875 1
vt 0 1
vt 0 1
vt 1 1
vt 1 1
vt 0 1
vt 0 1
vt 0.1875 1
vt 0.1875 0
vt 0 0
vt 0.40625 0.3125
vt 0.5 0.3125
vt 0.5 0
vt 0.40625 0
vn 0.5099576897085173 -0.8563229850002404 0.0815726674041614
vn 0.6087614457114797 0.42626843260478214 0.6691074095987366
vn -0.5099576897085173 0.8563229850002404 -0.0815726674041614
vn -0.6087614457114797 -0.42626843260478214 -0.6691074095987366
vn 0.6077439073511317 0.2915581738263229 -0.7386752834315217
vn -0.6077439073511317 -0.2915581738263229 0.7386752834315217
g Leaf
f 164/484/121 167/483/121 165/482/121 162/481/121
f 163/488/122 164/487/122 162/486/122 161/485/122
f 168/492/123 163/491/123 161/490/123 166/489/123
f 167/496/124 168/495/124 166/494/124 165/493/124
f 166/500/125 161/499/125 162/498/125 165/497/125
f 167/504/126 164/503/126 163/502/126 168/501/126
o cube
v -0.47757205546959636 0.7205449410342758 0.0697952402580294
v -0.184837563422532 0.4016002168822015 0.006652306357993554
v -0.47757205546959636 0.7205449410342758 0.0697952402580294
v -0.184837563422532 0.4016002168822015 0.006652306357993554
v -0.260932744136467 0.34831666280660367 -0.07698611984184849
v -0.5536672361835313 0.6672613869586781 -0.013843185941812629
v -0.260932744136467 0.34831666280660367 -0.07698611984184849
v -0.5536672361835313 0.6672613869586781 -0.013843185941812629
vt 0 1
vt 0.1875 1
vt 0.1875 1
vt 0 1
vt 0 1
vt 1 1
vt 1 1
vt 0 1
vt 0 1
vt 0.1875 1
vt 0.1875 1
vt 0 1
vt 0 1
vt 1 1
vt 1 1
vt 0 1
vt 0 1
vt 0.1875 1
vt 0.1875 0
vt 0 0
vt 0.40625 0.625
vt 0.5 0.625
vt 0.5 0.3125
vt 0.40625 0.3125
vn 0.6691074103932904 -0.7290165123475987 -0.14432670605722508
vn 0.6087614457114798 0.4262684326047822 0.6691074095987365
vn -0.6691074103932904 0.7290165123475987 0.14432670605722508
vn -0.6087614457114798 -0.4262684326047822 -0.6691074095987365
vn 0.42626843135758286 0.535565260345745 -0.7290165130768576
vn -0.42626843135758286 -0.535565260345745 0.7290165130768576
g Leaf
f 172/508/127 175/507/127 173/506/127 170/505/127
f 171/512/128 172/511/128 170/510/128 169/509/128
f 176/516/129 171/515/129 169/514/129 174/513/129
f 175/520/130 176/519/130 174/518/130 173/517/130
f 174/524/131 169/523/131 170/522/131 173/521/131
f 175/528/132 172/527/132 171/526/132 176/525/132
o cube
v -0.6751246867258723 0.7836081737564122 0.20935513557621446
v -0.4775410921099517 0.7205241207606796 0.06978033342237625
v -0.6751246867258723 0.7836081737564122 0.20935513557621446
v -0.4775410921099517 0.7205241207606796 0.06978033342237625
v -0.5536362728238866 0.6672405666850818 -0.013858092777465823
v -0.7512198674398073 0.7303246196808144 0.1257167093763724
v -0.5536362728238866 0.6672405666850818 -0.013858092777465823
v -0.7512198674398073 0.7303246196808144 0.1257167093763724
vt 0 1
vt 0.1875 1
vt 0.1875 1
vt 0 1
vt 0 1
vt 1 1
vt 1 1
vt 0 1
vt 0 1
vt 0.1875 1
vt 0.1875 1
vt 0 1
vt 0 1
vt 1 1
vt 1 1
vt 0 1
vt 0 1
vt 0.1875 1
vt 0.1875 0
vt 0 0
vt 0.40625 0.78125
vt 0.5 0.78125
vt 0.5 0.625
vt 0.40625 0.625
vn 0.7903343784636829 -0.25233621198293077 -0.558299208615353
vn 0.6087614457114797 0.4262684326047823 0.6691074095987367
vn -0.7903343784636829 0.25233621198293077 0.558299208615353
vn -0.6087614457114797 -0.4262684326047823 -0.6691074095987367
vn -0.0691452994331005 0.8686896220669198 -0.4905071539534762
vn 0.0691452994331005 -0.8686896220669198 0.4905071539534762
g Leaf
f 180/532/133 183/531/133 181/530/133 178/529/133
f 179/536/134 180/535/134 178/534/134 177/533/134
f 184/540/135 179/539/135 177/538/135 182/537/135
f 183/544/136 184/543/136 182/542/136 181/541/136
f 182/548/137 177/547/137 178/546/137 181/545/137
f 183/552/138 180/551/138 179/550/138 184/549/138
o cube
v -0.8998025211351486 0.7648589063119344 0.42571415665950796
v -0.6751080529559815 0.7836060540267533 0.2093413524020413
v -0.8998025211351486 0.7648589063119344 0.42571415665950796
v -0.6751080529559815 0.7836060540267533 0.2093413524020413
v -0.7512032336699165 0.7303224999511555 0.12570292620219922
v -0.9758977018490835 0.7115753522363366 0.3420757304596659
v -0.7512032336699165 0.7303224999511555 0.12570292620219922
v -0.9758977018490835 0.7115753522363366 0.3420757304596659
vt 0 1
vt 0.1875 1
vt 0.1875 1
vt 0 1
vt 0 1
vt 1 1
vt 1 1
vt 0 1
vt 0 1
vt 0.1875 1
vt 0.1875 1
vt 0 1
vt 0 1
vt 1 1
vt 1 1
vt 0 1
vt 0 1
vt 0.1875 1
vt 0.1875 0
vt 0 0
vt 0.40625 1
vt 0.5 1
vt 0.5 0.78125
vt 0.40625 0.78125
vn 0.7190222981733349 0.05999087268742004 -0.6923929736238935
vn 0.6087614457114797 0.4262684326047822 0.6691074095987366
vn -0.7190222981733349 -0.05999087268742004 0.6923929736238935
vn -0.6087614457114797 -0.4262684326047822 -0.6691074095987366
vn -0.33528560503666877 0.9026052949982424 -0.2699763776635485
vn 0.33528560503666877 -0.9026052949982424 0.2699763776635485
g Leaf
f 188/556/139 191/555/139 189/554/139 186/553/139
f 187/560/140 188/559/140 186/558/140 185/557/140
f 192/564/141 187/563/141 185/562/141 190/561/141
f 191/568/142 192/567/142 190/566/142 189/565/142
f 190/572/143 185/571/143 186/570/143 189/569/143
f 191/576/144 188/575/144 187/574/144 192/573/144
o cube
v 0.11488995920474043 0.10230816964490819 -0.41503692847305007
v -0.051328621026365595 -0.01841541213543545 -0.028768303824244206
v 0.11488995920474043 0.10230816964490819 -0.41503692847305007
v -0.051328621026365595 -0.01841541213543545 -0.028768303824244206
v 0.05409531111424083 0.017670945394949285 0.027875930941546844
v 0.22031389134534685 0.13839452717529294 -0.358392693707259
v 0.05409531111424083 0.017670945394949285 0.027875930941546844
v 0.22031389134534685 0.13839452717529294 -0.358392693707259
vt 0 1
vt 0.1875 1
vt 0.1875 1
vt 0 1
vt 0 1
vt 1 1
vt 1 1
vt 0 1
vt 0 1
vt 0.1875 1
vt 0.1875 1
vt 0 1
vt 0 1
vt 1 1
vt 1 1
vt 0 1
vt 0 1
vt 0.1875 1
vt 0.1875 0
vt 0 0
vt 0.40625 0.3125
vt 0.5 0.3125
vt 0.5 0
vt 0.40625 0
vn -0.37992818338538525 -0.27593961549792817 0.882899713482985
vn -0.8433914571248515 -0.288690860243078 -0.4531538781263286
vn 0.37992818338538525 0.27593961549792817 -0.882899713482985
vn 0.8433914571248515 0.288690860243078 0.4531538781263286
vn -0.37992818468534406 0.9167960055601068 0.12304332030115234
vn 0.37992818468534406 -0.9167960055601068 -0.12304332030115234
g Leaf
f 196/580/145 199/579/145 197/578/145 194/577/145
f 195/584/146 196/583/146 194/582/146 193/581/146
f 200/588/147 195/587/147 193/586/147 198/585/147
f 199/592/148 200/591/148 198/590/148 197/589/148
f 198/596/149 193/595/149 194/594/149 197/593/149
f 199/600/150 196/599/150 195/598/150 200/597/150
o cube
v 0.32339008850425094 0.09682919123324482 -0.799598344101356
v 0.11488171977666009 0.10230563561178693 -0.4150199792294776
v 0.32339008850425094 0.09682919123324482 -0.799598344101356
v 0.11488171977666009 0.10230563561178693 -0.4150199792294776
v 0.22030565191726653 0.13839199314217168 -0.35837574446368653
v 0.42881402064485735 0.13291554876362957 -0.7429541093355649
v 0.22030565191726653 0.13839199314217168 -0.35837574446368653
v 0.42881402064485735 0.13291554876362957 -0.7429541093355649
vt 0 1
vt 0.1875 1
vt 0.1875 1
vt 0 1
vt 0 1
vt 1 1
vt 1 1
vt 0 1
vt 0 1
vt 0.1875 1
vt 0.1875 1
vt 0 1
vt 0 1
vt 1 1
vt 1 1
vt 0 1
vt 0 1
vt 0.1875 1
vt 0.1875 0
vt 0 0
vt 0.40625 0.625
vt 0.5 0.625
vt 0.5 0.3125
vt 0.40625 0.3125
vn -0.4765905570916362 0.012517587150953611 0.8790362625642939
vn -0.8433914571248514 -0.288690860243078 -0.45315387812632857
vn 0.4765905570916362 -0.012517587150953611 -0.8790362625642939
vn 0.8433914571248514 0.288690860243078 0.45315387812632857
vn -0.2480973416623073 0.9573405335741457 -0.14814456397744213
vn 0.2480973416623073 -0.9573405335741457 0.14814456397744213
g Leaf
f 204/604/151 207/603/151 205/602/151 202/601/151
f 203/608/152 204/607/152 202/606/152 201/605/152
f 208/612/153 203/611/153 201/610/153 206/609/153
f 207/616/154 208/615/154 206/614/154 205/613/154
f 206/620/155 201/619/155 202/618/155 205/617/155
f 207/624/156 204/623/156 203/622/156 208/621/156
o cube
v 0.4556529517668977 -0.051338683261954426 -0.9513672269067867
v 0.32336875110101737 0.09684203194933641 -0.7995668122378555
v 0.4556529517668977 -0.051338683261954426 -0.9513672269067867
v 0.32336875110101737 0.09684203194933641 -0.7995668122378555
v 0.4287926832416238 0.1329283894797211 -0.7429225774720646
v 0.5610768839075041 -0.015252325731569729 -0.8947229921409956
v 0.4287926832416238 0.1329283894797211 -0.7429225774720646
v 0.5610768839075041 -0.015252325731569729 -0.8947229921409956
vt 0 1
vt 0.1875 1
vt 0.1875 1
vt 0 1
vt 0 1
vt 1 1
vt 1 1
vt 0 1
vt 0 1
vt 0.1875 1
vt 0.1875 1
vt 0 1
vt 0 1
vt 1 1
vt 1 1
vt 0 1
vt 0 1
vt 0.1875 1
vt 0.1875 0
vt 0 0
vt 0.40625 0.78125
vt 0.5 0.78125
vt 0.5 0.625
vt 0.40625 0.625
vn -0.5291368026635211 0.5927228608451636 0.6072016586757243
vn -0.8433914571248515 -0.28869086024307794 -0.4531538781263285
vn 0.5291368026635211 -0.5927228608451636 -0.6072016586757243
vn 0.8433914571248515 0.28869086024307794 0.4531538781263285
vn 0.0933010938619994 0.7518890858654863 -0.6526543560266168
vn -0.0933010938619994 -0.7518890858654863 0.6526543560266168
g Leaf
f 212/628/157 215/627/157 213/626/157 210/625/157
f 211/632/158 212/631/158 210/630/158 209/629/158
f 216/636/159 211/635/159 209/634/159 214/633/159
f 215/640/160 216/639/160 214/638/160 213/637/160
f 214/644/161 209/643/161 210/642/161 213/641/161
f 215/648/162 212/647/162 211/646/162 216/645/162
o cube
v 0.6010529597707238 -0.30574146385384987 -1.0599073264473116
v 0.455641992472587 -0.05132317903508968 -0.9513567071985002
v 0.6010529597707238 -0.30574146385384987 -1.0599073264473116
v 0.455641992472587 -0.05132317903508968 -0.9513567071985002
v 0.5610659246131935 -0.01523682150470498 -0.8947124724327092
v 0.7064768919113302 -0.2696551063234652 -1.0032630916815206
v 0.5610659246131935 -0.01523682150470498 -0.8947124724327092
v 0.7064768919113302 -0.2696551063234652 -1.0032630916815206
vt 0 1
vt 0.1875 1
vt 0.1875 1
vt 0 1
vt 0 1
vt 1 1
vt 1 1
vt 0 1
vt 0 1
vt 0.1875 1
vt 0.1875 1
vt 0 1
vt 0 1
vt 1 1
vt 1 1
vt 0 1
vt 0 1
vt 0.1875 1
vt 0.1875 0
vt 0 0
vt 0.40625 1
vt 0.5 1
vt 0.5 0.78125
vt 0.40625 0.78125
vn -0.4653150953540376 0.8141385114200328 0.34736198159619663
vn -0.8433914571248515 -0.288690860243078 -0.45315387812632857
vn 0.4653150953540376 -0.8141385114200328 -0.34736198159619663
vn 0.8433914571248515 0.288690860243078 0.45315387812632857
vn 0.2686497944992379 0.5038214678185964 -0.8209696806098461
vn -0.2686497944992379 -0.5038214678185964 0.8209696806098461
g Leaf
f 220/652/163 223/651/163 221/650/163 218/649/163
f 219/656/164 220/655/164 218/654/164 217/653/164
f 224/660/165 219/659/165 217/658/165 222/657/165
f 223/664/166 224/663/166 222/662/166 221/661/166
f 222/668/167 217/667/167 218/666/167 221/665/167
f 223/672/168 220/671/168 219/670/168 224/669/168
o cube
v 0.2876252090984751 0.2624212627106321 -0.2118382261799587
v 0.00747575505417861 -0.033405851775669966 -0.05243668373638315
v 0.2876252090984751 0.2624212627106321 -0.2118382261799587
v 0.00747575505417861 -0.033405851775669966 -0.05243668373638315
v -0.0034187101676220553 0.03350102597935673 0.052586077304283135
v 0.2767307438766744 0.3293281404656588 -0.10681546513929245
v -0.0034187101676220553 0.03350102597935673 0.052586077304283135
v 0.2767307438766744 0.3293281404656588 -0.10681546513929245
vt 0 1
vt 0.1875 1
vt 0.1875 1
vt 0 1
vt 0 1
vt 1 1
vt 1 1
vt 0 1
vt 0 1
vt 0.1875 1
vt 0.1875 1
vt 0 1
vt 0 1
vt 1 1
vt 1 1
vt 0 1
vt 0 1
vt 0.1875 1
vt 0.1875 0
vt 0 0
vt 0.40625 0.3125
vt 0.5 0.3125
vt 0.5 0
vt 0.40625 0
vn -0.6403416092441061 -0.676176261682976 0.3643463827281727
vn 0.08715572177440536 -0.5352550220402136 -0.8401820883253304
vn 0.6403416092441061 0.676176261682976 -0.3643463827281727
vn -0.08715572177440536 0.5352550220402136 0.8401820883253304
vn -0.763129414734258 0.5062486785337481 -0.4016786923029188
vn 0.763129414734258 -0.5062486785337481 0.4016786923029188
g Leaf
f 228/676/169 231/675/169 229/674/169 226/673/169
f 227/680/170 228/679/170 226/678/170 225/677/170
f 232/684/171 227/683/171 225/682/171 230/681/171
f 231/688/172 232/687/172 230/686/172 229/685/172
f 230/692/173 225/691/173 226/690/173 229/689/173
