# Made in Blockbench 4.10.4

o cube
v 0.375 1 0.375
v 0.375 1 -0.375
v 0.375 0 0.375
v 0.375 0 -0.375
v -0.375 1 -0.375
v -0.375 1 0.375
v -0.375 0 -0.375
v -0.375 0 0.375
vt 0.013888888888888888 0.11111111111111116
vt 0.09722222222222222 0.11111111111111116
vt 0.09722222222222222 0
vt 0.013888888888888888 0
vt 0.013888888888888888 0.11111111111111116
vt 0.09722222222222222 0.11111111111111116
vt 0.09722222222222222 0
vt 0.013888888888888888 0
vt 0.013888888888888888 0.11111111111111116
vt 0.09722222222222222 0.11111111111111116
vt 0.09722222222222222 0
vt 0.013888888888888888 0
vt 0.013888888888888888 0.11111111111111116
vt 0.09722222222222222 0.11111111111111116
vt 0.09722222222222222 0
vt 0.013888888888888888 0
vt 0.125 0.3194444444444444
vt 0.20833333333333334 0.3194444444444444
vt 0.20833333333333334 0.23611111111111116
vt 0.125 0.23611111111111116
vt 0.125 0.3194444444444444
vt 0.20833333333333334 0.3194444444444444
vt 0.20833333333333334 0.23611111111111116
vt 0.125 0.23611111111111116
vn 0 0 -1
vn 1 0 0
vn 0 0 1
vn -1 0 0
vn 0 1 0
vn 0 -1 0
g Plant
f 4/4/1 7/3/1 5/2/1 2/1/1
f 3/8/2 4/7/2 2/6/2 1/5/2
f 8/12/3 3/11/3 1/10/3 6/9/3
f 7/16/4 8/15/4 6/14/4 5/13/4
f 6/20/5 1/19/5 2/18/5 5/17/5
f 7/24/6 4/23/6 3/22/6 8/21/6
o cube
v 0.3125 2 0.3125
v 0.3125 2 -0.3125
v 0.3125 1 0.3125
v 0.3125 1 -0.3125
v -0.3125 2 -0.3125
v -0.3125 2 0.3125
v -0.3125 1 -0.3125
v -0.3125 1 0.3125
vt 0.013888888888888888 0.11111111111111116
vt 0.09722222222222222 0.11111111111111116
vt 0.09722222222222222 0
vt 0.013888888888888888 0
vt 0.013888888888888888 0.11111111111111116
vt 0.09722222222222222 0.11111111111111116
vt 0.09722222222222222 0
vt 0.013888888888888888 0
vt 0.013888888888888888 0.11111111111111116
vt 0.09722222222222222 0.11111111111111116
vt 0.09722222222222222 0
vt 0.013888888888888888 0
vt 0.013888888888888888 0.11111111111111116
vt 0.09722222222222222 0.11111111111111116
vt 0.09722222222222222 0
vt 0.013888888888888888 0
vt 0.013888888888888888 0.3194444444444444
vt 0.09722222222222222 0.3194444444444444
vt 0.09722222222222222 0.23611111111111116
vt 0.013888888888888888 0.23611111111111116
vt 0.125 0.3194444444444444
vt 0.20833333333333334 0.3194444444444444
vt 0.20833333333333334 0.23611111111111116
vt 0.125 0.23611111111111116
vn 0 0 -1
vn 1 0 0
vn 0 0 1
vn -1 0 0
vn 0 1 0
vn 0 -1 0
g Plant
f 12/28/7 15/27/7 13/26/7 10/25/7
f 11/32/8 12/31/8 10/30/8 9/29/8
f 16/36/9 11/35/9 9/34/9 14/33/9
f 15/40/10 16/39/10 14/38/10 13/37/10
f 14/44/11 9/43/11 10/42/11 13/41/11
f 15/48/12 12/47/12 11/46/12 16/45/12
o cube
v 0.25 2.203125 0.25
v 0.25 2.203125 -0.25
v 0.25 2.015625 0.25
v 0.25 2.015625 -0.25
v -0.25 2.203125 -0.25
v -0.25 2.203125 0.25
v -0.25 2.015625 -0.25
v -0.25 2.015625 0.25
vt 0.013888888888888888 0.11111111111111116
vt 0.09722222222222222 0.11111111111111116
vt 0.09722222222222222 0.08333333333333337
vt 0.013888888888888888 0.08333333333333337
vt 0.013888888888888888 0.11111111111111116
vt 0.09722222222222222 0.11111111111111116
vt 0.09722222222222222 0.08333333333333337
vt 0.013888888888888888 0.08333333333333337
vt 0.013888888888888888 0.11111111111111116
vt 0.09722222222222222 0.11111111111111116
vt 0.09722222222222222 0.08333333333333337
vt 0.013888888888888888 0.08333333333333337
vt 0.013888888888888888 0.11111111111111116
vt 0.09722222222222222 0.11111111111111116
vt 0.09722222222222222 0.08333333333333337
vt 0.013888888888888888 0.08333333333333337
vt 0.020833333333333332 0.3125
vt 0.09027777777777778 0.3125
vt 0.09027777777777778 0.24305555555555558
vt 0.020833333333333332 0.24305555555555558
vt 0.125 0.3194444444444444
vt 0.20833333333333334 0.3194444444444444
vt 0.20833333333333334 0.23611111111111116
vt 0.125 0.23611111111111116
vn 0 0 -1
vn 1 0 0
vn 0 0 1
vn -1 0 0
vn 0 1 0
vn 0 -1 0
g Plant
f 20/52/13 23/51/13 21/50/13 18/49/13
f 19/56/14 20/55/14 18/54/14 17/53/14
f 24/60/15 19/59/15 17/58/15 22/57/15
f 23/64/16 24/63/16 22/62/16 21/61/16
f 22/68/17 17/67/17 18/66/17 21/65/17
f 23/72/18 20/71/18 19/70/18 24/69/18
o cube
v 0.0006815529275834287 5.078125 0.015610128462216544
v 0.18606394923026193 5.078125 4.261565070185112
v 0.0006815529275834287 2.203125 0.015610128462216544
v 0.18606394923026193 2.203125 4.261565070185112
v 0.18606394923026193 5.078125 4.261565070185112
v 0.0006815529275834287 5.078125 0.015610128462216544
v 0.18606394923026193 2.203125 4.261565070185112
v 0.0006815529275834287 2.203125 0.015610128462216544
vt 0 1
vt 0 1
vt 0 0
vt 0 0
vt 0.5 0.7083333333333333
vt 0.020833333333333332 0.7083333333333333
vt 0.020833333333333332 0.38888888888888884
vt 0.5 0.38888888888888884
vt 0 1
vt 0 1
vt 0 0
vt 0 0
vt 0 1
vt 0.013888888888888888 1
vt 0.013888888888888888 0.9861111111111112
vt 0 0.9861111111111112
vt 0 1
vt 0 1
vt 0 0
vt 0 0
vt 0 1
vt 0 1
vt 0 0
vt 0 0
vn 0.043619387365336125 0 0.9990482215818578
vn -0.9990482215818578 0 0.043619387365336125
vn -0.043619387365336125 0 -0.9990482215818578
vn 0.9990482215818578 0 -0.043619387365336125
vn 0 1 0
vn 0 -1 0
g Plant
f 28/76/19 31/75/19 29/74/19 26/73/19
f 27/80/20 28/79/20 26/78/20 25/77/20
f 32/84/21 27/83/21 25/82/21 30/81/21
f 31/88/22 32/87/22 30/86/22 29/85/22
f 30/92/23 25/91/23 26/90/23 29/89/23
f 31/96/24 28/95/24 27/94/24 32/93/24
o cube
v -0.0006815529275835952 4.5893869378289045 -1.8706462517880693
v -0.18606394923026126 7.719833289478146 0.9978793288172398
v -0.0006815529275833176 2.6470650909338818 0.24902609154103783
v -0.18606394923026104 5.777511442583124 3.1175516721463468
v -0.18606394923026126 7.719833289478146 0.9978793288172398
v -0.0006815529275835952 4.5893869378289045 -1.8706462517880693
v -0.18606394923026104 5.777511442583124 3.1175516721463468
v -0.0006815529275833176 2.6470650909338818 0.24902609154103783
vt 0 1
vt 0 1
vt 0 0
vt 0 0
vt 0.5 0.7083333333333333
vt 0.020833333333333332 0.7083333333333333
vt 0.020833333333333332 0.38888888888888884
vt 0.5 0.38888888888888884
vt 0 1
vt 0 1
vt 0 0
vt 0 0
vt 0 1
vt 0.013888888888888888 1
vt 0.013888888888888888 0.9861111111111112
vt 0 0.9861111111111112
vt 0 1
vt 0 1
vt 0 0
vt 0 0
vt 0 1
vt 0 1
vt 0 0
vt 0 0
vn -0.043619387365335924 0.736575612152763 0.6749471954365434
vn -0.9990482215818578 -0.032159585750004105 -0.02946883096621514
vn 0.043619387365335924 -0.736575612152763 -0.6749471954365434
vn 0.9990482215818578 0.032159585750004105 0.02946883096621514
vn 0 0.6755902076156602 -0.7372773368101242
vn 0 -0.6755902076156602 0.7372773368101242
g Plant
f 36/100/25 39/99/25 37/98/25 34/97/25
f 35/104/26 36/103/26 34/102/26 33/101/26
f 40/108/27 35/107/27 33/106/27 38/105/27
f 39/112/28 40/111/28 38/110/28 37/109/28
f 38/116/29 33/115/29 34/114/29 37/113/29
f 39/120/30 36/119/30 35/118/30 40/117/30
o cube
v 0.017145055579751545 4.608542660232676 -1.983660532166863
v 0.2041073888790097 8.08565781440494 0.45297963218914905
v 0.0007763220279165539 2.959247074561824 0.3711602966115286
v 0.1877386553271747 6.436362228734087 2.807800460967541
v 0.2041073888790097 8.08565781440494 0.45297963218914905
v 0.017145055579751545 4.608542660232676 -1.983660532166863
v 0.1877386553271747 6.436362228734087 2.807800460967541
v 0.0007763220279165539 2.959247074561824 0.3711602966115286
vt 0 1
vt 0 1
vt 0 0
vt 0 0
vt 0.5 0.7083333333333333
vt 0.020833333333333332 0.7083333333333333
vt 0.020833333333333332 0.38888888888888884
vt 0.5 0.38888888888888884
vt 0 1
vt 0 1
vt 0 0
vt 0 0
vt 0 1
vt 0.013888888888888888 1
vt 0.013888888888888888 0.9861111111111112
vt 0 0.9861111111111112
vt 0 1
vt 0 1
vt 0 0
vt 0 0
vt 0 1
vt 0 1
vt 0 0
vt 0 0
vn 0.043991137246884277 0.8181447421581796 0.5733270974955322
vn -0.9990156976815554 0.03929595991915246 0.020578224409984285
vn -0.043991137246884277 -0.8181447421581796 -0.5733270974955322
vn 0.9990156976815554 -0.03929595991915246 -0.020578224409984285
vn 0.0056934725397686965 0.573668029798557 -0.8190681143577014
vn -0.0056934725397686965 -0.573668029798557 0.8190681143577014
g Plant
f 44/124/31 47/123/31 45/122/31 42/121/31
f 43/128/32 44/127/32 42/126/32 41/125/32
f 48/132/33 43/131/33 41/130/33 46/129/33
f 47/136/34 48/135/34 46/134/34 45/133/34
f 46/140/35 41/139/35 42/138/35 45/137/35
f 47/144/36 44/143/36 43/142/36 48/141/36
o cube
v 0.0006815529275832066 4.786881215551923 -1.6585998820852987
v 0.1860639492302616 7.516128443378733 1.5939903067550887
v 0.0006815529275834287 2.5845034415848622 0.18941449576350222
v 0.18606394923026182 5.313750669411672 3.44200468460389
v 0.1860639492302616 7.516128443378733 1.5939903067550887
v 0.0006815529275832066 4.786881215551923 -1.6585998820852987
v 0.18606394923026182 5.313750669411672 3.44200468460389
v 0.0006815529275834287 2.5845034415848622 0.18941449576350222
vt 0 1
vt 0 1
vt 0 0
vt 0 0
vt 0.5 0.7083333333333333
vt 0.9791666666666666 0.7083333333333333
vt 0.9791666666666666 0.38888888888888884
vt 0.5 0.38888888888888884
vt 0 1
vt 0 1
vt 0 0
vt 0 0
vt 0.013888888888888888 1
vt 0 1
vt 0 0.9861111111111112
vt 0.013888888888888888 0.9861111111111112
vt 0 1
vt 0 1
vt 0 0
vt 0 0
vt 0 1
vt 0 1
vt 0 0
vt 0 0
vn 0.043619387365336076 0.6421758183121906 0.7653153385506795
vn -0.9990482215818578 0.028038001740555558 0.03341438930346991
vn -0.043619387365336076 -0.6421758183121906 -0.7653153385506795
vn 0.9990482215818578 -0.028038001740555558 -0.03341438930346991
vn 0 0.766044443118978 -0.6427876096865397
vn 0 -0.766044443118978 0.6427876096865397
g Plant
f 52/148/37 55/147/37 53/146/37 50/145/37
f 51/152/38 52/151/38 50/150/38 49/149/38
f 56/156/39 51/155/39 49/154/39 54/153/39
f 55/160/40 56/159/40 54/158/40 53/157/40
f 54/164/41 49/163/41 50/162/41 53/161/41
f 55/168/42 52/167/42 51/166/42 56/165/42
o cube
v -0.0006815529275835397 4.932783995769363 -1.4362554552872047
v -0.18606394923026104 7.245296797946607 2.1247019871582156
v -0.0006815529275833732 2.5216061129262695 0.12958177038099838
v -0.18606394923026087 4.834118915103513 3.690539212826419
v -0.18606394923026104 7.245296797946607 2.1247019871582156
v -0.0006815529275835397 4.932783995769363 -1.4362554552872047
v -0.18606394923026087 4.834118915103513 3.690539212826419
v -0.0006815529275833732 2.5216061129262695 0.12958177038099838
vt 0 1
vt 0 1
vt 0 0
vt 0 0
vt 0.5 0.7083333333333333
vt 0.020833333333333332 0.7083333333333333
vt 0.020833333333333332 0.38888888888888884
vt 0.5 0.38888888888888884
vt 0 1
vt 0 1
vt 0 0
vt 0 0
vt 0 1
vt 0.013888888888888888 1
vt 0.013888888888888888 0.9861111111111112
vt 0 0.9861111111111112
vt 0 1
vt 0 1
vt 0 0
vt 0 0
vt 0 1
vt 0 1
vt 0 0
vt 0 0
vn -0.04361938736533588 0.5441206593358221 0.8378723393989225
vn -0.9990482215818579 -0.023756821042603266 -0.03658229637511767
vn 0.04361938736533588 -0.5441206593358221 -0.8378723393989225
vn 0.9990482215818579 0.023756821042603266 0.03658229637511767
vn 0 0.8386705679454239 -0.5446390350150272
vn 0 -0.8386705679454239 0.5446390350150272
g Plant
f 60/172/43 63/171/43 61/170/43 58/169/43
f 59/176/44 60/175/44 58/174/44 57/173/44
f 64/180/45 59/179/45 57/178/45 62/177/45
f 63/184/46 64/183/46 62/182/46 61/181/46
f 62/188/47 57/187/47 58/186/47 61/185/47
f 63/192/48 60/191/48 59/190/48 64/189/48
o cube
v 0 4.946230511737594 -1.19588254086411
v 0 6.908662117986489 2.573913500143332
v 0 2.396074366350207 0.13164472218661227
v 0 4.358505972599101 3.9014407631940546
v 0 6.908662117986489 2.573913500143332
v 0 4.946230511737594 -1.19588254086411
v 0 4.358505972599101 3.9014407631940546
v 0 2.396074366350207 0.13164472218661227
vt 0 1
vt 0 1
vt 0 0
vt 0 0
vt 0.5 0.7083333333333333
vt 0.020833333333333332 0.7083333333333333
vt 0.020833333333333332 0.38888888888888884
vt 0.5 0.38888888888888884
vt 0 1
vt 0 1
vt 0 0
vt 0 0
vt 0 1
vt 0.013888888888888888 1
vt 0.013888888888888888 0.9861111111111112
vt 0 0.9861111111111112
vt 0 1
vt 0 1
vt 0 0
vt 0 0
vt 0 1
vt 0 1
vt 0 0
vt 0 0
vn 0 0.4617486132350339 0.8870108331782217
vn -1 0 0
vn 0 -0.4617486132350339 -0.8870108331782217
vn 1 0 0
vn 0 0.8870108331782217 -0.4617486132350339
vn 0 -0.8870108331782217 0.4617486132350339
g Plant
f 68/196/49 71/195/49 69/194/49 66/193/49
f 67/200/50 68/199/50 66/198/50 65/197/50
f 72/204/51 67/203/51 65/202/51 70/201/51
f 71/208/52 72/207/52 70/206/52 69/205/52
f 70/212/53 65/211/53 66/210/53 69/209/53
f 71/216/54 68/215/54 67/214/54 72/213/54
o cube
v 0.0006815529275833176 4.909137960333245 -0.9114832542752955
v 0.1860639492302617 6.361340078055641 3.0784092726511716
v 0.0006815529275834287 2.207521675573759 0.07182465778600133
v 0.18606394923026182 3.6597237932961546 4.061717184712468
v 0.1860639492302617 6.361340078055641 3.0784092726511716
v 0.0006815529275833176 4.909137960333245 -0.9114832542752955
v 0.18606394923026182 3.6597237932961546 4.061717184712468
v 0.0006815529275834287 2.207521675573759 0.07182465778600133
vt 0 1
vt 0 1
vt 0 0
vt 0 0
vt 0.5 0.7083333333333333
vt 0.020833333333333332 0.7083333333333333
vt 0.020833333333333332 0.38888888888888884
vt 0.5 0.38888888888888884
vt 0 1
vt 0 1
vt 0 0
vt 0 0
vt 0 1
vt 0.013888888888888888 1
vt 0.013888888888888888 0.9861111111111112
vt 0 0.9861111111111112
vt 0 1
vt 0 1
vt 0 0
vt 0 0
vt 0 1
vt 0 1
vt 0 0
vt 0 0
vn 0.04361938736533611 0.34169461593468126 0.9387982416297571
vn -0.9990482215818579 0.014918709118470073 0.04098881643040845
vn -0.04361938736533611 -0.34169461593468126 -0.9387982416297571
vn 0.9990482215818579 -0.014918709118470073 -0.04098881643040845
vn 0 0.9396926207859085 -0.34202014332566855
vn 0 -0.9396926207859085 0.34202014332566855
g Plant
f 76/220/55 79/219/55 77/218/55 74/217/55
f 75/224/56 76/223/56 74/222/56 73/221/56
f 80/228/57 75/227/57 73/226/57 78/225/57
f 79/232/58 80/231/58 78/230/58 77/229/58
f 78/236/59 73/235/59 74/234/59 77/233/59
f 79/240/60 76/239/60 75/238/60 80/237/60
o cube
v -0.0006815529275834287 5.0369205814115245 -0.48657878803336313
v -0.18606394923026093 5.774222919497603 3.6948705575158423
v -0.0006815529275833732 2.2055982915014263 0.012659722759061576
v -0.18606394923026082 2.9429006295875046 4.194109068308268
v -0.18606394923026093 5.774222919497603 3.6948705575158423
v -0.0006815529275834287 5.0369205814115245 -0.48657878803336313
v -0.18606394923026082 2.9429006295875046 4.194109068308268
v -0.0006815529275833732 2.2055982915014263 0.012659722759061576
vt 0 1
vt 0 1
vt 0 0
vt 0 0
vt 0.5 0.7013888888888888
vt 0.9791666666666666 0.7013888888888888
vt 0.9791666666666666 0.3819444444444444
vt 0.5 0.3819444444444444
vt 0 1
vt 0 1
vt 0 0
vt 0 0
vt 0 1
vt 0.013888888888888888 1
vt 0.013888888888888888 0.9861111111111112
vt 0 0.9861111111111112
vt 0 1
vt 0 1
vt 0 0
vt 0 0
vt 0 1
vt 0 1
vt 0 0
vt 0 0
vn -0.04361938736533587 0.1734829030790772 0.9838704342468719
vn -0.9990482215818578 -0.007574427126938522 -0.04295671085902551
vn 0.04361938736533587 -0.1734829030790772 -0.9838704342468719
vn 0.9990482215818578 0.007574427126938522 0.04295671085902551
vn 0 0.9848077530122081 -0.17364817766693036
vn 0 -0.9848077530122081 0.17364817766693036
g Plant
f 84/244/61 87/243/61 85/242/61 82/241/61
f 83/248/62 84/247/62 82/246/62 81/245/62
f 88/252/63 83/251/63 81/250/63 86/249/63
f 87/256/64 88/255/64 86/254/64 85/253/64
f 86/260/65 81/259/65 82/258/65 85/257/65
f 87/264/66 84/263/66 83/262/66 88/261/66
o cube
v -0.0006815529275833732 5.078125 -0.015610128462216544
v -0.18606394923026137 5.078125 -4.261565070185112
v -0.0006815529275833732 2.203125 -0.015610128462216544
v -0.18606394923026137 2.203125 -4.261565070185112
v -0.18606394923026137 5.078125 -4.261565070185112
v -0.0006815529275833732 5.078125 -0.015610128462216544
v -0.18606394923026137 2.203125 -4.261565070185112
v -0.0006815529275833732 2.203125 -0.015610128462216544
vt 0 1
vt 0 1
vt 0 0
vt 0 0
vt 0.5069444444444444 0.7083333333333333
vt 0.9861111111111112 0.7083333333333333
vt 0.9861111111111112 0.38888888888888884
vt 0.5069444444444444 0.38888888888888884
vt 0 1
vt 0 1
vt 0 0
vt 0 0
vt 0 1
vt 0.013888888888888888 1
vt 0.013888888888888888 0.9861111111111112
vt 0 0.9861111111111112
vt 0 1
vt 0 1
vt 0 0
vt 0 0
vt 0 1
vt 0 1
vt 0 0
vt 0 0
vn -0.043619387365336 0 -0.9990482215818578
vn 0.9990482215818578 0 -0.043619387365336
vn 0.043619387365336 0 0.9990482215818578
vn -0.9990482215818578 0 0.043619387365336
vn 0 1 0
vn 0 -1 0
g Plant
f 92/268/67 95/267/67 93/266/67 90/265/67
f 91/272/68 92/271/68 90/270/68 89/269/68
f 96/276/69 91/275/69 89/274/69 94/273/69
f 95/280/70 96/279/70 94/278/70 93/277/70
f 94/284/71 89/283/71 90/282/71 93/281/71
f 95/288/72 92/287/72 91/286/72 96/285/72
o cube
v 0.0006815529275833176 4.5893869378289045 1.8706462517880693
v 0.18606394923026137 7.719833289478146 -0.9978793288172398
v 0.0006815529275834287 2.6470650909338818 -0.24902609154103783
v 0.18606394923026137 5.777511442583124 -3.1175516721463468
v 0.18606394923026137 7.719833289478146 -0.9978793288172398
v 0.0006815529275833176 4.5893869378289045 1.8706462517880693
v 0.18606394923026137 5.777511442583124 -3.1175516721463468
v 0.0006815529275834287 2.6470650909338818 -0.24902609154103783
vt 0 1
vt 0 1
vt 0 0
vt 0 0
vt 0.4930555555555556 0.7013888888888888
vt 0.013888888888888888 0.7013888888888888
vt 0.013888888888888888 0.3819444444444444
vt 0.4930555555555556 0.3819444444444444
vt 0 1
vt 0 1
vt 0 0
vt 0 0
vt 0 1
vt 0.013888888888888888 1
vt 0.013888888888888888 0.9861111111111112
vt 0 0.9861111111111112
vt 0 1
vt 0 1
vt 0 0
vt 0 0
vt 0 1
vt 0 1
vt 0 0
vt 0 0
vn 0.04361938736533601 0.736575612152763 -0.6749471954365434
vn 0.9990482215818578 -0.032159585750004105 0.029468830966215262
vn -0.04361938736533601 -0.736575612152763 0.6749471954365434
vn -0.9990482215818578 0.032159585750004105 -0.029468830966215262
vn 0 0.6755902076156602 0.7372773368101242
vn 0 -0.6755902076156602 -0.7372773368101242
g Plant
f 100/292/73 103/291/73 101/290/73 98/289/73
f 99/296/74 100/295/74 98/294/74 97/293/74
f 104/300/75 99/299/75 97/298/75 102/297/75
f 103/304/76 104/303/76 102/302/76 101/301/76
f 102/308/77 97/307/77 98/306/77 101/305/77
f 103/312/78 100/311/78 99/310/78 104/309/78
o cube
v -0.011673368123826577 4.584759683327725 1.9711191404386494
v -0.19775851601600836 7.952633464228873 -0.6144752812857934
v -0.000743537824758389 2.8343947418432225 -0.30961059156196313
v -0.18682868571694017 6.202268522744371 -2.895205013286406
v -0.19775851601600836 7.952633464228873 -0.6144752812857934
v -0.011673368123826577 4.584759683327725 1.9711191404386494
v -0.18682868571694017 6.202268522744371 -2.895205013286406
v -0.000743537824758389 2.8343947418432225 -0.30961059156196313
vt 0 1
vt 0 1
vt 0 0
vt 0 0
vt 0.4930555555555556 0.7013888888888888
vt 0.013888888888888888 0.7013888888888888
vt 0.013888888888888888 0.3819444444444444
vt 0.4930555555555556 0.3819444444444444
vt 0 1
vt 0 1
vt 0 0
vt 0 0
vt 0 1
vt 0.013888888888888888 1
vt 0.013888888888888888 0.9861111111111112
vt 0 0.9861111111111112
vt 0 1
vt 0 1
vt 0 0
vt 0 0
vt 0 1
vt 0 1
vt 0 0
vt 0 0
vn -0.04378474068051336 0.7924408896237994 -0.6083751580528101
vn 0.9990337550413033 0.03704716421345028 -0.023644532387314822
vn 0.04378474068051336 -0.7924408896237994 0.6083751580528101
vn -0.9990337550413033 -0.03704716421345028 0.023644532387314822
vn -0.003801680104023722 0.6088225883424359 0.7932972980871696
vn 0.003801680104023722 -0.6088225883424359 -0.7932972980871696
g Plant
f 108/316/79 111/315/79 109/314/79 106/313/79
f 107/320/80 108/319/80 106/318/80 105/317/80
f 112/324/81 107/323/81 105/322/81 110/321/81
f 111/328/82 112/327/82 110/326/82 109/325/82
f 110/332/83 105/331/83 106/330/83 109/329/83
f 111/336/84 108/335/84 107/334/84 112/333/84
o cube
v -0.0006815529275833732 4.786881215551923 1.6585998820852987
v -0.18606394923026132 7.516128443378733 -1.593990306755089
v -0.0006815529275833732 2.5845034415848622 -0.18941449576350222
v -0.18606394923026132 5.313750669411672 -3.44200468460389
v -0.18606394923026132 7.516128443378733 -1.593990306755089
v -0.0006815529275833732 4.786881215551923 1.6585998820852987
v -0.18606394923026132 5.313750669411672 -3.44200468460389
v -0.0006815529275833732 2.5845034415848622 -0.18941449576350222
vt 0 1
vt 0 1
vt 0 0
vt 0 0
vt 0.5069444444444444 0.7083333333333333
vt 0.9861111111111112 0.7083333333333333
vt 0.9861111111111112 0.38888888888888884
vt 0.5069444444444444 0.38888888888888884
vt 0 1
vt 0 1
vt 0 0
vt 0 0
vt 0 1
vt 0.013888888888888888 1
vt 0.013888888888888888 0.9861111111111112
vt 0 0.9861111111111112
vt 0 1
vt 0 1
vt 0 0
vt 0 0
vt 0 1
vt 0 1
vt 0 0
vt 0 0
vn -0.04361938736533598 0.6421758183121906 -0.7653153385506795
vn 0.9990482215818578 0.028038001740555558 -0.03341438930346979
vn 0.04361938736533598 -0.6421758183121906 0.7653153385506795
vn -0.9990482215818578 -0.028038001740555558 0.03341438930346979
vn 0 0.766044443118978 0.6427876096865397
vn 0 -0.766044443118978 -0.6427876096865397
g Plant
f 116/340/85 119/339/85 117/338/85 114/337/85
f 115/344/86 116/343/86 114/342/86 113/341/86
f 120/348/87 115/347/87 113/346/87 118/345/87
f 119/352/88 120/351/88 118/350/88 117/349/88
f 118/356/89 113/355/89 114/354/89 117/353/89
f 119/360/90 116/359/90 115/358/90 120/357/90
o cube
v 0.0006815529275833176 4.932783995769363 1.4362554552872047
v 0.18606394923026137 7.245296797946607 -2.1247019871582156
v 0.0006815529275834287 2.5216061129262695 -0.12958177038099838
v 0.18606394923026137 4.834118915103513 -3.6905392128264185
v 0.18606394923026137 7.245296797946607 -2.1247019871582156
v 0.0006815529275833176 4.932783995769363 1.4362554552872047
v 0.18606394923026137 4.834118915103513 -3.6905392128264185
v 0.0006815529275834287 2.5216061129262695 -0.12958177038099838
vt 0 1
vt 0 1
vt 0 0
vt 0 0
vt 0.5 0.7013888888888888
vt 0.020833333333333332 0.7013888888888888
vt 0.020833333333333332 0.3819444444444444
vt 0.5 0.3819444444444444
vt 0 1
vt 0 1
vt 0 0
vt 0 0
vt 0 1
vt 0.013888888888888888 1
vt 0.013888888888888888 0.9861111111111112
vt 0 0.9861111111111112
vt 0 1
vt 0 1
vt 0 0
vt 0 0
vt 0 1
vt 0 1
vt 0 0
vt 0 0
vn 0.04361938736533599 0.5441206593358221 -0.8378723393989225
vn 0.9990482215818579 -0.02375682104260327 0.03658229637511779
vn -0.04361938736533599 -0.5441206593358221 0.8378723393989225
vn -0.9990482215818579 0.02375682104260327 -0.03658229637511779
vn 0 0.8386705679454239 0.5446390350150272
vn 0 -0.8386705679454239 -0.5446390350150272
g Plant
f 124/364/91 127/363/91 125/362/91 122/361/91
f 123/368/92 124/367/92 122/366/92 121/365/92
f 128/372/93 123/371/93 121/370/93 126/369/93
f 127/376/94 128/375/94 126/374/94 125/373/94
f 126/380/95 121/379/95 122/378/95 125/377/95
f 127/384/96 124/383/96 123/382/96 128/381/96
o cube
v 0 4.946230511737594 1.19588254086411
v 0 6.908662117986489 -2.573913500143332
v 0 2.396074366350207 -0.13164472218661227
v 0 4.358505972599101 -3.9014407631940546
v 0 6.908662117986489 -2.573913500143332
v 0 4.946230511737594 1.19588254086411
v 0 4.358505972599101 -3.9014407631940546
v 0 2.396074366350207 -0.13164472218661227
vt 0 1
vt 0 1
vt 0 0
vt 0 0
vt 0.5069444444444444 0.7083333333333333
vt 0.9861111111111112 0.7083333333333333
vt 0.9861111111111112 0.38888888888888884
vt 0.5069444444444444 0.38888888888888884
vt 0 1
vt 0 1
vt 0 0
vt 0 0
vt 0 1
vt 0.013888888888888888 1
vt 0.013888888888888888 0.9861111111111112
vt 0 0.9861111111111112
vt 0 1
vt 0 1
vt 0 0
vt 0 0
vt 0 1
vt 0 1
vt 0 0
vt 0 0
vn 0 0.4617486132350339 -0.8870108331782217
vn 1 0 0
vn 0 -0.4617486132350339 0.8870108331782217
vn -1 0 0
vn 0 0.8870108331782217 0.4617486132350339
vn 0 -0.8870108331782217 -0.4617486132350339
g Plant
f 132/388/97 135/387/97 133/386/97 130/385/97
f 131/392/98 132/391/98 130/390/98 129/389/98
f 136/396/99 131/395/99 129/394/99 134/393/99
f 135/400/100 136/399/100 134/398/100 133/397/100
f 134/404/101 129/403/101 130/402/101 133/401/101
f 135/408/102 132/407/102 131/406/102 136/405/102
o cube
v -0.0006815529275833732 4.909137960333245 0.9114832542752955
v -0.18606394923026137 6.361340078055641 -3.0784092726511716
v -0.0006815529275833732 2.207521675573759 -0.07182465778600139
v -0.18606394923026137 3.6597237932961546 -4.061717184712468
v -0.18606394923026137 6.361340078055641 -3.0784092726511716
v -0.0006815529275833732 4.909137960333245 0.9114832542752955
v -0.18606394923026137 3.6597237932961546 -4.061717184712468
v -0.0006815529275833732 2.207521675573759 -0.07182465778600139
vt 0 1
vt 0 1
vt 0 0
vt 0 0
vt 0.4930555555555556 0.7083333333333333
vt 0.013888888888888888 0.7083333333333333
vt 0.013888888888888888 0.38888888888888884
vt 0.4930555555555556 0.38888888888888884
vt 0 1
vt 0 1
vt 0 0
vt 0 0
vt 0 1
vt 0.013888888888888888 1
vt 0.013888888888888888 0.9861111111111112
vt 0 0.9861111111111112
vt 0 1
vt 0 1
vt 0 0
vt 0 0
vt 0 1
vt 0 1
vt 0 0
vt 0 0
vn -0.04361938736533599 0.34169461593468126 -0.9387982416297571
vn 0.9990482215818579 0.014918709118470073 -0.040988816430408324
vn 0.04361938736533599 -0.34169461593468126 0.9387982416297571
vn -0.9990482215818579 -0.014918709118470073 0.040988816430408324
vn 0 0.9396926207859085 0.34202014332566855
vn 0 -0.9396926207859085 -0.34202014332566855
g Plant
f 140/412/103 143/411/103 141/410/103 138/409/103
f 139/416/104 140/415/104 138/414/104 137/413/104
f 144/420/105 139/419/105 137/418/105 142/417/105
f 143/424/106 144/423/106 142/422/106 141/421/106
f 142/428/107 137/427/107 138/426/107 141/425/107
f 143/432/108 140/431/108 139/430/108 144/429/108
o cube
v 0.0006815529275834287 5.0369205814115245 0.4865787880333632
v 0.18606394923026137 5.774222919497603 -3.6948705575158423
v 0.0006815529275834287 2.2055982915014263 -0.012659722759061576
v 0.18606394923026137 2.9429006295875046 -4.194109068308268
v 0.18606394923026137 5.774222919497603 -3.6948705575158423
v 0.0006815529275834287 5.0369205814115245 0.4865787880333632
v 0.18606394923026137 2.9429006295875046 -4.194109068308268
v 0.0006815529275834287 2.2055982915014263 -0.012659722759061576
vt 0 1
vt 0 1
vt 0 0
vt 0 0
vt 0.5069444444444444 0.7083333333333333
vt 0.9861111111111112 0.7083333333333333
vt 0.9861111111111112 0.38888888888888884
vt 0.5069444444444444 0.38888888888888884
vt 0 1
vt 0 1
vt 0 0
vt 0 0
vt 0 1
vt 0.013888888888888888 1
vt 0.013888888888888888 0.9861111111111112
vt 0 0.9861111111111112
vt 0 1
vt 0 1
vt 0 0
vt 0 0
vt 0 1
vt 0 1
vt 0 0
vt 0 0
vn 0.04361938736533599 0.1734829030790772 -0.9838704342468719
vn 0.9990482215818578 -0.007574427126938521 0.04295671085902564
vn -0.04361938736533599 -0.1734829030790772 0.9838704342468719
vn -0.9990482215818578 0.007574427126938521 -0.04295671085902564
vn 0 0.9848077530122081 0.17364817766693036
vn 0 -0.9848077530122081 -0.17364817766693036
g Plant
f 148/436/109 151/435/109 149/434/109 146/433/109
f 147/440/110 148/439/110 146/438/110 145/437/110
f 152/444/111 147/443/111 145/442/111 150/441/111
f 151/448/112 152/447/112 150/446/112 149/445/112
f 150/452/113 145/451/113 146/450/113 149/449/113
f 151/456/114 148/455/114 147/454/114 152/453/114
