# Made in Blockbench 4.8.1

o cube
v 0.2881228965522663 0.3795748379613557 0.014394040537040187
v 0.4522798919842195 0.46857613684343 -0.0025617740425482594
v 0.2881228965522663 0.3795748379613557 0.014394040537040187
v 0.4522798919842195 0.46857613684343 -0.0025617740425482594
v 0.43217666246069963 0.47014137412153245 -0.1889743814353636
v 0.26801966702874647 0.38114007523945825 -0.1720185668557752
v 0.43217666246069963 0.47014137412153245 -0.1889743814353636
v 0.26801966702874647 0.38114007523945825 -0.1720185668557752
vt 0 1
vt 0.09375 1
vt 0.09375 1
vt 0 1
vt 0 1
vt 0.09375 1
vt 0.09375 1
vt 0 1
vt 0 1
vt 0.09375 1
vt 0.09375 1
vt 0 1
vt 0 1
vt 0.09375 1
vt 0.09375 1
vt 0 1
vt 0.1875 0.5625
vt 0.75 0.5625
vt 0.75 0
vt 0.1875 0
vt 0 1
vt 0.09375 1
vt 0.09375 0.90625
vt 0 0.90625
vn 0.8755039756370839 0.47467359403772935 -0.09043101109113835
vn 0.10721722412543934 -0.008347932149879883 0.994200572761682
vn -0.8755039756370839 -0.47467359403772935 0.09043101109113835
vn -0.10721722412543934 0.008347932149879883 -0.994200572761682
vn -0.4711658471223226 0.8801223160175671 0.05820183290393954
vn 0.4711658471223226 -0.8801223160175671 -0.05820183290393954
g Petal_1
f 4/4/1 7/3/1 5/2/1 2/1/1
f 3/8/2 4/7/2 2/6/2 1/5/2
f 8/12/3 3/11/3 1/10/3 6/9/3
f 7/16/4 8/15/4 6/14/4 5/13/4
f 6/20/5 1/19/5 2/18/5 5/17/5
f 7/24/6 4/23/6 3/22/6 8/21/6
o cube
v 0.22133291503080854 0.40164545464411194 -0.029994093095120467
v 0.3458518014219435 0.44350887264687167 0.10379212131069127
v 0.22133291503080854 0.40164545464411194 -0.029994093095120467
v 0.3458518014219435 0.44350887264687167 0.10379212131069127
v 0.48603231675716485 0.40524080891697456 -0.014703568141357204
v 0.3615134303660299 0.36337739091421484 -0.148489782547169
v 0.48603231675716485 0.40524080891697456 -0.014703568141357204
v 0.3615134303660299 0.36337739091421484 -0.148489782547169
vt 0 1
vt 0.09375 1
vt 0.09375 1
vt 0 1
vt 0 1
vt 0.09375 1
vt 0.09375 1
vt 0 1
vt 0 1
vt 0.09375 1
vt 0.09375 1
vt 0 1
vt 0 1
vt 0.09375 1
vt 0.09375 1
vt 0 1
vt 0.1875 0.5625
vt 0.75 0.5625
vt 0.75 0
vt 0.1875 0
vt 0 1
vt 0.09375 1
vt 0.09375 0.90625
vt 0 0.90625
vn 0.6641007274193865 0.22327156268138565 0.7135264768309959
vn -0.7476294151211804 0.2040963398927846 0.6319770104109254
vn -0.6641007274193865 -0.22327156268138565 -0.7135264768309959
vn 0.7476294151211804 -0.2040963398927846 -0.6319770104109254
vn 0.004525647644642582 0.9531497748728588 -0.3024649156071089
vn -0.004525647644642582 -0.9531497748728588 0.3024649156071089
g Petal_2
f 12/28/7 15/27/7 13/26/7 10/25/7
f 11/32/8 12/31/8 10/30/8 9/29/8
f 16/36/9 11/35/9 9/34/9 14/33/9
f 15/40/10 16/39/10 14/38/10 13/37/10
f 14/44/11 9/43/11 10/42/11 13/41/11
f 15/48/12 12/47/12 11/46/12 16/45/12
o cube
v 0.19327132292205296 0.3896302452507271 -0.12445985105952917
v 0.14358174104884402 0.5067204352222778 0.013297482196061305
v 0.19327132292205296 0.3896302452507271 -0.12445985105952917
v 0.14358174104884402 0.5067204352222778 0.013297482196061305
v 0.31342493361892176 0.4879815555500816 0.09048811845613147
v 0.3631145154921307 0.37089136557853086 -0.04726921479945906
v 0.31342493361892176 0.4879815555500816 0.09048811845613147
v 0.3631145154921307 0.37089136557853086 -0.04726921479945906
vt 0 1
vt 0.09375 1
vt 0.09375 1
vt 0 1
vt 0 1
vt 0.09375 1
vt 0.09375 1
vt 0 1
vt 0 1
vt 0.09375 1
vt 0.09375 1
vt 0 1
vt 0 1
vt 0.09375 1
vt 0.09375 1
vt 0 1
vt 0.1875 0.5625
vt 0.75 0.5625
vt 0.75 0
vt 0.1875 0
vt 0 1
vt 0.09375 1
vt 0.09375 0.90625
vt 0 0.90625
vn -0.2650111033237806 0.6244810131816043 0.7347057773631493
vn -0.9058303603737478 0.09994069158504684 -0.41168339338704063
vn 0.2650111033237806 -0.6244810131816043 -0.7347057773631493
vn 0.9058303603737478 -0.09994069158504684 0.41168339338704063
vn 0.33051546611358273 0.7746194693791137 -0.5391884682729607
vn -0.33051546611358273 -0.7746194693791137 0.5391884682729607
g Petal_1
f 20/52/13 23/51/13 21/50/13 18/49/13
f 19/56/14 20/55/14 18/54/14 17/53/14
f 24/60/15 19/59/15 17/58/15 22/57/15
f 23/64/16 24/63/16 22/62/16 21/61/16
f 22/68/17 17/67/17 18/66/17 21/65/17
f 23/72/18 20/71/18 19/70/18 24/69/18
o cube
v 0.26752359187376107 0.3944404964221332 -0.16163218215312036
v 0.09967179396288672 0.4710922697615145 -0.1283676427452904
v 0.26752359187376107 0.3944404964221332 -0.16163218215312036
v 0.09967179396288672 0.4710922697615145 -0.1283676427452904
v 0.12669078571826997 0.45024804536623 0.056000853462390254
v 0.2945425836291444 0.37359627202684864 0.022736314054560336
v 0.12669078571826997 0.45024804536623 0.056000853462390254
v 0.2945425836291444 0.37359627202684864 0.022736314054560336
vt 0 1
vt 0.09375 1
vt 0.09375 1
vt 0 1
vt 0 1
vt 0.09375 1
vt 0.09375 1
vt 0 1
vt 0 1
vt 0.09375 1
vt 0.09375 1
vt 0 1
vt 0 1
vt 0.09375 1
vt 0.09375 1
vt 0 1
vt 0.1875 0.5625
vt 0.75 0.5625
vt 0.75 0
vt 0.1875 0
vt 0 1
vt 0.09375 1
vt 0.09375 0.90625
vt 0 0.90625
vn -0.8952095888579971 0.408809457810034 0.17741087684175966
vn -0.14410128936204436 0.11116919677485093 -0.9832986464409634
vn 0.8952095888579971 -0.408809457810034 -0.17741087684175966
vn 0.14410128936204436 -0.11116919677485093 0.9832986464409634
vn 0.4217044111944911 0.9058235131047885 0.040609760964663975
vn -0.4217044111944911 -0.9058235131047885 -0.040609760964663975
g Petal_2
f 28/76/19 31/75/19 29/74/19 26/73/19
f 27/80/20 28/79/20 26/78/20 25/77/20
f 32/84/21 27/83/21 25/82/21 30/81/21
f 31/88/22 32/87/22 30/86/22 29/85/22
f 30/92/23 25/91/23 26/90/23 29/89/23
f 31/96/24 28/95/24 27/94/24 32/93/24
o cube
v 0.36718259104694295 0.37929077428008773 -0.12329241351137277
v 0.3115314121636763 0.5229241073648963 -0.23019733349100302
v 0.36718259104694295 0.37929077428008773 -0.12329241351137277
v 0.3115314121636763 0.5229241073648963 -0.23019733349100302
v 0.14521688094275986 0.5229241073648963 -0.1436194685094342
v 0.2008680598260264 0.37929077428008773 -0.036714548529803936
v 0.14521688094275986 0.5229241073648963 -0.1436194685094342
v 0.2008680598260264 0.37929077428008773 -0.036714548529803936
vt 0 1
vt 0.09375 1
vt 0.09375 1
vt 0 1
vt 0 1
vt 0.09375 1
vt 0.09375 1
vt 0 1
vt 0 1
vt 0.09375 1
vt 0.09375 1
vt 0 1
vt 0 1
vt 0.09375 1
vt 0.09375 1
vt 0 1
vt 0.1875 0.5625
vt 0.75 0.5625
vt 0.75 0
vt 0.1875 0
vt 0 1
vt 0.09375 1
vt 0.09375 0.90625
vt 0 0.90625
vn -0.29680628737742176 0.766044443118978 -0.5701595732246948
vn 0.8870108331782218 0 -0.46174861323503397
vn 0.29680628737742176 -0.766044443118978 0.5701595732246948
vn -0.8870108331782218 0 0.46174861323503397
vn 0.3537199592865919 0.6427876096865394 0.6794897197425116
vn -0.3537199592865919 -0.6427876096865394 -0.6794897197425116
g Petal_1
f 36/100/25 39/99/25 37/98/25 34/97/25
f 35/104/26 36/103/26 34/102/26 33/101/26
f 40/108/27 35/107/27 33/106/27 38/105/27
f 39/112/28 40/111/28 38/110/28 37/109/28
f 38/116/29 33/115/29 34/114/29 37/113/29
f 39/120/30 36/119/30 35/118/30 40/117/30
o cube
v 0.3516661040424496 0.37665010884670613 -0.041618760006410016
v 0.44155052070477896 0.4570931579095605 -0.18516651338048395
v 0.3516661040424496 0.37665010884670613 -0.041618760006410016
v 0.44155052070477896 0.4570931579095605 -0.18516651338048395
v 0.2787368129793055 0.4768647759327196 -0.27603471297434845
v 0.18885239631697603 0.3964217268698651 -0.13248695960027446
v 0.2787368129793055 0.4768647759327196 -0.27603471297434845
v 0.18885239631697603 0.3964217268698651 -0.13248695960027446
vt 0 1
vt 0.09375 1
vt 0.09375 1
vt 0 1
vt 0 1
vt 0.09375 1
vt 0.09375 1
vt 0 1
vt 0 1
vt 0.09375 1
vt 0.09375 1
vt 0 1
vt 0 1
vt 0.09375 1
vt 0.09375 1
vt 0 1
vt 0.1875 0.5625
vt 0.75 0.5625
vt 0.75 0
vt 0.1875 0
vt 0 1
vt 0.09375 1
vt 0.09375 0.90625
vt 0 0.90625
vn 0.47938355553242346 0.4290295950018904 -0.7655880179950609
vn 0.8683397745358586 -0.10544862945684823 0.4846303978339437
vn -0.47938355553242346 -0.4290295950018904 0.7655880179950609
vn -0.8683397745358586 0.10544862945684823 -0.4846303978339437
vn -0.1271905760821379 0.897114370165915 0.42309380070819724
vn 0.1271905760821379 -0.897114370165915 -0.42309380070819724
g Petal_2
f 44/124/31 47/123/31 45/122/31 42/121/31
f 43/128/32 44/127/32 42/126/32 41/125/32
f 48/132/33 43/131/33 41/130/33 46/129/33
f 47/136/34 48/135/34 46/134/34 45/133/34
f 46/140/35 41/139/35 42/138/35 45/137/35
f 47/144/36 44/143/36 43/142/36 48/141/36
o cube
v 0.02159583419757438 0.3937742853735231 0.0234723030162034
v 0.18292753730440803 0.36929510428260937 0.11582543650807098
v 0.02159583419757438 0.3937742853735231 0.0234723030162034
v 0.18292753730440803 0.36929510428260937 0.11582543650807098
v 0.4008451275119772 0.3743842015140283 -0.2635059159629515
v 0.23951342440514356 0.3988633826049419 -0.3558590494548191
v 0.4008451275119772 0.3743842015140283 -0.2635059159629515
v 0.23951342440514356 0.3988633826049419 -0.3558590494548191
vt 0 1
vt 0.09375 1
vt 0.09375 1
vt 0 1
vt 0 1
vt 0.09375 1
vt 0.09375 1
vt 0 1
vt 0 1
vt 0.09375 1
vt 0.09375 1
vt 0 1
vt 0 1
vt 0.09375 1
vt 0.09375 1
vt 0 1
vt 0 1
vt 1 1
vt 1 0.5625
vt 0 0.5625
vt 0 1
vt 0.09375 1
vt 0.09375 0.90625
vt 0 0.90625
vn 0.8604357499031131 -0.13055563248487304 0.49255004528996077
vn -0.4980973490458725 -0.011632222243243319 0.8670430913623371
vn -0.8604357499031131 0.13055563248487304 -0.49255004528996077
vn 0.4980973490458725 0.011632222243243319 -0.8670430913623371
vn 0.10746790759171712 0.9913727443460199 0.07503819431262718
vn -0.10746790759171712 -0.9913727443460199 -0.07503819431262718
g Leaf
f 52/148/37 55/147/37 53/146/37 50/145/37
f 51/152/38 52/151/38 50/150/38 49/149/38
f 56/156/39 51/155/39 49/154/39 54/153/39
f 55/160/40 56/159/40 54/158/40 53/157/40
f 54/164/41 49/163/41 50/162/41 53/161/41
f 55/168/42 52/167/42 51/166/42 56/165/42
o cube
v -0.07084020041718458 0.37010787205664286 -0.02994769102878725
v 0.021614630801759294 0.3937752312072086 0.02348311394469893
v -0.07084020041718458 0.37010787205664286 -0.02994769102878725
v 0.021614630801759294 0.3937752312072086 0.02348311394469893
v 0.23953222100932858 0.3988643284386275 -0.3558482385263235
v 0.14707738979038454 0.3751969692880619 -0.4092790434998097
v 0.23953222100932858 0.3988643284386275 -0.3558482385263235
v 0.14707738979038454 0.3751969692880619 -0.4092790434998097
vt 0 1
vt 0.09375 1
vt 0.09375 1
vt 0 1
vt 0 1
vt 0.09375 1
vt 0.09375 1
vt 0 1
vt 0 1
vt 0.09375 1
vt 0.09375 1
vt 0 1
vt 0 1
vt 0.09375 1
vt 0.09375 1
vt 0 1
vt 0 0.5625
vt 1 0.5625
vt 1 0.3125
vt 0 0.3125
vt 0 1
vt 0.09375 1
vt 0.09375 0.90625
vt 0 0.90625
vn 0.8453013140017737 0.21638728366231497 0.48851021690044527
vn -0.49809734904587244 -0.01163222224324331 0.867043091362337
vn -0.8453013140017737 -0.21638728366231497 -0.48851021690044527
vn 0.49809734904587244 0.01163222224324331 -0.867043091362337
vn -0.19329955876915342 0.9762383084446793 -0.09794919961246207
vn 0.19329955876915342 -0.9762383084446793 0.09794919961246207
g Leaf
f 60/172/43 63/171/43 61/170/43 58/169/43
f 59/176/44 60/175/44 58/174/44 57/173/44
f 64/180/45 59/179/45 57/178/45 62/177/45
f 63/184/46 64/183/46 62/182/46 61/181/46
f 62/188/47 57/187/47 58/186/47 61/185/47
f 63/192/48 60/191/48 59/190/48 64/189/48
o cube
v -0.13622004644428987 0.2709713177344739 -0.06883699970945834
v -0.07080906981709711 0.37013083835706284 -0.029929499062729736
v -0.13622004644428987 0.2709713177344739 -0.06883699970945834
v -0.07080906981709711 0.37013083835706284 -0.029929499062729736
v 0.14710852039047206 0.37521993558848177 -0.4092608515337522
v 0.08169754376327942 0.27606041496589284 -0.44816835218048073
v 0.14710852039047206 0.37521993558848177 -0.4092608515337522
v 0.08169754376327942 0.27606041496589284 -0.44816835218048073
vt 0 1
vt 0.09375 1
vt 0.09375 1
vt 0 1
vt 0 1
vt 0.09375 1
vt 0.09375 1
vt 0 1
vt 0 1
vt 0.09375 1
vt 0.09375 1
vt 0 1
vt 0 1
vt 0.09375 1
vt 0.09375 1
vt 0 1
vt 0 0.3125
vt 1 0.3125
vt 1 0
vt 0 0
vt 0 1
vt 0.09375 1
vt 0.09375 0.90625
vt 0 0.90625
vn 0.5232878130175421 0.7932761649807123 0.31126000517382857
vn -0.49809734904587255 -0.011632222243243312 0.867043091362337
vn -0.5232878130175421 -0.7932761649807123 -0.31126000517382857
vn 0.49809734904587255 0.011632222243243312 -0.867043091362337
vn -0.6914252639445512 0.608750866512055 -0.3890417546999682
vn 0.6914252639445512 -0.608750866512055 0.3890417546999682
g Leaf
f 68/196/49 71/195/49 69/194/49 66/193/49
f 67/200/50 68/199/50 66/198/50 65/197/50
f 72/204/51 67/203/51 65/202/51 70/201/51
f 71/208/52 72/207/52 70/206/52 69/205/52
f 70/212/53 65/211/53 66/210/53 69/209/53
f 71/216/54 68/215/54 67/214/54 72/213/54
o cube
v 0.3532484862061792 0.3893151604136771 -0.3567416466301426
v 0.19262553392194592 0.3648504166296844 -0.2631574946006429
v 0.3532484862061792 0.3893151604136771 -0.3567416466301426
v 0.19262553392194592 0.3648504166296844 -0.2631574946006429
v 0.41116733239297787 0.37883022404096744 0.11559083517229518
v 0.5717902846772112 0.4032949678249601 0.022006683142795525
v 0.41116733239297787 0.37883022404096744 0.11559083517229518
v 0.5717902846772112 0.4032949678249601 0.022006683142795525
vt 0 1
vt 0.09375 1
vt 0.09375 1
vt 0 1
vt 0 1
vt 0.09375 1
vt 0.09375 1
vt 0 1
vt 0 1
vt 0.09375 1
vt 0.09375 1
vt 0 1
vt 0 1
vt 0.09375 1
vt 0.09375 1
vt 0 1
vt 0 1
vt 1 1
vt 1 0.5625
vt 0 0.5625
vt 0 1
vt 0.09375 1
vt 0.09375 0.90625
vt 0 0.90625
vn -0.856655745515911 -0.13047863351462763 0.49911547749066476
vn -0.4995241107909303 -0.031953845511504035 -0.86571046805243
vn 0.856655745515911 0.13047863351462763 -0.49911547749066476
vn 0.4995241107909303 0.031953845511504035 0.86571046805243
vn -0.128905377750927 0.9909360614858975 0.03780377803485231
vn 0.128905377750927 -0.9909360614858975 -0.03780377803485231
g Leaf
f 76/220/55 79/219/55 77/218/55 74/217/55
f 75/224/56 76/223/56 74/222/56 73/221/56
f 80/228/57 75/227/57 73/226/57 78/225/57
f 79/232/58 80/231/58 78/230/58 77/229/58
f 78/236/59 73/235/59 74/234/59 77/233/59
f 79/240/60 76/239/60 75/238/60 80/237/60
o cube
v 0.4460979588007882 0.3656571688591692 -0.4094435465281817
v 0.3532296896019942 0.3893161062473627 -0.35673083570164715
v 0.4460979588007882 0.3656571688591692 -0.4094435465281817
v 0.3532296896019942 0.3893161062473627 -0.35673083570164715
v 0.571771488073026 0.4032959136586457 0.022017494071290944
v 0.6646397572718201 0.3796369762704521 -0.030695216755243615
v 0.571771488073026 0.4032959136586457 0.022017494071290944
v 0.6646397572718201 0.3796369762704521 -0.030695216755243615
vt 0 1
vt 0.09375 1
vt 0.09375 1
vt 0 1
vt 0 1
vt 0.09375 1
vt 0.09375 1
vt 0 1
vt 0 1
vt 0.09375 1
vt 0.09375 1
vt 0 1
vt 0 1
vt 0.09375 1
vt 0.09375 1
vt 0 1
vt 0 0.5625
vt 1 0.5625
vt 1 0.3125
vt 0 0.3125
vt 0 1
vt 0.09375 1
vt 0.09375 0.90625
vt 0 0.90625
vn -0.8490813183889742 0.21631028469205574 0.48194478469974483
vn -0.49952411079093034 -0.03195384551150404 -0.8657104680524299
vn 0.8490813183889742 -0.21631028469205574 -0.48194478469974483
vn 0.49952411079093034 0.03195384551150404 0.8657104680524299
vn 0.17186208860994326 0.9758016255845596 -0.1351836158902376
vn -0.17186208860994326 -0.9758016255845596 0.1351836158902376
g Leaf
f 84/244/61 87/243/61 85/242/61 82/241/61
f 83/248/62 84/247/62 82/246/62 81/245/62
f 88/252/63 83/251/63 81/250/63 86/249/63
f 87/256/64 88/255/64 86/254/64 85/253/64
f 86/260/65 81/259/65 82/258/65 85/257/65
f 87/264/66 84/263/66 83/262/66 88/261/66
o cube
v 0.5240419407249406 0.2773324734098067 -0.45115793710286034
v 0.4460711297463157 0.36567398278498264 -0.40942868649071473
v 0.5240419407249406 0.2773324734098067 -0.45115793710286034
v 0.4460711297463157 0.36567398278498264 -0.40942868649071473
v 0.6646129282173476 0.3796537901962658 -0.030680356717776636
v 0.7425837391959724 0.29131228082108973 -0.0724096073299223
v 0.6646129282173476 0.3796537901962658 -0.030680356717776636
v 0.7425837391959724 0.29131228082108973 -0.0724096073299223
vt 0 1
vt 0.09375 1
vt 0.09375 1
vt 0 1
vt 0 1
vt 0.09375 1
vt 0.09375 1
vt 0 1
vt 0 1
vt 0.09375 1
vt 0.09375 1
vt 0 1
vt 0 1
vt 0.09375 1
vt 0.09375 1
vt 0 1
vt 0 0.3125
vt 1 0.3125
vt 1 0
vt 0 0
vt 0 1
vt 0.09375 1
vt 0.09375 0.90625
vt 0 0.90625
vn -0.6237664878289984 0.7067320750014078 0.3338340048971656
vn -0.4995241107909303 -0.03195384551150407 -0.86571046805243
vn 0.6237664878289984 -0.7067320750014078 -0.3338340048971656
vn 0.4995241107909303 0.03195384551150407 0.86571046805243
vn 0.601158075218163 0.7067593125818942 -0.3729614493198485
vn -0.601158075218163 -0.7067593125818942 0.3729614493198485
g Leaf
f 92/268/67 95/267/67 93/266/67 90/265/67
f 91/272/68 92/271/68 90/270/68 89/269/68
f 96/276/69 91/275/69 89/274/69 94/273/69
f 95/280/70 96/279/70 94/278/70 93/277/70
f 94/284/71 89/283/71 90/282/71 93/281/71
f 95/288/72 92/287/72 91/286/72 96/285/72
o cube
v 0.515625 0.38793122324507345 0.1215184947455723
v 0.515625 0.37158952147988755 -0.06526801114663
v 0.515625 0.38793122324507345 0.1215184947455723
v 0.515625 0.37158952147988755 -0.06526801114663
v 0.078125 0.37158952147988755 -0.06526801114663
v 0.078125 0.38793122324507345 0.1215184947455723
v 0.078125 0.37158952147988755 -0.06526801114663
v 0.078125 0.38793122324507345 0.1215184947455723
vt 0 1
vt 0.09375 1
vt 0.09375 1
vt 0 1
vt 0 1
vt 0.09375 1
vt 0.09375 1
vt 0 1
vt 0 1
vt 0.09375 1
vt 0.09375 1
vt 0 1
vt 0 1
vt 0.09375 1
vt 0.09375 1
vt 0 1
vt 0 1
vt 1 1
vt 1 0.5625
vt 0 0.5625
vt 0 1
vt 0.09375 1
vt 0.09375 0.90625
vt 0 0.90625
vn 0 -0.08715574274765818 -0.9961946980917455
vn 1 0 0
vn 0 0.08715574274765818 0.9961946980917455
vn -1 0 0
vn 0 0.9961946980917455 -0.08715574274765818
vn 0 -0.9961946980917455 0.08715574274765818
g Leaf
f 100/292/73 103/291/73 101/290/73 98/289/73
f 99/296/74 100/295/74 98/294/74 97/293/74
f 104/300/75 99/299/75 97/298/75 102/297/75
f 103/304/76 104/303/76 102/302/76 101/301/76
f 102/308/77 97/307/77 98/306/77 101/305/77
f 103/312/78 100/311/78 99/310/78 104/309/78
o cube
v 0.515625 0.3332518582363069 0.21620332871036152
v 0.515625 0.3879393582363069 0.12148180017143861
v 0.515625 0.3332518582363069 0.21620332871036152
v 0.515625 0.3879393582363069 0.12148180017143861
v 0.078125 0.3879393582363069 0.12148180017143861
v 0.078125 0.3332518582363069 0.21620332871036152
v 0.078125 0.3879393582363069 0.12148180017143861
v 0.078125 0.3332518582363069 0.21620332871036152
vt 0 1
vt 0.09375 1
vt 0.09375 1
vt 0 1
vt 0 1
vt 0.09375 1
vt 0.09375 1
vt 0 1
vt 0 1
vt 0.09375 1
vt 0.09375 1
vt 0 1
vt 0 1
vt 0.09375 1
vt 0.09375 1
vt 0 1
vt 0 0.5625
vt 1 0.5625
vt 1 0.3125
vt 0 0.3125
vt 0 1
vt 0.09375 1
vt 0.09375 0.90625
vt 0 0.90625
vn 0 0.49999999999999994 -0.8660254037844387
vn 1 0 0
vn 0 -0.49999999999999994 0.8660254037844387
vn -1 0 0
vn 0 0.8660254037844387 0.49999999999999994
vn 0 -0.8660254037844387 -0.49999999999999994
g Leaf
f 108/316/79 111/315/79 109/314/79 106/313/79
f 107/320/80 108/319/80 106/318/80 105/317/80
f 112/324/81 107/323/81 105/322/81 110/321/81
f 111/328/82 112/327/82 110/326/82 109/325/82
f 110/332/83 105/331/83 106/330/83 109/329/83
f 111/336/84 108/335/84 107/334/84 112/333/84
o cube
v 0.515625 0.2375102541973091 0.29653515334865277
v 0.515625 0.3332658095871812 0.2161867021378353
v 0.515625 0.2375102541973091 0.29653515334865277
v 0.515625 0.3332658095871812 0.2161867021378353
v 0.078125 0.3332658095871812 0.2161867021378353
v 0.078125 0.2375102541973091 0.29653515334865277
v 0.078125 0.3332658095871812 0.2161867021378353
v 0.078125 0.2375102541973091 0.29653515334865277
vt 0 1
vt 0.09375 1
vt 0.09375 1
vt 0 1
vt 0 1
vt 0.09375 1
vt 0.09375 1
vt 0 1
vt 0 1
vt 0.09375 1
vt 0.09375 1
vt 0 1
vt 0 1
vt 0.09375 1
vt 0.09375 1
vt 0 1
vt 0 0.3125
vt 1 0.3125
vt 1 0
vt 0 0
vt 0 1
vt 0.09375 1
vt 0.09375 0.90625
vt 0 0.90625
vn 0 0.7660444431189779 -0.6427876096865395
vn 1 0 0
vn 0 -0.7660444431189779 0.6427876096865395
vn -1 0 0
vn 0 0.6427876096865395 0.7660444431189779
vn 0 -0.6427876096865395 -0.7660444431189779
g Leaf
f 116/340/85 119/339/85 117/338/85 114/337/85
f 115/344/86 116/343/86 114/342/86 113/341/86
f 120/348/87 115/347/87 113/346/87 118/345/87
f 119/352/88 120/351/88 118/350/88 117/349/88
f 118/356/89 113/355/89 114/354/89 117/353/89
f 119/360/90 116/359/90 115/358/90 120/357/90
o cube
v 0.5 0.375 -0.0625
v 0.5 0.375 -0.0625
v 0.5 0 -0.0625
v 0.5 0 -0.0625
v 0.125 0.375 -0.0625
v 0.125 0.375 -0.0625
v 0.125 0 -0.0625
v 0.125 0 -0.0625
vt 0 1
vt 0.28125 1
vt 0.28125 0.71875
vt 0 0.71875
vt 0 1
vt 0 1
vt 0 0.71875
vt 0 0.71875
vt 0 1
vt 1 1
vt 1 0
vt 0 0
vt 0 1
vt 0 1
vt 0 0.71875
vt 0 0.71875
vt 0 1
vt 0.28125 1
vt 0.28125 1
vt 0 1
vt 0 1
vt 0.28125 1
vt 0.28125 1
vt 0 1
vn 0 0 -1
vn 1 0 0
vn 0 0 1
vn -1 0 0
vn 0 1 0
vn 0 -1 0
g Stem
f 124/364/91 127/363/91 125/362/91 122/361/91
f 123/368/92 124/367/92 122/366/92 121/365/92
f 128/372/93 123/371/93 121/370/93 126/369/93
f 127/376/94 128/375/94 126/374/94 125/373/94
f 126/380/95 121/379/95 122/378/95 125/377/95
f 127/384/96 124/383/96 123/382/96 128/381/96
o cube
v 0.24810436963188054 0.484375 -0.044979369631880595
v 0.31439563036811946 0.484375 -0.1112706303681194
v 0.24810436963188054 0.390625 -0.044979369631880595
v 0.31439563036811946 0.390625 -0.1112706303681194
v 0.31439563036811946 0.484375 -0.1112706303681194
v 0.24810436963188054 0.484375 -0.044979369631880595
v 0.31439563036811946 0.390625 -0.1112706303681194
v 0.24810436963188054 0.390625 -0.044979369631880595
vt 0 1
vt 0 1
vt 0 0.9375
vt 0 0.9375
vt 0.25 0.4375
vt 0.6875 0.4375
vt 0.6875 0
vt 0.25 0
vt 0 1
vt 0 1
vt 0 0.9375
vt 0 0.9375
vt 0 1
vt 0.0625 1
vt 0.0625 0.9375
vt 0 0.9375
vt 0 1
vt 0 1
vt 0 0.9375
vt 0 0.9375
vt 0 1
vt 0 1
vt 0 0.9375
vt 0 0.9375
vn 0.7071067811865476 0 -0.7071067811865475
vn 0.7071067811865475 0 0.7071067811865476
vn -0.7071067811865476 0 0.7071067811865475
vn -0.7071067811865475 0 -0.7071067811865476
vn 0 1 0
vn 0 -1 0
g Stamen
f 132/388/97 135/387/97 133/386/97 130/385/97
f 131/392/98 132/391/98 130/390/98 129/389/98
f 136/396/99 131/395/99 129/394/99 134/393/99
f 135/400/100 136/399/100 134/398/100 133/397/100
f 134/404/101 129/403/101 130/402/101 133/401/101
f 135/408/102 132/407/102 131/406/102 136/405/102
o cube
v 0.31439563036811946 0.484375 -0.044979369631880595
v 0.24810436963188054 0.484375 -0.1112706303681194
v 0.31439563036811946 0.390625 -0.044979369631880595
v 0.24810436963188054 0.390625 -0.1112706303681194
v 0.24810436963188054 0.484375 -0.1112706303681194
v 0.31439563036811946 0.484375 -0.044979369631880595
v 0.24810436963188054 0.390625 -0.1112706303681194
v 0.31439563036811946 0.390625 -0.044979369631880595
vt 0 1
vt 0 1
vt 0 0.9375
vt 0 0.9375
vt 0.25 0.4375
vt 0.6875 0.4375
vt 0.6875 0
vt 0.25 0
vt 0 1
vt 0 1
vt 0 0.9375
vt 0 0.9375
vt 0 1
vt 0.0625 1
vt 0.0625 0.9375
vt 0 0.9375
vt 0 1
vt 0 1
vt 0 0.9375
vt 0 0.9375
vt 0 1
vt 0 1
vt 0 0.9375
vt 0 0.9375
vn -0.7071067811865476 0 -0.7071067811865475
vn 0.7071067811865475 0 -0.7071067811865476
vn 0.7071067811865476 0 0.7071067811865475
vn -0.7071067811865475 0 0.7071067811865476
vn 0 1 0
vn 0 -1 0
g Stamen
f 140/412/103 143/411/103 141/410/103 138/409/103
f 139/416/104 140/415/104 138/414/104 137/413/104
f 144/420/105 139/419/105 137/418/105 142/417/105
f 143/424/106 144/423/106 142/422/106 141/421/106
f 142/428/107 137/427/107 138/426/107 141/425/107
f 143/432/108 140/431/108 139/430/108 144/429/108
o cube
v -0.18212847142366273 0.3795748379613557 0.43194975325152196
v -0.028690114265137012 0.46857613684343 0.4927090270276
v -0.18212847142366273 0.3795748379613557 0.43194975325152196
v -0.028690114265137012 0.46857613684343 0.4927090270276
v 0.039553866318791986 0.47014137412153245 0.31807638647514314
v -0.11388449083973379 0.38114007523945825 0.2573171126990652
v 0.039553866318791986 0.47014137412153245 0.31807638647514314
v -0.11388449083973379 0.38114007523945825 0.2573171126990652
vt 0 1
vt 0.09375 1
vt 0.09375 1
vt 0 1
vt 0 1
vt 0.09375 1
vt 0.09375 1
vt 0 1
vt 0 1
vt 0.09375 1
vt 0.09375 1
vt 0 1
vt 0 1
vt 0.09375 1
vt 0.09375 1
vt 0 1
vt 0.1875 0.5625
vt 0.75 0.5625
vt 0.75 0
vt 0.1875 0
vt 0 1
vt 0.09375 1
vt 0.09375 0.90625
vt 0 0.90625
vn 0.8183379048454704 0.4746735940377294 0.3240494601390828
vn -0.3639678964476209 -0.008347932149879889 0.9313740829464362
vn -0.8183379048454704 -0.4746735940377294 -0.3240494601390828
vn 0.3639678964476209 0.008347932149879889 -0.9313740829464362
vn -0.4448038262522252 0.8801223160175672 -0.1659345202158194
vn 0.4448038262522252 -0.8801223160175672 0.1659345202158194
g Petal_1
f 148/436/109 151/435/109 149/434/109 146/433/109
f 147/440/110 148/439/110 146/438/110 145/437/110
f 152/444/111 147/443/111 145/442/111 150/441/111
f 151/448/112 152/447/112 150/446/112 149/445/112
f 150/452/113 145/451/113 146/450/113 149/449/113
f 151/456/114 148/455/114 147/454/114 152/453/114
o cube
v -0.22087574943222754 0.40164545464411194 0.3617368165097061
v -0.17220174723985104 0.44350887264687167 0.5379030611302427
v -0.22087574943222754 0.40164545464411194 0.3617368165097061
v -0.17220174723985104 0.44350887264687167 0.5379030611302427
v 0.006855108741808835 0.40524080891697456 0.49752425945996426
v -0.04181889345056772 0.36337739091421484 0.3213580148394277
v 0.006855108741808835 0.40524080891697456 0.49752425945996426
v -0.04181889345056772 0.36337739091421484 0.3213580148394277
vt 0 1
vt 0.09375 1
vt 0.09375 1
vt 0 1
vt 0 1
vt 0.09375 1
vt 0.09375 1
vt 0 1
vt 0 1
vt 0.09375 1
vt 0.09375 1
vt 0 1
vt 0 1
vt 0.09375 1
vt 0.09375 1
vt 0 1
vt 0.1875 0.5625
vt 0.75 0.5625
vt 0.75 0
vt 0.1875 0
vt 0 1
vt 0.09375 1
vt 0.09375 0.90625
vt 0 0.90625
vn 0.2595946783593413 0.2232715626813857 0.9395533046428619
vn -0.9549698985688521 0.20409633989278456 0.21535360890815214
vn -0.2595946783593413 -0.2232715626813857 -0.9395533046428619
vn 0.9549698985688521 -0.20409633989278456 -0.21535360890815214
vn 0.14367705382177956 0.9531497748728588 -0.2661999452759381
vn -0.14367705382177956 -0.9531497748728588 0.2661999452759381
g Petal_2
f 156/460/115 159/459/115 157/458/115 154/457/115
f 155/464/116 156/463/116 154/462/116 153/461/116
f 160/468/117 155/467/117 153/466/117 158/465/117
f 159/472/118 160/471/118 158/470/118 157/469/118
f 158/476/119 153/475/119 154/474/119 157/473/119
f 159/480/120 156/479/120 155/478/120 160/477/120
o cube
v -0.2021472528906601 0.3896302452507271 0.2649872645894987
v -0.30983170790201786 0.5067204352222778 0.36423541601476717
v -0.2021472528906601 0.3896302452507271 0.2649872645894987
v -0.30983170790201786 0.5067204352222778 0.36423541601476717
v -0.19482162539860137 0.4879815555500816 0.5111292052340133
v -0.08713717038724361 0.37089136557853086 0.41188105380874473
v -0.19482162539860137 0.4879815555500816 0.5111292052340133
v -0.08713717038724361 0.37089136557853086 0.41188105380874473
vt 0 1
vt 0.09375 1
vt 0.09375 1
vt 0 1
vt 0 1
vt 0.09375 1
vt 0.09375 1
vt 0 1
vt 0 1
vt 0.09375 1
vt 0.09375 1
vt 0 1
vt 0 1
vt 0.09375 1
vt 0.09375 1
vt 0 1
vt 0.1875 0.5625
vt 0.75 0.5625
vt 0.75 0
vt 0.1875 0
vt 0 1
vt 0.09375 1
vt 0.09375 0.90625
vt 0 0.90625
vn -0.5743170933939081 0.6244810131816042 0.5293234742680983
vn -0.613387106684888 0.09994069158504687 -0.7834335425026455
vn 0.5743170933939081 -0.6244810131816042 -0.5293234742680983
vn 0.613387106684888 -0.09994069158504687 0.7834335425026455
vn 0.5421403264730591 0.7746194693791137 -0.3256509543522105
vn -0.5421403264730591 -0.7746194693791137 0.3256509543522105
g Petal_1
f 164/484/121 167/483/121 165/482/121 162/481/121
f 163/488/122 164/487/122 162/486/122 161/485/122
f 168/492/123 163/491/123 161/490/123 166/489/123
f 167/496/124 168/495/124 166/494/124 165/493/124
f 166/500/125 161/499/125 162/498/125 165/497/125
f 167/504/126 164/503/126 163/502/126 168/501/126
o cube
v -0.11912041360925274 0.3944404964221332 0.26630088643300165
v -0.2833666316661076 0.4710922697615145 0.21830155833407727
v -0.11912041360925274 0.3944404964221332 0.26630088643300165
v -0.2833666316661076 0.4710922697615145 0.21830155833407727
v -0.34453239072565467 0.45024804536623 0.394314393741125
v -0.18028617266879987 0.37359627202684864 0.44231372184004947
v -0.34453239072565467 0.45024804536623 0.394314393741125
v -0.18028617266879987 0.37359627202684864 0.44231372184004947
vt 0 1
vt 0.09375 1
vt 0.09375 1
vt 0 1
vt 0 1
vt 0.09375 1
vt 0.09375 1
vt 0 1
vt 0 1
vt 0.09375 1
vt 0.09375 1
vt 0 1
vt 0 1
vt 0.09375 1
vt 0.09375 1
vt 0 1
vt 0.1875 0.5625
vt 0.75 0.5625
vt 0.75 0
vt 0.1875 0
vt 0 1
vt 0.09375 1
vt 0.09375 0.90625
vt 0 0.90625
vn -0.8759798296365592 0.408809457810034 -0.2559964165275969
vn 0.3262173816509179 0.11116919677485093 -0.938735122170921
vn 0.8759798296365592 -0.408809457810034 0.2559964165275969
vn -0.3262173816509179 -0.11116919677485093 0.938735122170921
vn 0.3553048803193171 0.9058235131047884 0.23074272497258774
vn -0.3553048803193171 -0.9058235131047884 -0.23074272497258774
g Petal_2
f 172/508/127 175/507/127 173/506/127 170/505/127
f 171/512/128 172/511/128 170/510/128 169/509/128
f 176/516/129 171/515/129 169/514/129 174/513/129
f 175/520/130 176/519/130 174/518/130 173/517/130
f 174/524/131 169/523/131 170/522/131 173/521/131
f 175/528/132 172/527/132 171/526/132 176/525/132
o cube
v -0.04842513672102 0.37929077428008773 0.3463260812243867
v -0.04842513672102 0.5229241073648963 0.2258034044081605
v -0.04842513672102 0.37929077428008773 0.3463260812243867
v -0.04842513672102 0.5229241073648963 0.2258034044081605
v -0.23592513672102 0.5229241073648963 0.2258034044081605
v -0.23592513672102 0.37929077428008773 0.3463260812243867
v -0.23592513672102 0.5229241073648963 0.2258034044081605
v -0.23592513672102 0.37929077428008773 0.3463260812243867
vt 0 1
vt 0.09375 1
vt 0.09375 1
vt 0 1
vt 0 1
vt 0.09375 1
vt 0.09375 1
vt 0 1
vt 0 1
vt 0.09375 1
vt 0.09375 1
vt 0 1
vt 0 1
vt 0.09375 1
vt 0.09375 1
vt 0 1
vt 0.1875 0.5625
vt 0.75 0.5625
vt 0.75 0
vt 0.1875 0
vt 0 1
vt 0.09375 1
vt 0.09375 0.90625
vt 0 0.90625
vn 0 0.766044443118978 -0.6427876096865393
vn 1 0 0
vn 0 -0.766044443118978 0.6427876096865393
vn -1 0 0
vn 0 0.6427876096865393 0.766044443118978
vn 0 -0.6427876096865393 -0.766044443118978
g Petal_1
f 180/532/133 183/531/133 181/530/133 178/529/133
f 179/536/134 180/535/134 178/534/134 177/533/134
f 184/540/135 179/539/135 177/538/135 182/537/135
f 183/544/136 184/543/136 182/542/136 181/541/136
f 182/548/137 177/547/137 178/546/137 181/545/137
f 183/552/138 180/551/138 179/550/138 184/549/138
o cube
v -0.09990112503062998 0.37665010884670613 0.41160678031192877
v 0.04611030233624458 0.4570931579095605 0.3257823727360001
v -0.09990112503062998 0.37665010884670613 0.41160678031192877
v 0.04611030233624458 0.4570931579095605 0.3257823727360001
v -0.056348955056532035 0.4768647759327196 0.1700022915469499
v -0.20236038242340654 0.3964217268698651 0.2558266991228786
v -0.056348955056532035 0.4768647759327196 0.1700022915469499
v -0.20236038242340654 0.3964217268698651 0.2558266991228786
vt 0 1
vt 0.09375 1
vt 0.09375 1
vt 0 1
vt 0 1
vt 0.09375 1
vt 0.09375 1
vt 0 1
vt 0 1
vt 0.09375 1
vt 0.09375 1
vt 0 1
vt 0 1
vt 0.09375 1
vt 0.09375 1
vt 0 1
vt 0.1875 0.5625
vt 0.75 0.5625
vt 0.75 0
vt 0.1875 0
vt 0 1
vt 0.09375 1
vt 0.09375 0.90625
vt 0 0.90625
vn 0.7787276126233309 0.4290295950018904 -0.457730173738286
vn 0.5464493727614749 -0.10544862945684824 0.8308270996749343
vn -0.7787276126233309 -0.4290295950018904 0.457730173738286
vn -0.5464493727614749 0.10544862945684824 -0.8308270996749343
vn -0.308182394608385 0.8971143701659149 0.3165587125562262
vn 0.308182394608385 -0.8971143701659149 -0.3165587125562262
g Petal_2
f 188/556/139 191/555/139 189/554/139 186/553/139
f 187/560/140 188/559/140 186/558/140 185/557/140
f 192/564/141 187/563/141 185/562/141 190/561/141
f 191/568/142 192/567/142 190/566/142 189/565/142
f 190/572/143 185/571/143 186/570/143 189/569/143
f 191/576/144 188/575/144 187/574/144 192/573/144
o cube
v -0.42273273817777923 0.3937742853735231 0.3169337689850886
v -0.322273701104705 0.36929510428260937 0.4733466890507563
v -0.42273273817777923 0.3937742853735231 0.3169337689850886
v -0.322273701104705 0.36929510428260937 0.4733466890507563
v 0.046177288109565784 0.3743842015140283 0.23749881512267856
v -0.05428174896350846 0.3988633826049419 0.0810858950570108
v 0.046177288109565784 0.3743842015140283 0.23749881512267856
v -0.05428174896350846 0.3988633826049419 0.0810858950570108
vt 0 1
vt 0.09375 1
vt 0.09375 1
vt 0 1
vt 0 1
vt 0.09375 1
vt 0.09375 1
vt 0 1
vt 0 1
vt 0.09375 1
vt 0.09375 1
vt 0 1
vt 0 1
vt 0.09375 1
vt 0.09375 1
vt 0 1
vt 0 1
vt 1 1
vt 1 0.5625
vt 0 0.5625
vt 0 1
vt 0.09375 1
vt 0.09375 0.90625
vt 0 0.90625
vn 0.5357815310563957 -0.13055563248487304 0.8342022403502278
vn -0.842173689632619 -0.011632222243243319 0.5390808546927495
vn -0.5357815310563957 0.13055563248487304 -0.8342022403502278
vn 0.842173689632619 0.011632222243243319 -0.5390808546927495
vn 0.06067641608933252 0.9913727443460199 0.11618284855517891
vn -0.06067641608933252 -0.9913727443460199 -0.11618284855517891
g Leaf
f 196/580/145 199/579/145 197/578/145 194/577/145
f 195/584/146 196/583/146 194/582/146 193/581/146
f 200/588/147 195/587/147 193/586/147 198/585/147
f 199/592/148 200/591/148 198/590/148 197/589/148
f 198/596/149 193/595/149 194/594/149 197/593/149
f 199/600/150 196/599/150 195/598/150 200/597/150
o cube
v -0.4800578940878093 0.37010787205664286 0.22686744476255538
v -0.4227210573174807 0.3937752312072086 0.316952037701697
v -0.4800578940878093 0.37010787205664286 0.22686744476255538
v -0.4227210573174807 0.3937752312072086 0.316952037701697
v -0.054270068103209945 0.3988643284386275 0.08110416377361918
v -0.11160690487353853 0.3751969692880619 -0.008980429165522441
v -0.054270068103209945 0.3988643284386275 0.08110416377361918
v -0.11160690487353853 0.3751969692880619 -0.008980429165522441
vt 0 1
vt 0.09375 1
vt 0.09375 1
vt 0 1
vt 0 1
vt 0.09375 1
vt 0.09375 1
vt 0 1
vt 0 1
vt 0.09375 1
vt 0.09375 1
vt 0 1
vt 0 1
vt 0.09375 1
vt 0.09375 1
vt 0 1
vt 0 0.5625
vt 1 0.5625
vt 1 0.3125
vt 0 0.3125
vt 0 1
vt 0.09375 1
vt 0.09375 0.90625
vt 0 0.90625
vn 0.5242225076144326 0.21638728366231494 0.8236305640150087
vn -0.8421736896326188 -0.01163222224324331 0.5390808546927494
vn -0.5242225076144326 -0.21638728366231494 -0.8236305640150087
vn 0.8421736896326188 0.01163222224324331 -0.5390808546927494
vn -0.1262308955882735 0.9762383084446793 -0.17613780435799045
vn 0.1262308955882735 -0.9762383084446793 0.17613780435799045
g Leaf
f 204/604/151 207/603/151 205/602/151 202/601/151
f 203/608/152 204/607/152 202/606/152 201/605/152
f 208/612/153 203/611/153 201/610/153 206/609/153
f 207/616/154 208/615/154 206/614/154 205/613/154
f 206/620/155 201/619/155 202/618/155 205/617/155
f 207/624/156 204/623/156 203/622/156 208/621/156
o cube
v -0.5200934414324068 0.2709713177344739 0.1621831534314524
v -0.4800386810233874 0.37013083835706284 0.22689795574494476
v -0.5200934414324068 0.2709713177344739 0.1621831534314524
v -0.4800386810233874 0.37013083835706284 0.22689795574494476
v -0.1115876918091167 0.37521993558848177 -0.008949918183133065
v -0.15164245221813605 0.27606041496589284 -0.07366472049662542
v -0.1115876918091167 0.37521993558848177 -0.008949918183133065
v -0.15164245221813605 0.27606041496589284 -0.07366472049662542
vt 0 1
vt 0.09375 1
vt 0.09375 1
vt 0 1
vt 0 1
vt 0.09375 1
vt 0.09375 1
vt 0 1
vt 0 1
vt 0.09375 1
vt 0.09375 1
vt 0 1
vt 0 1
vt 0.09375 1
vt 0.09375 1
vt 0 1
vt 0 0.3125
vt 1 0.3125
vt 1 0
vt 0 0
vt 0 1
vt 0.09375 1
vt 0.09375 0.90625
vt 0 0.90625
vn 0.3204380832721546 0.7932761649807122 0.5177184185079391
vn -0.842173689632619 -0.011632222243243368 0.5390808546927495
vn -0.3204380832721546 -0.7932761649807122 -0.5177184185079391
vn 0.842173689632619 0.011632222243243368 -0.5390808546927495
vn -0.4336622087286936 0.608750866512055 -0.6643489077595999
vn 0.4336622087286936 -0.608750866512055 0.6643489077595999
g Leaf
f 212/628/157 215/627/157 213/626/157 210/625/157
f 211/632/158 212/631/158 210/630/158 209/629/158
f 216/636/159 211/635/159 209/634/159 214/633/159
f 215/640/160 216/639/160 214/638/160 213/637/160
f 214/644/161 209/643/161 210/642/161 213/641/161
f 215/648/162 212/647/162 211/646/162 216/645/162
o cube
v 0.04701002098795559 0.3893151604136771 0.13282002886399558
v -0.13867663016562604 0.3648504166296844 0.14166276005699763
v 0.04701002098795559 0.3893151604136771 0.13282002886399558
v -0.13867663016562604 0.3648504166296844 0.14166276005699763
v -0.11971420345730838 0.37883022404096744 0.5785280039916405
v 0.0659724476962732 0.4032949678249601 0.5696852727986386
v -0.11971420345730838 0.37883022404096744 0.5785280039916405
v 0.0659724476962732 0.4032949678249601 0.5696852727986386
vt 0 1
vt 0.09375 1
vt 0.09375 1
vt 0 1
vt 0 1
vt 0.09375 1
vt 0.09375 1
vt 0 1
vt 0 1
vt 0.09375 1
vt 0.09375 1
vt 0 1
vt 0 1
vt 0.09375 1
vt 0.09375 1
vt 0 1
vt 0 1
vt 1 1
vt 1 0.5625
vt 0 0.5625
vt 0 1
vt 0.09375 1
vt 0.09375 0.90625
vt 0 0.90625
vn -0.9903288061524352 -0.13047863351462768 0.047161233029344496
vn -0.04334268961901174 -0.031953845511504035 -0.9985491289934697
vn 0.9903288061524352 0.13047863351462768 -0.047161233029344496
vn 0.04334268961901174 0.031953845511504035 0.9985491289934697
vn -0.13179630860264127 0.9909360614858975 -0.02598951876304985
vn 0.13179630860264127 -0.9909360614858975 0.02598951876304985
g Leaf
f 220/652/163 223/651/163 221/650/163 218/649/163
f 219/656/164 220/655/164 218/654/164 217/653/164
f 224/660/165 219/659/165 217/658/165 222/657/165
f 223/664/166 224/663/166 222/662/166 221/661/166
f 222/668/167 217/667/167 218/666/167 221/665/167
f 223/672/168 220/671/168 219/670/168 224/669/168
o cube
v 0.1537035382270293 0.3656571688591691 0.12894598793552559
v 0.046988356265175946 0.3893161062473627 0.13282093896877178
v 0.1537035382270293 0.3656571688591691 0.12894598793552559
v 0.046988356265175946 0.3893161062473627 0.13282093896877178
v 0.06595078297349355 0.4032959136586457 0.5696861829034146
v 0.17266596493534692 0.3796369762704521 0.5658112318701685
v 0.06595078297349355 0.4032959136586457 0.5696861829034146
v 0.17266596493534692 0.3796369762704521 0.5658112318701685
vt 0 1
vt 0.09375 1
vt 0.09375 1
vt 0 1
vt 0 1
vt 0.09375 1
vt 0.09375 1
vt 0 1
vt 0 1
vt 0.09375 1
vt 0.09375 1
vt 0 1
vt 0 1
vt 0.09375 1
vt 0.09375 1
vt 0 1
vt 0 0.5625
vt 1 0.5625
vt 1 0.3125
vt 0 0.3125
vt 0 1
vt 0.09375 1
vt 0.09375 0.90625
vt 0 0.90625
vn -0.9756816636512311 0.21631028469205577 0.035428123732536204
vn -0.04334268961901174 -0.031953845511504035 -0.9985491289934697
vn 0.9756816636512311 -0.21631028469205577 -0.035428123732536204
vn 0.04334268961901174 0.031953845511504035 0.9985491289934697
vn 0.21486438157906987 0.9758016255845595 -0.04055225067952651
vn -0.21486438157906987 -0.9758016255845595 0.04055225067952651
g Leaf
f 228/676/169 231/675/169 229/674/169 226/673/169
f 227/680/170 228/679/170 226/678/170 225/677/170
f 232/684/171 227/683/171 225/682/171 230/681/171
f 231/688/172 232/687/172 230/686/172 229/685/172
f 230/692/173 225/691/173 226/690/173 229/689/173
f 231/696/174 228/695/174 227/694/174 232/693/174
o cube
v 0.24210225657460227 0.2773324734098067 0.12793539715985192
v 0.15367287896337511 0.36567398278498264 0.12894678067104315
v 0.24210225657460227 0.2773324734098067 0.12793539715985192
v 0.15367287896337511 0.36567398278498264 0.12894678067104315
v 0.17263530567169283 0.3796537901962658 0.5658120246056861
v 0.2610646832829199 0.29131228082108973 0.5648006410944948
v 0.17263530567169283 0.3796537901962658 0.5658120246056861
v 0.2610646832829199 0.29131228082108973 0.5648006410944948
vt 0 1
vt 0.09375 1
vt 0.09375 1
vt 0 1
vt 0 1
vt 0.09375 1
vt 0.09375 1
vt 0 1
vt 0 1
vt 0.09375 1
vt 0.09375 1
vt 0 1
vt 0 1
vt 0.09375 1
vt 0.09375 1
vt 0 1
vt 0 0.3125
vt 1 0.3125
vt 1 0
vt 0 0
vt 0 1
vt 0.09375 1
vt 0.09375 0.90625
vt 0 0.90625
vn -0.7074350208898166 0.7067320750014078 0.008091068089529698
vn -0.04334268961901174 -0.031953845511504035 -0.9985491289934697
vn 0.7074350208898166 -0.7067320750014078 -0.008091068089529698
vn 0.04334268961901174 0.031953845511504035 0.9985491289934697
vn 0.7054481571846474 0.7067593125818942 -0.05323693833752696
vn -0.7054481571846474 -0.7067593125818942 0.05323693833752696
g Leaf
f 236/700/175 239/699/175 237/698/175 234/697/175
f 235/704/176 236/703/176 234/702/176 233/701/176
f 240/708/177 235/707/177 233/706/177 238/705/177
