# Made in Blockbench 4.1.3

o cube
v -0.14580585713916766 0.07185815083595667 -0.1294874077777111
v -0.14675537257590465 0.09352287406045787 -0.25259199009714045
v -0.14309260436312188 0.04120092094073229 -0.1349035885838364
v -0.14404211979985887 0.06286564416523349 -0.2580081709032657
v -0.17788645689127172 0.09080962128441208 -0.2528293689563247
v -0.17693694145453473 0.06914489805991089 -0.12972478663689535
v -0.17517320411522594 0.0601523913891877 -0.25824554976244996
v -0.17422368867848895 0.03848766816468651 -0.13514096744302062
vt 0.3125 0.28125
vt 0.34375 0.28125
vt 0.34375 0.25
vt 0.3125 0.25
vt 0.3125 0.28125
vt 0.59375 0.28125
vt 0.59375 0.25
vt 0.3125 0.25
vt 0.3125 0.03125
vt 0.34375 0.03125
vt 0.34375 0
vt 0.3125 0
vt 0.375 0.28125
vt 0.625 0.28125
vt 0.625 0.25
vt 0.375 0.25
vt 0.3125 0.75
vt 0.34375 0.75
vt 0.34375 0.625
vt 0.3125 0.625
vt 0.65625 0.25
vt 0.6875 0.25
vt 0.6875 0
vt 0.65625 0
vn -0.007596123493895911 0.17331778579600948 -0.9848366585554348
vn 0.9961946980917455 0.086824088833465 0.007596123493895957
vn 0.007596123493895911 -0.17331778579600948 0.9848366585554348
vn -0.9961946980917455 -0.086824088833465 -0.007596123493895957
vn -0.086824088833465 0.9810313566471803 0.17331778579600948
vn 0.086824088833465 -0.9810313566471803 -0.17331778579600948
g _
f 4/4/1 7/3/1 5/2/1 2/1/1
f 3/8/2 4/7/2 2/6/2 1/5/2
f 8/12/3 3/11/3 1/10/3 6/9/3
f 7/16/4 8/15/4 6/14/4 5/13/4
f 6/20/5 1/19/5 2/18/5 5/17/5
f 7/24/6 4/23/6 3/22/6 8/21/6
o cube
v 0.19405379852134266 0.06773790834521509 -0.004491020970614407
v 0.19405379852134266 0.06773790834521509 -0.1607410209706144
v 0.1981327420282193 0.03675525642728351 -0.004491020970614407
v 0.1981327420282193 0.03675525642728351 -0.1607410209706144
v 0.0391405389316848 0.04734319081083201 -0.1607410209706144
v 0.0391405389316848 0.04734319081083201 -0.004491020970614407
v 0.04321948243856141 0.016360538892900442 -0.1607410209706144
v 0.04321948243856141 0.016360538892900442 -0.004491020970614407
vt 0.3125 0.28125
vt 0.65625 0.28125
vt 0.65625 0.25
vt 0.3125 0.25
vt 0.3125 0.28125
vt 0.59375 0.28125
vt 0.59375 0.25
vt 0.3125 0.25
vt 0.3125 0.03125
vt 0.46875 0.03125
vt 0.46875 0
vt 0.3125 0
vt 0.375 0.28125
vt 0.65625 0.28125
vt 0.65625 0.25
vt 0.375 0.25
vt 0.53125 0.65625
vt 0.6875 0.65625
vt 0.6875 0.5
vt 0.53125 0.5
vt 0.3125 0.15625
vt 0.46875 0.15625
vt 0.46875 0
vt 0.3125 0
vn 0 0 -1
vn 0.9914448613738104 0.13052619222005157 0
vn 0 0 1
vn -0.9914448613738104 -0.13052619222005157 0
vn -0.13052619222005157 0.9914448613738104 0
vn 0.13052619222005157 -0.9914448613738104 0
g _
f 12/28/7 15/27/7 13/26/7 10/25/7
f 11/32/8 12/31/8 10/30/8 9/29/8
f 16/36/9 11/35/9 9/34/9 14/33/9
f 15/40/10 16/39/10 14/38/10 13/37/10
f 14/44/11 9/43/11 10/42/11 13/41/11
f 15/48/12 12/47/12 11/46/12 16/45/12
o cube
v 0.0391405389316848 0.04734319081083201 -0.004491020970614407
v 0.0391405389316848 0.04734319081083201 -0.1607410209706144
v 0.03506159542480819 0.01636053889290044 -0.004491020970614407
v 0.03506159542480819 0.01636053889290044 -0.1607410209706144
v -0.14675537257590465 0.07181685185209168 -0.1607410209706144
v -0.14675537257590465 0.07181685185209168 -0.004491020970614407
v -0.15083431608278125 0.04083419993416011 -0.1607410209706144
v -0.15083431608278125 0.04083419993416011 -0.004491020970614407
vt 0.3125 0.28125
vt 0.65625 0.28125
vt 0.65625 0.25
vt 0.3125 0.25
vt 0.3125 0.28125
vt 0.59375 0.28125
vt 0.59375 0.25
vt 0.3125 0.25
vt 0.46875 0.03125
vt 0.65625 0.03125
vt 0.65625 0
vt 0.46875 0
vt 0.375 0.28125
vt 0.65625 0.28125
vt 0.65625 0.25
vt 0.375 0.25
vt 0.34375 0.65625
vt 0.53125 0.65625
vt 0.53125 0.5
vt 0.34375 0.5
vt 0.46875 0.15625
vt 0.65625 0.15625
vt 0.65625 0
vt 0.46875 0
vn 0 0 -1
vn 0.9914448613738104 -0.13052619222005157 0
vn 0 0 1
vn -0.9914448613738104 0.13052619222005157 0
vn 0.13052619222005157 0.9914448613738104 0
vn -0.13052619222005157 -0.9914448613738104 0
g _
f 20/52/13 23/51/13 21/50/13 18/49/13
f 19/56/14 20/55/14 18/54/14 17/53/14
f 24/60/15 19/59/15 17/58/15 22/57/15
f 23/64/16 24/63/16 22/62/16 21/61/16
f 22/68/17 17/67/17 18/66/17 21/65/17
f 23/72/18 20/71/18 19/70/18 24/69/18
o cube
v 0.19405379852134266 0.06742806675918647 -0.157199515436737
v 0.19405379852134266 0.0782810778633696 -0.21875
v 0.1981327420282193 0.03691611094152889 -0.16257959648157463
v 0.1981327420282193 0.04776912204571202 -0.22413008104483764
v 0.0391405389316848 0.05819620191501516 -0.22229150553387741
v 0.0391405389316848 0.04734319081083201 -0.1607410209706144
v 0.04321948243856141 0.02768424609735757 -0.22767158657871506
v 0.04321948243856141 0.016831234993174432 -0.16612110201545205
vt 0.3125 0.28125
vt 0.65625 0.28125
vt 0.65625 0.25
vt 0.3125 0.25
vt 0.3125 0.28125
vt 0.59375 0.28125
vt 0.59375 0.25
vt 0.3125 0.25
vt 0.3125 0.03125
vt 0.46875 0.03125
vt 0.46875 0
vt 0.3125 0
vt 0.375 0.28125
vt 0.65625 0.28125
vt 0.65625 0.25
vt 0.375 0.25
vt 0.53125 0.71875
vt 0.6875 0.71875
vt 0.6875 0.65625
vt 0.53125 0.65625
vt 0.3125 0.21875
vt 0.46875 0.21875
vt 0.46875 0.15625
vt 0.3125 0.15625
vn 0 0.17364817766693025 -0.9848077530122082
vn 0.9914448613738104 0.12854320606946854 0.0226656354168154
vn 0 -0.17364817766693025 0.9848077530122082
vn -0.9914448613738104 -0.12854320606946854 -0.0226656354168154
vn -0.13052619222005157 0.9763825861650424 0.17216259343480442
vn 0.13052619222005157 -0.9763825861650424 -0.17216259343480442
g _
f 28/76/19 31/75/19 29/74/19 26/73/19
f 27/80/20 28/79/20 26/78/20 25/77/20
f 32/84/21 27/83/21 25/82/21 30/81/21
f 31/88/22 32/87/22 30/86/22 29/85/22
f 30/92/23 25/91/23 26/90/23 29/89/23
f 31/96/24 28/95/24 27/94/24 32/93/24
o cube
v 0.039140538931684794 0.04746712744524345 -0.16215762318416538
v 0.039140538931684794 0.05832013854942658 -0.2237081077474284
v 0.03506159542480818 0.016955171627585863 -0.167537704229003
v 0.03506159542480818 0.027808182731769007 -0.22908818879226603
v -0.14675537257590465 0.08242198968745193 -0.2194583011067755
v -0.14675537257590465 0.07156897858326879 -0.1579078165435125
v -0.15083431608278128 0.051910033869794356 -0.22483838215161311
v -0.15083431608278128 0.04105702276561121 -0.1632878975883501
vt 0.3125 0.28125
vt 0.65625 0.28125
vt 0.65625 0.25
vt 0.3125 0.25
vt 0.3125 0.28125
vt 0.59375 0.28125
vt 0.59375 0.25
vt 0.3125 0.25
vt 0.46875 0.03125
vt 0.65625 0.03125
vt 0.65625 0
vt 0.46875 0
vt 0.375 0.28125
vt 0.65625 0.28125
vt 0.65625 0.25
vt 0.375 0.25
vt 0.34375 0.71875
vt 0.53125 0.71875
vt 0.53125 0.65625
vt 0.34375 0.65625
vt 0.46875 0.21875
vt 0.65625 0.21875
vt 0.65625 0.15625
vt 0.46875 0.15625
vn 0 0.17364817766693025 -0.9848077530122082
vn 0.9914448613738104 -0.12854320606946854 -0.0226656354168154
vn 0 -0.17364817766693025 0.9848077530122082
vn -0.9914448613738104 0.12854320606946854 0.0226656354168154
vn 0.13052619222005157 0.9763825861650424 0.17216259343480442
vn -0.13052619222005157 -0.9763825861650424 -0.17216259343480442
g _
f 36/100/25 39/99/25 37/98/25 34/97/25
f 35/104/26 36/103/26 34/102/26 33/101/26
f 40/108/27 35/107/27 33/106/27 38/105/27
f 39/112/28 40/111/28 38/110/28 37/109/28
f 38/116/29 33/115/29 34/114/29 37/113/29
f 39/120/30 36/119/30 35/118/30 40/117/30
o cube
v 0.19405379852134266 0.0782810778633696 -0.21875
v 0.19405379852134266 0.08913408896755276 -0.280300484563263
v 0.1981327420282193 0.047769122045712036 -0.22413008104483764
v 0.1981327420282193 0.05862213314989518 -0.2856805656081007
v 0.0391405389316848 0.06904921301919831 -0.2838419900971404
v 0.0391405389316848 0.05819620191501516 -0.22229150553387741
v 0.04321948243856141 0.03853725720154071 -0.28922207114197807
v 0.04321948243856141 0.027684246097357583 -0.22767158657871506
vt 0.3125 0.28125
vt 0.65625 0.28125
vt 0.65625 0.25
vt 0.3125 0.25
vt 0.3125 0.28125
vt 0.59375 0.28125
vt 0.59375 0.25
vt 0.3125 0.25
vt 0.3125 0.03125
vt 0.46875 0.03125
vt 0.46875 0
vt 0.3125 0
vt 0.375 0.28125
vt 0.65625 0.28125
vt 0.65625 0.25
vt 0.375 0.25
vt 0.53125 0.78125
vt 0.6875 0.78125
vt 0.6875 0.71875
vt 0.53125 0.71875
vt 0.3125 0.28125
vt 0.46875 0.28125
vt 0.46875 0.21875
vt 0.3125 0.21875
vn 0 0.1736481776669303 -0.9848077530122082
vn 0.9914448613738106 0.12854320606946854 0.022665635416815405
vn 0 -0.1736481776669303 0.9848077530122082
vn -0.9914448613738106 -0.12854320606946854 -0.022665635416815405
vn -0.13052619222005157 0.9763825861650425 0.1721625934348045
vn 0.13052619222005157 -0.9763825861650425 -0.1721625934348045
g _
f 44/124/31 47/123/31 45/122/31 42/121/31
f 43/128/32 44/127/32 42/126/32 41/125/32
f 48/132/33 43/131/33 41/130/33 46/129/33
f 47/136/34 48/135/34 46/134/34 45/133/34
f 46/140/35 41/139/35 42/138/35 45/137/35
f 47/144/36 44/143/36 43/142/36 48/141/36
o cube
v 0.039140538931684794 0.05832013854942657 -0.22370810774742833
v 0.0391405389316848 0.06917314965360971 -0.28525859231069134
v 0.03506159542480818 0.027808182731768993 -0.22908818879226595
v 0.03506159542480819 0.03866119383595212 -0.29063867335552895
v -0.14675537257590465 0.09327500079163503 -0.28100878567003845
v -0.14675537257590465 0.0824219896874519 -0.21945830110677544
v -0.15083431608278128 0.06276304497397747 -0.28638886671487607
v -0.15083431608278128 0.05191003386979434 -0.22483838215161306
vt 0.3125 0.28125
vt 0.65625 0.28125
vt 0.65625 0.25
vt 0.3125 0.25
vt 0.3125 0.28125
vt 0.59375 0.28125
vt 0.59375 0.25
vt 0.3125 0.25
vt 0.46875 0.03125
vt 0.65625 0.03125
vt 0.65625 0
vt 0.46875 0
vt 0.375 0.28125
vt 0.65625 0.28125
vt 0.65625 0.25
vt 0.375 0.25
vt 0.34375 0.78125
vt 0.53125 0.78125
vt 0.53125 0.71875
vt 0.34375 0.71875
vt 0.46875 0.28125
vt 0.65625 0.28125
vt 0.65625 0.21875
vt 0.46875 0.21875
vn 0 0.17364817766693028 -0.9848077530122082
vn 0.9914448613738106 -0.12854320606946854 -0.02266563541681539
vn 0 -0.17364817766693028 0.9848077530122082
vn -0.9914448613738106 0.12854320606946854 0.02266563541681539
vn 0.13052619222005157 0.9763825861650425 0.1721625934348045
vn -0.13052619222005157 -0.9763825861650425 -0.1721625934348045
g _
f 52/148/37 55/147/37 53/146/37 50/145/37
f 51/152/38 52/151/38 50/150/38 49/149/38
f 56/156/39 51/155/39 49/154/39 54/153/39
f 55/160/40 56/159/40 54/158/40 53/157/40
f 54/164/41 49/163/41 50/162/41 53/161/41
f 55/168/42 52/167/42 51/166/42 56/165/42
o cube
v 0.0391405389316848 0.06917314965360971 -0.2852585923106914
v 0.0391405389316848 0.07459965520570129 -0.3160338345923228
v 0.03506159542480819 0.03866119383595214 -0.29063867335552895
v 0.03506159542480819 0.044087699388043716 -0.3214139156371605
v -0.0847900687400415 0.09066755596438486 -0.31320063016522093
v -0.0847900687400415 0.08524105041229328 -0.2824253878835894
v -0.08886901224691811 0.06015560014672727 -0.3185807112100586
v -0.08886901224691811 0.05472909459463571 -0.28780546892842707
vt 0.53125 0.28125
vt 0.65625 0.28125
vt 0.65625 0.25
vt 0.53125 0.25
vt 0.3125 0.28125
vt 0.59375 0.28125
vt 0.59375 0.25
vt 0.3125 0.25
vt 0.46875 0.03125
vt 0.65625 0.03125
vt 0.65625 0
vt 0.46875 0
vt 0.375 0.28125
vt 0.40625 0.28125
vt 0.40625 0.25
vt 0.375 0.25
vt 0.40625 0.8125
vt 0.53125 0.8125
vt 0.53125 0.78125
vt 0.40625 0.78125
vt 0.46875 0.3125
vt 0.59375 0.3125
vt 0.59375 0.28125
vt 0.46875 0.28125
vn 0 0.17364817766693028 -0.9848077530122082
vn 0.9914448613738106 -0.12854320606946854 -0.02266563541681539
vn 0 -0.17364817766693028 0.9848077530122082
vn -0.9914448613738106 0.12854320606946854 0.02266563541681539
vn 0.13052619222005157 0.9763825861650425 0.1721625934348045
vn -0.13052619222005157 -0.9763825861650425 -0.1721625934348045
g _
f 60/172/43 63/171/43 61/170/43 58/169/43
f 59/176/44 60/175/44 58/174/44 57/173/44
f 64/180/45 59/179/45 57/178/45 62/177/45
f 63/184/46 64/183/46 62/182/46 61/181/46
f 62/188/47 57/187/47 58/186/47 61/185/47
f 63/192/48 60/191/48 59/190/48 64/189/48
o cube
v 0.1320884946854795 0.08110013858821097 -0.28171708677681395
v 0.1320884946854795 0.08652664414030256 -0.31249232905844543
v 0.13616743819235613 0.0505881827705534 -0.2870971678216516
v 0.13616743819235613 0.056014688322644966 -0.3178724101032831
v 0.0391405389316848 0.07447571857128987 -0.31461723237877187
v 0.0391405389316848 0.06904921301919831 -0.2838419900971404
v 0.04321948243856141 0.04396376275363229 -0.31999731342360954
v 0.04321948243856141 0.03853725720154071 -0.28922207114197807
vt 0.3125 0.28125
vt 0.40625 0.28125
vt 0.40625 0.25
vt 0.3125 0.25
vt 0.3125 0.28125
vt 0.34375 0.28125
vt 0.34375 0.25
vt 0.3125 0.25
vt 0.3125 0.03125
vt 0.46875 0.03125
vt 0.46875 0
vt 0.3125 0
vt 0.375 0.28125
vt 0.65625 0.28125
vt 0.65625 0.25
vt 0.375 0.25
vt 0.53125 0.8125
vt 0.625 0.8125
vt 0.625 0.78125
vt 0.53125 0.78125
vt 0.375 0.3125
vt 0.46875 0.3125
vt 0.46875 0.28125
vt 0.375 0.28125
vn 0 0.1736481776669303 -0.9848077530122082
vn 0.9914448613738106 0.12854320606946854 0.022665635416815405
vn 0 -0.1736481776669303 0.9848077530122082
vn -0.9914448613738106 -0.12854320606946854 -0.022665635416815405
vn -0.13052619222005157 0.9763825861650425 0.1721625934348045
vn 0.13052619222005157 -0.9763825861650425 -0.1721625934348045
g _
f 68/196/49 71/195/49 69/194/49 66/193/49
f 67/200/50 68/199/50 66/198/50 65/197/50
f 72/204/51 67/203/51 65/202/51 70/201/51
f 71/208/52 72/207/52 70/206/52 69/205/52
f 70/212/53 65/211/53 66/210/53 69/209/53
f 71/216/54 68/215/54 67/214/54 72/213/54
o cube
v -0.14675537257590465 0.07181685185209169 -0.004491020970614415
v -0.14580585713916766 0.07185815083595669 -0.1294874077777111
v -0.14404211979985887 0.040684864238498805 -0.00448069622464814
v -0.14309260436312188 0.04072616322236382 -0.12947708303174482
v -0.17693694145453473 0.06914489805991089 -0.12972478663689532
v -0.17788645689127172 0.0691035990760459 -0.004728399829798665
v -0.17422368867848895 0.03801291044631803 -0.12971446189092906
v -0.17517320411522594 0.03797161146245302 -0.004718075083832389
vt 0.3125 0.28125
vt 0.34375 0.28125
vt 0.34375 0.25
vt 0.3125 0.25
vt 0.3125 0.28125
vt 0.59375 0.28125
vt 0.59375 0.25
vt 0.3125 0.25
vt 0.3125 0.03125
vt 0.34375 0.03125
vt 0.34375 0
vt 0.3125 0
vt 0.375 0.28125
vt 0.625 0.28125
vt 0.625 0.25
vt 0.375 0.25
vt 0.3125 0.625
vt 0.34375 0.625
vt 0.34375 0.5
vt 0.3125 0.5
vt 0.65625 0.25
vt 0.6875 0.25
vt 0.6875 0
vt 0.65625 0
vn 0.007596123493896005 0.00033039187092006884 -0.9999710944567733
vn 0.9961946980917455 0.08682408883346512 0.0075961234938959725
vn -0.007596123493896005 -0.00033039187092006884 0.9999710944567733
vn -0.9961946980917455 -0.08682408883346512 -0.0075961234938959725
vn -0.08682408883346512 0.9962236036349724 -0.0003303918709208132
vn 0.08682408883346512 -0.9962236036349724 0.0003303918709208132
g _
f 76/220/55 79/219/55 77/218/55 74/217/55
f 75/224/56 76/223/56 74/222/56 73/221/56
f 80/228/57 75/227/57 73/226/57 78/225/57
f 79/232/58 80/231/58 78/230/58 77/229/58
f 78/236/59 73/235/59 74/234/59 77/233/59
f 79/240/60 76/239/60 75/238/60 80/237/60
o cube
v 0.22503645043927425 0.06367448644984884 -0.004846524321581971
v 0.2232589336844364 0.06379054771798344 -0.16108637027634573
v 0.22097302854390802 0.03268980372287002 -0.004823312067954959
v 0.21919551178907015 0.032805864991004616 -0.16106315802271873
v 0.1922762817665048 0.06785396961334969 -0.16073086692537816
v 0.19405379852134266 0.06773790834521509 -0.004491020970614402
v 0.18821285987113856 0.03686928688637087 -0.16070765467175116
v 0.18999037662597643 0.03675322561823627 -0.00446780871698739
vt 0.3125 0.28125
vt 0.34375 0.28125
vt 0.34375 0.25
vt 0.3125 0.25
vt 0.3125 0.28125
vt 0.59375 0.28125
vt 0.59375 0.25
vt 0.3125 0.25
vt 0.3125 0.03125
vt 0.34375 0.03125
vt 0.34375 0
vt 0.3125 0
vt 0.375 0.28125
vt 0.625 0.28125
vt 0.625 0.25
vt 0.375 0.25
vt 0.6875 0.65625
vt 0.71875 0.65625
vt 0.71875 0.5
vt 0.6875 0.5
vt 0.28125 0.25
vt 0.3125 0.25
vt 0.3125 0
vt 0.28125 0
vn -0.011376107230962385 0.0007427921160614273 -0.999935014110488
vn 0.9914448613738105 -0.13002950065171984 -0.011376107230962195
vn 0.011376107230962385 -0.0007427921160614273 0.999935014110488
vn -0.9914448613738105 0.13002950065171984 0.011376107230962195
vn 0.1300295006517198 0.9915098472633225 -0.000742792116064377
vn -0.1300295006517198 -0.9915098472633225 0.000742792116064377
g _
f 84/244/61 87/243/61 85/242/61 82/241/61
f 83/248/62 84/247/62 82/246/62 81/245/62
f 88/252/63 83/251/63 81/250/63 86/249/63
f 87/256/64 88/255/64 86/254/64 85/253/64
f 86/260/65 81/259/65 82/258/65 85/257/65
f 87/264/66 84/263/66 83/262/66 88/261/66
o cube
v 0.2232589336844364 0.06379054771798345 -0.16108637027634576
v 0.22485616057713628 0.08397747211184581 -0.25262324508518835
v 0.2192148861047095 0.03354534974096971 -0.167827006633853
v 0.22081211299740938 0.053732274134832066 -0.25936388144269557
v 0.1938735086592047 0.08804089400721204 -0.2522677417342208
v 0.1922762817665048 0.06785396961334969 -0.1607308669253782
v 0.1898294610794778 0.0577956960301983 -0.259008378091728
v 0.1882322341867779 0.03760877163633595 -0.16747150328288543
vt 0.3125 0.28125
vt 0.34375 0.28125
vt 0.34375 0.25
vt 0.3125 0.25
vt 0.3125 0.28125
vt 0.59375 0.28125
vt 0.59375 0.25
vt 0.3125 0.25
vt 0.3125 0.03125
vt 0.34375 0.03125
vt 0.34375 0
vt 0.3125 0
vt 0.375 0.28125
vt 0.625 0.28125
vt 0.625 0.25
vt 0.375 0.25
vt 0.6875 0.75
vt 0.71875 0.75
vt 0.71875 0.65625
vt 0.6875 0.65625
vt 0.28125 0.25
vt 0.3125 0.25
vt 0.3125 0
vt 0.28125 0
vn 0.017037086855465726 0.21532719353453186 -0.9763933312943209
vn 0.9914448613738104 -0.13002950065171967 -0.011376107230962194
vn -0.017037086855465726 -0.21532719353453186 0.9763933312943209
vn -0.9914448613738104 0.13002950065171967 0.011376107230962194
vn 0.12940952255126062 0.96784633526444 0.21570036344023177
vn -0.12940952255126062 -0.96784633526444 -0.21570036344023177
g _
f 92/268/67 95/267/67 93/266/67 90/265/67
f 91/272/68 92/271/68 90/270/68 89/269/68
f 96/276/69 91/275/69 89/274/69 94/273/69
f 95/280/70 96/279/70 94/278/70 93/277/70
f 94/284/71 89/283/71 90/282/71 93/281/71
f 95/288/72 92/287/72 91/286/72 96/285/72
o cube
v 0.25566359900623825 0.059634276808109524 -0.036449996863502296
v 0.25424158560236787 0.0597271258226172 -0.1614418736273133
v 0.251600177110872 0.028649594081130703 -0.03642678460987528
v 0.25017816370700163 0.028742443095638382 -0.1614186613736863
v 0.22325893368443636 0.06379054771798345 -0.16108637027634573
v 0.22468094708830666 0.06369769870347577 -0.03609449351253472
v 0.21919551178907012 0.03280586499100462 -0.16106315802271873
v 0.22061752519294042 0.032713015976496944 -0.03607128125890771
vt 0.3125 0.28125
vt 0.34375 0.28125
vt 0.34375 0.25
vt 0.3125 0.25
vt 0.3125 0.28125
vt 0.53125 0.28125
vt 0.53125 0.25
vt 0.3125 0.25
vt 0.3125 0.03125
vt 0.34375 0.03125
vt 0.34375 0
vt 0.3125 0
vt 0.375 0.28125
vt 0.625 0.28125
vt 0.625 0.25
vt 0.375 0.25
vt 0.71875 0.65625
vt 0.75 0.65625
vt 0.75 0.53125
vt 0.71875 0.53125
vt 0.25 0.21875
vt 0.28125 0.21875
vt 0.28125 0.03125
vt 0.25 0.03125
vn -0.011376107230962385 0.0007427921160614273 -0.999935014110488
vn 0.9914448613738105 -0.13002950065171984 -0.011376107230962195
vn 0.011376107230962385 -0.0007427921160614273 0.999935014110488
vn -0.9914448613738105 0.13002950065171984 0.011376107230962195
vn 0.1300295006517198 0.9915098472633225 -0.000742792116064377
vn -0.1300295006517198 -0.9915098472633225 0.000742792116064377
g _
f 100/292/73 103/291/73 101/290/73 98/289/73
f 99/296/74 100/295/74 98/294/74 97/293/74
f 104/300/75 99/299/75 97/298/75 102/297/75
f 103/304/76 104/303/76 102/302/76 101/301/76
f 102/308/77 97/307/77 98/306/77 101/305/77
f 103/312/78 100/311/78 99/310/78 104/309/78
o cube
v 0.25424158560236787 0.05972712582261721 -0.1614418736273133
v 0.25530640353083456 0.07318507541852545 -0.22246645683320837
v 0.250197538022641 0.02948192784560346 -0.16818250998482054
v 0.2512623559511077 0.042939877441511703 -0.2292070931907156
v 0.224323751612903 0.07724849731389169 -0.2221109534822408
v 0.2232589336844364 0.06379054771798345 -0.16108637027634573
v 0.2202797040331761 0.04700329933687795 -0.22885158983974804
v 0.2192148861047095 0.0335453497409697 -0.16782700663385297
vt 0.3125 0.28125
vt 0.34375 0.28125
vt 0.34375 0.25
vt 0.3125 0.25
vt 0.3125 0.28125
vt 0.53125 0.28125
vt 0.53125 0.25
vt 0.3125 0.25
vt 0.3125 0.03125
vt 0.34375 0.03125
vt 0.34375 0
vt 0.3125 0
vt 0.375 0.28125
vt 0.625 0.28125
vt 0.625 0.25
vt 0.375 0.25
vt 0.71875 0.71875
vt 0.75 0.71875
vt 0.75 0.65625
vt 0.71875 0.65625
vt 0.25 0.21875
vt 0.28125 0.21875
vt 0.28125 0.03125
vt 0.25 0.03125
vn 0.017037086855465726 0.21532719353453186 -0.9763933312943209
vn 0.9914448613738104 -0.13002950065171967 -0.011376107230962194
vn -0.017037086855465726 -0.21532719353453186 0.9763933312943209
vn -0.9914448613738104 0.13002950065171967 0.011376107230962194
vn 0.12940952255126062 0.96784633526444 0.21570036344023177
vn -0.12940952255126062 -0.96784633526444 -0.21570036344023177
g _
f 108/316/79 111/315/79 109/314/79 106/313/79
f 107/320/80 108/319/80 106/318/80 105/317/80
f 112/324/81 107/323/81 105/322/81 110/321/81
f 111/328/82 112/327/82 110/326/82 109/325/82
f 110/332/83 105/331/83 106/330/83 109/329/83
f 111/336/84 108/335/84 107/334/84 112/333/84
o cube
v -0.17788645689127172 0.0691035990760459 -0.004728399829798665
v -0.17693694145453473 0.06914489805991089 -0.12972478663689532
v -0.17517320411522594 0.03797161146245302 -0.004718075083832389
v -0.17422368867848895 0.03801291044631803 -0.12971446189092906
v -0.20806802576990177 0.06643164528386511 -0.12996216549607958
v -0.20901754120663876 0.06639034630000011 -0.004965778688982914
v -0.205354772993856 0.035299657670272246 -0.12995184075011332
v -0.20630428843059298 0.03525835868640724 -0.004955453943016638
vt 0.3125 0.28125
vt 0.34375 0.28125
vt 0.34375 0.25
vt 0.3125 0.25
vt 0.3125 0.28125
vt 0.59375 0.28125
vt 0.59375 0.25
vt 0.3125 0.25
vt 0.3125 0.03125
vt 0.34375 0.03125
vt 0.34375 0
vt 0.3125 0
vt 0.375 0.28125
vt 0.59375 0.28125
vt 0.59375 0.25
vt 0.375 0.25
vt 0.28125 0.625
vt 0.3125 0.625
vt 0.3125 0.5
vt 0.28125 0.5
vt 0.6875 0.21875
vt 0.71875 0.21875
vt 0.71875 0
vt 0.6875 0
vn 0.007596123493896005 0.00033039187092006884 -0.9999710944567733
vn 0.9961946980917455 0.08682408883346512 0.0075961234938959725
vn -0.007596123493896005 -0.00033039187092006884 0.9999710944567733
vn -0.9961946980917455 -0.08682408883346512 -0.0075961234938959725
vn -0.08682408883346512 0.9962236036349724 -0.0003303918709208132
vn 0.08682408883346512 -0.9962236036349724 0.0003303918709208132
g _
f 116/340/85 119/339/85 117/338/85 114/337/85
f 115/344/86 116/343/86 114/342/86 113/341/86
f 120/348/87 115/347/87 113/346/87 118/345/87
f 119/352/88 120/351/88 118/350/88 117/349/88
f 118/356/89 113/355/89 114/354/89 117/353/89
f 119/360/90 116/359/90 115/358/90 120/357/90
o cube
v -0.2087801623474545 0.06640067104596636 -0.03621487539075708
v -0.20806802576990177 0.06643164528386511 -0.12996216549607958
v -0.20606690957140872 0.035268683432373486 -0.036204550644790806
v -0.205354772993856 0.035299657670272246 -0.12995184075011332
v -0.2391991100852688 0.06371839250781933 -0.13019954435526382
v -0.23991124666282157 0.06368741826992058 -0.03645225424994133
v -0.23648585730922303 0.032586404894226456 -0.13018921960929755
v -0.2371979938867758 0.032555430656327704 -0.036441929503975054
vt 0.3125 0.28125
vt 0.34375 0.28125
vt 0.34375 0.25
vt 0.3125 0.25
vt 0.3125 0.28125
vt 0.59375 0.28125
vt 0.59375 0.25
vt 0.3125 0.25
vt 0.3125 0.03125
vt 0.34375 0.03125
vt 0.34375 0
vt 0.3125 0
vt 0.375 0.28125
vt 0.53125 0.28125
vt 0.53125 0.25
vt 0.375 0.25
vt 0.25 0.625
vt 0.28125 0.625
vt 0.28125 0.53125
vt 0.25 0.53125
vt 0.71875 0.1875
vt 0.75 0.1875
vt 0.75 0.03125
vt 0.71875 0.03125
vn 0.007596123493896005 0.00033039187092006884 -0.9999710944567733
vn 0.9961946980917455 0.08682408883346512 0.0075961234938959725
vn -0.007596123493896005 -0.00033039187092006884 0.9999710944567733
vn -0.9961946980917455 -0.08682408883346512 -0.0075961234938959725
vn -0.08682408883346512 0.9962236036349724 -0.0003303918709208132
vn 0.08682408883346512 -0.9962236036349724 0.0003303918709208132
g _
f 124/364/91 127/363/91 125/362/91 122/361/91
f 123/368/92 124/367/92 122/366/92 121/365/92
f 128/372/93 123/371/93 121/370/93 126/369/93
f 127/376/94 128/375/94 126/374/94 125/373/94
f 126/380/95 121/379/95 122/378/95 125/377/95
f 127/384/96 124/383/96 123/382/96 128/381/96
o cube
v -0.20806802576990177 0.06643164528386511 -0.12996216549607958
v -0.20854278348827027 0.0772640068961157 -0.19151445665579428
v -0.205354772993856 0.035774415388640735 -0.13537834630220488
v -0.20582953071222448 0.046606777000891324 -0.19693063746191958
v -0.23967386780363728 0.07455075412006992 -0.1917518355149785
v -0.2391991100852688 0.06371839250781933 -0.13019954435526385
v -0.2369606150275915 0.04389352422484554 -0.1971680163211038
v -0.23648585730922303 0.03306116261259495 -0.13561572516138914
vt 0.3125 0.28125
vt 0.34375 0.28125
vt 0.34375 0.25
vt 0.3125 0.25
vt 0.3125 0.28125
vt 0.59375 0.28125
vt 0.59375 0.25
vt 0.3125 0.25
vt 0.3125 0.03125
vt 0.34375 0.03125
vt 0.34375 0
vt 0.3125 0
vt 0.375 0.28125
vt 0.53125 0.28125
vt 0.53125 0.25
vt 0.375 0.25
vt 0.25 0.6875
vt 0.28125 0.6875
vt 0.28125 0.625
vt 0.25 0.625
vt 0.71875 0.1875
vt 0.75 0.1875
vt 0.75 0.03125
vt 0.71875 0.03125
vn -0.007596123493895911 0.17331778579600948 -0.9848366585554348
vn 0.9961946980917455 0.086824088833465 0.007596123493895957
vn 0.007596123493895911 -0.17331778579600948 0.9848366585554348
vn -0.9961946980917455 -0.086824088833465 -0.007596123493895957
vn -0.086824088833465 0.9810313566471803 0.17331778579600948
vn 0.086824088833465 -0.9810313566471803 -0.17331778579600948
g _
f 132/388/97 135/387/97 133/386/97 130/385/97
f 131/392/98 132/391/98 130/390/98 129/389/98
f 136/396/99 131/395/99 129/394/99 134/393/99
f 135/400/100 136/399/100 134/398/100 133/397/100
f 134/404/101 129/403/101 130/402/101 133/401/101
f 135/408/102 132/407/102 131/406/102 136/405/102
o cube
v -0.17693694145453473 0.06914489805991089 -0.12972478663689535
v -0.17764907803208746 0.08539344047828679 -0.22205322337646735
v -0.17422368867848895 0.03848766816468651 -0.13514096744302062
v -0.17493582525604168 0.054736210583062404 -0.22746940418259265
v -0.2087801623474545 0.082680187702241 -0.2222906022356516
v -0.20806802576990177 0.06643164528386511 -0.12996216549607958
v -0.20606690957140872 0.05202295780701662 -0.2277067830417769
v -0.205354772993856 0.035774415388640735 -0.13537834630220488
vt 0.3125 0.28125
vt 0.34375 0.28125
vt 0.34375 0.25
vt 0.3125 0.25
vt 0.3125 0.28125
vt 0.59375 0.28125
vt 0.59375 0.25
vt 0.3125 0.25
vt 0.3125 0.03125
vt 0.34375 0.03125
vt 0.34375 0
vt 0.3125 0
vt 0.375 0.28125
vt 0.59375 0.28125
vt 0.59375 0.25
vt 0.375 0.25
vt 0.28125 0.71875
vt 0.3125 0.71875
vt 0.3125 0.625
vt 0.28125 0.625
vt 0.6875 0.21875
vt 0.71875 0.21875
vt 0.71875 0
vt 0.6875 0
vn -0.007596123493895911 0.17331778579600948 -0.9848366585554348
vn 0.9961946980917455 0.086824088833465 0.007596123493895957
vn 0.007596123493895911 -0.17331778579600948 0.9848366585554348
vn -0.9961946980917455 -0.086824088833465 -0.007596123493895957
vn -0.086824088833465 0.9810313566471803 0.17331778579600948
vn 0.086824088833465 -0.9810313566471803 -0.17331778579600948
g _
f 140/412/103 143/411/103 141/410/103 138/409/103
f 139/416/104 140/415/104 138/414/104 137/413/104
f 144/420/105 139/419/105 137/418/105 142/417/105
f 143/424/106 144/423/106 142/422/106 141/421/106
f 142/428/107 137/427/107 138/426/107 141/425/107
f 143/432/108 140/431/108 139/430/108 144/429/108
o cube
v -0.28256408850961445 0.19685815083595667 -0.08749092646529333
v -0.31534306043607824 0.21852287406045784 -0.20615506918351237
v -0.2813450983243253 0.16620092094073227 -0.09342479687839883
v -0.3141240702507891 0.18786564416523346 -0.21208893959661787
v -0.3454748169463354 0.21580962128441206 -0.1983270420387041
v -0.31269584501987163 0.1941448980599109 -0.07966289932048505
v -0.34425582676104627 0.18515239138918768 -0.2042609124518096
v -0.3114768548345825 0.16348766816468652 -0.08559676973359057
vt 0.3125 0.28125
vt 0.34375 0.28125
vt 0.34375 0.25
vt 0.3125 0.25
vt 0.3125 0.28125
vt 0.59375 0.28125
vt 0.59375 0.25
vt 0.3125 0.25
vt 0.3125 0.03125
vt 0.34375 0.03125
vt 0.34375 0
vt 0.3125 0
vt 0.375 0.28125
vt 0.625 0.28125
vt 0.625 0.25
vt 0.375 0.25
vt 0.3125 0.75
vt 0.34375 0.75
vt 0.34375 0.625
vt 0.3125 0.625
vt 0.65625 0.25
vt 0.6875 0.25
vt 0.6875 0
vt 0.65625 0
vn -0.2622317754117101 0.1733177857960095 -0.9493131417457524
vn 0.9642162083282293 0.086824088833465 -0.2504968686338643
vn 0.2622317754117101 -0.1733177857960095 0.9493131417457524
vn -0.9642162083282293 -0.086824088833465 0.2504968686338643
vn -0.03900768592925374 0.9810313566471803 0.18988385321937606
vn 0.03900768592925374 -0.9810313566471803 -0.18988385321937606
g _
f 148/436/109 151/435/109 149/434/109 146/433/109
f 147/440/110 148/439/110 146/438/110 145/437/110
f 152/444/111 147/443/111 145/442/111 150/441/111
f 151/448/112 152/447/112 150/446/112 149/445/112
f 150/452/113 145/451/113 146/450/113 149/449/113
f 151/456/114 148/455/114 147/454/114 152/453/114
o cube
v 0.0780665756812603 0.1927379083452151 -0.054715839802425274
v 0.03762609988399143 0.1927379083452151 -0.20564175016009217
v 0.08200653255852652 0.1617552564272835 -0.055771548065902204
v 0.04156605676125766 0.1617552564272835 -0.20669745842356912
v -0.11200861838828179 0.17234319081083202 -0.16554724823937803
v -0.07156814259101292 0.17234319081083202 -0.014621337881711103
v -0.10806866151101557 0.14136053889290046 -0.16660295650285495
v -0.06762818571374671 0.14136053889290046 -0.015677046145188035
vt 0.3125 0.28125
vt 0.65625 0.28125
vt 0.65625 0.25
vt 0.3125 0.25
vt 0.3125 0.28125
vt 0.59375 0.28125
vt 0.59375 0.25
vt 0.3125 0.25
vt 0.3125 0.03125
vt 0.46875 0.03125
vt 0.46875 0
vt 0.3125 0
vt 0.375 0.28125
vt 0.65625 0.28125
vt 0.65625 0.25
vt 0.375 0.25
vt 0.53125 0.65625
vt 0.6875 0.65625
vt 0.6875 0.5
vt 0.53125 0.5
vt 0.3125 0.15625
vt 0.46875 0.15625
vt 0.46875 0
vt 0.3125 0
vn -0.25881904510252074 0 -0.9659258262890683
vn 0.9576621969425486 0.13052619222005157 -0.25660481229257065
vn 0.25881904510252074 0 0.9659258262890683
vn -0.9576621969425486 -0.13052619222005157 0.25660481229257065
vn -0.12607862007251908 0.9914448613738105 0.03378266443126182
vn 0.12607862007251908 -0.9914448613738105 -0.03378266443126182
g _
f 156/460/115 159/459/115 157/458/115 154/457/115
f 155/464/116 156/463/116 154/462/116 153/461/116
f 160/468/117 155/467/117 153/466/117 158/465/117
f 159/472/118 160/471/118 158/470/118 157/469/118
f 158/476/119 153/475/119 154/474/119 157/473/119
f 159/480/120 156/479/120 155/478/120 160/477/120
o cube
v -0.0715681425910129 0.172343190810832 -0.014621337881711103
v -0.11200861838828177 0.172343190810832 -0.16554724823937803
v -0.07550809946827913 0.14136053889290043 -0.013565629618234171
v -0.115948575265548 0.14136053889290043 -0.1644915399759011
v -0.29157028031500964 0.1968168518520917 -0.11743384593452103
v -0.2511298045177408 0.1968168518520917 0.033492064423145895
v -0.29551023719227587 0.1658341999341601 -0.1163781376710441
v -0.25506976139500703 0.1658341999341601 0.034547772686622825
vt 0.3125 0.28125
vt 0.65625 0.28125
vt 0.65625 0.25
vt 0.3125 0.25
vt 0.3125 0.28125
vt 0.59375 0.28125
vt 0.59375 0.25
vt 0.3125 0.25
vt 0.46875 0.03125
vt 0.65625 0.03125
vt 0.65625 0
vt 0.46875 0
vt 0.375 0.28125
vt 0.65625 0.28125
vt 0.65625 0.25
vt 0.375 0.25
vt 0.34375 0.65625
vt 0.53125 0.65625
vt 0.53125 0.5
vt 0.34375 0.5
vt 0.46875 0.15625
vt 0.65625 0.15625
vt 0.65625 0
vt 0.46875 0
vn -0.25881904510252074 0 -0.9659258262890683
vn 0.9576621969425486 -0.13052619222005157 -0.25660481229257065
vn 0.25881904510252074 0 0.9659258262890683
vn -0.9576621969425486 0.13052619222005157 0.25660481229257065
vn 0.12607862007251908 0.9914448613738105 -0.03378266443126182
vn -0.12607862007251908 -0.9914448613738105 0.03378266443126182
g _
f 164/484/121 167/483/121 165/482/121 162/481/121
f 163/488/122 164/487/122 162/486/122 161/485/122
f 168/492/123 163/491/123 161/490/123 166/489/123
f 167/496/124 168/495/124 166/494/124 165/493/124
f 166/500/125 161/499/125 162/498/125 165/497/125
f 167/504/126 164/503/126 163/502/126 168/501/126
o cube
v 0.03854270896449488 0.19242806675918644 -0.20222091850097434
v 0.022612271324233713 0.2032810778633696 -0.2616741211612367
v 0.041090198403162054 0.16191611094152888 -0.2084733859931882
v 0.025159760762900885 0.17276912204571201 -0.2679265886534506
v -0.12793905602854294 0.18319620191501515 -0.22500045089964038
v -0.11200861838828177 0.172343190810832 -0.165547248239378
v -0.12539156658987577 0.15268424609735756 -0.23125291839185425
v -0.1094611289496146 0.14183123499317443 -0.1717997157315919
vt 0.3125 0.28125
vt 0.65625 0.28125
vt 0.65625 0.25
vt 0.3125 0.25
vt 0.3125 0.28125
vt 0.59375 0.28125
vt 0.59375 0.25
vt 0.3125 0.25
vt 0.3125 0.03125
vt 0.46875 0.03125
vt 0.46875 0
vt 0.3125 0
vt 0.375 0.28125
vt 0.65625 0.28125
vt 0.65625 0.25
vt 0.375 0.25
vt 0.53125 0.71875
vt 0.6875 0.71875
vt 0.6875 0.65625
vt 0.53125 0.65625
vt 0.3125 0.21875
vt 0.46875 0.21875
vt 0.46875 0.15625
vt 0.3125 0.15625
vn -0.25488700224417876 0.1736481776669302 -0.9512512425641978
vn 0.9635284950577706 0.12854320606946854 -0.2347114896742165
vn 0.25488700224417876 -0.1736481776669302 0.9512512425641978
vn -0.9635284950577706 -0.12854320606946854 0.2347114896742165
vn -0.08151966203734948 0.9763825861650424 0.20007895975084422
vn 0.08151966203734948 -0.9763825861650424 -0.20007895975084422
g _
f 172/508/127 175/507/127 173/506/127 170/505/127
f 171/512/128 172/511/128 170/510/128 169/509/128
f 176/516/129 171/515/129 169/514/129 174/513/129
f 175/520/130 176/519/130 174/518/130 173/517/130
f 174/524/131 169/523/131 170/522/131 173/521/131
f 175/528/132 172/527/132 171/526/132 176/525/132
o cube
v -0.11237526202048315 0.17246712744524345 -0.16691558090302516
v -0.12830569966074432 0.18332013854942658 -0.22636878356328752
v -0.11770768633634841 0.14195517162758586 -0.17105663186828518
v -0.1336381239766096 0.152808182731769 -0.23050983452854754
v -0.3067674306908681 0.20742198968745193 -0.1741503832674891
v -0.2908369930506069 0.19656897858326877 -0.11469718060722675
v -0.3120998550067333 0.17691003386979437 -0.17829143423274912
v -0.2961694173664722 0.1660570227656112 -0.11883823157248677
vt 0.3125 0.28125
vt 0.65625 0.28125
vt 0.65625 0.25
vt 0.3125 0.25
vt 0.3125 0.28125
vt 0.59375 0.28125
vt 0.59375 0.25
vt 0.3125 0.25
vt 0.46875 0.03125
vt 0.65625 0.03125
vt 0.65625 0
vt 0.46875 0
vt 0.375 0.28125
vt 0.65625 0.28125
vt 0.65625 0.25
vt 0.375 0.25
vt 0.34375 0.71875
vt 0.53125 0.71875
vt 0.53125 0.65625
vt 0.34375 0.65625
vt 0.46875 0.21875
vt 0.65625 0.21875
vt 0.65625 0.15625
vt 0.46875 0.15625
vn -0.25488700224417876 0.1736481776669302 -0.9512512425641979
vn 0.9517958988273265 -0.12854320606946854 -0.27849813491092484
vn 0.25488700224417876 -0.1736481776669302 0.9512512425641979
vn -0.9517958988273265 0.12854320606946854 0.27849813491092484
vn 0.17063757810768865 0.9763825861650424 0.13251363088832058
vn -0.17063757810768865 -0.9763825861650424 -0.13251363088832058
g _
f 180/532/133 183/531/133 181/530/133 178/529/133
f 179/536/134 180/535/134 178/534/134 177/533/134
f 184/540/135 179/539/135 177/538/135 182/537/135
f 183/544/136 184/543/136 182/542/136 181/541/136
f 182/548/137 177/547/137 178/546/137 181/545/137
f 183/552/138 180/551/138 179/550/138 184/549/138
o cube
v 0.022612271324233713 0.20328107786336963 -0.26167412116123673
v 0.006681833683972543 0.21413408896755276 -0.32112732382149906
v 0.025159760762900885 0.17276912204571204 -0.2679265886534506
v 0.009229323122639715 0.18362213314989517 -0.3273797913137129
v -0.1438694936688041 0.1940492130191983 -0.2844536535599027
v -0.12793905602854294 0.18319620191501518 -0.22500045089964038
v -0.14132200423013694 0.16353725720154072 -0.29070612105211663
v -0.12539156658987577 0.1526842460973576 -0.23125291839185427
vt 0.3125 0.28125
vt 0.65625 0.28125
vt 0.65625 0.25
vt 0.3125 0.25
vt 0.3125 0.28125
vt 0.59375 0.28125
vt 0.59375 0.25
vt 0.3125 0.25
vt 0.3125 0.03125
vt 0.46875 0.03125
vt 0.46875 0
vt 0.3125 0
vt 0.375 0.28125
vt 0.65625 0.28125
vt 0.65625 0.25
vt 0.375 0.25
vt 0.53125 0.78125
vt 0.6875 0.78125
vt 0.6875 0.71875
vt 0.53125 0.71875
vt 0.3125 0.28125
vt 0.46875 0.28125
vt 0.46875 0.21875
vt 0.3125 0.21875
vn -0.25488700224417876 0.17364817766693025 -0.9512512425641978
vn 0.9635284950577707 0.12854320606946854 -0.23471148967421648
vn 0.25488700224417876 -0.17364817766693025 0.9512512425641978
vn -0.9635284950577707 -0.12854320606946854 0.23471148967421648
vn -0.08151966203734946 0.9763825861650425 0.20007895975084433
vn 0.08151966203734946 -0.9763825861650425 -0.20007895975084433
g _
f 188/556/139 191/555/139 189/554/139 186/553/139
f 187/560/140 188/559/140 186/558/140 185/557/140
f 192/564/141 187/563/141 185/562/141 190/561/141
f 191/568/142 192/567/142 190/566/142 189/565/142
f 190/572/143 185/571/143 186/570/143 189/569/143
f 191/576/144 188/575/144 187/574/144 192/573/144
o cube
v -0.12830569966074432 0.18332013854942658 -0.2263687835632875
v -0.14423613730100548 0.1941731496536097 -0.28582198622354976
v -0.1336381239766096 0.152808182731769 -0.2305098345285475
v -0.14956856161687077 0.16366119383595212 -0.2899630371888098
v -0.32269786833112923 0.21827500079163503 -0.2336035859277514
v -0.3067674306908681 0.2074219896874519 -0.17415038326748908
v -0.3280302926469945 0.18776304497397747 -0.23774463689301142
v -0.3120998550067333 0.17691003386979434 -0.1782914342327491
vt 0.3125 0.28125
vt 0.65625 0.28125
vt 0.65625 0.25
vt 0.3125 0.25
vt 0.3125 0.28125
vt 0.59375 0.28125
vt 0.59375 0.25
vt 0.3125 0.25
vt 0.46875 0.03125
vt 0.65625 0.03125
vt 0.65625 0
vt 0.46875 0
vt 0.375 0.28125
vt 0.65625 0.28125
vt 0.65625 0.25
vt 0.375 0.25
vt 0.34375 0.78125
vt 0.53125 0.78125
vt 0.53125 0.71875
vt 0.34375 0.71875
vt 0.46875 0.28125
vt 0.65625 0.28125
vt 0.65625 0.21875
vt 0.46875 0.21875
vn -0.25488700224417876 0.17364817766693025 -0.9512512425641979
vn 0.9517958988273266 -0.12854320606946854 -0.2784981349109249
vn 0.25488700224417876 -0.17364817766693025 0.9512512425641979
vn -0.9517958988273266 0.12854320606946854 0.2784981349109249
vn 0.17063757810768868 0.9763825861650425 0.13251363088832066
vn -0.17063757810768868 -0.9763825861650425 -0.13251363088832066
g _
f 196/580/145 199/579/145 197/578/145 194/577/145
f 195/584/146 196/583/146 194/582/146 193/581/146
f 200/588/147 195/587/147 193/586/147 198/585/147
f 199/592/148 200/591/148 198/590/148 197/589/148
f 198/596/149 193/595/149 194/594/149 197/593/149
f 199/600/150 196/599/150 195/598/150 200/597/150
o cube
v -0.14423613730100548 0.1941731496536097 -0.2858219862235498
v -0.15220135612113606 0.19959965520570128 -0.315548587553681
v -0.14956856161687077 0.16366119383595212 -0.28996303718880984
v -0.15753378043700134 0.16908769938804372 -0.319689638518941
v -0.2711758434745519 0.21566755596438486 -0.2807363206898154
v -0.26321062465442135 0.2102410504122933 -0.25100971935968425
v -0.27650826779041715 0.18515560014672727 -0.28487737165507543
v -0.2685430489702866 0.1797290945946357 -0.25515077032494426
vt 0.53125 0.28125
vt 0.65625 0.28125
vt 0.65625 0.25
vt 0.53125 0.25
vt 0.3125 0.28125
vt 0.59375 0.28125
vt 0.59375 0.25
vt 0.3125 0.25
vt 0.46875 0.03125
vt 0.65625 0.03125
vt 0.65625 0
vt 0.46875 0
vt 0.375 0.28125
vt 0.40625 0.28125
vt 0.40625 0.25
vt 0.375 0.25
vt 0.40625 0.8125
vt 0.53125 0.8125
vt 0.53125 0.78125
vt 0.40625 0.78125
vt 0.46875 0.3125
vt 0.59375 0.3125
vt 0.59375 0.28125
vt 0.46875 0.28125
vn -0.25488700224417876 0.17364817766693025 -0.9512512425641979
vn 0.9517958988273266 -0.12854320606946854 -0.2784981349109249
vn 0.25488700224417876 -0.17364817766693025 0.9512512425641979
vn -0.9517958988273266 0.12854320606946854 0.2784981349109249
vn 0.17063757810768868 0.9763825861650425 0.13251363088832066
vn -0.17063757810768868 -0.9763825861650425 -0.13251363088832066
g _
f 204/604/151 207/603/151 205/602/151 202/601/151
f 203/608/152 204/607/152 202/606/152 201/605/152
f 208/612/153 203/611/153 201/610/153 206/609/153
f 207/616/154 208/615/154 206/614/154 205/613/154
f 206/620/155 201/619/155 202/618/155 205/617/155
f 207/624/156 204/623/156 203/622/156 208/621/156
