# Made in Blockbench 4.9.3

o cube
v 0.29514596193142995 0.03683708668051455 -0.007094713462410085
v 0.27356937552773297 0.2100644990263809 -0.07552690275311602
v 0.29514596193142995 0.03683708668051455 -0.007094713462410085
v 0.27356937552773297 0.2100644990263809 -0.07552690275311602
v -0.3471330546673904 0.1481608986880757 -0.03652129527133169
v -0.32555646826369344 -0.025066513657790612 0.03191089401937419
v -0.3471330546673904 0.1481608986880757 -0.03652129527133169
v -0.32555646826369344 -0.025066513657790612 0.03191089401937419
vt 0 1
vt 0.125 1
vt 0.125 1
vt 0 1
vt 0 1
vt 0.3125 1
vt 0.3125 1
vt 0 1
vt 0 1
vt 0.125 1
vt 0.125 1
vt 0 1
vt 0 1
vt 0.3125 1
vt 0.3125 1
vt 0 1
vt 0 0.3125
vt 1 0.3125
vt 1 0
vt 0 0
vt 0 1
vt 0.0625 1
vt 0.0625 0.6875
vt 0 0.6875
vn -0.11507512748638365 0.9238795325112872 -0.36497167621709814
vn 0.9931238883121978 0.09904576054128829 -0.06240897197085497
vn 0.11507512748638365 -0.9238795325112872 0.36497167621709814
vn -0.9931238883121978 -0.09904576054128829 0.06240897197085497
vn 0.021509474601992144 0.3696438106143853 0.9289245371809397
vn -0.021509474601992144 -0.3696438106143853 -0.9289245371809397
g Frond
f 4/4/1 7/3/1 5/2/1 2/1/1
f 3/8/2 4/7/2 2/6/2 1/5/2
f 8/12/3 3/11/3 1/10/3 6/9/3
f 7/16/4 8/15/4 6/14/4 5/13/4
f 6/20/5 1/19/5 2/18/5 5/17/5
f 7/24/6 4/23/6 3/22/6 8/21/6
o cube
v 0.2735703257986548 0.210057159768668 -0.07552342866303141
v 0.25165191449213664 0.37275605026108327 -0.16610435534373702
v 0.2735703257986548 0.210057159768668 -0.07552342866303141
v 0.25165191449213664 0.37275605026108327 -0.16610435534373702
v -0.36905051570298686 0.31085244992277805 -0.1270987478619527
v -0.3471321043964688 0.1481535594303628 -0.03651782118124708
v -0.36905051570298686 0.31085244992277805 -0.1270987478619527
v -0.3471321043964688 0.1481535594303628 -0.03651782118124708
vt 0 1
vt 0.125 1
vt 0.125 1
vt 0 1
vt 0 1
vt 0.3125 1
vt 0.3125 1
vt 0 1
vt 0 1
vt 0.125 1
vt 0.125 1
vt 0 1
vt 0 1
vt 0.3125 1
vt 0.3125 1
vt 0 1
vt 0 0.625
vt 1 0.625
vt 1 0.3125
vt 0 0.3125
vt 0 1
vt 0.0625 1
vt 0.0625 0.6875
vt 0 0.6875
vn -0.11689819363476314 0.8677274159595482 -0.4830982756304299
vn 0.9931238883121979 0.0990457605412883 -0.06240897197085499
vn 0.11689819363476314 -0.8677274159595482 0.4830982756304299
vn -0.9931238883121979 -0.0990457605412883 0.06240897197085499
vn 0.006305139854960946 0.487071934021006 0.8733390958273003
vn -0.006305139854960946 -0.487071934021006 -0.8733390958273003
g Frond
f 12/28/7 15/27/7 13/26/7 10/25/7
f 11/32/8 12/31/8 10/30/8 9/29/8
f 16/36/9 11/35/9 9/34/9 14/33/9
f 15/40/10 16/39/10 14/38/10 13/37/10
f 14/44/11 9/43/11 10/42/11 13/41/11
f 15/48/12 12/47/12 11/46/12 16/45/12
o cube
v 0.2516556182693115 0.3727330259958679 -0.16608195706211104
v 0.22882044242862765 0.4838444676019569 -0.3531230348726865
v 0.2516556182693115 0.3727330259958679 -0.16608195706211104
v 0.22882044242862765 0.4838444676019569 -0.3531230348726865
v -0.39188198776649585 0.42194086726365165 -0.3141174273909022
v -0.369046811925812 0.31082942565756266 -0.12707634958032676
v -0.39188198776649585 0.42194086726365165 -0.3141174273909022
v -0.369046811925812 0.31082942565756266 -0.12707634958032676
vt 0 1
vt 0.125 1
vt 0.125 1
vt 0 1
vt 0 1
vt 0.3125 1
vt 0.3125 1
vt 0 1
vt 0 1
vt 0.125 1
vt 0.125 1
vt 0 1
vt 0 1
vt 0.3125 1
vt 0.3125 1
vt 0 1
vt 0 1
vt 1 1
vt 1 0.625
vt 0 0.625
vt 0 1
vt 0.0625 1
vt 0.0625 0.6875
vt 0 0.6875
vn -0.10438937527169773 0.5079380187706923 -0.8550449271340592
vn 0.9931238883121978 0.09904576054128827 -0.062408971970854966
vn 0.10438937527169773 -0.5079380187706923 0.8550449271340592
vn -0.9931238883121978 -0.09904576054128827 0.062408971970854966
vn -0.052988685528571666 0.8556803763123833 0.5147847052893594
vn 0.052988685528571666 -0.8556803763123833 -0.5147847052893594
g Frond
f 20/52/13 23/51/13 21/50/13 18/49/13
f 19/56/14 20/55/14 18/54/14 17/53/14
f 24/60/15 19/59/15 17/58/15 22/57/15
f 23/64/16 24/63/16 22/62/16 21/61/16
f 22/68/17 17/67/17 18/66/17 21/65/17
f 23/72/18 20/71/18 19/70/18 24/69/18
o cube
v 0.27756086505497524 -0.048107399983850385 0.08120151428209166
v 0.33200611931555213 0.017242799486380744 -0.08589521135220118
v 0.27756086505497524 -0.048107399983850385 0.08120151428209166
v 0.33200611931555213 0.017242799486380744 -0.08589521135220118
v -0.26513289544556684 0.11571759324722775 -0.24194876640263452
v -0.3195781497061438 0.05036739377699673 -0.07485204076834162
v -0.26513289544556684 0.11571759324722775 -0.24194876640263452
v -0.3195781497061438 0.05036739377699673 -0.07485204076834162
vt 0 1
vt 0.125 1
vt 0.125 1
vt 0 1
vt 0 1
vt 0.3125 1
vt 0.3125 1
vt 0 1
vt 0 1
vt 0.125 1
vt 0.125 1
vt 0 1
vt 0 1
vt 0.3125 1
vt 0.3125 1
vt 0 1
vt 0 0.3125
vt 1 0.3125
vt 1 0
vt 0 0
vt 0 1
vt 0.0625 1
vt 0.0625 0.6875
vt 0 0.6875
vn 0.2903746893897434 0.34853439717456575 -0.8911825367162287
vn 0.9554224236177906 -0.15755967001735538 0.24968568808069347
vn -0.2903746893897434 -0.34853439717456575 0.8911825367162287
vn -0.9554224236177906 0.15755967001735538 -0.24968568808069347
vn 0.053390375631917536 0.9239581832367655 0.37874891870432925
vn -0.053390375631917536 -0.9239581832367655 -0.37874891870432925
g Frond
f 28/76/19 31/75/19 29/74/19 26/73/19
f 27/80/20 28/79/20 26/78/20 25/77/20
f 32/84/21 27/83/21 25/82/21 30/81/21
f 31/88/22 32/87/22 30/86/22 29/85/22
f 30/92/23 25/91/23 26/90/23 29/89/23
f 31/96/24 28/95/24 27/94/24 32/93/24
o cube
v 0.3320037790192736 0.017240450219044523 -0.08588773867016397
v 0.38467658862603193 0.05941893028072398 -0.26082430130878653
v 0.3320037790192736 0.017240450219044523 -0.08588773867016397
v 0.38467658862603193 0.05941893028072398 -0.26082430130878653
v -0.21246242613508703 0.15789372404157098 -0.41687785635921987
v -0.26513523574184555 0.11571524397989164 -0.2419412937205973
v -0.21246242613508703 0.15789372404157098 -0.41687785635921987
v -0.26513523574184555 0.11571524397989164 -0.2419412937205973
vt 0 1
vt 0.125 1
vt 0.125 1
vt 0 1
vt 0 1
vt 0.3125 1
vt 0.3125 1
vt 0 1
vt 0 1
vt 0.125 1
vt 0.125 1
vt 0 1
vt 0 1
vt 0.3125 1
vt 0.3125 1
vt 0 1
vt 0 0.625
vt 1 0.625
vt 1 0.3125
vt 0 0.3125
vt 0 1
vt 0.0625 1
vt 0.0625 0.6875
vt 0 0.6875
vn 0.28092165123604496 0.22495189366229026 -0.9329950007393198
vn 0.9554224236177905 -0.15755967001735544 0.24968568808069344
vn -0.28092165123604496 -0.22495189366229026 0.9329950007393198
vn -0.9554224236177905 0.15755967001735544 -0.24968568808069344
vn 0.09083511609020556 0.9615464606152797 0.25918600610971865
vn -0.09083511609020556 -0.9615464606152797 -0.25918600610971865
g Frond
f 36/100/25 39/99/25 37/98/25 34/97/25
f 35/104/26 36/103/26 34/102/26 33/101/26
f 40/108/27 35/107/27 33/106/27 38/105/27
f 39/112/28 40/111/28 38/110/28 37/109/28
f 38/116/29 33/115/29 34/114/29 37/113/29
f 39/120/30 36/119/30 35/118/30 40/117/30
o cube
v 0.3846685750962626 0.05941995282232493 -0.26079299227617325
v 0.42795214068340925 -0.003133616876636547 -0.46589088687282776
v 0.3846685750962626 0.05941995282232493 -0.26079299227617325
v 0.42795214068340925 -0.003133616876636547 -0.46589088687282776
v -0.16918687407770983 0.09534117688421051 -0.621944441923261
v -0.2124704396648564 0.15789474658317204 -0.41684654732660664
v -0.16918687407770983 0.09534117688421051 -0.621944441923261
v -0.2124704396648564 0.15789474658317204 -0.41684654732660664
vt 0 1
vt 0.125 1
vt 0.125 1
vt 0 1
vt 0 1
vt 0.3125 1
vt 0.3125 1
vt 0 1
vt 0 1
vt 0.125 1
vt 0.125 1
vt 0 1
vt 0 1
vt 0.3125 1
vt 0.3125 1
vt 0 1
vt 0 1
vt 1 1
vt 1 0.625
vt 0 0.625
vt 0 1
vt 0.0625 1
vt 0.0625 0.6875
vt 0 0.6875
vn 0.19786772839838435 -0.2859591757666809 -0.9375903752989915
vn 0.9554224236177906 -0.1575596700173554 0.24968568808069347
vn -0.19786772839838435 0.2859591757666809 0.9375903752989915
vn -0.9554224236177906 0.1575596700173554 -0.24968568808069347
vn 0.21912634370784914 0.9451996086429908 -0.2420358347732148
vn -0.21912634370784914 -0.9451996086429908 0.2420358347732148
g Frond
f 44/124/31 47/123/31 45/122/31 42/121/31
f 43/128/32 44/127/32 42/126/32 41/125/32
f 48/132/33 43/131/33 41/130/33 46/129/33
f 47/136/34 48/135/34 46/134/34 45/133/34
f 46/140/35 41/139/35 42/138/35 45/137/35
f 47/144/36 44/143/36 43/142/36 48/141/36
o cube
v 0.2656765433599767 0.05526565375562864 -0.1117138294481888
v 0.1779063005003415 0.14495391589676798 -0.25102876081759706
v 0.2656765433599767 0.05526565375562864 -0.1117138294481888
v 0.1779063005003415 0.14495391589676798 -0.25102876081759706
v -0.3732693185551877 0.02034064240453004 0.01599552464779419
v -0.28549907569555244 -0.0693476197366093 0.1553104560172025
v -0.3732693185551877 0.02034064240453004 0.01599552464779419
v -0.28549907569555244 -0.0693476197366093 0.1553104560172025
vt 0 1
vt 0.125 1
vt 0.125 1
vt 0 1
vt 0 1
vt 0.3125 1
vt 0.3125 1
vt 0 1
vt 0 1
vt 0.125 1
vt 0.125 1
vt 0 1
vt 0 1
vt 0.3125 1
vt 0.3125 1
vt 0 1
vt 0 0.3125
vt 1 0.3125
vt 1 0
vt 0 0
vt 0 1
vt 0.0625 1
vt 0.0625 0.6875
vt 0 0.6875
vn -0.4681079619180546 0.4783373980860763 -0.7430129673035107
vn 0.8818809904888469 0.19938123758758067 -0.42723885674462597
vn 0.4681079619180546 -0.4783373980860763 0.7430129673035107
vn -0.8818809904888469 -0.19938123758758067 0.42723885674462597
vn 0.05622147813189973 0.8552429220346038 0.5151686031838286
vn -0.05622147813189973 -0.8552429220346038 -0.5151686031838286
g Frond
f 52/148/37 55/147/37 53/146/37 50/145/37
f 51/152/38 52/151/38 50/150/38 49/149/38
f 56/156/39 51/155/39 49/154/39 54/153/39
f 55/160/40 56/159/40 54/158/40 53/157/40
f 54/164/41 49/163/41 50/162/41 53/161/41
f 55/168/42 52/167/42 51/166/42 56/165/42
o cube
v 0.17791014933361382 0.1449504709694297 -0.25102242394308405
v 0.0895148476698584 0.21294051221299815 -0.4017535585353492
v 0.17791014933361382 0.1449504709694297 -0.25102242394308405
v 0.0895148476698584 0.21294051221299815 -0.4017535585353492
v -0.46166077138567085 0.08832723872076031 -0.13472927306995797
v -0.37326546972191543 0.02033719747719176 0.016001861522307204
v -0.46166077138567085 0.08832723872076031 -0.13472927306995797
v -0.37326546972191543 0.02033719747719176 0.016001861522307204
vt 0 1
vt 0.125 1
vt 0.125 1
vt 0 1
vt 0 1
vt 0.3125 1
vt 0.3125 1
vt 0 1
vt 0 1
vt 0.125 1
vt 0.125 1
vt 0 1
vt 0 1
vt 0.3125 1
vt 0.3125 1
vt 0 1
vt 0 0.625
vt 1 0.625
vt 1 0.3125
vt 0 0.3125
vt 0 1
vt 0.0625 1
vt 0.0625 0.6875
vt 0 0.6875
vn -0.47144160887336223 0.36261355329903167 -0.8038993844920805
vn 0.8818809904888468 0.19938123758758067 -0.4272388567446259
vn 0.47144160887336223 -0.36261355329903167 0.8038993844920805
vn -0.8818809904888468 -0.19938123758758067 0.4272388567446259
vn -0.005359854224340543 0.9103617594461528 0.41377861097548163
vn 0.005359854224340543 -0.9103617594461528 -0.41377861097548163
g Frond
f 60/172/43 63/171/43 61/170/43 58/169/43
f 59/176/44 60/175/44 58/174/44 57/173/44
f 64/180/45 59/179/45 57/178/45 62/177/45
f 63/184/46 64/183/46 62/182/46 61/181/46
f 62/188/47 57/187/47 58/186/47 61/185/47
f 63/192/48 60/191/48 59/190/48 64/189/48
o cube
v 0.08952952702319461 0.2129368068364048 -0.40172498749154956
v 0.0008044214603140087 0.1820606094718109 -0.5992751800481714
v 0.08952952702319461 0.2129368068364048 -0.40172498749154956
v 0.0008044214603140087 0.1820606094718109 -0.5992751800481714
v -0.5503711975952152 0.057447335979572856 -0.33225089458278007
v -0.4616460920323347 0.08832353334416676 -0.1347007020261583
v -0.5503711975952152 0.057447335979572856 -0.33225089458278007
v -0.4616460920323347 0.08832353334416676 -0.1347007020261583
vt 0 1
vt 0.125 1
vt 0.125 1
vt 0 1
vt 0 1
vt 0.3125 1
vt 0.3125 1
vt 0 1
vt 0 1
vt 0.125 1
vt 0.125 1
vt 0 1
vt 0 1
vt 0.3125 1
vt 0.3125 1
vt 0 1
vt 0 1
vt 1 1
vt 1 0.625
vt 0 0.625
vt 0 1
vt 0.0625 1
vt 0.0625 0.6875
vt 0 0.6875
vn -0.40560048257316866 -0.14114833080957243 -0.9030865945445565
vn 0.8818809904888469 0.19938123758758067 -0.4272388567446261
vn 0.40560048257316866 0.14114833080957243 0.9030865945445565
vn -0.8818809904888469 -0.19938123758758067 0.4272388567446261
vn -0.24036257435554145 0.9697031869637824 -0.04360690359863469
vn 0.24036257435554145 -0.9697031869637824 0.04360690359863469
g Frond
f 68/196/49 71/195/49 69/194/49 66/193/49
f 67/200/50 68/199/50 66/198/50 65/197/50
f 72/204/51 67/203/51 65/202/51 70/201/51
f 71/208/52 72/207/52 70/206/52 69/205/52
f 70/212/53 65/211/53 66/210/53 69/209/53
f 71/216/54 68/215/54 67/214/54 72/213/54
o cube
v 0.28098722899209616 -0.058547479655723766 0.06082917343471017
v 0.3258347374746354 0.08632085753334995 -0.049434673146938723
v 0.28098722899209616 -0.058547479655723766 0.06082917343471017
v 0.3258347374746354 0.08632085753334995 -0.049434673146938723
v -0.28075226668813213 0.19390088388717697 -0.1548089788886533
v -0.32559977517067146 0.0490325466981032 -0.04454513230700441
v -0.28075226668813213 0.19390088388717697 -0.1548089788886533
v -0.32559977517067146 0.0490325466981032 -0.04454513230700441
vt 0 1
vt 0.125 1
vt 0.125 1
vt 0 1
vt 0 1
vt 0.3125 1
vt 0.3125 1
vt 0 1
vt 0 1
vt 0.125 1
vt 0.125 1
vt 0 1
vt 0 1
vt 0.3125 1
vt 0.3125 1
vt 0 1
vt 0 0.3125
vt 1 0.3125
vt 1 0
vt 0 0
vt 0 1
vt 0.0625 1
vt 0.0625 0.6875
vt 0 0.6875
vn 0.2391867119068763 0.7726311316750598 -0.5880738484354607
vn 0.9705392066604285 -0.1721280421661232 0.1685988891867433
vn -0.2391867119068763 -0.7726311316750598 0.5880738484354607
vn -0.9705392066604285 0.1721280421661232 -0.1685988891867433
vn -0.029040750371218185 0.6110753402540261 0.7910395460097447
vn 0.029040750371218185 -0.6110753402540261 -0.7910395460097447
g Frond
f 76/220/55 79/219/55 77/218/55 74/217/55
f 75/224/56 76/223/56 74/222/56 73/221/56
f 80/228/57 75/227/57 73/226/57 78/225/57
f 79/232/58 80/231/58 78/230/58 77/229/58
f 78/236/59 73/235/59 74/234/59 77/233/59
f 79/240/60 76/239/60 75/238/60 80/237/60
o cube
v 0.3258327706884867 0.0863148812355149 -0.049429452741116486
v 0.37100733599988767 0.21498859896934108 -0.17810961054907692
v 0.3258327706884867 0.0863148812355149 -0.049429452741116486
v 0.37100733599988767 0.21498859896934108 -0.17810961054907692
v -0.23557966816288 0.3225686253231681 -0.28348391629079156
v -0.28075423347428097 0.1938949075893419 -0.15480375848283112
v -0.23557966816288 0.3225686253231681 -0.28348391629079156
v -0.28075423347428097 0.1938949075893419 -0.15480375848283112
vt 0 1
vt 0.125 1
vt 0.125 1
vt 0 1
vt 0 1
vt 0.3125 1
vt 0.3125 1
vt 0 1
vt 0 1
vt 0.125 1
vt 0.125 1
vt 0 1
vt 0 1
vt 0.3125 1
vt 0.3125 1
vt 0 1
vt 0 0.625
vt 1 0.625
vt 1 0.3125
vt 0 0.3125
vt 0 1
vt 0.0625 1
vt 0.0625 0.6875
vt 0 0.6875
vn 0.2409310149941387 0.6862598279137397 -0.6862941749757888
vn 0.9705392066604284 -0.17212804216612318 0.16859888918674326
vn -0.2409310149941387 -0.6862598279137397 0.6862941749757888
vn -0.9705392066604284 0.17212804216612318 -0.16859888918674326
vn 0.002427828008855187 0.7066961056153217 0.7075130528543607
vn -0.002427828008855187 -0.7066961056153217 -0.7075130528543607
g Frond
f 84/244/61 87/243/61 85/242/61 82/241/61
f 83/248/62 84/247/62 82/246/62 81/245/62
f 88/252/63 83/251/63 81/250/63 86/249/63
f 87/256/64 88/255/64 86/254/64 85/253/64
f 86/260/65 81/259/65 82/258/65 85/257/65
f 87/264/66 84/263/66 83/262/66 88/261/66
o cube
v 0.37099983148613114 0.21497308065094756 -0.1780822539805535
v 0.41637699582302057 0.26768535384896697 -0.38548016069863084
v 0.37099983148613114 0.21497308065094756 -0.1780822539805535
v 0.41637699582302057 0.26768535384896697 -0.38548016069863084
v -0.19021000833974727 0.375265380202794 -0.49085446644034547
v -0.2355871726766367 0.32255310700477446 -0.2834565597222681
v -0.19021000833974727 0.375265380202794 -0.49085446644034547
v -0.2355871726766367 0.32255310700477446 -0.2834565597222681
vt 0 1
vt 0.125 1
vt 0.125 1
vt 0 1
vt 0 1
vt 0.3125 1
vt 0.3125 1
vt 0 1
vt 0 1
vt 0.125 1
vt 0.125 1
vt 0 1
vt 0 1
vt 0.3125 1
vt 0.3125 1
vt 0 1
vt 0 1
vt 1 1
vt 1 0.625
vt 0 0.625
vt 0 1
vt 0.0625 1
vt 0.0625 0.6875
vt 0 0.6875
vn 0.207438465540066 0.24097039176237486 -0.9481047164254962
vn 0.9705392066604285 -0.1721280421661232 0.16859888918674326
vn -0.207438465540066 -0.24097039176237486 0.9481047164254962
vn -0.9705392066604285 0.1721280421661232 -0.16859888918674326
vn 0.12256806822875733 0.9551466941752692 0.2695771897930642
vn -0.12256806822875733 -0.9551466941752692 -0.2695771897930642
g Frond
f 92/268/67 95/267/67 93/266/67 90/265/67
f 91/272/68 92/271/68 90/270/68 89/269/68
f 96/276/69 91/275/69 89/274/69 94/273/69
f 95/280/70 96/279/70 94/278/70 93/277/70
f 94/284/71 89/283/71 90/282/71 93/281/71
f 95/288/72 92/287/72 91/286/72 96/285/72
