# Made in Blockbench 4.8.1

o cube
v 0.17576212884100195 -0.21902888007958787 0.03774497213071082
v 0.14981310531912828 -0.19181863326937015 -0.2724847824815577
v 0.17258186805312214 -0.28123178892195255 0.03255516742633591
v 0.14663284453124836 -0.25402154211173483 -0.27767458718593263
v -0.28560725657742425 -0.17273515129703565 -0.23439043694725414
v -0.2596582330555506 -0.19994539810725337 0.0758393176650144
v -0.2887875173653041 -0.23493806013940033 -0.23958024165162906
v -0.26283849384343044 -0.26214830694961805 0.07064951296063948
vt 0.125 0.3125
vt 0.5625 0.3125
vt 0.5625 0.25
vt 0.125 0.25
vt 0.25 0.3125
vt 0.5625 0.3125
vt 0.5625 0.25
vt 0.25 0.25
vt 0.125 0.6875
vt 0.5625 0.6875
vt 0.5625 0.625
vt 0.125 0.625
vt 0.125 0.3125
vt 0.4375 0.3125
vt 0.4375 0.25
vt 0.125 0.25
vt 0.125 0.3125
vt 0.5625 0.3125
vt 0.5625 0
vt 0.125 0
vt 0.125 0.9375
vt 0.5625 0.9375
vt 0.5625 0.625
vt 0.125 0.625
vn -0.0830368752699958 0.08707278979269659 -0.992735214759259
vn 0.9952465414778341 -0.04361938736533602 -0.08707278979269382
vn 0.0830368752699958 -0.08707278979269659 0.992735214759259
vn -0.9952465414778341 0.04361938736533602 0.08707278979269382
vn 0.05088417260607704 0.9952465414778339 0.0830368752699987
vn -0.05088417260607704 -0.9952465414778339 -0.0830368752699987
g Sporocarp
f 4/4/1 7/3/1 5/2/1 2/1/1
f 3/8/2 4/7/2 2/6/2 1/5/2
f 8/12/3 3/11/3 1/10/3 6/9/3
f 7/16/4 8/15/4 6/14/4 5/13/4
f 6/20/5 1/19/5 2/18/5 5/17/5
f 7/24/6 4/23/6 3/22/6 8/21/6
o cube
v 0.14663284453124836 -0.25402154211173483 -0.27767458718593263
v 0.14144303982687367 -0.24857949274969127 -0.33972053810838637
v 0.14345258374336867 -0.31622445095409946 -0.28286439189030754
v 0.13826277903899387 -0.3107824015920559 -0.3449103428127613
v -0.29397732206967886 -0.22949601077735676 -0.3016261925740828
v -0.28878751736530417 -0.23493806013940033 -0.23958024165162906
v -0.29715758285755867 -0.2916989196197214 -0.3068159972784577
v -0.291967778153184 -0.29714096898176495 -0.24477004635600397
vt 0.125 0.3125
vt 0.5625 0.3125
vt 0.5625 0.25
vt 0.125 0.25
vt 0.5 0.3125
vt 0.5625 0.3125
vt 0.5625 0.25
vt 0.5 0.25
vt 0.125 0.9375
vt 0.5625 0.9375
vt 0.5625 0.875
vt 0.125 0.875
vt 0.125 0.3125
vt 0.1875 0.3125
vt 0.1875 0.25
vt 0.125 0.25
vt 0.125 0.3125
vt 0.5625 0.3125
vt 0.5625 0.25
vt 0.125 0.25
vt 0.125 0.9375
vt 0.5625 0.9375
vt 0.5625 0.875
vt 0.125 0.875
vn -0.0830368752699958 0.08707278979269659 -0.992735214759259
vn 0.9952465414778341 -0.04361938736533602 -0.08707278979269382
vn 0.0830368752699958 -0.08707278979269659 0.992735214759259
vn -0.9952465414778341 0.04361938736533602 0.08707278979269382
vn 0.05088417260607704 0.9952465414778339 0.0830368752699987
vn -0.05088417260607704 -0.9952465414778339 -0.0830368752699987
g Sporocarp
f 12/28/7 15/27/7 13/26/7 10/25/7
f 11/32/8 12/31/8 10/30/8 9/29/8
f 16/36/9 11/35/9 9/34/9 14/33/9
f 15/40/10 16/39/10 14/38/10 13/37/10
f 14/44/11 9/43/11 10/42/11 13/41/11
f 15/48/12 12/47/12 11/46/12 16/45/12
o cube
v 0.22959497219111202 -0.2785159512702425 -0.03493283285816107
v 0.20883575337361304 -0.2567477538220683 -0.283116636547976
v 0.22641471140323222 -0.3407188601126071 -0.04012263756253598
v 0.20565549258573323 -0.31895066266443295 -0.2883064412523509
v 0.14663284453124836 -0.25402154211173483 -0.27767458718593263
v 0.16739206334874734 -0.275789739559909 -0.029490783496117723
v 0.14345258374336867 -0.31622445095409946 -0.28286439189030754
v 0.16421180256086765 -0.3379926484022736 -0.034680588200492635
vt 0.0625 0.25
vt 0.125 0.25
vt 0.125 0.1875
vt 0.0625 0.1875
vt 0.0625 0.25
vt 0.25 0.25
vt 0.25 0.1875
vt 0.0625 0.1875
vt 0.0625 0.125
vt 0.125 0.125
vt 0.125 0.0625
vt 0.0625 0.0625
vt 0.0625 0.25
vt 0.125 0.25
vt 0.125 0.1875
vt 0.0625 0.1875
vt 0.0625 0.25
vt 0.125 0.25
vt 0.125 0.0625
vt 0.0625 0.0625
vt 0.0625 0.875
vt 0.125 0.875
vt 0.125 0.6875
vt 0.0625 0.6875
vn -0.0830368752699958 0.08707278979269659 -0.992735214759259
vn 0.9952465414778341 -0.04361938736533602 -0.08707278979269382
vn 0.0830368752699958 -0.08707278979269659 0.992735214759259
vn -0.9952465414778341 0.04361938736533602 0.08707278979269382
vn 0.05088417260607704 0.9952465414778339 0.0830368752699987
vn -0.05088417260607704 -0.9952465414778339 -0.0830368752699987
g Sporocarp
f 20/52/13 23/51/13 21/50/13 18/49/13
f 19/56/14 20/55/14 18/54/14 17/53/14
f 24/60/15 19/59/15 17/58/15 22/57/15
f 23/64/16 24/63/16 22/62/16 21/61/16
f 22/68/17 17/67/17 18/66/17 21/65/17
f 23/72/18 20/71/18 19/70/18 24/69/18
o cube
v -0.2680282985478052 -0.2567062575875745 0.008603562038185908
v -0.2887875173653041 -0.23493806013940033 -0.23958024165162906
v -0.271208559335685 -0.3189091664299391 0.003413757333810885
v -0.2919677781531839 -0.29714096898176495 -0.24477004635600397
v -0.35099042620766874 -0.23221184842906684 -0.23413819228958566
v -0.3302312073901698 -0.253980045877241 0.014045611400229197
v -0.35417068699554854 -0.29441475727143146 -0.23932799699396062
v -0.3334114681780496 -0.3161829547196056 0.008855806695854285
vt 0.5625 0.25
vt 0.625 0.25
vt 0.625 0.1875
vt 0.5625 0.1875
vt 0.0625 0.25
vt 0.25 0.25
vt 0.25 0.1875
vt 0.0625 0.1875
vt 0.5625 0.125
vt 0.625 0.125
vt 0.625 0.0625
vt 0.5625 0.0625
vt 0.4375 0.25
vt 0.625 0.25
vt 0.625 0.1875
vt 0.4375 0.1875
vt 0.5625 0.25
vt 0.625 0.25
vt 0.625 0.0625
vt 0.5625 0.0625
vt 0.5625 0.875
vt 0.625 0.875
vt 0.625 0.6875
vt 0.5625 0.6875
vn -0.0830368752699958 0.08707278979269659 -0.992735214759259
vn 0.9952465414778341 -0.04361938736533602 -0.08707278979269382
vn 0.0830368752699958 -0.08707278979269659 0.992735214759259
vn -0.9952465414778341 0.04361938736533602 0.08707278979269382
vn 0.05088417260607704 0.9952465414778339 0.0830368752699987
vn -0.05088417260607704 -0.9952465414778339 -0.0830368752699987
g Sporocarp
f 28/76/19 31/75/19 29/74/19 26/73/19
f 27/80/20 28/79/20 26/78/20 25/77/20
f 32/84/21 27/83/21 25/82/21 30/81/21
f 31/88/22 32/87/22 30/86/22 29/85/22
f 30/92/23 25/91/23 26/90/23 29/89/23
f 31/96/24 28/95/24 27/94/24 32/93/24
o cube
v 0.15182264923562316 -0.2594635914737784 -0.21562863626347883
v 0.14663284453124836 -0.25402154211173483 -0.27767458718593263
v 0.14864238844774336 -0.321666500316143 -0.22081844096785375
v 0.14345258374336867 -0.31622445095409946 -0.28286439189030754
v -0.2887875173653041 -0.23493806013940033 -0.23958024165162906
v -0.28359771266092937 -0.2403801095014439 -0.17753429072917526
v -0.2919677781531839 -0.29714096898176495 -0.24477004635600397
v -0.2867779734488092 -0.3025830183438085 -0.18272409543355017
vt 0.125 0.3125
vt 0.5625 0.3125
vt 0.5625 0.25
vt 0.125 0.25
vt 0.25 0.25
vt 0.5625 0.25
vt 0.5625 0.1875
vt 0.25 0.1875
vt 0.125 0.75
vt 0.5625 0.75
vt 0.5625 0.6875
vt 0.125 0.6875
vt 0.125 0.25
vt 0.4375 0.25
vt 0.4375 0.1875
vt 0.125 0.1875
vt 0.125 0.3125
vt 0.5625 0.3125
vt 0.5625 0
vt 0.125 0
vt 0.125 0.9375
vt 0.5625 0.9375
vt 0.5625 0.875
vt 0.125 0.875
vn -0.0830368752699958 0.08707278979269659 -0.992735214759259
vn 0.9952465414778341 -0.04361938736533602 -0.08707278979269382
vn 0.0830368752699958 -0.08707278979269659 0.992735214759259
vn -0.9952465414778341 0.04361938736533602 0.08707278979269382
vn 0.05088417260607704 0.9952465414778339 0.0830368752699987
vn -0.05088417260607704 -0.9952465414778339 -0.0830368752699987
g Sporocarp
f 36/100/25 39/99/25 37/98/25 34/97/25
f 35/104/26 36/103/26 34/102/26 33/101/26
f 40/108/27 35/107/27 33/106/27 38/105/27
f 39/112/28 40/111/28 38/110/28 37/109/28
f 38/116/29 33/115/29 34/114/29 37/113/29
f 39/120/30 36/119/30 35/118/30 40/117/30
o cube
v 0.14771627117303954 0.257595546640806 -0.4078968078410082
v 0.12439577489772857 0.24170076122799544 -0.4636620322210276
v 0.16736649514196333 0.1988796406414507 -0.39937852863414836
v 0.14404599886665226 0.18298485522864016 -0.45514375301416776
v -0.2574908370969482 0.141220112402344 -0.2753205742495991
v -0.23417034082163712 0.15711489781515453 -0.2195553498695797
v -0.23784061312802451 0.08250420640298883 -0.2668022950427393
v -0.2145201168527135 0.09839899181579925 -0.21103707066271987
vt 0.125 0.3125
vt 0.5625 0.3125
vt 0.5625 0.25
vt 0.125 0.25
vt 0.5 0.3125
vt 0.5625 0.3125
vt 0.5625 0.25
vt 0.5 0.25
vt 0.125 0.9375
vt 0.5625 0.9375
vt 0.5625 0.875
vt 0.125 0.875
vt 0.125 0.3125
vt 0.1875 0.3125
vt 0.1875 0.25
vt 0.125 0.25
vt 0.125 0.3125
vt 0.5625 0.3125
vt 0.5625 0.25
vt 0.125 0.25
vt 0.125 0.9375
vt 0.5625 0.9375
vt 0.5625 0.875
vt 0.125 0.875
vn -0.37312794040497665 -0.25431656660496743 -0.8922435900803107
vn 0.8728836845592612 0.22967005445863176 -0.4304947610775509
vn 0.37312794040497665 0.25431656660496743 0.8922435900803107
vn -0.8728836845592612 -0.22967005445863176 0.4304947610775509
vn -0.31440358350277847 0.9394544959896837 -0.13629246730975664
vn 0.31440358350277847 -0.9394544959896837 0.13629246730975664
g Sporocarp
f 44/124/31 47/123/31 45/122/31 42/121/31
f 43/128/32 44/127/32 42/126/32 41/125/32
f 48/132/33 43/131/33 41/130/33 46/129/33
f 47/136/34 48/135/34 46/134/34 45/133/34
f 46/140/35 41/139/35 42/138/35 45/137/35
f 47/144/36 44/143/36 43/142/36 48/141/36
o cube
v 0.24466852858067123 0.39578537970421346 -0.1375889651477708
v 0.12806604720411596 0.31631145264016114 -0.4164150870478679
v 0.2643187525495949 0.3370694737048583 -0.12907068594091098
v 0.14771627117303965 0.257595546640806 -0.4078968078410081
v -0.25382056479056075 0.2158308038145098 -0.2280736290764394
v -0.13721808341400554 0.2953047308785621 0.05075249282365768
v -0.23417034082163712 0.15711489781515453 -0.21955534986957959
v -0.11756785944508186 0.23658882487920696 0.05927077203051745
vt 0.125 0.3125
vt 0.5625 0.3125
vt 0.5625 0.25
vt 0.125 0.25
vt 0.25 0.3125
vt 0.5625 0.3125
vt 0.5625 0.25
vt 0.25 0.25
vt 0.125 0.6875
vt 0.5625 0.6875
vt 0.5625 0.625
vt 0.125 0.625
vt 0.125 0.3125
vt 0.4375 0.3125
vt 0.4375 0.25
vt 0.125 0.25
vt 0.125 0.3125
vt 0.5625 0.3125
vt 0.5625 0
vt 0.125 0
vt 0.125 0.9375
vt 0.5625 0.9375
vt 0.5625 0.625
vt 0.125 0.625
vn -0.37312794040497665 -0.25431656660496743 -0.8922435900803107
vn 0.8728836845592612 0.22967005445863176 -0.4304947610775509
vn 0.37312794040497665 0.25431656660496743 0.8922435900803107
vn -0.8728836845592612 -0.22967005445863176 0.4304947610775509
vn -0.31440358350277847 0.9394544959896837 -0.13629246730975664
vn 0.31440358350277847 -0.9394544959896837 0.13629246730975664
g Sporocarp
f 52/148/37 55/147/37 53/146/37 50/145/37
f 51/152/38 52/151/38 50/150/38 49/149/38
f 56/156/39 51/155/39 49/154/39 54/153/39
f 55/160/40 56/159/40 54/158/40 53/157/40
f 54/164/41 49/163/41 50/162/41 53/161/41
f 55/168/42 52/167/42 51/166/42 56/165/42
o cube
v 0.1710367674483506 0.2734903320536164 -0.3521315834609887
v 0.14771627117303954 0.257595546640806 -0.4078968078410082
v 0.1906869914172744 0.21477442605426122 -0.34361330425412895
v 0.16736649514196333 0.1988796406414507 -0.39937852863414836
v -0.23417034082163712 0.15711489781515453 -0.2195553498695797
v -0.2108498445463261 0.17300968322796506 -0.1637901254895603
v -0.2145201168527135 0.09839899181579925 -0.21103707066271987
v -0.19119962057740242 0.11429377722860978 -0.15527184628270047
vt 0.125 0.3125
vt 0.5625 0.3125
vt 0.5625 0.25
vt 0.125 0.25
vt 0.25 0.25
vt 0.5625 0.25
vt 0.5625 0.1875
vt 0.25 0.1875
vt 0.125 0.75
vt 0.5625 0.75
vt 0.5625 0.6875
vt 0.125 0.6875
vt 0.125 0.25
vt 0.4375 0.25
vt 0.4375 0.1875
vt 0.125 0.1875
vt 0.125 0.3125
vt 0.5625 0.3125
vt 0.5625 0
vt 0.125 0
vt 0.125 0.9375
vt 0.5625 0.9375
vt 0.5625 0.875
vt 0.125 0.875
vn -0.37312794040497665 -0.25431656660496743 -0.8922435900803107
vn 0.8728836845592612 0.22967005445863176 -0.4304947610775509
vn 0.37312794040497665 0.25431656660496743 0.8922435900803107
vn -0.8728836845592612 -0.22967005445863176 0.4304947610775509
vn -0.31440358350277847 0.9394544959896837 -0.13629246730975664
vn 0.31440358350277847 -0.9394544959896837 0.13629246730975664
g Sporocarp
f 60/172/43 63/171/43 61/170/43 58/169/43
f 59/176/44 60/175/44 58/174/44 57/173/44
f 64/180/45 59/179/45 57/178/45 62/177/45
f 63/184/46 64/183/46 62/182/46 61/181/46
f 62/188/47 57/187/47 58/186/47 61/185/47
f 63/192/48 60/191/48 59/190/48 64/189/48
o cube
v 0.29555348655923774 0.33552906669571225 -0.21174183288827747
v 0.20227150145799344 0.27194992504447035 -0.4348027304083551
v 0.3152037105281613 0.2768131606963571 -0.20322355368141765
v 0.22192172542691724 0.2132340190451152 -0.42628445120149533
v 0.14771627117303954 0.257595546640806 -0.4078968078410081
v 0.24099825627428384 0.32117468829204776 -0.1848359103209305
v 0.16736649514196333 0.1988796406414507 -0.39937852863414836
v 0.2606484802432074 0.2624587822926925 -0.17631763111407073
vt 0.0625 0.25
vt 0.125 0.25
vt 0.125 0.1875
vt 0.0625 0.1875
vt 0.0625 0.25
vt 0.25 0.25
vt 0.25 0.1875
vt 0.0625 0.1875
vt 0.0625 0.125
vt 0.125 0.125
vt 0.125 0.0625
vt 0.0625 0.0625
vt 0.0625 0.25
vt 0.125 0.25
vt 0.125 0.1875
vt 0.0625 0.1875
vt 0.0625 0.25
vt 0.125 0.25
vt 0.125 0.0625
vt 0.0625 0.0625
vt 0.0625 0.875
vt 0.125 0.875
vt 0.125 0.6875
vt 0.0625 0.6875
vn -0.37312794040497665 -0.25431656660496743 -0.8922435900803107
vn 0.8728836845592612 0.22967005445863176 -0.4304947610775509
vn 0.37312794040497665 0.25431656660496743 0.8922435900803107
vn -0.8728836845592612 -0.22967005445863176 0.4304947610775509
vn -0.31440358350277847 0.9394544959896837 -0.13629246730975664
vn 0.31440358350277847 -0.9394544959896837 0.13629246730975664
g Sporocarp
f 68/196/49 71/195/49 69/194/49 66/193/49
f 67/200/50 68/199/50 66/198/50 65/197/50
f 72/204/51 67/203/51 65/202/51 70/201/51
f 71/208/52 72/207/52 70/206/52 69/205/52
f 70/212/53 65/211/53 66/210/53 69/209/53
f 71/216/54 68/215/54 67/214/54 72/213/54
o cube
v -0.14088835572039293 0.22069403946639632 0.003505547650497931
v -0.23417034082163712 0.15711489781515453 -0.2195553498695797
v -0.1212381317514693 0.16197813346704115 0.012023826857357811
v -0.2145201168527135 0.09839899181579925 -0.21103707066271987
v -0.28872557110659086 0.14276051941149004 -0.19264942730223278
v -0.19544358600534673 0.20633966106273194 0.03041147021784485
v -0.26907534713766723 0.08404461341213487 -0.184131148095373
v -0.17579336203642304 0.14762375506337677 0.03892974942470462
vt 0.5625 0.25
vt 0.625 0.25
vt 0.625 0.1875
vt 0.5625 0.1875
vt 0.0625 0.25
vt 0.25 0.25
vt 0.25 0.1875
vt 0.0625 0.1875
vt 0.5625 0.125
vt 0.625 0.125
vt 0.625 0.0625
vt 0.5625 0.0625
vt 0.4375 0.25
vt 0.625 0.25
vt 0.625 0.1875
vt 0.4375 0.1875
vt 0.5625 0.25
vt 0.625 0.25
vt 0.625 0.0625
vt 0.5625 0.0625
vt 0.5625 0.875
vt 0.625 0.875
vt 0.625 0.6875
vt 0.5625 0.6875
vn -0.37312794040497665 -0.25431656660496743 -0.8922435900803107
vn 0.8728836845592612 0.22967005445863176 -0.4304947610775509
vn 0.37312794040497665 0.25431656660496743 0.8922435900803107
vn -0.8728836845592612 -0.22967005445863176 0.4304947610775509
vn -0.31440358350277847 0.9394544959896837 -0.13629246730975664
vn 0.31440358350277847 -0.9394544959896837 0.13629246730975664
g Sporocarp
f 76/220/55 79/219/55 77/218/55 74/217/55
f 75/224/56 76/223/56 74/222/56 73/221/56
f 80/228/57 75/227/57 73/226/57 78/225/57
f 79/232/58 80/231/58 78/230/58 77/229/58
f 78/236/59 73/235/59 74/234/59 77/233/59
f 79/240/60 76/239/60 75/238/60 80/237/60
o cube
v 0.42833075139487964 0.10105255984978023 -0.2253609126649505
v 0.4470533465918545 0.0956053259280516 -0.2847413982784261
v 0.4344870651346202 0.03932305270284919 -0.21775711436838308
v 0.45320966033159504 0.03387581878112056 -0.2771375999818587
v 0.03187519533485861 0.03871741939292339 -0.41042798789272716
v 0.013152600137883885 0.044164653314652025 -0.3510475022792515
v 0.03803150907459929 -0.02301208775400765 -0.40282418959615973
v 0.019308913877624456 -0.017564853832279015 -0.34344370398268415
vt 0.125 0.3125
vt 0.5625 0.3125
vt 0.5625 0.25
vt 0.125 0.25
vt 0.5 0.3125
vt 0.5625 0.3125
vt 0.5625 0.25
vt 0.5 0.25
vt 0.125 0.9375
vt 0.5625 0.9375
vt 0.5625 0.875
vt 0.125 0.875
vt 0.125 0.3125
vt 0.1875 0.3125
vt 0.1875 0.25
vt 0.125 0.25
vt 0.125 0.3125
vt 0.5625 0.3125
vt 0.5625 0.25
vt 0.125 0.25
vt 0.125 0.9375
vt 0.5625 0.9375
vt 0.5625 0.875
vt 0.125 0.875
vn 0.29956152315159634 -0.08715574274765803 -0.95008776981561
vn 0.9489786314445616 0.13002950065172142 0.2872836334041166
vn -0.29956152315159634 0.08715574274765803 0.95008776981561
vn -0.9489786314445616 -0.13002950065172142 -0.2872836334041166
vn -0.09850101983584972 0.9876721143508953 -0.12166077274507797
vn 0.09850101983584972 -0.9876721143508953 0.12166077274507797
g Sporocarp
f 84/244/61 87/243/61 85/242/61 82/241/61
f 83/248/62 84/247/62 82/246/62 81/245/62
f 88/252/63 83/251/63 81/250/63 86/249/63
f 87/256/64 88/255/64 86/254/64 85/253/64
f 86/260/65 81/259/65 82/258/65 85/257/65
f 87/264/66 84/263/66 83/262/66 88/261/66
o cube
v 0.32856146167026523 0.19001823660535422 0.06393771710586016
v 0.42217443765513907 0.16278206699671105 -0.23296471096151783
v 0.3347177754100058 0.1282887294584233 0.07154151540242748
v 0.42833075139487964 0.10105255984978023 -0.2253609126649505
v 0.006996286398143203 0.10589416046158295 -0.3586513005758189
v -0.08661668958673063 0.133130330070226 -0.061748872508440855
v 0.013152600137883885 0.044164653314652025 -0.3510475022792515
v -0.08046037584699006 0.07140082292329519 -0.05414507421187348
vt 0.125 0.3125
vt 0.5625 0.3125
vt 0.5625 0.25
vt 0.125 0.25
vt 0.25 0.3125
vt 0.5625 0.3125
vt 0.5625 0.25
vt 0.25 0.25
vt 0.125 0.6875
vt 0.5625 0.6875
vt 0.5625 0.625
vt 0.125 0.625
vt 0.125 0.3125
vt 0.4375 0.3125
vt 0.4375 0.25
vt 0.125 0.25
vt 0.125 0.3125
vt 0.5625 0.3125
vt 0.5625 0
vt 0.125 0
vt 0.125 0.9375
vt 0.5625 0.9375
vt 0.5625 0.625
vt 0.125 0.625
vn 0.29956152315159634 -0.08715574274765803 -0.95008776981561
vn 0.9489786314445616 0.13002950065172142 0.2872836334041166
vn -0.29956152315159634 0.08715574274765803 0.95008776981561
vn -0.9489786314445616 -0.13002950065172142 -0.2872836334041166
vn -0.09850101983584972 0.9876721143508953 -0.12166077274507797
vn 0.09850101983584972 -0.9876721143508953 0.12166077274507797
g Sporocarp
f 92/268/67 95/267/67 93/266/67 90/265/67
f 91/272/68 92/271/68 90/270/68 89/269/68
f 96/276/69 91/275/69 89/274/69 94/273/69
f 95/280/70 96/279/70 94/278/70 93/277/70
f 94/284/71 89/283/71 90/282/71 93/281/71
f 95/288/72 92/287/72 91/286/72 96/285/72
o cube
v 0.4096081561979048 0.10649979377150887 -0.16598042705147487
v 0.42833075139487964 0.10105255984978023 -0.2253609126649505
v 0.4157644699376455 0.044770286624577826 -0.1583766287549075
v 0.4344870651346202 0.03932305270284919 -0.21775711436838308
v 0.013152600137883885 0.044164653314652025 -0.3510475022792515
v -0.005569995059090949 0.04961188723638066 -0.2916670166657759
v 0.019308913877624456 -0.017564853832279015 -0.34344370398268415
v 0.0005863186806496223 -0.012117619910550381 -0.28406321836920856
vt 0.125 0.3125
vt 0.5625 0.3125
vt 0.5625 0.25
vt 0.125 0.25
vt 0.25 0.25
vt 0.5625 0.25
vt 0.5625 0.1875
vt 0.25 0.1875
vt 0.125 0.75
vt 0.5625 0.75
vt 0.5625 0.6875
vt 0.125 0.6875
vt 0.125 0.25
vt 0.4375 0.25
vt 0.4375 0.1875
vt 0.125 0.1875
vt 0.125 0.3125
vt 0.5625 0.3125
vt 0.5625 0
vt 0.125 0
vt 0.125 0.9375
vt 0.5625 0.9375
vt 0.5625 0.875
vt 0.125 0.875
vn 0.29956152315159634 -0.08715574274765803 -0.95008776981561
vn 0.9489786314445616 0.13002950065172142 0.2872836334041166
vn -0.29956152315159634 0.08715574274765803 0.95008776981561
vn -0.9489786314445616 -0.13002950065172142 -0.2872836334041166
vn -0.09850101983584972 0.9876721143508953 -0.12166077274507797
vn 0.09850101983584972 -0.9876721143508953 0.12166077274507797
g Sporocarp
f 100/292/73 103/291/73 101/290/73 98/289/73
f 99/296/74 100/295/74 98/294/74 97/293/74
f 104/300/75 99/299/75 97/298/75 102/297/75
f 103/304/76 104/303/76 102/302/76 101/301/76
f 102/308/77 97/307/77 98/306/77 101/305/77
f 103/312/78 100/311/78 99/310/78 104/309/78
o cube
v 0.4127515350722655 0.13096833932742724 0.03011625687670927
v 0.4876419158601646 0.1091794036405127 -0.20740568557719324
v 0.41890784881200616 0.0692388321804962 0.03772005517327659
v 0.49379822959990527 0.04744989649358167 -0.19980188728062587
v 0.42833075139487975 0.10105255984978023 -0.2253609126649505
v 0.35344037060698064 0.12284149553669477 0.01216102978895195
v 0.4344870651346203 0.03932305270284919 -0.21775711436838308
v 0.3595966843467212 0.06111198838976373 0.01976482808551938
vt 0.0625 0.25
vt 0.125 0.25
vt 0.125 0.1875
vt 0.0625 0.1875
vt 0.0625 0.25
vt 0.25 0.25
vt 0.25 0.1875
vt 0.0625 0.1875
vt 0.0625 0.125
vt 0.125 0.125
vt 0.125 0.0625
vt 0.0625 0.0625
vt 0.0625 0.25
vt 0.125 0.25
vt 0.125 0.1875
vt 0.0625 0.1875
vt 0.0625 0.25
vt 0.125 0.25
vt 0.125 0.0625
vt 0.0625 0.0625
vt 0.0625 0.875
vt 0.125 0.875
vt 0.125 0.6875
vt 0.0625 0.6875
vn 0.29956152315159634 -0.08715574274765803 -0.95008776981561
vn 0.9489786314445616 0.13002950065172142 0.2872836334041166
vn -0.29956152315159634 0.08715574274765803 0.95008776981561
vn -0.9489786314445616 -0.13002950065172142 -0.2872836334041166
vn -0.09850101983584972 0.9876721143508953 -0.12166077274507797
vn 0.09850101983584972 -0.9876721143508953 0.12166077274507797
g Sporocarp
f 108/316/79 111/315/79 109/314/79 106/313/79
f 107/320/80 108/319/80 106/318/80 105/317/80
f 112/324/81 107/323/81 105/322/81 110/321/81
f 111/328/82 112/327/82 110/326/82 109/325/82
f 110/332/83 105/331/83 106/330/83 109/329/83
f 111/336/84 108/335/84 107/334/84 112/333/84
o cube
v -0.061737780650015284 0.06595358900156656 -0.11352555982534906
v 0.013152600137883885 0.044164653314652025 -0.3510475022792515
v -0.05558146691027466 0.00422408185463552 -0.10592176152878163
v 0.019308913877624456 -0.017564853832279015 -0.34344370398268415
v -0.04615856432740123 0.03603780952391944 -0.36900272936700884
v -0.12104894511530029 0.057826745210833974 -0.13148078691310633
v -0.04000225058766055 -0.0256916976230116 -0.3613989310704414
v -0.1148926313755596 -0.0039027619360970656 -0.12387698861653895
vt 0.5625 0.25
vt 0.625 0.25
vt 0.625 0.1875
vt 0.5625 0.1875
vt 0.0625 0.25
vt 0.25 0.25
vt 0.25 0.1875
vt 0.0625 0.1875
vt 0.5625 0.125
vt 0.625 0.125
vt 0.625 0.0625
vt 0.5625 0.0625
vt 0.4375 0.25
vt 0.625 0.25
vt 0.625 0.1875
vt 0.4375 0.1875
vt 0.5625 0.25
vt 0.625 0.25
vt 0.625 0.0625
vt 0.5625 0.0625
vt 0.5625 0.875
vt 0.625 0.875
vt 0.625 0.6875
vt 0.5625 0.6875
vn 0.29956152315159634 -0.08715574274765803 -0.95008776981561
vn 0.9489786314445616 0.13002950065172142 0.2872836334041166
vn -0.29956152315159634 0.08715574274765803 0.95008776981561
vn -0.9489786314445616 -0.13002950065172142 -0.2872836334041166
vn -0.09850101983584972 0.9876721143508953 -0.12166077274507797
vn 0.09850101983584972 -0.9876721143508953 0.12166077274507797
g Sporocarp
f 116/340/85 119/339/85 117/338/85 114/337/85
f 115/344/86 116/343/86 114/342/86 113/341/86
f 120/348/87 115/347/87 113/346/87 118/345/87
f 119/352/88 120/351/88 118/350/88 117/349/88
f 118/356/89 113/355/89 114/354/89 117/353/89
f 119/360/90 116/359/90 115/358/90 120/357/90
o cube
v 0.2463453860629442 -0.31651062273396857 0.07108603947658043
v 0.3528199652571973 -0.3437467923426118 -0.22145046260556306
v 0.24448232233630618 -0.3787727913647027 0.07620476499652351
v 0.35095690153055925 -0.40600896097334593 -0.21633173708561992
v 0.17662759885983947 -0.3437467923426118 -0.28557923947912595
v 0.0701530196655864 -0.31651062273396857 0.006957262603017433
v 0.17476453513320145 -0.40600896097334593 -0.28046051395918287
v 0.06828995593894827 -0.3787727913647027 0.012075988122960624
vt 0.75 0.25
vt 0.9375 0.25
vt 0.9375 0.1875
vt 0.75 0.1875
vt 0.6875 0.1875
vt 1 0.1875
vt 1 0.125
vt 0.6875 0.125
vt 0.75 0.75
vt 0.9375 0.75
vt 0.9375 0.6875
vt 0.75 0.6875
vt 0.6875 0.1875
vt 1 0.1875
vt 1 0.125
vt 0.6875 0.125
vt 0.75 0.25
vt 0.9375 0.25
vt 0.9375 0
vt 0.75 0
vt 0.75 0.875
vt 0.9375 0.875
vt 0.9375 0.625
vt 0.75 0.625
vn 0.34071865342161 -0.08715574274765818 -0.9361168066628592
vn 0.9396926207859085 0 0.34202014332566866
vn -0.34071865342161 0.08715574274765818 0.9361168066628592
vn -0.9396926207859085 0 -0.34202014332566866
vn 0.029809019626209157 0.9961946980917455 -0.08189960831908935
vn -0.029809019626209157 -0.9961946980917455 0.08189960831908935
g Sporocarp
f 124/364/91 127/363/91 125/362/91 122/361/91
f 123/368/92 124/367/92 122/366/92 121/365/92
f 128/372/93 123/371/93 121/370/93 126/369/93
f 127/376/94 128/375/94 126/374/94 125/373/94
f 126/380/95 121/379/95 122/378/95 125/377/95
f 127/384/96 124/383/96 123/382/96 128/381/96
o cube
v 0.08958487177779895 -0.3842200252864313 -0.046431312293468086
v 0.17476453513320145 -0.4060089609733459 -0.28046051395918287
v 0.08772180805116081 -0.44648219391716537 -0.04131258677352495
v 0.1729014714065633 -0.46827112960407996 -0.27534178843923973
v 0.11603374633408214 -0.4060089609733459 -0.30183677291703714
v 0.030854082978679642 -0.3842200252864313 -0.06780757125132236
v 0.11417068260744401 -0.46827112960407996 -0.29671804739709406
v 0.028991019252041506 -0.44648219391716537 -0.06268884573137928
vt 0.6875 0.25
vt 0.75 0.25
vt 0.75 0.1875
vt 0.6875 0.1875
vt 0.6875 0.1875
vt 0.8125 0.1875
vt 0.8125 0.125
vt 0.6875 0.125
vt 0.6875 0.125
vt 0.75 0.125
vt 0.75 0.0625
vt 0.6875 0.0625
vt 0.6875 0.25
vt 0.875 0.25
vt 0.875 0.1875
vt 0.6875 0.1875
vt 0.6875 0.25
vt 0.75 0.25
vt 0.75 0.0625
vt 0.6875 0.0625
vt 0.6875 0.875
vt 0.75 0.875
vt 0.75 0.6875
vt 0.6875 0.6875
vn 0.34071865342161 -0.08715574274765818 -0.9361168066628592
vn 0.9396926207859085 0 0.34202014332566866
vn -0.34071865342161 0.08715574274765818 0.9361168066628592
vn -0.9396926207859085 0 -0.34202014332566866
vn 0.029809019626209157 0.9961946980917455 -0.08189960831908935
vn -0.029809019626209157 -0.9961946980917455 0.08189960831908935
g Sporocarp
f 132/388/97 135/387/97 133/386/97 130/385/97
f 131/392/98 132/391/98 130/390/98 129/389/98
f 136/396/99 131/395/99 129/394/99 134/393/99
f 135/400/100 136/399/100 134/398/100 133/397/100
f 134/404/101 129/403/101 130/402/101 133/401/101
f 135/408/102 132/407/102 131/406/102 136/405/102
o cube
v 0.32450802697427605 -0.3842200252864313 0.039073723537949134
v 0.388392774490828 -0.4005617270516172 -0.13644817771133688
v 0.32264496324763803 -0.44648219391716537 0.044192449057892214
v 0.38652971076418985 -0.46282389568235127 -0.1313294521913938
v 0.3296619856917087 -0.4005617270516172 -0.15782443666919121
v 0.26577723817515675 -0.3842200252864313 0.0176974645800948
v 0.32779892196507054 -0.46282389568235127 -0.15270571114924814
v 0.2639141744485187 -0.44648219391716537 0.02281619010003788
vt 0.9375 0.1875
vt 1 0.1875
vt 1 0.125
vt 0.9375 0.125
vt 0.6875 0.25
vt 0.875 0.25
vt 0.875 0.1875
vt 0.6875 0.1875
vt 0.9375 0.125
vt 1 0.125
vt 1 0.0625
vt 0.9375 0.0625
vt 0.9375 0.1875
vt 1 0.1875
vt 1 0.125
vt 0.9375 0.125
vt 0.9375 0.1875
vt 1 0.1875
vt 1 0.0625
vt 0.9375 0.0625
vt 0.9375 0.8125
vt 1 0.8125
vt 1 0.6875
vt 0.9375 0.6875
vn 0.34071865342161 -0.08715574274765818 -0.9361168066628592
vn 0.9396926207859085 0 0.34202014332566866
vn -0.34071865342161 0.08715574274765818 0.9361168066628592
vn -0.9396926207859085 0 -0.34202014332566866
vn 0.029809019626209157 0.9961946980917455 -0.08189960831908935
vn -0.029809019626209157 -0.9961946980917455 0.08189960831908935
g Sporocarp
f 140/412/103 143/411/103 141/410/103 138/409/103
f 139/416/104 140/415/104 138/414/104 137/413/104
f 144/420/105 139/419/105 137/418/105 142/417/105
f 143/424/106 144/423/106 142/422/106 141/421/106
f 142/428/107 137/427/107 138/426/107 141/425/107
f 143/432/108 140/431/108 139/430/108 144/429/108
o cube
v 0.29222611273144006 -0.4060089609733459 -0.23770799604347426
v 0.3135210285702906 -0.4114561948950745 -0.29621529645990297
v 0.2903630490048019 -0.46827112960407996 -0.23258927052353118
v 0.3116579648436526 -0.4737183635258086 -0.2910965709399599
v 0.19605945097205202 -0.4114561948950745 -0.3389678143756116
v 0.17476453513320145 -0.4060089609733459 -0.28046051395918287
v 0.194196387245414 -0.4737183635258086 -0.33384908885566844
v 0.1729014714065633 -0.46827112960407996 -0.27534178843923973
vt 0.75 0.3125
vt 0.875 0.3125
vt 0.875 0.25
vt 0.75 0.25
vt 0.8125 0.3125
vt 0.875 0.3125
vt 0.875 0.25
vt 0.8125 0.25
vt 0.75 0.9375
vt 0.875 0.9375
vt 0.875 0.875
vt 0.75 0.875
vt 0.75 0.3125
vt 0.8125 0.3125
vt 0.8125 0.25
vt 0.75 0.25
vt 0.75 0.3125
vt 0.875 0.3125
vt 0.875 0.25
vt 0.75 0.25
vt 0.75 0.9375
vt 0.875 0.9375
vt 0.875 0.875
vt 0.75 0.875
vn 0.34071865342161 -0.08715574274765818 -0.9361168066628592
vn 0.9396926207859085 0 0.34202014332566866
vn -0.34071865342161 0.08715574274765818 0.9361168066628592
vn -0.9396926207859085 0 -0.34202014332566866
vn 0.029809019626209157 0.9961946980917455 -0.08189960831908935
vn -0.029809019626209157 -0.9961946980917455 0.08189960831908935
g Sporocarp
f 148/436/109 151/435/109 149/434/109 146/433/109
f 147/440/110 148/439/110 146/438/110 145/437/110
f 152/444/111 147/443/111 145/442/111 150/441/111
f 151/448/112 152/447/112 150/446/112 149/445/112
f 150/452/113 145/451/113 146/450/113 149/449/113
f 151/456/114 148/455/114 147/454/114 152/453/114
o cube
v 0.3296619856917087 -0.4005617270516172 -0.15782443666919121
v 0.35095690153055925 -0.4060089609733458 -0.21633173708561992
v 0.32779892196507054 -0.46282389568235127 -0.15270571114924814
v 0.3490938378039212 -0.4682711296040799 -0.21121301156567684
v 0.17476453513320145 -0.4060089609733458 -0.2804605139591828
v 0.15346961929435077 -0.4005617270516172 -0.2219532135427541
v 0.1729014714065633 -0.4682711296040799 -0.27534178843923973
v 0.15160655556771263 -0.46282389568235127 -0.21683448802281102
vt 0.75 0.1875
vt 0.9375 0.1875
vt 0.9375 0.125
vt 0.75 0.125
vt 0.6875 0.125
vt 0.75 0.125
vt 0.75 0.0625
vt 0.6875 0.0625
vt 0.75 0.75
vt 0.9375 0.75
vt 0.9375 0.6875
vt 0.75 0.6875
vt 0.6875 0.125
vt 1 0.125
vt 1 0.0625
vt 0.6875 0.0625
vt 0.75 0.25
vt 0.9375 0.25
vt 0.9375 0
vt 0.75 0
vt 0.75 0.875
vt 0.9375 0.875
vt 0.9375 0.8125
vt 0.75 0.8125
vn 0.34071865342161 -0.08715574274765818 -0.9361168066628592
vn 0.9396926207859085 0 0.34202014332566866
vn -0.34071865342161 0.08715574274765818 0.9361168066628592
vn -0.9396926207859085 0 -0.34202014332566866
vn 0.029809019626209157 0.9961946980917455 -0.08189960831908935
vn -0.029809019626209157 -0.9961946980917455 0.08189960831908935
g Sporocarp
f 156/460/115 159/459/115 157/458/115 154/457/115
f 155/464/116 156/463/116 154/462/116 153/461/116
f 160/468/117 155/467/117 153/466/117 158/465/117
f 159/472/118 160/471/118 158/470/118 157/469/118
f 158/476/119 153/475/119 154/474/119 157/473/119
f 159/480/120 156/479/120 155/478/120 160/477/120
o cube
v 0.2541499062131529 -0.08147183900548283 -0.04265177361348921
v 0.25384415609843436 -0.1019467410852552 -0.2918117320773064
v 0.2522868424865149 -0.1437340076362169 -0.03753304809354607
v 0.25198109237179633 -0.16420890971598928 -0.2866930065573633
v 0.1913719770836546 -0.10008367735861706 -0.2918881696059857
v 0.19167772719837317 -0.07960877527884469 -0.04272821114216846
v 0.18950891335701647 -0.16234584598935115 -0.28676944408604255
v 0.18981466347173503 -0.14187094390957877 -0.03760948562222538
vt 0.6875 0.25
vt 0.75 0.25
vt 0.75 0.1875
vt 0.6875 0.1875
vt 0.6875 0.1875
vt 0.8125 0.1875
vt 0.8125 0.125
vt 0.6875 0.125
vt 0.6875 0.125
vt 0.75 0.125
vt 0.75 0.0625
vt 0.6875 0.0625
vt 0.6875 0.25
vt 0.875 0.25
vt 0.875 0.1875
vt 0.6875 0.1875
vt 0.6875 0.25
vt 0.75 0.25
vt 0.75 0.0625
vt 0.6875 0.0625
vt 0.6875 0.875
vt 0.75 0.875
vt 0.75 0.6875
vt 0.6875 0.6875
vn -0.0012230004588743013 -0.08189960831908934 -0.9966398338552687
vn 0.999554864236477 -0.029809019626209448 0.00122300045886823
vn 0.0012230004588743013 0.08189960831908934 0.9966398338552687
vn -0.999554864236477 0.029809019626209448 -0.00122300045886823
vn 0.029809019626209198 0.9961946980917455 -0.08189960831908943
vn -0.029809019626209198 -0.9961946980917455 0.08189960831908943
g Sporocarp
f 164/484/121 167/483/121 165/482/121 162/481/121
f 163/488/122 164/487/122 162/486/122 161/485/122
f 168/492/123 163/491/123 161/490/123 166/489/123
f 167/496/124 168/495/124 166/494/124 165/493/124
f 166/500/125 161/499/125 162/498/125 165/497/125
f 167/504/126 164/503/126 163/502/126 168/501/126
o cube
v 0.3787885141279941 -0.10567286853853136 -0.29165885701994787
v 0.3787120765993144 -0.11079159405847444 -0.35394884663590215
v 0.37692545040135594 -0.16793503716926544 -0.2865401315000048
v 0.37684901287267625 -0.17305376268920852 -0.34883012111595907
v 0.2537677185697548 -0.10706546660519828 -0.3541017216932607
v 0.25384415609843436 -0.1019467410852552 -0.2918117320773064
v 0.25190465484311675 -0.16932763523593236 -0.3489829961733176
v 0.25198109237179633 -0.16420890971598928 -0.2866930065573633
vt 0.75 0.3125
vt 0.875 0.3125
vt 0.875 0.25
vt 0.75 0.25
vt 0.8125 0.3125
vt 0.875 0.3125
vt 0.875 0.25
vt 0.8125 0.25
vt 0.75 0.9375
vt 0.875 0.9375
vt 0.875 0.875
vt 0.75 0.875
vt 0.75 0.3125
vt 0.8125 0.3125
vt 0.8125 0.25
vt 0.75 0.25
vt 0.75 0.3125
vt 0.875 0.3125
vt 0.875 0.25
vt 0.75 0.25
vt 0.75 0.9375
vt 0.875 0.9375
vt 0.875 0.875
vt 0.75 0.875
vn -0.0012230004588743013 -0.08189960831908934 -0.9966398338552687
vn 0.999554864236477 -0.029809019626209448 0.00122300045886823
vn 0.0012230004588743013 0.08189960831908934 0.9966398338552687
vn -0.999554864236477 0.029809019626209448 -0.00122300045886823
vn 0.029809019626209198 0.9961946980917455 -0.08189960831908943
vn -0.029809019626209198 -0.9961946980917455 0.08189960831908943
g Sporocarp
f 172/508/127 175/507/127 173/506/127 170/505/127
f 171/512/128 172/511/128 170/510/128 169/509/128
f 176/516/129 171/515/129 169/514/129 174/513/129
f 175/520/130 176/519/130 174/518/130 173/517/130
f 174/524/131 169/523/131 170/522/131 173/521/131
f 175/528/132 172/527/132 171/526/132 176/525/132
o cube
v 0.4435059445128101 -0.019680136034719797 0.014748803068559857
v 0.44312375686941197 -0.04527376363443525 -0.2967011450112117
v 0.4416428807861721 -0.08194230466545399 0.019867528588502936
v 0.44126069314277383 -0.10753593226516944 -0.2915824194912686
v 0.2557072198250725 -0.039684572454521005 -0.2969304575972495
v 0.25608940746847075 -0.014090944854805554 0.014519490482522102
v 0.25384415609843436 -0.1019467410852552 -0.2918117320773064
v 0.2542263437418326 -0.07635311348553975 0.01963821600246518
vt 0.75 0.25
vt 0.9375 0.25
vt 0.9375 0.1875
vt 0.75 0.1875
vt 0.6875 0.1875
vt 1 0.1875
vt 1 0.125
vt 0.6875 0.125
vt 0.75 0.75
vt 0.9375 0.75
vt 0.9375 0.6875
vt 0.75 0.6875
vt 0.6875 0.1875
vt 1 0.1875
vt 1 0.125
vt 0.6875 0.125
vt 0.75 0.25
vt 0.9375 0.25
vt 0.9375 0
vt 0.75 0
vt 0.75 0.875
vt 0.9375 0.875
vt 0.9375 0.625
vt 0.75 0.625
vn -0.0012230004588743013 -0.08189960831908934 -0.9966398338552687
vn 0.999554864236477 -0.029809019626209448 0.00122300045886823
vn 0.0012230004588743013 0.08189960831908934 0.9966398338552687
vn -0.999554864236477 0.029809019626209448 -0.00122300045886823
vn 0.029809019626209198 0.9961946980917455 -0.08189960831908943
vn -0.029809019626209198 -0.9961946980917455 0.08189960831908943
g Sporocarp
f 180/532/133 183/531/133 181/530/133 178/529/133
f 179/536/134 180/535/134 178/534/134 177/533/134
f 184/540/135 179/539/135 177/538/135 182/537/135
f 183/544/136 184/543/136 182/542/136 181/541/136
f 182/548/137 177/547/137 178/546/137 181/545/137
f 183/552/138 180/551/138 179/550/138 184/549/138
o cube
v 0.4413371306714535 -0.10241720674522636 -0.22929242987531429
v 0.44126069314277383 -0.10753593226516944 -0.2915824194912686
v 0.4394740669448154 -0.16467937537596045 -0.2241737043553712
v 0.4393976294161357 -0.16979810089590353 -0.28646369397132554
v 0.25384415609843436 -0.1019467410852552 -0.2918117320773064
v 0.25392059362711406 -0.09682801556531212 -0.2295217424613521
v 0.25198109237179633 -0.16420890971598928 -0.2866930065573633
v 0.2520575299004759 -0.1590901841960462 -0.22440301694140902
vt 0.75 0.1875
vt 0.9375 0.1875
vt 0.9375 0.125
vt 0.75 0.125
vt 0.6875 0.125
vt 0.75 0.125
vt 0.75 0.0625
vt 0.6875 0.0625
vt 0.75 0.75
vt 0.9375 0.75
vt 0.9375 0.6875
vt 0.75 0.6875
vt 0.6875 0.125
vt 1 0.125
vt 1 0.0625
vt 0.6875 0.0625
vt 0.75 0.25
vt 0.9375 0.25
vt 0.9375 0
vt 0.75 0
vt 0.75 0.875
vt 0.9375 0.875
vt 0.9375 0.8125
vt 0.75 0.8125
vn -0.0012230004588743013 -0.08189960831908934 -0.9966398338552687
vn 0.999554864236477 -0.029809019626209448 0.00122300045886823
vn 0.0012230004588743013 0.08189960831908934 0.9966398338552687
vn -0.999554864236477 0.029809019626209448 -0.00122300045886823
vn 0.029809019626209198 0.9961946980917455 -0.08189960831908943
vn -0.029809019626209198 -0.9961946980917455 0.08189960831908943
g Sporocarp
f 188/556/139 191/555/139 189/554/139 186/553/139
f 187/560/140 188/559/140 186/558/140 185/557/140
f 192/564/141 187/563/141 185/562/141 190/561/141
f 191/568/142 192/567/142 190/566/142 189/565/142
f 190/572/143 185/571/143 186/570/143 189/569/143
f 191/576/144 188/575/144 187/574/144 192/573/144
o cube
v 0.5040386222722724 -0.08892409391203515 -0.042346023498772145
v 0.5038093096862335 -0.10428027047186444 -0.22921599234663503
v 0.5021755585456344 -0.15118626254276923 -0.037227297978829066
v 0.5019462459595954 -0.16654243910259853 -0.22409726682669195
v 0.4413371306714535 -0.10241720674522636 -0.22929242987531429
v 0.4415664432574924 -0.08706103018539707 -0.0424224610274514
v 0.4394740669448154 -0.16467937537596045 -0.2241737043553712
v 0.43970337953085425 -0.14932319881613115 -0.03730373550750832
vt 0.9375 0.1875
vt 1 0.1875
vt 1 0.125
vt 0.9375 0.125
vt 0.6875 0.25
vt 0.875 0.25
vt 0.875 0.1875
vt 0.6875 0.1875
vt 0.9375 0.125
vt 1 0.125
vt 1 0.0625
vt 0.9375 0.0625
vt 0.9375 0.1875
vt 1 0.1875
vt 1 0.125
vt 0.9375 0.125
vt 0.9375 0.1875
vt 1 0.1875
vt 1 0.0625
vt 0.9375 0.0625
vt 0.9375 0.8125
vt 1 0.8125
vt 1 0.6875
vt 0.9375 0.6875
vn -0.0012230004588743013 -0.08189960831908934 -0.9966398338552687
vn 0.999554864236477 -0.029809019626209448 0.00122300045886823
vn 0.0012230004588743013 0.08189960831908934 0.9966398338552687
vn -0.999554864236477 0.029809019626209448 -0.00122300045886823
vn 0.029809019626209198 0.9961946980917455 -0.08189960831908943
vn -0.029809019626209198 -0.9961946980917455 0.08189960831908943
g Sporocarp
f 196/580/145 199/579/145 197/578/145 194/577/145
f 195/584/146 196/583/146 194/582/146 193/581/146
f 200/588/147 195/587/147 193/586/147 198/585/147
f 199/592/148 200/591/148 198/590/148 197/589/148
f 198/596/149 193/595/149 194/594/149 197/593/149
f 199/600/150 196/599/150 195/598/150 200/597/150
o cube
v 0.019627493232594384 0.3929860928314439 -0.028094304192289976
v -0.03965789382736473 0.40846095841271024 -0.27046957400419236
v 0.026166556884807513 0.3310775748801278 -0.03364642555478514
v -0.0331188301751516 0.3465524404613941 -0.2760216953666875
v -0.10002194212288767 0.40080469048870326 -0.2561932567321649
v -0.0407365550629285 0.38532982490743706 -0.013817986920262482
v -0.0934828784706746 0.33889617253738713 -0.2617453780946601
v -0.03419749141071543 0.3234213069561209 -0.019370108282757648
vt 0.6875 0.25
vt 0.75 0.25
vt 0.75 0.1875
vt 0.6875 0.1875
vt 0.6875 0.1875
vt 0.8125 0.1875
vt 0.8125 0.125
vt 0.6875 0.125
vt 0.6875 0.125
vt 0.75 0.125
vt 0.75 0.0625
vt 0.6875 0.0625
vt 0.6875 0.25
vt 0.875 0.25
vt 0.875 0.1875
vt 0.6875 0.1875
vt 0.6875 0.25
vt 0.75 0.25
vt 0.75 0.0625
vt 0.6875 0.0625
vt 0.6875 0.875
vt 0.75 0.875
vt 0.75 0.6875
vt 0.6875 0.6875
vn -0.23714154823983696 0.06189946232506509 -0.9695010792476102
vn 0.9658247727283678 0.12250028678411182 -0.22842107635243963
vn 0.23714154823983696 -0.06189946232506509 0.9695010792476102
vn -0.9658247727283678 -0.12250028678411182 0.22842107635243963
vn -0.10462501843540953 0.9905362872210579 0.08883394179992248
vn 0.10462501843540953 -0.9905362872210579 -0.08883394179992248
g Sporocarp
f 204/604/151 207/603/151 205/602/151 202/601/151
f 203/608/152 204/607/152 202/606/152 201/605/152
f 208/612/153 203/611/153 201/610/153 206/609/153
f 207/616/154 208/615/154 206/614/154 205/613/154
f 206/620/155 201/619/155 202/618/155 205/617/155
f 207/624/156 204/623/156 203/622/156 208/621/156
o cube
v 0.08107020276368126 0.4237734942607243 -0.29902220854824735
v 0.06624885599869135 0.4276422106560408 -0.3596160260012231
v 0.0876092664158944 0.36186497630940817 -0.3045743299107425
v 0.07278791965090448 0.36573369270472467 -0.3651681473637183
v -0.054479240592354594 0.41232967480802674 -0.3310633914571681
