# Made in Blockbench 4.9.3

o cube
v 0.125 0.125 0.125
v 0.125 0.125 -0.125
v 0.125 0 0.125
v 0.125 0 -0.125
v -0.125 0.125 -0.125
v -0.125 0.125 0.125
v -0.125 0 -0.125
v -0.125 0 0.125
vt 0 0.1205357142857143
vt 0.07142857142857141 0.1205357142857143
vt 0.07142857142857141 0.07142857142857129
vt 0 0.07142857142857129
vt 0 0.1205357142857143
vt 0.07142857142857142 0.1205357142857143
vt 0.07142857142857142 0.0714285714285714
vt 0 0.0714285714285714
vt 0 0.1205357142857143
vt 0.07142857142857142 0.1205357142857143
vt 0.07142857142857142 0.0714285714285714
vt 0 0.0714285714285714
vt 0 0.1205357142857143
vt 0.07142857142857142 0.1205357142857143
vt 0.07142857142857142 0.0714285714285714
vt 0 0.0714285714285714
vt 0 0.1205357142857143
vt 0.07142857142857142 0.1205357142857143
vt 0.07142857142857142 0.07142857142857151
vt 0 0.07142857142857151
vt 0 1
vt 0.0625 1
vt 0.0625 0.9375
vt 0 0.9375
vn 0 0 -1
vn 1 0 0
vn 0 0 1
vn -1 0 0
vn 0 1 0
vn 0 -1 0
g Trunk
f 4/4/1 7/3/1 5/2/1 2/1/1
f 3/8/2 4/7/2 2/6/2 1/5/2
f 8/12/3 3/11/3 1/10/3 6/9/3
f 7/16/4 8/15/4 6/14/4 5/13/4
f 6/20/5 1/19/5 2/18/5 5/17/5
f 7/24/6 4/23/6 3/22/6 8/21/6
o cube
v 0.140625 1 0.140625
v 0.140625 1 -0.140625
v 0.140625 0.125 0.140625
v 0.140625 0.125 -0.140625
v -0.140625 1 -0.140625
v -0.140625 1 0.140625
v -0.140625 0.125 -0.140625
v -0.140625 0.125 0.140625
vt 0 0.3392857142857144
vt 0.0625 0.3392857142857144
vt 0.0625 0.1339285714285714
vt 0 0.1339285714285714
vt 0 0.33928571428571463
vt 0.0625 0.33928571428571463
vt 0.0625 0.13392857142857129
vt 0 0.13392857142857129
vt 0 0.33928571428571463
vt 0.0625 0.33928571428571463
vt 0.0625 0.1339285714285714
vt 0 0.1339285714285714
vt 0 0.33928571428571463
vt 0.0625 0.33928571428571463
vt 0.0625 0.13392857142857117
vt 0 0.13392857142857117
vt 0 0.1339285714285714
vt 0.06249999999999999 0.1339285714285714
vt 0.06249999999999999 0.07142857142857151
vt 0 0.07142857142857151
vt 0 1
vt 0.0625 1
vt 0.0625 0.9375
vt 0 0.9375
vn 0 0 -1
vn 1 0 0
vn 0 0 1
vn -1 0 0
vn 0 1 0
vn 0 -1 0
g Trunk
f 12/28/7 15/27/7 13/26/7 10/25/7
f 11/32/8 12/31/8 10/30/8 9/29/8
f 16/36/9 11/35/9 9/34/9 14/33/9
f 15/40/10 16/39/10 14/38/10 13/37/10
f 14/44/11 9/43/11 10/42/11 13/41/11
f 15/48/12 12/47/12 11/46/12 16/45/12
o cube
v 0.125 1.484375 0.125
v 0.125 1.484375 -0.125
v 0.125 1.25 0.125
v 0.125 1.25 -0.125
v -0.125 1.484375 -0.125
v -0.125 1.484375 0.125
v -0.125 1.25 -0.125
v -0.125 1.25 0.125
vt 0 1
vt 0.0669642857142857 1
vt 0.0669642857142857 0.9374999999999999
vt 0 0.9374999999999999
vt 0 1
vt 0.06696428571428571 1
vt 0.06696428571428571 0.9375
vt 0 0.9375
vt 0 1
vt 0.06696428571428577 1
vt 0.06696428571428577 0.9375
vt 0 0.9375
vt 0 1
vt 0.06696428571428571 1
vt 0.06696428571428571 0.9375
vt 0 0.9375
vt 0 0.1205357142857143
vt 0.07142857142857142 0.1205357142857143
vt 0.07142857142857142 0.07142857142857151
vt 0 0.07142857142857151
vt 0 1
vt 0.0625 1
vt 0.0625 0.9375
vt 0 0.9375
vn 0 0 -1
vn 1 0 0
vn 0 0 1
vn -1 0 0
vn 0 1 0
vn 0 -1 0
g Trunk
f 20/52/13 23/51/13 21/50/13 18/49/13
f 19/56/14 20/55/14 18/54/14 17/53/14
f 24/60/15 19/59/15 17/58/15 22/57/15
f 23/64/16 24/63/16 22/62/16 21/61/16
f 22/68/17 17/67/17 18/66/17 21/65/17
f 23/72/18 20/71/18 19/70/18 24/69/18
o cube
v 0.11875000000000002 1.25 0.11875000000000002
v 0.11875000000000002 1.25 -0.11875000000000002
v 0.11875000000000002 1 0.11875000000000002
v 0.11875000000000002 1 -0.11875000000000002
v -0.11875000000000002 1.25 -0.11875000000000002
v -0.11875000000000002 1.25 0.11875000000000002
v -0.11875000000000002 1 -0.11875000000000002
v -0.11875000000000002 1 0.11875000000000002
vt 0 0.9375
vt 0.0669642857142857 0.9375
vt 0.0669642857142857 0.8705357142857142
vt 0 0.8705357142857142
vt 0 0.9375
vt 0.06696428571428571 0.9375
vt 0.06696428571428571 0.8705357142857143
vt 0 0.8705357142857143
vt 0 0.9375
vt 0.06696428571428577 0.9375
vt 0.06696428571428577 0.8705357142857143
vt 0 0.8705357142857143
vt 0 0.9375
vt 0.06696428571428571 0.9375
vt 0.06696428571428571 0.8705357142857143
vt 0 0.8705357142857143
vt 0 0.1205357142857143
vt 0.07142857142857142 0.1205357142857143
vt 0.07142857142857142 0.07142857142857151
vt 0 0.07142857142857151
vt 0 1
vt 0.0625 1
vt 0.0625 0.9375
vt 0 0.9375
vn 0 0 -1
vn 1 0 0
vn 0 0 1
vn -1 0 0
vn 0 1 0
vn 0 -1 0
g Trunk
f 28/76/19 31/75/19 29/74/19 26/73/19
f 27/80/20 28/79/20 26/78/20 25/77/20
f 32/84/21 27/83/21 25/82/21 30/81/21
f 31/88/22 32/87/22 30/86/22 29/85/22
f 30/92/23 25/91/23 26/90/23 29/89/23
f 31/96/24 28/95/24 27/94/24 32/93/24
o cube
v 0.140625 1 -0.140625
v 0.140625 1 -0.421875
v 0.140625 0.125 -0.140625
v 0.140625 0.125 -0.421875
v 0.140625 1 -0.421875
v 0.140625 1 -0.140625
v 0.140625 0.125 -0.421875
v 0.140625 0.125 -0.140625
vt 0.14285714285714285 0.3348214285714287
vt 0.20535714285714282 0.3348214285714287
vt 0.20535714285714282 0.1294642857142857
vt 0.14285714285714285 0.1294642857142857
vt 0 0.33928571428571463
vt 0.0625 0.33928571428571463
vt 0.0625 0.13392857142857129
vt 0 0.13392857142857129
vt 0 0.33928571428571463
vt 0.0625 0.33928571428571463
vt 0.0625 0.1339285714285714
vt 0 0.1339285714285714
vt 0.34375 0.33928571428571463
vt 0.40624999999999994 0.33928571428571463
vt 0.40624999999999994 0.13392857142857117
vt 0.34375 0.13392857142857117
vt 0 0.1339285714285714
vt 0.06249999999999999 0.1339285714285714
vt 0.06249999999999999 0.07142857142857151
vt 0 0.07142857142857151
vt 0 1
vt 0.0625 1
vt 0.0625 0.9375
vt 0 0.9375
vn 0 0 -1
vn 1 0 0
vn 0 0 1
vn -1 0 0
vn 0 1 0
vn 0 -1 0
g Fuzz
f 36/100/25 39/99/25 37/98/25 34/97/25
f 35/104/26 36/103/26 34/102/26 33/101/26
f 40/108/27 35/107/27 33/106/27 38/105/27
f 39/112/28 40/111/28 38/110/28 37/109/28
f 38/116/29 33/115/29 34/114/29 37/113/29
f 39/120/30 36/119/30 35/118/30 40/117/30
o cube
v 0.140625 1 0.421875
v 0.140625 1 0.140625
v 0.140625 0.125 0.421875
v 0.140625 0.125 0.140625
v 0.140625 1 0.140625
v 0.140625 1 0.421875
v 0.140625 0.125 0.140625
v 0.140625 0.125 0.421875
vt 0.14285714285714285 0.3348214285714287
vt 0.20535714285714282 0.3348214285714287
vt 0.20535714285714282 0.1294642857142857
vt 0.14285714285714285 0.1294642857142857
vt 0.0625 0.33928571428571463
vt 0 0.33928571428571463
vt 0 0.13392857142857129
vt 0.0625 0.13392857142857129
vt 0 0.33928571428571463
vt 0.0625 0.33928571428571463
vt 0.0625 0.1339285714285714
vt 0 0.1339285714285714
vt 0.34375 0.13392857142857117
vt 0.40624999999999994 0.13392857142857117
vt 0.40624999999999994 0.33928571428571463
vt 0.34375 0.33928571428571463
vt 0 0.1339285714285714
vt 0.06249999999999999 0.1339285714285714
vt 0.06249999999999999 0.07142857142857151
vt 0 0.07142857142857151
vt 0 1
vt 0.0625 1
vt 0.0625 0.9375
vt 0 0.9375
vn 0 0 -1
vn 1 0 0
vn 0 0 1
vn -1 0 0
vn 0 1 0
vn 0 -1 0
g Fuzz
f 44/124/31 47/123/31 45/122/31 42/121/31
f 43/128/32 44/127/32 42/126/32 41/125/32
f 48/132/33 43/131/33 41/130/33 46/129/33
f 47/136/34 48/135/34 46/134/34 45/133/34
f 46/140/35 41/139/35 42/138/35 45/137/35
f 47/144/36 44/143/36 43/142/36 48/141/36
o cube
v -0.140625 1 -0.140625
v -0.140625 1 -0.421875
v -0.140625 0.125 -0.140625
v -0.140625 0.125 -0.421875
v -0.140625 1 -0.421875
v -0.140625 1 -0.140625
v -0.140625 0.125 -0.421875
v -0.140625 0.125 -0.140625
vt 0.14285714285714285 0.3348214285714287
vt 0.20535714285714282 0.3348214285714287
vt 0.20535714285714282 0.1294642857142857
vt 0.14285714285714285 0.1294642857142857
vt 0 0.33928571428571463
vt 0.0625 0.33928571428571463
vt 0.0625 0.13392857142857129
vt 0 0.13392857142857129
vt 0 0.33928571428571463
vt 0.0625 0.33928571428571463
vt 0.0625 0.1339285714285714
vt 0 0.1339285714285714
vt 0.34375 0.33928571428571463
vt 0.40624999999999994 0.33928571428571463
vt 0.40624999999999994 0.13392857142857117
vt 0.34375 0.13392857142857117
vt 0 0.1339285714285714
vt 0.06249999999999999 0.1339285714285714
vt 0.06249999999999999 0.07142857142857151
vt 0 0.07142857142857151
vt 0 1
vt 0.0625 1
vt 0.0625 0.9375
vt 0 0.9375
vn 0 0 -1
vn 1 0 0
vn 0 0 1
vn -1 0 0
vn 0 1 0
vn 0 -1 0
g Fuzz
f 52/148/37 55/147/37 53/146/37 50/145/37
f 51/152/38 52/151/38 50/150/38 49/149/38
f 56/156/39 51/155/39 49/154/39 54/153/39
f 55/160/40 56/159/40 54/158/40 53/157/40
f 54/164/41 49/163/41 50/162/41 53/161/41
f 55/168/42 52/167/42 51/166/42 56/165/42
o cube
v -0.140625 1 0.421875
v -0.140625 1 0.140625
v -0.140625 0.125 0.421875
v -0.140625 0.125 0.140625
v -0.140625 1 0.140625
v -0.140625 1 0.421875
v -0.140625 0.125 0.140625
v -0.140625 0.125 0.421875
vt 0.14285714285714285 0.3348214285714287
vt 0.20535714285714282 0.3348214285714287
vt 0.20535714285714282 0.1294642857142857
vt 0.14285714285714285 0.1294642857142857
vt 0.0625 0.33928571428571463
vt 0 0.33928571428571463
vt 0 0.13392857142857129
vt 0.0625 0.13392857142857129
vt 0 0.33928571428571463
vt 0.0625 0.33928571428571463
vt 0.0625 0.1339285714285714
vt 0 0.1339285714285714
vt 0.34375 0.13392857142857117
vt 0.40624999999999994 0.13392857142857117
vt 0.40624999999999994 0.33928571428571463
vt 0.34375 0.33928571428571463
vt 0 0.1339285714285714
vt 0.06249999999999999 0.1339285714285714
vt 0.06249999999999999 0.07142857142857151
vt 0 0.07142857142857151
vt 0 1
vt 0.0625 1
vt 0.0625 0.9375
vt 0 0.9375
vn 0 0 -1
vn 1 0 0
vn 0 0 1
vn -1 0 0
vn 0 1 0
vn 0 -1 0
g Fuzz
f 60/172/43 63/171/43 61/170/43 58/169/43
f 59/176/44 60/175/44 58/174/44 57/173/44
f 64/180/45 59/179/45 57/178/45 62/177/45
f 63/184/46 64/183/46 62/182/46 61/181/46
f 62/188/47 57/187/47 58/186/47 61/185/47
f 63/192/48 60/191/48 59/190/48 64/189/48
o cube
v -0.42187499999999994 1 0.1406250000000001
v -0.140625 1 0.140625
v -0.42187499999999994 0.125 0.1406250000000001
v -0.140625 0.125 0.140625
v -0.140625 1 0.140625
v -0.42187499999999994 1 0.1406250000000001
v -0.140625 0.125 0.140625
v -0.42187499999999994 0.125 0.1406250000000001
vt 0.14285714285714285 0.3348214285714287
vt 0.20535714285714282 0.3348214285714287
vt 0.20535714285714282 0.1294642857142857
vt 0.14285714285714285 0.1294642857142857
vt 0.0625 0.33928571428571463
vt 0 0.33928571428571463
vt 0 0.13392857142857129
vt 0.0625 0.13392857142857129
vt 0 0.33928571428571463
vt 0.0625 0.33928571428571463
vt 0.0625 0.1339285714285714
vt 0 0.1339285714285714
vt 0.34375 0.13392857142857117
vt 0.40624999999999994 0.13392857142857117
vt 0.40624999999999994 0.33928571428571463
vt 0.34375 0.33928571428571463
vt 0 0.1339285714285714
vt 0.06249999999999999 0.1339285714285714
vt 0.06249999999999999 0.07142857142857151
vt 0 0.07142857142857151
vt 0 1
vt 0.0625 1
vt 0.0625 0.9375
vt 0 0.9375
vn 1 0 0
vn 0 0 1
vn -1 0 0
vn 0 0 -1
vn 0 1 0
vn 0 -1 0
g Fuzz
f 68/196/49 71/195/49 69/194/49 66/193/49
f 67/200/50 68/199/50 66/198/50 65/197/50
f 72/204/51 67/203/51 65/202/51 70/201/51
f 71/208/52 72/207/52 70/206/52 69/205/52
f 70/212/53 65/211/53 66/210/53 69/209/53
f 71/216/54 68/215/54 67/214/54 72/213/54
o cube
v 0.140625 1 0.140625
v 0.421875 1 0.1406249999999999
v 0.140625 0.125 0.140625
v 0.421875 0.125 0.1406249999999999
v 0.421875 1 0.1406249999999999
v 0.140625 1 0.140625
v 0.421875 0.125 0.1406249999999999
v 0.140625 0.125 0.140625
vt 0.14285714285714285 0.3348214285714287
vt 0.20535714285714282 0.3348214285714287
vt 0.20535714285714282 0.1294642857142857
vt 0.14285714285714285 0.1294642857142857
vt 0 0.33928571428571463
vt 0.0625 0.33928571428571463
vt 0.0625 0.13392857142857129
vt 0 0.13392857142857129
vt 0 0.33928571428571463
vt 0.0625 0.33928571428571463
vt 0.0625 0.1339285714285714
vt 0 0.1339285714285714
vt 0.34375 0.33928571428571463
vt 0.40624999999999994 0.33928571428571463
vt 0.40624999999999994 0.13392857142857117
vt 0.34375 0.13392857142857117
vt 0 0.1339285714285714
vt 0.06249999999999999 0.1339285714285714
vt 0.06249999999999999 0.07142857142857151
vt 0 0.07142857142857151
vt 0 1
vt 0.0625 1
vt 0.0625 0.9375
vt 0 0.9375
vn 1 0 0
vn 0 0 1
vn -1 0 0
vn 0 0 -1
vn 0 1 0
vn 0 -1 0
g Fuzz
f 76/220/55 79/219/55 77/218/55 74/217/55
f 75/224/56 76/223/56 74/222/56 73/221/56
f 80/228/57 75/227/57 73/226/57 78/225/57
f 79/232/58 80/231/58 78/230/58 77/229/58
f 78/236/59 73/235/59 74/234/59 77/233/59
f 79/240/60 76/239/60 75/238/60 80/237/60
o cube
v -0.42187499999999994 1 -0.1406249999999999
v -0.140625 1 -0.140625
v -0.42187499999999994 0.125 -0.1406249999999999
v -0.140625 0.125 -0.140625
v -0.140625 1 -0.140625
v -0.42187499999999994 1 -0.1406249999999999
v -0.140625 0.125 -0.140625
v -0.42187499999999994 0.125 -0.1406249999999999
vt 0.14285714285714285 0.3348214285714287
vt 0.20535714285714282 0.3348214285714287
vt 0.20535714285714282 0.1294642857142857
vt 0.14285714285714285 0.1294642857142857
vt 0.0625 0.33928571428571463
vt 0 0.33928571428571463
vt 0 0.13392857142857129
vt 0.0625 0.13392857142857129
vt 0 0.33928571428571463
vt 0.0625 0.33928571428571463
vt 0.0625 0.1339285714285714
vt 0 0.1339285714285714
vt 0.34375 0.13392857142857117
vt 0.40624999999999994 0.13392857142857117
vt 0.40624999999999994 0.33928571428571463
vt 0.34375 0.33928571428571463
vt 0 0.1339285714285714
vt 0.06249999999999999 0.1339285714285714
vt 0.06249999999999999 0.07142857142857151
vt 0 0.07142857142857151
vt 0 1
vt 0.0625 1
vt 0.0625 0.9375
vt 0 0.9375
vn 1 0 0
vn 0 0 1
vn -1 0 0
vn 0 0 -1
vn 0 1 0
vn 0 -1 0
g Fuzz
f 84/244/61 87/243/61 85/242/61 82/241/61
f 83/248/62 84/247/62 82/246/62 81/245/62
f 88/252/63 83/251/63 81/250/63 86/249/63
f 87/256/64 88/255/64 86/254/64 85/253/64
f 86/260/65 81/259/65 82/258/65 85/257/65
f 87/264/66 84/263/66 83/262/66 88/261/66
o cube
v 0.140625 1 -0.14062500000000006
v 0.421875 1 -0.1406250000000001
v 0.140625 0.125 -0.14062500000000006
v 0.421875 0.125 -0.1406250000000001
v 0.421875 1 -0.1406250000000001
v 0.140625 1 -0.14062500000000006
v 0.421875 0.125 -0.1406250000000001
v 0.140625 0.125 -0.14062500000000006
vt 0.14285714285714285 0.3348214285714287
vt 0.20535714285714282 0.3348214285714287
vt 0.20535714285714282 0.1294642857142857
vt 0.14285714285714285 0.1294642857142857
vt 0 0.33928571428571463
vt 0.0625 0.33928571428571463
vt 0.0625 0.13392857142857129
vt 0 0.13392857142857129
vt 0 0.33928571428571463
vt 0.0625 0.33928571428571463
vt 0.0625 0.1339285714285714
vt 0 0.1339285714285714
vt 0.34375 0.33928571428571463
vt 0.40624999999999994 0.33928571428571463
vt 0.40624999999999994 0.13392857142857117
vt 0.34375 0.13392857142857117
vt 0 0.1339285714285714
vt 0.06249999999999999 0.1339285714285714
vt 0.06249999999999999 0.07142857142857151
vt 0 0.07142857142857151
vt 0 1
vt 0.0625 1
vt 0.0625 0.9375
vt 0 0.9375
vn 1 0 0
vn 0 0 1
vn -1 0 0
vn 0 0 -1
vn 0 1 0
vn 0 -1 0
g Fuzz
f 92/268/67 95/267/67 93/266/67 90/265/67
f 91/272/68 92/271/68 90/270/68 89/269/68
f 96/276/69 91/275/69 89/274/69 94/273/69
f 95/280/70 96/279/70 94/278/70 93/277/70
f 94/284/71 89/283/71 90/282/71 93/281/71
f 95/288/72 92/287/72 91/286/72 96/285/72
o cube
v -1.470371454910485 2.7000789585283944 -0.6168219098641168
v -0.9986012647899654 2.649692044752405 -0.28648486643910087
v -1.470371454910485 2.7000789585283944 -0.6168219098641168
v -0.9986012647899654 2.649692044752405 -0.28648486643910087
v -0.6401159920705615 2.6496920447524044 -0.7984548941197208
v -1.111886182191081 2.7000789585283944 -1.1287919375447366
v -0.6401159920705615 2.6496920447524044 -0.7984548941197208
v -1.111886182191081 2.7000789585283944 -1.1287919375447366
vt 0 1
vt 0 1
vt 0 1
vt 0 1
vt 0 1
vt 0 1
vt 0 1
vt 0 1
vt 0 1
vt 0 1
vt 0 1
vt 0 1
vt 0 1
vt 0 1
vt 0 1
vt 0 1
vt 0 1
vt 0 1
vt 0 1
vt 0 1
vt 0 1
vt 0.46875 1
vt 0.46875 0.53125
vt 0 0.53125
vn 0.8160349234517084 -0.08715574274765824 0.5713938048432698
vn -0.5735764363510462 0 0.8191520442889917
vn -0.8160349234517084 0.08715574274765824 -0.5713938048432698
vn 0.5735764363510462 0 -0.8191520442889917
vn 0.07139380484326974 0.9961946980917455 0.04999048033273028
vn -0.07139380484326974 -0.9961946980917455 -0.04999048033273028
g Frond
f 100/292/73 103/291/73 101/290/73 98/289/73
f 99/296/74 100/295/74 98/294/74 97/293/74
f 104/300/75 99/299/75 97/298/75 102/297/75
f 103/304/76 104/303/76 102/302/76 101/301/76
f 102/308/77 97/307/77 98/306/77 101/305/77
f 103/312/78 100/311/78 99/310/78 104/309/78
o cube
v -0.9986163949226278 2.6496965644504678 -0.286495460672045
v -0.6675173540392747 2.482272562790741 -0.05465741635151622
v -0.9986163949226278 2.6496965644504678 -0.286495460672045
v -0.6675173540392747 2.482272562790741 -0.05465741635151622
v -0.3090320813198708 2.482272562790741 -0.566627444032136
v -0.6401311222032239 2.6496965644504678 -0.798465488352665
v -0.3090320813198708 2.482272562790741 -0.566627444032136
v -0.6401311222032239 2.6496965644504678 -0.798465488352665
vt 0 1
vt 0 1
vt 0 1
vt 0 1
vt 0 1
vt 0 1
vt 0 1
vt 0 1
vt 0 1
vt 0 1
vt 0 1
vt 0 1
vt 0 1
vt 0 1
vt 0 1
vt 0 1
vt 0 1
vt 0 1
vt 0 1
vt 0 1
vt 0 0.53125
vt 0.46875 0.53125
vt 0.46875 0.21875
vt 0 0.21875
vn 0.7567978077333786 -0.3826834323650901 0.5299155298754944
vn -0.5735764363510462 0 0.8191520442889917
vn -0.7567978077333786 0.3826834323650901 -0.5299155298754944
vn 0.5735764363510462 0 -0.8191520442889917
vn 0.3134759159373917 0.9238795325112868 0.21949819938655493
vn -0.3134759159373917 -0.9238795325112868 -0.21949819938655493
g Frond
f 108/316/79 111/315/79 109/314/79 106/313/79
f 107/320/80 108/319/80 106/318/80 105/317/80
f 112/324/81 107/323/81 105/322/81 110/321/81
f 111/328/82 112/327/82 110/326/82 109/325/82
f 110/332/83 105/331/83 106/330/83 109/329/83
f 111/336/84 108/335/84 107/334/84 112/333/84
o cube
v -0.6675339635431512 2.4822861110883427 -0.05466904645133647
v -0.4955756613329666 2.2723637854235865 0.06573745301397826
v -0.6675339635431512 2.4822861110883427 -0.05466904645133647
v -0.4955756613329666 2.2723637854235865 0.06573745301397826
v -0.1370903886135627 2.2723637854235865 -0.4462325746666417
v -0.3090486908237473 2.4822861110883427 -0.5666390741319564
v -0.1370903886135627 2.2723637854235865 -0.4462325746666417
v -0.3090486908237473 2.4822861110883427 -0.5666390741319564
vt 0 1
vt 0 1
vt 0 1
vt 0 1
vt 0 1
vt 0 1
vt 0 1
vt 0 1
vt 0 1
vt 0 1
vt 0 1
vt 0 1
vt 0 1
vt 0 1
vt 0 1
vt 0 1
vt 0 1
vt 0 1
vt 0 1
vt 0 1
vt 0 0.21875
vt 0.46875 0.21875
vt 0.46875 0
vt 0 0
vn 0.5792279653395691 -0.7071067811865476 0.40557978767263897
vn -0.5735764363510462 0 0.8191520442889917
vn -0.5792279653395691 0.7071067811865476 -0.40557978767263897
vn 0.5735764363510462 0 -0.8191520442889917
vn 0.5792279653395692 0.7071067811865477 0.40557978767263897
vn -0.5792279653395692 -0.7071067811865477 -0.40557978767263897
g Frond
f 116/340/85 119/339/85 117/338/85 114/337/85
f 115/344/86 116/343/86 114/342/86 113/341/86
f 120/348/87 115/347/87 113/346/87 118/345/87
f 119/352/88 120/351/88 118/350/88 117/349/88
f 118/356/89 113/355/89 114/354/89 117/353/89
f 119/360/90 116/359/90 115/358/90 120/357/90
o cube
v -0.49557565860212927 2.2723637867124546 0.06573745492613114
v -0.2992864040698243 1.5123705915849621 0.20318067061921563
v -0.49557565860212927 2.2723637867124546 0.06573745492613114
v -0.2992864040698243 1.5123705915849621 0.20318067061921563
v 0.06816100046756468 1.5123705915849621 -0.3215886077534198
v -0.12812825406474027 2.2723637867124546 -0.4590318234465043
v 0.06816100046756468 1.5123705915849621 -0.3215886077534198
v -0.12812825406474027 2.2723637867124546 -0.4590318234465043
vt 0 1
vt 0 1
vt 0 1
vt 0 1
vt 0 1
vt 0 1
vt 0 1
vt 0 1
vt 0 1
vt 0 1
vt 0 1
vt 0 1
vt 0 1
vt 0 1
vt 0 1
vt 0 1
vt 0 1
vt 0 1
vt 0 1
vt 0 1
vt 0.25 1
vt 0.71875 1
vt 0.71875 0
vt 0.25 0
vn 0.24632377039348088 -0.953716950748227 0.17247776086975317
vn -0.5735764363510464 0 0.8191520442889918
vn -0.24632377039348088 0.953716950748227 -0.17247776086975317
vn 0.5735764363510464 0 -0.8191520442889918
vn 0.7812391898784737 0.3007057995042731 0.5470295698977543
vn -0.7812391898784737 -0.3007057995042731 -0.5470295698977543
g Stem
f 124/364/91 127/363/91 125/362/91 122/361/91
f 123/368/92 124/367/92 122/366/92 121/365/92
f 128/372/93 123/371/93 121/370/93 126/369/93
f 127/376/94 128/375/94 126/374/94 125/373/94
f 126/380/95 121/379/95 122/378/95 125/377/95
f 127/384/96 124/383/96 123/382/96 128/381/96
o cube
v 1.0386647125727346 3.1106978457056815 -0.5466175524940899
v 0.5126613082093421 2.8894589863696125 -0.4538689603603143
v 1.0386647125727346 3.1106978457056815 -0.5466175524940899
v 0.5126613082093421 2.8894589863696125 -0.4538689603603143
v 0.6211914192511787 2.889458986369613 0.16163588527231476
v 1.1471948236145713 3.110697845705682 0.06888729313853914
v 0.6211914192511787 2.889458986369613 0.16163588527231476
v 1.1471948236145713 3.110697845705682 0.06888729313853914
vt 0 1
vt 0 1
vt 0 1
vt 0 1
vt 0 1
vt 0 1
vt 0 1
vt 0 1
vt 0 1
vt 0 1
vt 0 1
vt 0 1
vt 0 1
vt 0 1
vt 0 1
vt 0 1
vt 0 1
vt 0 1
vt 0 1
vt 0 1
vt 0 1
vt 0.46875 1
vt 0.46875 0.53125
vt 0 0.53125
vn -0.9098437264664073 -0.3826834323650921 0.16042999720436826
vn -0.17364817766693877 0 -0.9848077530122067
vn 0.9098437264664073 0.3826834323650921 -0.16042999720436826
vn 0.17364817766693877 0 0.9848077530122067
vn -0.37686961114246514 0.9238795325112859 0.066452280653527
vn 0.37686961114246514 -0.9238795325112859 -0.066452280653527
g Frond
f 132/388/97 135/387/97 133/386/97 130/385/97
f 131/392/98 132/391/98 130/390/98 129/389/98
f 136/396/99 131/395/99 129/394/99 134/393/99
f 135/400/100 136/399/100 134/398/100 133/397/100
f 134/404/101 129/403/101 130/402/101 133/401/101
f 135/408/102 132/407/102 131/406/102 136/405/102
o cube
v 0.5126773177482538 2.889468851063168 -0.45387178327397326
v 0.1826244710514786 2.608249271825306 -0.395674561341694
v 0.5126773177482538 2.889468851063168 -0.45387178327397326
v 0.1826244710514786 2.608249271825306 -0.395674561341694
v 0.29115458209331546 2.6082492718253065 0.2198302842909351
v 0.6212074287900906 2.8894688510631683 0.16163306235865582
v 0.29115458209331546 2.6082492718253065 0.2198302842909351
v 0.6212074287900906 2.8894688510631683 0.16163306235865582
vt 0 1
vt 0 1
vt 0 1
vt 0 1
vt 0 1
vt 0 1
vt 0 1
vt 0 1
vt 0 1
vt 0 1
vt 0 1
vt 0 1
vt 0 1
vt 0 1
vt 0 1
vt 0 1
vt 0 1
vt 0 1
vt 0 1
vt 0 1
vt 0 0.53125
vt 0.46875 0.53125
vt 0.46875 0.21875
vt 0 0.21875
vn -0.7544065067354861 -0.6427876096865416 0.13302222155949547
vn -0.17364817766693874 0 -0.9848077530122066
vn 0.7544065067354861 0.6427876096865416 -0.13302222155949547
vn 0.17364817766693874 0 0.9848077530122066
vn -0.6330222215594903 0.7660444431189762 0.11161889704895506
vn 0.6330222215594903 -0.7660444431189762 -0.11161889704895506
g Frond
f 140/412/103 143/411/103 141/410/103 138/409/103
f 139/416/104 140/415/104 138/414/104 137/413/104
f 144/420/105 139/419/105 137/418/105 142/417/105
f 143/424/106 144/423/106 142/422/106 141/421/106
f 142/428/107 137/427/107 138/426/107 141/425/107
f 143/432/108 140/431/108 139/430/108 144/429/108
o cube
v 0.18263950310994015 2.608268290315577 -0.39567721189917626
v 0.04764046137754352 2.3449369492157923 -0.3718732384719654
v 0.18263950310994015 2.608268290315577 -0.39567721189917626
v 0.04764046137754352 2.3449369492157923 -0.3718732384719654
v 0.15617057241938026 2.3449369492157923 0.24363160716066368
v 0.2911696141517769 2.608268290315577 0.21982763373345282
v 0.15617057241938026 2.3449369492157923 0.24363160716066368
v 0.2911696141517769 2.608268290315577 0.21982763373345282
vt 0 1
vt 0 1
vt 0 1
vt 0 1
vt 0 1
vt 0 1
vt 0 1
vt 0 1
vt 0 1
vt 0 1
vt 0 1
vt 0 1
vt 0 1
vt 0 1
vt 0 1
vt 0 1
vt 0 1
vt 0 1
vt 0 1
vt 0 1
vt 0 0.21875
vt 0.46875 0.21875
vt 0.46875 0
vt 0 0
vn -0.45473361425649395 -0.8870108331782228 0.0801818052284998
vn -0.17364817766693877 0 -0.9848077530122066
vn 0.45473361425649395 0.8870108331782228 -0.0801818052284998
vn 0.17364817766693877 0 0.9848077530122066
vn -0.8735351455197311 0.46174861323503175 0.1540278147522312
vn 0.8735351455197311 -0.46174861323503175 -0.1540278147522312
g Frond
f 148/436/109 151/435/109 149/434/109 146/433/109
f 147/440/110 148/439/110 146/438/110 145/437/110
f 152/444/111 147/443/111 145/442/111 150/441/111
f 151/448/112 152/447/112 150/446/112 149/445/112
f 150/452/113 145/451/113 146/450/113 149/449/113
f 151/456/114 148/455/114 147/454/114 152/453/114
o cube
v 0.04764045786472282 2.344936949442534 -0.3718732378525604
v 0.04764045786472493 1.548061949442535 -0.3718732378525604
v 0.04764045786472282 2.344936949442534 -0.3718732378525604
v 0.04764045786472493 1.548061949442535 -0.3718732378525604
v 0.1588838216826075 1.5480619494425354 0.25901922892088447
v 0.1588838216826054 2.3449369494425345 0.25901922892088447
v 0.1588838216826075 1.5480619494425354 0.25901922892088447
v 0.1588838216826054 2.3449369494425345 0.25901922892088447
vt 0 1
vt 0 1
vt 0 1
vt 0 1
vt 0 1
vt 0 1
vt 0 1
vt 0 1
vt 0 1
vt 0 1
vt 0 1
vt 0 1
vt 0 1
vt 0 1
vt 0 1
vt 0 1
vt 0 1
vt 0 1
vt 0 1
vt 0 1
vt 0.25 1
vt 0.71875 1
vt 0.71875 0
vt 0.25 0
vn 0 -1 0
vn -0.1736481776669388 0 -0.9848077530122066
vn 0 1 0
vn 0.1736481776669388 0 0.9848077530122066
vn -0.9848077530122066 0 0.17364817766693874
vn 0.9848077530122066 0 -0.17364817766693874
g Stem
f 156/460/115 159/459/115 157/458/115 154/457/115
f 155/464/116 156/463/116 154/462/116 153/461/116
f 160/468/117 155/467/117 153/466/117 158/465/117
f 159/472/118 160/471/118 158/470/118 157/469/118
f 158/476/119 153/475/119 154/474/119 157/473/119
f 159/480/120 156/479/120 155/478/120 160/477/120
o cube
v -1.2784838282348248 3.007269777686806 0.22558244594307153
v -0.7292143363101753 2.8334242373483955 0.27363729970712347
v -1.2784838282348248 3.007269777686806 0.22558244594307153
v -0.7292143363101753 2.8334242373483955 0.27363729970712347
v -0.6747419970928876 2.8334242373483955 -0.34898438660021724
v -1.2240114890175373 3.0072697776868056 -0.3970392403642692
v -0.6747419970928876 2.8334242373483955 -0.34898438660021724
v -1.2240114890175373 3.0072697776868056 -0.3970392403642692
vt 0 1
vt 0 1
vt 0 1
vt 0 1
vt 0 1
vt 0 1
vt 0 1
vt 0 1
vt 0 1
vt 0 1
vt 0 1
vt 0 1
vt 0 1
vt 0 1
vt 0 1
vt 0 1
vt 0 1
vt 0 1
vt 0 1
vt 0 1
vt 0 1
vt 0.46875 1
vt 0.46875 0.53125
vt 0 0.53125
vn 0.9500877698156088 -0.30070579950427656 0.08312190921349531
vn -0.08715574274766004 0 0.9961946980917453
vn -0.9500877698156088 0.30070579950427656 -0.08312190921349531
vn 0.08715574274766004 0 -0.9961946980917453
vn 0.29956152315159973 0.9537169507482259 0.026208237304324016
vn -0.29956152315159973 -0.9537169507482259 -0.026208237304324016
g Frond
f 164/484/121 167/483/121 165/482/121 162/481/121
f 163/488/122 164/487/122 162/486/122 161/485/122
f 168/492/123 163/491/123 161/490/123 166/489/123
f 167/496/124 168/495/124 166/494/124 165/493/124
f 166/500/125 161/499/125 162/498/125 165/497/125
f 167/504/126 164/503/126 163/502/126 168/501/126
o cube
v -0.7292313258285882 2.833432647655449 0.2736358133168635
v -0.3722160468184669 2.5824929567518646 0.3048706029357946
v -0.7292313258285882 2.833432647655449 0.2736358133168635
v -0.3722160468184669 2.5824929567518646 0.3048706029357946
v -0.31774370760117926 2.5824929567518646 -0.31775108337154606
v -0.6747589866113006 2.8334326476554486 -0.3489858729904772
v -0.31774370760117926 2.5824929567518646 -0.31775108337154606
v -0.6747589866113006 2.8334326476554486 -0.3489858729904772
vt 0 1
vt 0 1
vt 0 1
vt 0 1
vt 0 1
vt 0 1
vt 0 1
vt 0 1
vt 0 1
vt 0 1
vt 0 1
vt 0 1
vt 0 1
vt 0 1
vt 0 1
vt 0 1
vt 0 1
vt 0 1
vt 0 1
vt 0 1
vt 0 0.53125
vt 0.46875 0.53125
vt 0.46875 0.21875
vt 0 0.21875
vn 0.816034923451706 -0.5735764363510493 0.07139380484327121
vn -0.08715574274766003 0 0.9961946980917453
vn -0.816034923451706 0.5735764363510493 -0.07139380484327121
vn 0.08715574274766003 0 -0.9961946980917453
vn 0.5713938048432727 0.8191520442889897 0.04999048033273156
vn -0.5713938048432727 -0.8191520442889897 -0.04999048033273156
g Frond
f 172/508/127 175/507/127 173/506/127 170/505/127
f 171/512/128 172/511/128 170/510/128 169/509/128
f 176/516/129 171/515/129 169/514/129 174/513/129
f 175/520/130 176/519/130 174/518/130 173/517/130
f 174/524/131 169/523/131 170/522/131 173/521/131
f 175/528/132 172/527/132 171/526/132 176/525/132
o cube
v -0.3722328460868831 2.5825105725299475 0.3048691331902528
v -0.21332901169132673 2.3321287370542465 0.31877141729066505
v -0.3722328460868831 2.5825105725299475 0.3048691331902528
v -0.21332901169132673 2.3321287370542465 0.31877141729066505
v -0.15885667247403912 2.332128737054246 -0.3038502690166756
v -0.3177605068695955 2.582510572529947 -0.31775255311708794
v -0.15885667247403912 2.332128737054246 -0.3038502690166756
v -0.3177605068695955 2.582510572529947 -0.31775255311708794
vt 0 1
vt 0 1
vt 0 1
vt 0 1
vt 0 1
vt 0 1
vt 0 1
vt 0 1
vt 0 1
vt 0 1
vt 0 1
vt 0 1
vt 0 1
vt 0 1
vt 0 1
vt 0 1
vt 0 1
vt 0 1
vt 0 1
vt 0 1
vt 0 0.21875
vt 0.46875 0.21875
vt 0.46875 0
vt 0 0
vn 0.5352550211218744 -0.8433914458128877 0.04682874644349425
vn -0.08715574274766003 0 0.9961946980917453
vn -0.5352550211218744 0.8433914458128877 -0.04682874644349425
vn 0.08715574274766003 0 -0.9961946980917453
vn 0.8401820867347303 0.5372996083468209 0.0735064078868451
vn -0.8401820867347303 -0.5372996083468209 -0.0735064078868451
g Frond
f 180/532/133 183/531/133 181/530/133 178/529/133
f 179/536/134 180/535/134 178/534/134 177/533/134
f 184/540/135 179/539/135 177/538/135 182/537/135
f 183/544/136 184/543/136 182/542/136 181/541/136
f 182/548/137 177/547/137 178/546/137 181/545/137
f 183/552/138 180/551/138 179/550/138 184/549/138
o cube
v -0.2133290081710973 2.3321287375910114 0.31877141759864525
v -0.1441410623819327 1.5382860875491522 0.32482457850784363
v -0.2133290081710973 2.3321287375910114 0.31877141759864525
v -0.1441410623819327 1.5382860875491522 0.32482457850784363
v -0.08830691468421287 1.5382860875491517 -0.31336264995718066
v -0.15749486047337746 2.332128737591011 -0.319415810866379
v -0.08830691468421287 1.5382860875491517 -0.31336264995718066
v -0.15749486047337746 2.332128737591011 -0.319415810866379
vt 0 1
vt 0 1
vt 0 1
vt 0 1
vt 0 1
vt 0 1
vt 0 1
vt 0 1
vt 0 1
vt 0 1
vt 0 1
vt 0 1
vt 0 1
vt 0 1
vt 0 1
vt 0 1
vt 0 1
vt 0 1
vt 0 1
vt 0 1
vt 0.25 1
vt 0.71875 1
vt 0.71875 0
vt 0.25 0
vn 0.08682408883346164 -0.996194698091746 0.00759612349389603
vn -0.08715574274766003 0 0.9961946980917453
vn -0.08682408883346164 0.996194698091746 -0.00759612349389603
vn 0.08715574274766003 0 -0.9961946980917453
vn 0.9924038765061043 0.08715574274765459 0.08682408883346716
vn -0.9924038765061043 -0.08715574274765459 -0.08682408883346716
g Stem
f 188/556/139 191/555/139 189/554/139 186/553/139
f 187/560/140 188/559/140 186/558/140 185/557/140
f 192/564/141 187/563/141 185/562/141 190/561/141
f 191/568/142 192/567/142 190/566/142 189/565/142
f 190/572/143 185/571/143 186/570/143 189/569/143
f 191/576/144 188/575/144 187/574/144 192/573/144
o cube
v 0.7925566936070974 2.700078956520008 -1.3897215386741433
v 0.4034673491442442 2.6496920427440185 -0.9651050569278512
v 0.7925566936070974 2.700078956520008 -1.3897215386741433
v 0.4034673491442442 2.6496920427440185 -0.9651050569278512
v 0.8642656707951399 2.649692046360243 -0.5428611620475132
v 1.253355015257993 2.7000789601362327 -0.9674776437938055
v 0.8642656707951399 2.649692046360243 -0.5428611620475132
v 1.253355015257993 2.7000789601362327 -0.9674776437938055
vt 0 1
vt 0 1
vt 0 1
vt 0 1
vt 0 1
vt 0 1
vt 0 1
vt 0 1
vt 0 1
vt 0 1
vt 0 1
vt 0 1
vt 0 1
vt 0 1
vt 0 1
vt 0 1
vt 0 1
vt 0 1
vt 0 1
vt 0 1
vt 0 1
vt 0.46875 1
vt 0.46875 0.53125
vt 0 0.53125
vn -0.6730194066384475 -0.0871557427476578 0.7344717522098014
vn -0.737277314641433 0 -0.6755902318085407
vn 0.6730194066384475 0.0871557427476578 -0.7344717522098014
vn 0.737277314641433 0 0.6755902318085407
vn -0.05888157269595954 0.9961946980917457 0.06425794807450955
vn 0.05888157269595954 -0.9961946980917457 -0.06425794807450955
g Frond
f 196/580/145 199/579/145 197/578/145 194/577/145
f 195/584/146 196/583/146 194/582/146 193/581/146
f 200/588/147 195/587/147 193/586/147 198/585/147
f 199/592/148 200/591/148 198/590/148 197/589/148
f 198/596/149 193/595/149 194/594/149 197/593/149
f 199/600/150 196/599/150 195/598/150 200/597/150
o cube
v 0.4034798276210887 2.6496965624420814 -0.9651186747948536
v 0.13040808378984137 2.482272560782355 -0.6671131775482331
v 0.4034798276210887 2.6496965624420814 -0.9651186747948536
v 0.13040808378984137 2.482272560782355 -0.6671131775482331
v 0.5912064054407371 2.4822725643985795 -0.2448692826678951
v 0.8642781492719842 2.649696566058306 -0.5428747799145156
v 0.5912064054407371 2.4822725643985795 -0.2448692826678951
v 0.8642781492719842 2.649696566058306 -0.5428747799145156
vt 0 1
vt 0 1
vt 0 1
vt 0 1
vt 0 1
vt 0 1
vt 0 1
vt 0 1
vt 0 1
vt 0 1
vt 0 1
vt 0 1
vt 0 1
vt 0 1
vt 0 1
vt 0 1
vt 0 1
vt 0 1
vt 0 1
vt 0 1
vt 0 0.53125
vt 0.46875 0.53125
vt 0.46875 0.21875
vt 0 0.21875
vn -0.6241639858999937 -0.3826834323650898 0.6811554222779896
vn -0.737277314641433 0 -0.6755902318085406
vn 0.6241639858999937 0.3826834323650898 -0.6811554222779896
vn 0.737277314641433 0 0.6755902318085406
vn -0.2585371927219566 0.923879532511287 0.28214380976051207
vn 0.2585371927219566 -0.923879532511287 -0.28214380976051207
g Frond
f 204/604/151 207/603/151 205/602/151 202/601/151
f 203/608/152 204/607/152 202/606/152 201/605/152
f 208/612/153 203/611/153 201/610/153 206/609/153
f 207/616/154 208/615/154 206/614/154 205/613/154
f 206/620/155 201/619/155 202/618/155 205/617/155
f 207/624/156 204/623/156 203/622/156 208/621/156
o cube
v 0.13042178236827384 2.482286109079956 -0.6671281269224603
v -0.011399689393868262 2.2723637834151997 -0.512357157552491
v 0.13042178236827384 2.482286109079956 -0.6671281269224603
v -0.011399689393868262 2.2723637834151997 -0.512357157552491
v 0.44939863225702736 2.2723637870314244 -0.09011326267215303
v 0.5912201040191696 2.4822861126961806 -0.24488423204212229
v 0.44939863225702736 2.2723637870314244 -0.09011326267215303
v 0.5912201040191696 2.4822861126961806 -0.24488423204212229
vt 0 1
vt 0 1
vt 0 1
vt 0 1
vt 0 1
vt 0 1
vt 0 1
vt 0 1
vt 0 1
vt 0 1
vt 0 1
vt 0 1
vt 0 1
vt 0 1
vt 0 1
vt 0 1
vt 0 1
vt 0 1
vt 0 1
vt 0 1
vt 0 0.21875
vt 0.46875 0.21875
vt 0.46875 0
vt 0 0
vn -0.4777144311987945 -0.7071067811865474 0.5213337915620017
vn -0.7372773146414329 0 -0.6755902318085407
vn 0.4777144311987945 0.7071067811865474 -0.5213337915620017
vn 0.7372773146414329 0 0.6755902318085407
vn -0.47771443723162665 0.707106781186548 0.5213337860339283
vn 0.47771443723162665 -0.707106781186548 -0.5213337860339283
g Frond
f 212/628/157 215/627/157 213/626/157 210/625/157
f 211/632/158 212/631/158 210/630/158 209/629/158
f 216/636/159 211/635/159 209/634/159 214/633/159
f 215/640/160 216/639/160 214/638/160 213/637/160
f 214/644/161 209/643/161 210/642/161 213/641/161
f 215/648/162 212/647/162 211/646/162 216/645/162
o cube
v -0.011399691646108323 2.2723637847040683 -0.5123571550946024
v -0.17328795309871886 1.5123705895765762 -0.3356871242779551
v -0.011399691646108323 2.2723637847040683 -0.5123571550946024
v -0.17328795309871886 1.5123705895765762 -0.3356871242779551
v 0.2990303265934492 1.5123705932832063 0.09711286797439134
v 0.4609185880460598 2.272363788410699 -0.07955716284225606
v 0.2990303265934492 1.5123705932832063 0.09711286797439134
v 0.4609185880460598 2.272363788410699 -0.07955716284225606
vt 0 1
vt 0 1
vt 0 1
vt 0 1
vt 0 1
vt 0 1
vt 0 1
vt 0 1
vt 0 1
vt 0 1
vt 0 1
vt 0 1
vt 0 1
vt 0 1
vt 0 1
vt 0 1
vt 0 1
vt 0 1
vt 0 1
vt 0 1
vt 0.25 1
vt 0.71875 1
vt 0.71875 0
vt 0.25 0
vn -0.20315389672484468 -0.9537169507482268 0.2217035680836361
vn -0.7372773146414331 0 -0.6755902318085406
vn 0.20315389672484468 0.9537169507482268 -0.2217035680836361
vn 0.7372773146414331 0 0.6755902318085406
vn -0.6443218571184968 0.3007057995042735 0.7031538712002281
vn 0.6443218571184968 -0.3007057995042735 -0.7031538712002281
g Stem
f 220/652/163 223/651/163 221/650/163 218/649/163
f 219/656/164 220/655/164 218/654/164 217/653/164
f 224/660/165 219/659/165 217/658/165 222/657/165
f 223/664/166 224/663/166 222/662/166 221/661/166
f 222/668/167 217/667/167 218/666/167 221/665/167
f 223/672/168 220/671/168 219/670/168 224/669/168
o cube
v 0.8156373441494824 3.0604796390982236 0.9167944103775234
v 0.5860458333247591 2.862749243738071 0.42443382652363715
v 0.8156373441494824 3.0604796390982236 0.9167944103775234
v 0.5860458333247591 2.862749243738071 0.42443382652363715
v 0.019603466426848293 2.862749243738071 0.6885702401115643
v 0.24919497725157147 3.0604796390982236 1.1809308239654508
v 0.019603466426848293 2.862749243738071 0.6885702401115643
v 0.24919497725157147 3.0604796390982236 1.1809308239654508
vt 0 1
vt 0 1
vt 0 1
vt 0 1
vt 0 1
vt 0 1
vt 0 1
vt 0 1
vt 0 1
vt 0 1
vt 0 1
vt 0 1
vt 0 1
vt 0 1
vt 0 1
vt 0 1
vt 0 1
vt 0 1
vt 0 1
vt 0 1
vt 0 1
vt 0.46875 1
vt 0.46875 0.53125
vt 0 0.53125
vn -0.397131261967088 -0.34202014332566877 -0.8516507396391534
vn 0.9063077870366573 0 -0.4226182617406837
vn 0.397131261967088 0.34202014332566877 0.8516507396391534
vn -0.9063077870366573 0 0.4226182617406837
vn -0.1445439584525937 0.9396926207859084 -0.30997551921944716
vn 0.1445439584525937 -0.9396926207859084 0.30997551921944716
g Frond
f 228/676/169 231/675/169 229/674/169 226/673/169
f 227/680/170 228/679/170 226/678/170 225/677/170
f 232/684/171 227/683/171 225/682/171 230/681/171
f 231/688/172 232/687/172 230/686/172 229/685/172
f 230/692/173 225/691/173 226/690/173 229/689/173
f 231/696/174 228/695/174 227/694/174 232/693/174
o cube
v 0.5860528789337496 2.862758389943536 0.4244489358808763
v 0.4393654247249791 2.5964252647522206 0.10987667517822475
v 0.5860528789337496 2.862758389943536 0.4244489358808763
v 0.4393654247249791 2.5964252647522206 0.10987667517822475
v -0.12707694217293175 2.5964252647522206 0.374013088766152
v 0.019610512035838745 2.862758389943536 0.6885853494688037
v -0.12707694217293175 2.5964252647522206 0.374013088766152
v 0.019610512035838745 2.862758389943536 0.6885853494688037
vt 0 1
vt 0 1
vt 0 1
vt 0 1
vt 0 1
vt 0 1
vt 0 1
vt 0 1
vt 0 1
vt 0 1
vt 0 1
vt 0 1
vt 0 1
vt 0 1
vt 0 1
vt 0 1
vt 0 1
vt 0 1
vt 0 1
vt 0 1
vt 0 0.53125
vt 0.46875 0.53125
vt 0.46875 0.21875
vt 0 0.21875
vn -0.33528560962004683 -0.608761429008721 -0.7190223101774894
vn 0.9063077870366574 0 -0.4226182617406838
vn 0.33528560962004683 0.608761429008721 0.7190223101774894
vn -0.9063077870366574 0 0.4226182617406838
vn -0.2572736969424403 0.7933533402912349 -0.551725223558167
vn 0.2572736969424403 -0.7933533402912349 0.551725223558167
g Frond
f 236/700/175 239/699/175 237/698/175 234/697/175
f 235/704/176 236/703/176 234/702/176 233/701/176
f 240/708/177 235/707/177 233/706/177 238/705/177
f 239/712/178 240/711/178 238/710/178 237/709/178
f 238/716/179 233/715/179 234/714/179 237/713/179
f 239/720/180 236/719/180 235/718/180 240/717/180
o cube
v 0.43937222000366616 2.59644359933686 0.10989124770039593
v 0.37663982177653343 2.3393423075883546 -0.02463881443785798
v 0.43937222000366616 2.59644359933686 0.10989124770039593
v 0.37663982177653343 2.3393423075883546 -0.02463881443785798
v -0.1898025451213774 2.3393423075883546 0.2394975991500694
v -0.12707014689424467 2.5964435993368595 0.3740276612883232
v -0.1898025451213774 2.3393423075883546 0.2394975991500694
v -0.12707014689424467 2.5964435993368595 0.3740276612883232
vt 0 1
vt 0 1
vt 0 1
vt 0 1
vt 0 1
vt 0 1
vt 0 1
vt 0 1
vt 0 1
vt 0 1
vt 0 1
vt 0 1
vt 0 1
vt 0 1
vt 0 1
vt 0 1
vt 0 1
vt 0 1
vt 0 1
vt 0 1
vt 0 0.21875
vt 0.46875 0.21875
vt 0.46875 0
vt 0 0
vn -0.21130913087034173 -0.8660254037844387 -0.4531538935183287
vn 0.9063077870366574 0 -0.42261826174068373
vn 0.21130913087034173 0.8660254037844387 0.4531538935183287
vn -0.9063077870366574 0 0.42261826174068373
vn -0.3659981507706532 0.5000000000000001 -0.7848855672214022
vn 0.3659981507706532 -0.5000000000000001 0.7848855672214022
g Frond
f 244/724/181 247/723/181 245/722/181 242/721/181
f 243/728/182 244/727/182 242/726/182 241/725/182
f 248/732/183 243/731/183 241/730/183 246/729/183
f 247/736/184 248/735/184 246/734/184 245/733/184
f 246/740/185 241/739/185 242/738/185 245/737/185
f 247/744/186 244/743/186 243/742/186 248/741/186
o cube
v 0.3766398202746638 2.3393423079704716 -0.024638817658627687
v 0.36194994788414636 1.5432257563974296 -0.05614135066149628
v 0.3766398202746638 2.3393423079704716 -0.024638817658627687
v 0.36194994788414636 1.5432257563974296 -0.05614135066149628
