# Made in Blockbench 4.0.5

o cube
v 0.24976205539546445 0.010904846841334 0.5625
v 0.24976205539546445 0.010904846841334 -0.1875
v 0.24976205539546445 0.010904846841334 0.5625
v 0.24976205539546445 0.010904846841334 -0.1875
v -0.561964624639795 -0.0245359053930015 -0.1875
v -0.561964624639795 -0.0245359053930015 0.5625
v -0.561964624639795 -0.0245359053930015 -0.1875
v -0.561964624639795 -0.0245359053930015 0.5625
vt 0 1
vt 0.28125 1
vt 0.28125 1
vt 0 1
vt 0 1
vt 0.28125 1
vt 0.28125 1
vt 0 1
vt 0 1
vt 0.28125 1
vt 0.28125 1
vt 0 1
vt 0 1
vt 0.28125 1
vt 0.28125 1
vt 0 1
vt 0 1
vt 1 1
vt 1 0
vt 0 0
vt 0 1
vt 0.1875 1
vt 0.1875 0.84375
vt 0 0.84375
vn 0 0 -1
vn 0.9990482215818578 0.043619387365336 0
vn 0 0 1
vn -0.9990482215818578 -0.043619387365336 0
vn -0.043619387365336 0.9990482215818578 0
vn 0.043619387365336 -0.9990482215818578 0
g Leaf
f 4/4/1 7/3/1 5/2/1 2/1/1
f 3/8/2 4/7/2 2/6/2 1/5/2
f 8/12/3 3/11/3 1/10/3 6/9/3
f 7/16/4 8/15/4 6/14/4 5/13/4
f 6/20/5 1/19/5 2/18/5 5/17/5
f 7/24/6 4/23/6 3/22/6 8/21/6
o cube
v 0.6536729327473949 0.044179862303200534 -0.4157049651018013
v 0.11292222056267401 0.020570176330766195 -0.7282049651018014
v 0.6536729327473949 0.044179862303200534 -0.4157049651018013
v 0.11292222056267401 0.020570176330766195 -0.7282049651018014
v -0.2305006056060898 0.005576011923931935 -0.13281250000000006
v 0.31025010657863117 0.02918569789636627 0.17968750000000008
v -0.2305006056060898 0.005576011923931935 -0.13281250000000006
v 0.31025010657863117 0.02918569789636627 0.17968750000000008
vt 0 1
vt 0.28125 1
vt 0.28125 1
vt 0 1
vt 0 1
vt 0.28125 1
vt 0.28125 1
vt 0 1
vt 0 1
vt 0.28125 1
vt 0.28125 1
vt 0 1
vt 0 1
vt 0.28125 1
vt 0.28125 1
vt 0 1
vt 0 1
vt 1 1
vt 1 0
vt 0 0
vt 0 1
vt 0.1875 1
vt 0.1875 0.84375
vt 0 0.84375
vn -0.8652011394955536 -0.037775497555894946 -0.5000000000000003
vn 0.4995241107909291 0.021809693682668017 -0.8660254037844386
vn 0.8652011394955536 0.037775497555894946 0.5000000000000003
vn -0.4995241107909291 -0.021809693682668017 0.8660254037844386
vn -0.04361938736533599 0.9990482215818578 0
vn 0.04361938736533599 -0.9990482215818578 0
g Leaf
f 12/28/7 15/27/7 13/26/7 10/25/7
f 11/32/8 12/31/8 10/30/8 9/29/8
f 16/36/9 11/35/9 9/34/9 14/33/9
f 15/40/10 16/39/10 14/38/10 13/37/10
f 14/44/11 9/43/11 10/42/11 13/41/11
f 15/48/12 12/47/12 11/46/12 16/45/12
o cube
v 0.13790505007416048 0.2093395786918828 -0.34819702641916445
v -0.45692073332903255 0.18336892412220504 -0.6919470264191646
v 0.13790505007416048 0.2093395786918828 -0.34819702641916445
v -0.45692073332903255 0.18336892412220504 -0.6919470264191646
v -0.8315638164222294 0.16701165386020403 -0.04242797358083572
v -0.2367380330190364 0.1929823084298818 0.30132202641916445
v -0.8315638164222294 0.16701165386020403 -0.04242797358083572
v -0.2367380330190364 0.1929823084298818 0.30132202641916445
vt 0 1
vt 0.28125 1
vt 0.28125 1
vt 0 1
vt 0 1
vt 0.28125 1
vt 0.28125 1
vt 0 1
vt 0 1
vt 0.28125 1
vt 0.28125 1
vt 0 1
vt 0 1
vt 0.28125 1
vt 0.28125 1
vt 0 1
vt 0 1
vt 1 1
vt 1 0
vt 0 0
vt 0 1
vt 0.1875 1
vt 0.1875 0.84375
vt 0 0.84375
vn -0.8652011394955536 -0.037775497555894946 -0.5000000000000003
vn 0.4995241107909291 0.021809693682668017 -0.8660254037844386
vn 0.8652011394955536 0.037775497555894946 0.5000000000000003
vn -0.4995241107909291 -0.021809693682668017 0.8660254037844386
vn -0.04361938736533599 0.9990482215818578 0
vn 0.04361938736533599 -0.9990482215818578 0
g Leaf
f 20/52/13 23/51/13 21/50/13 18/49/13
f 19/56/14 20/55/14 18/54/14 17/53/14
f 24/60/15 19/59/15 17/58/15 22/57/15
f 23/64/16 24/63/16 22/62/16 21/61/16
f 22/68/17 17/67/17 18/66/17 21/65/17
f 23/72/18 20/71/18 19/70/18 24/69/18
o cube
v 0.7007356198756403 0.15571386353876615 0.11943114905389055
v 0.15998490769091936 0.1321041775663318 -0.19306885094610962
v 0.7007356198756403 0.15571386353876615 0.11943114905389055
v 0.15998490769091936 0.1321041775663318 -0.19306885094610962
v -0.18343791847784444 0.11711001315949755 0.40232361415569184
v 0.3573127937068765 0.14071969913193189 0.7148236141556921
v -0.18343791847784444 0.11711001315949755 0.40232361415569184
v 0.3573127937068765 0.14071969913193189 0.7148236141556921
vt 0 1
vt 0.28125 1
vt 0.28125 1
vt 0 1
vt 0 1
vt 0.28125 1
vt 0.28125 1
vt 0 1
vt 0 1
vt 0.28125 1
vt 0.28125 1
vt 0 1
vt 0 1
vt 0.28125 1
vt 0.28125 1
vt 0 1
vt 0 1
vt 1 1
vt 1 0
vt 0 0
vt 0 1
vt 0.1875 1
vt 0.1875 0.84375
vt 0 0.84375
vn -0.8652011394955536 -0.037775497555894946 -0.5000000000000003
vn 0.4995241107909291 0.021809693682668017 -0.8660254037844386
vn 0.8652011394955536 0.037775497555894946 0.5000000000000003
vn -0.4995241107909291 -0.021809693682668017 0.8660254037844386
vn -0.04361938736533599 0.9990482215818578 0
vn 0.04361938736533599 -0.9990482215818578 0
g Leaf
f 28/76/19 31/75/19 29/74/19 26/73/19
f 27/80/20 28/79/20 26/78/20 25/77/20
f 32/84/21 27/83/21 25/82/21 30/81/21
f 31/88/22 32/87/22 30/86/22 29/85/22
f 30/92/23 25/91/23 26/90/23 29/89/23
f 31/96/24 28/95/24 27/94/24 32/93/24
o cube
v 0.3720911362474926 -0.015552536755712193 -0.23949649483715912
v 0.3720911362474926 -0.015552536755712193 -0.23949649483715912
v 0.20793559768531847 -0.9076521638711296 -0.002605244555735936
v 0.20793559768531847 -0.9076521638711296 -0.002605244555735936
v 0.0029088637525073735 0.04680253675571219 -0.2605035051628409
v 0.0029088637525073735 0.04680253675571219 -0.2605035051628409
v -0.1612466748096668 -0.8452970903597051 -0.023612254881417688
v -0.1612466748096668 -0.8452970903597051 -0.023612254881417688
vt 0 1
vt 0.1875 1
vt 0.1875 0.71875
vt 0 0.71875
vt 0 1
vt 0 1
vt 0 0.71875
vt 0 0.71875
vt 0.6875 1
vt 0.28125 1
vt 0.28125 0
vt 0.6875 0
vt 0 1
vt 0 1
vt 0 0.71875
vt 0 0.71875
vt 0 1
vt 0.1875 1
vt 0.1875 1
vt 0 1
vt 0 1
vt 0.1875 1
vt 0.1875 1
vt 0 1
vn 0.011289528185853243 -0.25857270672118776 -0.9659258262890684
vn 0.9844860599866275 -0.16628019603046504 0.05601869420181799
vn -0.011289528185853243 0.25857270672118776 0.9659258262890684
vn -0.9844860599866275 0.16628019603046504 -0.05601869420181799
vn 0.1750992411329858 0.9515729355897784 -0.2526840003001848
vn -0.1750992411329858 -0.9515729355897784 0.2526840003001848
g Stem
f 36/100/25 39/99/25 37/98/25 34/97/25
f 35/104/26 36/103/26 34/102/26 33/101/26
f 40/108/27 35/107/27 33/106/27 38/105/27
f 39/112/28 40/111/28 38/110/28 37/109/28
f 38/116/29 33/115/29 34/114/29 37/113/29
f 39/120/30 36/119/30 35/118/30 40/117/30
o cube
v -0.00441083413375859 0.03981138308225683 0.19454706460036603
v -0.00441083413375859 0.03981138308225683 0.19454706460036603
v 0.18408556766593015 -0.8073583627604225 0.08320287643852096
v 0.18408556766593015 -0.8073583627604225 0.08320287643852096
v -0.3705891658662414 -0.03981138308225683 0.18045293539963397
v -0.3705891658662414 -0.03981138308225683 0.18045293539963397
v -0.18209276406655267 -0.8869811289249362 0.06910874723778891
v -0.18209276406655267 -0.8869811289249362 0.06910874723778891
vt 0 1
vt 0.1875 1
vt 0.1875 0.71875
vt 0 0.71875
vt 0 1
vt 0 1
vt 0 0.71875
vt 0 0.71875
vt 0.28125 1
vt 0.6875 1
vt 0.6875 0
vt 0.28125 0
vt 0 1
vt 0 1
vt 0 0.71875
vt 0 0.71875
vt 0 1
vt 0.1875 1
vt 0.1875 1
vt 0 1
vt 0 1
vt 0.1875 1
vt 0.1875 1
vt 0 1
vn 0.009370171718308158 0.13235358997348576 -0.9911582755055319
vn 0.9764755512866209 0.2123273764387031 0.037584344535285474
vn -0.009370171718308158 -0.13235358997348576 0.9911582755055319
vn -0.9764755512866209 -0.2123273764387031 -0.037584344535285474
vn -0.21542445919964426 0.9681939952487765 0.12725050075639435
vn 0.21542445919964426 -0.9681939952487765 -0.12725050075639435
g Stem
f 44/124/31 47/123/31 45/122/31 42/121/31
f 43/128/32 44/127/32 42/126/32 41/125/32
f 48/132/33 43/131/33 41/130/33 46/129/33
f 47/136/34 48/135/34 46/134/34 45/133/34
f 46/140/35 41/139/35 42/138/35 45/137/35
f 47/144/36 44/143/36 43/142/36 48/141/36
o cube
v -0.1278121712403975 0.2348509072417339 -0.2094592495808616
v -0.1278121712403975 0.2348509072417339 -0.2094592495808616
v -0.031332573140456677 -0.3172480318126054 -0.16166072820679828
v -0.031332573140456677 -0.3172480318126054 -0.16166072820679828
v -0.4971878287596025 0.1713990927582661 -0.1967907504191384
v -0.4971878287596025 0.1713990927582661 -0.1967907504191384
v -0.40070823065966166 -0.38069984629607334 -0.14899222904507506
v -0.40070823065966166 -0.38069984629607334 -0.14899222904507506
vt 0 1
vt 0.1875 1
vt 0.1875 0.71875
vt 0 0.71875
vt 0 1
vt 0 1
vt 0 0.71875
vt 0 0.71875
vt 0.28125 1
vt 0.65625 1
vt 0.65625 0.34375
vt 0.28125 0.34375
vt 0 1
vt 0 1
vt 0 0.71875
vt 0 0.71875
vt 0 1
vt 0.1875 1
vt 0.1875 1
vt 0 1
vt 0 1
vt 0.1875 1
vt 0.1875 1
vt 0 1
vn -0.018779790391879277 -0.08949504933282564 -0.9958102005993673
vn 0.9850017533845465 0.16920483862258087 -0.033782664431261905
vn 0.018779790391879277 0.08949504933282564 0.9958102005993673
vn -0.9850017533845465 -0.16920483862258087 0.033782664431261905
vn -0.17151928551100595 0.9815092249854922 -0.08497514910944592
vn 0.17151928551100595 -0.9815092249854922 0.08497514910944592
g Stem
f 52/148/37 55/147/37 53/146/37 50/145/37
f 51/152/38 52/151/38 50/150/38 49/149/38
f 56/156/39 51/155/39 49/154/39 54/153/39
f 55/160/40 56/159/40 54/158/40 53/157/40
f 54/164/41 49/163/41 50/162/41 53/161/41
f 55/168/42 52/167/42 51/166/42 56/165/42
o cube
v 0.4467360924292003 0.07647142904327738 0.28125
v 0.4467360924292003 0.07647142904327738 0.28125
v 0.30115037955903246 -0.46686184824432353 0.28125
v 0.30115037955903246 -0.46686184824432353 0.28125
v 0.08451390757079968 0.17352857095672264 0.28125
v 0.08451390757079968 0.17352857095672264 0.28125
v -0.061071805299368176 -0.3698047063308783 0.28125
v -0.061071805299368176 -0.3698047063308783 0.28125
vt 0 1
vt 0.1875 1
vt 0.1875 0.71875
vt 0 0.71875
vt 0 1
vt 0 1
vt 0 0.71875
vt 0 0.71875
vt 0.65625 1
vt 0.28125 1
vt 0.28125 0.34375
vt 0.65625 0.34375
vt 0 1
vt 0 1
vt 0 0.71875
vt 0 0.71875
vt 0 1
vt 0.1875 1
vt 0.1875 1
vt 0 1
vt 0 1
vt 0.1875 1
vt 0.1875 1
vt 0 1
vn 0 0 -1
vn 0.9659258262890683 -0.2588190451025207 0
vn 0 0 1
vn -0.9659258262890683 0.2588190451025207 0
vn 0.2588190451025207 0.9659258262890683 0
vn -0.2588190451025207 -0.9659258262890683 0
g Stem
f 60/172/43 63/171/43 61/170/43 58/169/43
f 59/176/44 60/175/44 58/174/44 57/173/44
f 64/180/45 59/179/45 57/178/45 62/177/45
f 63/184/46 64/183/46 62/182/46 61/181/46
f 62/188/47 57/187/47 58/186/47 61/185/47
f 63/192/48 60/191/48 59/190/48 64/189/48
o cube
v -0.06644557730307879 -0.28040197639924624 -0.16520359477840335
v -0.06644557730307879 -0.28040197639924624 -0.16520359477840335
v 0.12370959689955885 -0.7908351295224221 -0.024828184122914543
v 0.12370959689955885 -0.7908351295224221 -0.024828184122914543
v -0.4190405843405788 -0.40680379835101255 -0.147194141163723
v -0.4190405843405788 -0.40680379835101255 -0.147194141163723
v -0.22888541013794114 -0.9172369514741883 -0.0068187305082342
v -0.22888541013794114 -0.9172369514741883 -0.0068187305082342
vt 0 1
vt 0.1875 1
vt 0.1875 0.71875
vt 0 0.71875
vt 0 1
vt 0 1
vt 0 0.71875
vt 0 0.71875
vt 0.625 0
vt 0.28125 0
vt 0.28125 0.46875
vt 0.625 0.46875
vt 0 1
vt 0 1
vt 0 0.71875
vt 0 0.71875
vt 0 1
vt 0.1875 1
vt 0.1875 1
vt 0 1
vt 0 1
vt 0.1875 1
vt 0.1875 1
vt 0 1
vn 0.04053847926288258 -0.2508812311578448 -0.9671686717174917
vn 0.9402533520999999 0.3370715252047101 -0.04802520963914762
vn -0.04053847926288258 0.2508812311578448 0.9671686717174917
vn -0.9402533520999999 -0.3370715252047101 0.04802520963914762
vn -0.33805364302691143 0.9074367166634237 -0.24955628560975784
vn 0.33805364302691143 -0.9074367166634237 0.24955628560975784
g Stem
f 68/196/49 71/195/49 69/194/49 66/193/49
f 67/200/50 68/199/50 66/198/50 65/197/50
f 72/204/51 67/203/51 65/202/51 70/201/51
f 71/208/52 72/207/52 70/206/52 69/205/52
f 70/212/53 65/211/53 66/210/53 69/209/53
f 71/216/54 68/215/54 67/214/54 72/213/54
o cube
v 0.27556704129525067 -0.4638106347518931 0.2937694857227881
v 0.27556704129525067 -0.4638106347518931 0.2937694857227881
v 0.1626415376283321 -0.9187602215728202 0.07897226810104963
v 0.1626415376283321 -0.9187602215728202 0.07897226810104963
v -0.08537811988095273 -0.36430035316922826 0.27276247539710613
v -0.08537811988095273 -0.36430035316922826 0.27276247539710613
v -0.1983036235478713 -0.8192499399901554 0.05796525777536768
v -0.1983036235478713 -0.8192499399901554 0.05796525777536768
vt 0 1
vt 0.1875 1
vt 0.1875 0.71875
vt 0 0.71875
vt 0 1
vt 0 1
vt 0 0.71875
vt 0 0.71875
vt 0.6875 0.65625
vt 0.3125 0.65625
vt 0.3125 0
vt 0.6875 0
vt 0 1
vt 0 1
vt 0 0.71875
vt 0 0.71875
vt 0 1
vt 0.1875 1
vt 0.1875 1
vt 0 1
vt 0 1
vt 0.1875 1
vt 0.1875 1
vt 0 1
vn 0.1599698089462903 0.38869482854459286 -0.9073731263864812
vn 0.9625204298032091 -0.2653607508871063 0.05601869420181853
vn -0.1599698089462903 -0.38869482854459286 0.9073731263864812
vn -0.9625204298032091 0.2653607508871063 -0.05601869420181853
vn 0.21900703741462996 0.8823264714102829 0.41657642205428075
vn -0.21900703741462996 -0.8823264714102829 -0.41657642205428075
g Stem
f 76/220/55 79/219/55 77/218/55 74/217/55
f 75/224/56 76/223/56 74/222/56 73/221/56
f 80/228/57 75/227/57 73/226/57 78/225/57
f 79/232/58 80/231/58 78/230/58 77/229/58
f 78/236/59 73/235/59 74/234/59 77/233/59
f 79/240/60 76/239/60 75/238/60 80/237/60
o cube
v 0.0014942835995689456 -0.7506492720415601 0.484375
v 0.0014942835995689456 -0.7506492720415601 -0.453125
v 0.015125342151236443 -1.0628518412858907 0.484375
v 0.015125342151236443 -1.0628518412858907 -0.453125
v 0.0014942835995689456 -0.7506492720415601 -0.453125
v 0.0014942835995689456 -0.7506492720415601 0.484375
v 0.015125342151236443 -1.0628518412858907 -0.453125
v 0.015125342151236443 -1.0628518412858907 0.484375
vt 0.15625 0.5
vt 0.15625 0.5
vt 0.15625 0.40625
vt 0.15625 0.40625
vt 0.25 0.3125
vt 0.53125 0.3125
vt 0.53125 0.21875
vt 0.25 0.21875
vt 0 1
vt 0 1
vt 0 0.90625
vt 0 0.90625
vt 0 1
vt 1 1
vt 1 0.65625
vt 0 0.65625
vt 0 1
vt 0 1
vt 0 0.78125
vt 0 0.78125
vt 0 1
vt 0 1
vt 0 0.71875
vt 0 0.71875
vn 0 0 -1
vn 0.9990482215818578 0.043619387365336 0
vn 0 0 1
vn -0.9990482215818578 -0.043619387365336 0
vn -0.043619387365336 0.9990482215818578 0
vn 0.043619387365336 -0.9990482215818578 0
g Root
f 84/244/61 87/243/61 85/242/61 82/241/61
f 83/248/62 84/247/62 82/246/62 81/245/62
f 88/252/63 83/251/63 81/250/63 86/249/63
f 87/256/64 88/255/64 86/254/64 85/253/64
f 86/260/65 81/259/65 82/258/65 85/257/65
f 87/264/66 84/263/66 83/262/66 88/261/66
o cube
v 0.09363102769773221 -0.869547576579333 0.484375
v 0.09363102769773221 -0.869547576579333 -0.453125
v -0.2185715415465983 -0.8831786351310006 0.484375
v -0.2185715415465983 -0.8831786351310006 -0.453125
v 0.09363102769773221 -0.869547576579333 -0.453125
v 0.09363102769773221 -0.869547576579333 0.484375
v -0.2185715415465983 -0.8831786351310006 -0.453125
v -0.2185715415465983 -0.8831786351310006 0.484375
vt 0.15625 0.5
vt 0.15625 0.5
vt 0.15625 0.40625
vt 0.15625 0.40625
vt 0.25 0.3125
vt 0.53125 0.3125
vt 0.53125 0.21875
vt 0.25 0.21875
vt 0 1
vt 0 1
vt 0 0.90625
vt 0 0.90625
vt 0 1
vt 1 1
vt 1 0.65625
vt 0 0.65625
vt 0 1
vt 0 1
vt 0 0.78125
vt 0 0.78125
vt 0 1
vt 0 1
vt 0 0.71875
vt 0 0.71875
vn 0 0 -1
vn 0.043619387365336215 -0.9990482215818577 0
vn 0 0 1
vn -0.043619387365336215 0.9990482215818577 0
vn 0.9990482215818577 0.043619387365336215 0
vn -0.9990482215818577 -0.043619387365336215 0
g Root
f 92/268/67 95/267/67 93/266/67 90/265/67
f 91/272/68 92/271/68 90/270/68 89/269/68
f 96/276/69 91/275/69 89/274/69 94/273/69
f 95/280/70 96/279/70 94/278/70 93/277/70
f 94/284/71 89/283/71 90/282/71 93/281/71
f 95/288/72 92/287/72 91/286/72 96/285/72
o cube
v -0.2969344861511339 0.2058512117103335 -0.28125
v -0.29775427382310765 0.2246274363487144 -0.3408573094217642
v -0.2969344861511339 0.2058512117103335 -0.28125
v -0.29775427382310765 0.2246274363487144 -0.3408573094217642
v -0.36019478767197377 0.2219012246383809 -0.3408573094217642
v -0.359375 0.203125 -0.28125
v -0.36019478767197377 0.2219012246383809 -0.3408573094217642
v -0.359375 0.203125 -0.28125
vt 0 1
vt 0.125 1
vt 0.125 1
vt 0 1
vt 0 1
vt 0.03125 1
vt 0.03125 1
vt 0 1
vt 0 1
vt 0.125 1
vt 0.125 1
vt 0 1
vt 0 1
vt 0.03125 1
vt 0.03125 1
vt 0 1
vt 0.40625 0.3125
vt 0.5625 0.3125
vt 0.5625 0.15625
vt 0.40625 0.15625
vt 0 1
vt 0.125 1
vt 0.125 0.96875
vt 0 0.96875
vn -0.013116602751579947 0.3004195942140947 -0.9537169507482269
vn 0.9990482215818579 0.04361938736533601 0
vn 0.013116602751579947 -0.3004195942140947 0.9537169507482269
vn -0.9990482215818579 -0.04361938736533601 0
vn -0.04160054911157398 0.9528092235374884 0.300705799504273
vn 0.04160054911157398 -0.9528092235374884 -0.300705799504273
g Petal
f 100/292/73 103/291/73 101/290/73 98/289/73
f 99/296/74 100/295/74 98/294/74 97/293/74
f 104/300/75 99/299/75 97/298/75 102/297/75
f 103/304/76 104/303/76 102/302/76 101/301/76
f 102/308/77 97/307/77 98/306/77 101/305/77
f 103/312/78 100/311/78 99/310/78 104/309/78
o cube
v -0.2969344861511339 0.22464456112459308 -0.3408546914994897
v -0.2985940986876968 0.26265593756326766 -0.3904392752676919
v -0.2969344861511339 0.22464456112459308 -0.3408546914994897
v -0.2985940986876968 0.26265593756326766 -0.3904392752676919
v -0.36103461253656294 0.2599297258529341 -0.3904392752676919
v -0.359375 0.22191834941425959 -0.3408546914994897
v -0.36103461253656294 0.2599297258529341 -0.3904392752676919
v -0.359375 0.22191834941425959 -0.3408546914994897
vt 0 1
vt 0.125 1
vt 0.125 1
vt 0 1
vt 0 1
vt 0.03125 1
vt 0.03125 1
vt 0 1
vt 0 1
vt 0.125 1
vt 0.125 1
vt 0 1
vt 0 1
vt 0.03125 1
vt 0.03125 1
vt 0 1
vt 0.40625 0.46875
vt 0.5625 0.46875
vt 0.5625 0.3125
vt 0.40625 0.3125
vt 0 1
vt 0.125 1
vt 0.125 0.96875
vt 0 0.96875
vn -0.026553800585006886 0.6081820230187929 -0.7933533402912352
vn 0.9990482215818579 0.04361938736533601 0
vn 0.026553800585006886 -0.6081820230187929 0.7933533402912352
vn -0.9990482215818579 -0.04361938736533601 0
vn -0.03460558666774662 0.7925982437039849 0.6087614290087208
vn 0.03460558666774662 -0.7925982437039849 -0.6087614290087208
g Petal
f 108/316/79 111/315/79 109/314/79 106/313/79
f 107/320/80 108/319/80 106/318/80 105/317/80
f 112/324/81 107/323/81 105/322/81 110/321/81
f 111/328/82 112/327/82 110/326/82 109/325/82
f 110/332/83 105/331/83 106/330/83 109/329/83
f 111/336/84 108/335/84 107/334/84 112/333/84
o cube
v -0.2969344861511339 0.2058512117103335 -0.21875
v -0.2969344861511339 0.2058512117103335 -0.28125
v -0.2969344861511339 0.2058512117103335 -0.21875
v -0.2969344861511339 0.2058512117103335 -0.28125
v -0.359375 0.203125 -0.28125
v -0.359375 0.203125 -0.21875
v -0.359375 0.203125 -0.28125
v -0.359375 0.203125 -0.21875
vt 0 1
vt 0.125 1
vt 0.125 1
vt 0 1
vt 0 1
vt 0.03125 1
vt 0.03125 1
vt 0 1
vt 0 1
vt 0.125 1
vt 0.125 1
vt 0 1
vt 0 1
vt 0.03125 1
vt 0.03125 1
vt 0 1
vt 0.40625 0.15625
vt 0.5625 0.15625
vt 0.5625 0
vt 0.40625 0
vt 0 1
vt 0.125 1
vt 0.125 0.96875
vt 0 0.96875
vn 0 0 -1
vn 0.9990482215818578 0.043619387365336 0
vn 0 0 1
vn -0.9990482215818578 -0.043619387365336 0
vn -0.043619387365336 0.9990482215818578 0
vn 0.043619387365336 -0.9990482215818578 0
g Petal
f 116/340/85 119/339/85 117/338/85 114/337/85
f 115/344/86 116/343/86 114/342/86 113/341/86
f 120/348/87 115/347/87 113/346/87 118/345/87
f 119/352/88 120/351/88 118/350/88 117/349/88
f 118/356/89 113/355/89 114/354/89 117/353/89
f 119/360/90 116/359/90 115/358/90 120/357/90
o cube
v -0.2721155228564214 0.2134457361804874 -0.22986279146729824
v -0.23881766324822742 0.2413383573708419 -0.27480168585339093
v -0.2721155228564214 0.2134457361804874 -0.22986279146729824
v -0.23881766324822742 0.2413383573708419 -0.27480168585339093
v -0.28835505347972645 0.2391755082041077 -0.312849275166436
v -0.3216529130879204 0.21128288701375322 -0.2679103807803433
v -0.28835505347972645 0.2391755082041077 -0.312849275166436
v -0.3216529130879204 0.21128288701375322 -0.2679103807803433
vt 0 1
vt 0.125 1
vt 0.125 1
vt 0 1
vt 0 1
vt 0.03125 1
vt 0.03125 1
vt 0 1
vt 0 1
vt 0.125 1
vt 0.125 1
vt 0 1
vt 0 1
vt 0.03125 1
vt 0.03125 1
vt 0 1
vt 0.40625 0.3125
vt 0.5625 0.3125
vt 0.5625 0.15625
vt 0.40625 0.15625
vt 0 1
vt 0.125 1
vt 0.125 0.96875
vt 0 0.96875
vn 0.5327657537311028 0.44628193904567215 -0.7190223101774834
vn 0.7925982437039846 0.03460558666774669 0.608761429008721
vn -0.5327657537311028 -0.44628193904567215 0.7190223101774834
vn -0.7925982437039846 -0.03460558666774669 -0.608761429008721
vn -0.29656141982511647 0.8942230617989095 0.3352856096200593
vn 0.29656141982511647 -0.8942230617989095 -0.3352856096200593
g Petal
f 124/364/91 127/363/91 125/362/91 122/361/91
f 123/368/92 124/367/92 122/366/92 121/365/92
f 128/372/93 123/371/93 121/370/93 126/369/93
f 127/376/94 128/375/94 126/374/94 125/373/94
f 126/380/95 121/379/95 122/378/95 125/377/95
f 127/384/96 124/383/96 123/382/96 128/381/96
o cube
v -0.23763421580809577 0.23985827930513684 -0.27479970570140444
v -0.21268383655340142 0.28518391334718846 -0.30986130112621263
v -0.23763421580809577 0.23985827930513684 -0.27479970570140444
v -0.21268383655340142 0.28518391334718846 -0.30986130112621263
v -0.26222122678490045 0.2830210641804543 -0.34790889043925766
v -0.2871716060395948 0.23769543013840266 -0.3128472950144495
v -0.26222122678490045 0.2830210641804543 -0.34790889043925766
v -0.2871716060395948 0.23769543013840266 -0.3128472950144495
vt 0 1
vt 0.125 1
vt 0.125 1
vt 0 1
vt 0 1
vt 0.03125 1
vt 0.03125 1
vt 0 1
vt 0 1
vt 0.125 1
vt 0.125 1
vt 0 1
vt 0 1
vt 0.03125 1
vt 0.03125 1
vt 0 1
vt 0.40625 0.46875
vt 0.5625 0.46875
vt 0.5625 0.3125
vt 0.40625 0.3125
vt 0 1
vt 0.125 1
vt 0.125 0.96875
vt 0 0.96875
vn 0.39920606807510955 0.7252101446728261 -0.5609855267969307
vn 0.7925982437039846 0.03460558666774661 0.608761429008721
vn -0.39920606807510955 -0.7252101446728261 0.5609855267969307
vn -0.7925982437039846 -0.03460558666774661 -0.608761429008721
vn -0.4608931972695736 0.6876573997529583 0.5609855267969309
vn 0.4608931972695736 -0.6876573997529583 -0.5609855267969309
g Petal
f 132/388/97 135/387/97 133/386/97 130/385/97
f 131/392/98 132/391/98 130/390/98 129/389/98
f 136/396/99 131/395/99 129/394/99 134/393/99
f 135/400/100 136/399/100 134/398/100 133/397/100
f 134/404/101 129/403/101 130/402/101 133/401/101
f 135/408/102 132/407/102 131/406/102 136/405/102
o cube
v -0.30983760976850094 0.20528784916673415 -0.18070241068695495
v -0.2725072679583671 0.21508338600093693 -0.22986279146729824
v -0.30983760976850094 0.20528784916673415 -0.18070241068695495
v -0.2725072679583671 0.21508338600093693 -0.22986279146729824
v -0.3220446581898661 0.21292053683420276 -0.2679103807803433
v -0.359375 0.203125 -0.21875
v -0.3220446581898661 0.21292053683420276 -0.2679103807803433
v -0.359375 0.203125 -0.21875
vt 0 1
vt 0.125 1
vt 0.125 1
vt 0 1
vt 0 1
vt 0.03125 1
vt 0.03125 1
vt 0 1
vt 0 1
vt 0.125 1
vt 0.125 1
vt 0 1
vt 0 1
vt 0.03125 1
vt 0.03125 1
vt 0 1
vt 0.40625 0.15625
vt 0.5625 0.15625
vt 0.5625 0
vt 0.40625 0
vt 0 1
vt 0.125 1
vt 0.125 0.96875
vt 0 0.96875
vn 0.5972854689621422 0.1567285893472442 -0.7865660924854928
vn 0.7925982437039846 0.03460558666774662 0.6087614290087211
vn -0.5972854689621422 -0.1567285893472442 0.7865660924854928
vn -0.7925982437039846 -0.03460558666774662 -0.6087614290087211
vn -0.12262990110096693 0.9870352590726454 0.1035533905932737
vn 0.12262990110096693 -0.9870352590726454 -0.1035533905932737
g Petal
f 140/412/103 143/411/103 141/410/103 138/409/103
f 139/416/104 140/415/104 138/414/104 137/413/104
f 144/420/105 139/419/105 137/418/105 142/417/105
f 143/424/106 144/423/106 142/422/106 141/421/106
f 142/428/107 137/427/107 138/426/107 141/425/107
f 143/432/108 140/431/108 139/430/108 144/429/108
o cube
v -0.2282300022469643 0.2043838244766316 -0.19217111125355077
v -0.1762277834670704 0.22546630772302054 -0.21969470371772196
v -0.2282300022469643 0.2043838244766316 -0.19217111125355077
v -0.1762277834670704 0.22546630772302054 -0.21969470371772196
v -0.20505960414646726 0.22420748324638895 -0.2751328807913608
v -0.25706182292636115 0.203125 -0.24760928832718962
v -0.20505960414646726 0.22420748324638895 -0.2751328807913608
v -0.25706182292636115 0.203125 -0.24760928832718962
vt 0 1
vt 0.125 1
vt 0.125 1
vt 0 1
vt 0 1
vt 0.03125 1
vt 0.03125 1
vt 0 1
vt 0 1
vt 0.125 1
vt 0.125 1
vt 0 1
vt 0 1
vt 0.03125 1
vt 0.03125 1
vt 0 1
vt 0.40625 0.3125
vt 0.5625 0.3125
vt 0.5625 0.15625
vt 0.40625 0.15625
vt 0 1
vt 0.125 1
vt 0.125 0.96875
vt 0 0.96875
vn 0.8320355004783022 0.3373197319422232 -0.440377479426739
vn 0.46130913087034964 0.020141191626105545 0.8870108331782217
vn -0.8320355004783022 -0.3373197319422232 0.440377479426739
vn -0.46130913087034964 -0.020141191626105545 -0.8870108331782217
vn -0.3080759836784811 0.9411746548023419 0.1388504859128302
vn 0.3080759836784811 -0.9411746548023419 -0.1388504859128302
g Petal
f 148/436/109 151/435/109 149/434/109 146/433/109
f 147/440/110 148/439/110 146/438/110 145/437/110
f 152/444/111 147/443/111 145/442/111 150/441/111
f 151/448/112 152/447/112 150/446/112 149/445/112
f 150/452/113 145/451/113 146/450/113 149/449/113
f 151/456/114 148/455/114 147/454/114 152/453/114
o cube
v -0.17535999517867104 0.22317717389089115 -0.21969349489574214
v -0.13307940593251727 0.26310702097098937 -0.24258910768854589
v -0.17535999517867104 0.22317717389089115 -0.21969349489574214
v -0.13307940593251727 0.26310702097098937 -0.24258910768854589
v -0.16191122661191412 0.26184819649435775 -0.2980272847621847
v -0.2041918158580679 0.22191834941425956 -0.275131671969381
v -0.16191122661191412 0.26184819649435775 -0.2980272847621847
v -0.2041918158580679 0.22191834941425956 -0.275131671969381
vt 0 1
vt 0.125 1
vt 0.125 1
vt 0 1
vt 0 1
vt 0.03125 1
vt 0.03125 1
vt 0 1
vt 0 1
vt 0.125 1
vt 0.125 1
vt 0 1
vt 0 1
vt 0.03125 1
vt 0.03125 1
vt 0 1
vt 0.40625 0.46875
vt 0.5625 0.46875
vt 0.5625 0.3125
vt 0.40625 0.3125
vt 0 1
vt 0.125 1
vt 0.125 0.96875
vt 0 0.96875
vn 0.6764894279384602 0.6388775532815715 -0.36632980468485987
vn 0.46130913087034975 0.020141191626105504 0.8870108331782216
vn -0.6764894279384602 -0.6388775532815715 0.36632980468485987
vn -0.46130913087034975 -0.020141191626105504 -0.8870108331782216
vn -0.574069629629662 0.7690447349230299 0.2810947456357543
vn 0.574069629629662 -0.7690447349230299 -0.2810947456357543
g Petal
f 156/460/115 159/459/115 157/458/115 154/457/115
f 155/464/116 156/463/116 154/462/116 153/461/116
f 160/468/117 155/467/117 153/466/117 158/465/117
f 159/472/118 160/471/118 158/470/118 157/469/118
f 158/476/119 153/475/119 154/474/119 157/473/119
f 159/480/120 156/479/120 155/478/120 160/477/120
o cube
v -0.2836681793206031 0.2043838244766316 -0.16331182292636115
v -0.2282827671074441 0.20680200379723473 -0.19217111125355077
v -0.2836681793206031 0.2043838244766316 -0.16331182292636115
v -0.2282827671074441 0.20680200379723473 -0.19217111125355077
v -0.257114587786841 0.20554317932060312 -0.24760928832718962
v -0.3125 0.203125 -0.21875
v -0.257114587786841 0.20554317932060312 -0.24760928832718962
v -0.3125 0.203125 -0.21875
vt 0 1
vt 0.125 1
vt 0.125 1
vt 0 1
vt 0 1
vt 0.03125 1
vt 0.03125 1
vt 0 1
vt 0 1
vt 0.125 1
vt 0.125 1
vt 0 1
vt 0 1
vt 0.03125 1
vt 0.03125 1
vt 0 1
vt 0.40625 0.15625
vt 0.5625 0.15625
vt 0.5625 0
vt 0.40625 0
vt 0 1
vt 0.125 1
vt 0.125 0.96875
vt 0 0.96875
vn 0.8861665954105444 0.03869086912965007 -0.461748613235034
vn 0.4613091308703497 0.02014119162610554 0.8870108331782217
vn -0.8861665954105444 -0.03869086912965007 0.461748613235034
vn -0.4613091308703497 -0.02014119162610554 -0.8870108331782217
vn -0.04361938736533575 0.9990482215818579 0
vn 0.04361938736533575 -0.9990482215818579 0
g Petal
f 164/484/121 167/483/121 165/482/121 162/481/121
f 163/488/122 164/487/122 162/486/122 161/485/122
f 168/492/123 163/491/123 161/490/123 166/489/123
f 167/496/124 168/495/124 166/494/124 165/493/124
f 166/500/125 161/499/125 162/498/125 165/497/125
f 167/504/126 164/503/126 163/502/126 168/501/126
o cube
v -0.26231876980712726 0.21080948531831953 -0.1464393533470617
v -0.20774032691171862 0.23963123684063692 -0.13660318487054526
v -0.26231876980712726 0.21080948531831953 -0.1464393533470617
v -0.20774032691171862 0.23963123684063692 -0.13660318487054526
v -0.19689764546927627 0.24010463853607059 -0.19815366943380824
v -0.2514760883646849 0.2112828870137532 -0.2079898379103247
v -0.19689764546927627 0.24010463853607059 -0.19815366943380824
v -0.2514760883646849 0.2112828870137532 -0.2079898379103247
vt 0 1
vt 0.125 1
vt 0.125 1
vt 0 1
vt 0 1
vt 0.03125 1
vt 0.03125 1
vt 0 1
vt 0 1
vt 0.125 1
vt 0.125 1
vt 0 1
vt 0 1
vt 0.03125 1
vt 0.03125 1
vt 0 1
vt 0.40625 0.3125
vt 0.5625 0.3125
vt 0.5625 0.15625
vt 0.40625 0.15625
vt 0 1
vt 0.125 1
vt 0.125 0.96875
vt 0 0.96875
vn 0.8732550863265379 0.4611480243570783 0.15737869562426318
vn -0.17348290307907774 -0.007574427126938498 0.9848077530122081
vn -0.8732550863265379 -0.4611480243570783 -0.15737869562426318
vn 0.17348290307907774 0.007574427126938498 -0.9848077530122081
vn -0.45533420313445194 0.8872908923714153 -0.07338689100003846
vn 0.45533420313445194 -0.8872908923714153 0.07338689100003846
g Petal
f 172/508/127 175/507/127 173/506/127 170/505/127
f 171/512/128 172/511/128 170/510/128 169/509/128
f 176/516/129 171/515/129 169/514/129 174/513/129
f 175/520/130 176/519/130 174/518/130 173/517/130
f 174/524/131 169/523/131 170/522/131 173/521/131
f 175/528/132 172/527/132 171/526/132 176/525/132
o cube
v -0.20653754435977864 0.23722202844296897 -0.1366036182837125
v -0.16498392615554835 0.28327257555289265 -0.12892938053565167
v -0.20653754435977864 0.23722202844296897 -0.1366036182837125
v -0.16498392615554835 0.28327257555289265 -0.12892938053565167
v -0.154141244713106 0.2837459772483263 -0.19047986509891465
v -0.1956948629173363 0.23769543013840264 -0.1981541028469755
v -0.154141244713106 0.2837459772483263 -0.19047986509891465
v -0.1956948629173363 0.23769543013840264 -0.1981541028469755
vt 0 1
vt 0.125 1
vt 0.125 1
vt 0 1
vt 0 1
vt 0.03125 1
vt 0.03125 1
vt 0 1
vt 0 1
vt 0.125 1
vt 0.125 1
vt 0 1
vt 0 1
vt 0.03125 1
vt 0.03125 1
vt 0 1
vt 0.40625 0.46875
vt 0.5625 0.46875
vt 0.5625 0.3125
vt 0.40625 0.3125
vt 0 1
vt 0.125 1
vt 0.125 0.96875
vt 0 0.96875
vn 0.6648578912676847 0.7368087537587787 0.12278780396897325
vn -0.17348290307907777 -0.007574427126938486 0.9848077530122081
vn -0.6648578912676847 -0.7368087537587787 -0.12278780396897325
vn 0.17348290307907777 0.007574427126938486 -0.9848077530122081
vn -0.726545020462148 0.6760587906670057 -0.12278780396897324
vn 0.726545020462148 -0.6760587906670057 0.12278780396897324
g Petal
f 180/532/133 183/531/133 181/530/133 178/529/133
f 179/536/134 180/535/134 178/534/134 177/533/134
f 184/540/135 179/539/135 177/538/135 182/537/135
f 183/544/136 184/543/136 182/542/136 181/541/136
f 182/548/137 177/547/137 178/546/137 181/545/137
f 183/552/138 180/551/138 179/550/138 184/549/138
o cube
v -0.3233426814424424 0.20265159830456633 -0.15719951543673702
v -0.2627326930829479 0.21346354645769106 -0.1464393533470617
v -0.3233426814424424 0.20265159830456633 -0.15719951543673702
v -0.2627326930829479 0.21346354645769106 -0.1464393533470617
v -0.2518900116405055 0.21393694815312472 -0.2079898379103247
v -0.3125 0.203125 -0.21875
v -0.2518900116405055 0.21393694815312472 -0.2079898379103247
v -0.3125 0.203125 -0.21875
vt 0 1
vt 0.125 1
vt 0.125 1
vt 0 1
vt 0 1
vt 0.03125 1
vt 0.03125 1
vt 0 1
vt 0 1
vt 0.125 1
vt 0.125 1
vt 0 1
vt 0 1
vt 0.03125 1
vt 0.03125 1
vt 0 1
vt 0.40625 0.15625
vt 0.5625 0.15625
vt 0.5625 0
vt 0.40625 0
vt 0 1
vt 0.125 1
vt 0.125 0.96875
vt 0 0.96875
vn 0.9697598137519118 0.17299117044999554 0.17216259343480508
vn -0.17348290307907768 -0.0075744271269384805 0.9848077530122081
vn -0.9697598137519118 -0.17299117044999554 -0.17216259343480508
vn 0.17348290307907768 0.0075744271269384805 -0.9848077530122081
vn -0.17166707887976868 0.9848942496532507 -0.022665635416815495
vn 0.17166707887976868 -0.9848942496532507 0.022665635416815495
g Petal
f 188/556/139 191/555/139 189/554/139 186/553/139
f 187/560/140 188/559/140 186/558/140 185/557/140
f 192/564/141 187/563/141 185/562/141 190/561/141
f 191/568/142 192/567/142 190/566/142 189/565/142
f 190/572/143 185/571/143 186/570/143 189/569/143
f 191/576/144 188/575/144 187/574/144 192/573/144
o cube
v -0.4005701192686907 0.2033626050065015 -0.25520940255246277
v -0.46071387548947434 0.21954868924096643 -0.2604045218783062
v -0.4005701192686907 0.2033626050065015 -0.25520940255246277
v -0.46071387548947434 0.21954868924096643 -0.2604045218783062
v -0.46615592485151774 0.21931108423446496 -0.19814235324757207
v -0.4060121686307341 0.203125 -0.1929472339217287
v -0.46615592485151774 0.21931108423446496 -0.19814235324757207
v -0.4060121686307341 0.203125 -0.1929472339217287
vt 0 1
vt 0.125 1
vt 0.125 1
vt 0 1
vt 0 1
vt 0.03125 1
vt 0.03125 1
vt 0 1
vt 0 1
vt 0.125 1
vt 0.125 1
vt 0 1
vt 0 1
vt 0.03125 1
vt 0.03125 1
vt 0 1
vt 0.40625 0.3125
vt 0.5625 0.3125
vt 0.5625 0.15625
vt 0.40625 0.15625
vt 0 1
vt 0.125 1
vt 0.125 0.96875
vt 0 0.96875
vn -0.9623000995325386 0.2589773477514394 -0.08312190921349426
vn 0.08707278979269464 0.0038016801040237046 -0.9961946980917455
vn 0.9623000995325386 -0.2589773477514394 0.08312190921349426
vn -0.08707278979269464 -0.0038016801040237046 0.9961946980917455
vn 0.25767585784738073 0.965875913655588 0.026208237304323548
vn -0.25767585784738073 -0.965875913655588 -0.026208237304323548
g Petal
f 196/580/145 199/579/145 197/578/145 194/577/145
f 195/584/146 196/583/146 194/582/146 193/581/146
f 200/588/147 195/587/147 193/586/147 198/585/147
f 199/592/148 200/591/148 198/590/148 197/589/148
f 198/596/149 193/595/149 194/594/149 197/593/149
f 199/600/150 196/599/150 195/598/150 200/597/150
o cube
v -0.4599479969218765 0.22215595442076108 -0.2604042937113459
v -0.5109564949643606 0.2580127119867629 -0.2647258749384971
v -0.4599479969218765 0.22215595442076108 -0.2604042937113459
v -0.5109564949643606 0.2580127119867629 -0.2647258749384971
v -0.516398544326404 0.2577751069802614 -0.20246370630776298
v -0.4653900462839199 0.22191834941425959 -0.1981421250806118
v -0.516398544326404 0.2577751069802614 -0.20246370630776298
v -0.4653900462839199 0.22191834941425959 -0.1981421250806118
vt 0 1
vt 0.125 1
vt 0.125 1
vt 0 1
vt 0 1
vt 0.03125 1
vt 0.03125 1
vt 0 1
vt 0 1
vt 0.125 1
vt 0.125 1
vt 0 1
vt 0 1
vt 0.03125 1
vt 0.03125 1
vt 0 1
vt 0.40625 0.46875
vt 0.5625 0.46875
vt 0.5625 0.3125
vt 0.40625 0.3125
vt 0 1
vt 0.125 1
vt 0.125 0.96875
vt 0 0.96875
vn -0.8161359686797459 0.5737081210560291 -0.06914529963441887
vn 0.08707278979269464 0.003801680104023716 -0.9961946980917455
vn 0.8161359686797459 -0.5737081210560291 0.06914529963441887
vn -0.08707278979269464 -0.003801680104023716 0.9961946980917455
vn 0.5712621201382865 0.8190509990609545 0.053057054501381325
vn -0.5712621201382865 -0.8190509990609545 -0.053057054501381325
g Petal
f 204/604/151 207/603/151 205/602/151 202/601/151
f 203/608/152 204/607/152 202/606/152 201/605/152
f 208/612/153 203/611/153 201/610/153 206/609/153
f 207/616/154 208/615/154 206/614/154 205/613/154
f 206/620/155 201/619/155 202/618/155 205/617/155
f 207/624/156 204/623/156 203/622/156 208/621/156
o cube
v -0.3383079506379566 0.2033626050065015 -0.24976216863073408
v -0.4005108594803212 0.20064676735479162 -0.25520940255246277
v -0.3383079506379566 0.2033626050065015 -0.24976216863073408
v -0.4005108594803212 0.20064676735479162 -0.25520940255246277
v -0.4059529088423646 0.20040916234829015 -0.1929472339217287
v -0.34375 0.203125 -0.1875
v -0.4059529088423646 0.20040916234829015 -0.1929472339217287
v -0.34375 0.203125 -0.1875
vt 0 1
vt 0.125 1
vt 0.125 1
vt 0 1
vt 0 1
vt 0.03125 1
vt 0.03125 1
vt 0 1
vt 0 1
vt 0.125 1
vt 0.125 1
vt 0 1
vt 0 1
vt 0.03125 1
vt 0.03125 1
vt 0 1
vt 0.40625 0.15625
vt 0.5625 0.15625
vt 0.5625 0
vt 0.40625 0
vt 0 1
vt 0.125 1
vt 0.125 0.96875
vt 0 0.96875
vn -0.9952465414778341 -0.04345340242735779 -0.08715574274765903
vn 0.08707278979269466 0.0038016801040237132 -0.9961946980917455
vn 0.9952465414778341 0.04345340242735779 0.08715574274765903
vn -0.08707278979269466 -0.0038016801040237132 0.9961946980917455
vn -0.04361938736533599 0.9990482215818579 0
vn 0.04361938736533599 -0.9990482215818579 0
g Petal
f 212/628/157 215/627/157 213/626/157 210/625/157
f 211/632/158 212/631/158 210/630/158 209/629/158
f 216/636/159 211/635/159 209/634/159 214/633/159
f 215/640/160 216/639/160 214/638/160 213/637/160
f 214/644/161 209/643/161 210/642/161 213/641/161
f 215/648/162 212/647/162 211/646/162 216/645/162
o cube
v -0.34725141447195124 0.2131246889491417 -0.275442986034071
v -0.39012632464081803 0.2376915351870767 -0.3137112776595573
v -0.34725141447195124 0.2131246889491417 -0.275442986034071
v -0.39012632464081803 0.2376915351870767 -0.3137112776595573
v -0.432310524355602 0.23584973325168823 -0.2676314441089246
v -0.3894356141867353 0.21128288701375322 -0.2293631524834383
v -0.432310524355602 0.23584973325168823 -0.2676314441089246
v -0.3894356141867353 0.21128288701375322 -0.2293631524834383
vt 0 1
vt 0.125 1
vt 0.125 1
vt 0 1
vt 0 1
vt 0.03125 1
vt 0.03125 1
vt 0 1
vt 0 1
vt 0.125 1
vt 0.125 1
vt 0 1
vt 0 1
vt 0.03125 1
vt 0.03125 1
vt 0 1
vt 0.40625 0.3125
vt 0.5625 0.3125
vt 0.5625 0.15625
vt 0.40625 0.15625
vt 0 1
vt 0.125 1
vt 0.125 0.96875
vt 0 0.96875
vn -0.6859985627018679 0.39306953980696024 -0.6122926660077809
vn 0.6749471954365445 0.029468830966215324 -0.7372773368101232
vn 0.6859985627018679 -0.39306953980696024 0.6122926660077809
vn -0.6749471954365445 -0.029468830966215324 0.7372773368101232
vn 0.27175771441361957 0.919036411072722 0.28551675919156894
vn -0.27175771441361957 -0.919036411072722 -0.28551675919156894
g Petal
f 220/652/163 223/651/163 221/650/163 218/649/163
f 219/656/164 220/655/164 218/654/164 217/653/164
f 224/660/165 219/659/165 217/658/165 222/657/165
f 223/664/166 224/663/166 222/662/166 221/661/166
f 222/668/167 217/667/167 218/666/167 221/665/167
f 223/672/168 220/671/168 219/670/168 224/669/168
o cube
v -0.3890120862538644 0.23953723207379113 -0.31370959143574795
v -0.4234921596793071 0.28226807651434827 -0.3435667425050143
v -0.3890120862538644 0.23953723207379113 -0.31370959143574795
v -0.4234921596793071 0.28226807651434827 -0.3435667425050143
v -0.4656763593940911 0.2804262745789598 -0.29748690895438157
v -0.43119628596864845 0.23769543013840266 -0.2676297578851152
v -0.4656763593940911 0.2804262745789598 -0.29748690895438157
v -0.43119628596864845 0.23769543013840266 -0.2676297578851152
vt 0 1
vt 0.125 1
vt 0.125 1
vt 0 1
vt 0 1
vt 0.03125 1
vt 0.03125 1
vt 0 1
vt 0 1
vt 0.125 1
vt 0.125 1
vt 0 1
vt 0 1
vt 0.03125 1
vt 0.03125 1
vt 0 1
vt 0.40625 0.46875
vt 0.5625 0.46875
vt 0.5625 0.3125
vt 0.40625 0.3125
vt 0 1
vt 0.125 1
vt 0.125 0.96875
vt 0 0.96875
vn -0.5516811748070821 0.6836935110489142 -0.4777144171082615
vn 0.6749471954365444 0.029468830966215324 -0.7372773368101232
vn 0.5516811748070821 -0.6836935110489142 0.4777144171082615
vn -0.6749471954365444 -0.029468830966215324 0.7372773368101232
vn 0.4899940456126184 0.7291740333768704 0.4777144171082617
vn -0.4899940456126184 -0.7291740333768704 -0.4777144171082617
g Petal
f 228/676/169 231/675/169 229/674/169 226/673/169
f 227/680/170 228/679/170 226/678/170 225/677/170
f 232/684/171 227/683/171 225/682/171 230/681/171
f 231/688/172 232/687/172 230/686/172 229/685/172
f 230/692/173 225/691/173 226/690/173 229/689/173
f 231/696/174 228/695/174 227/694/174 232/693/174
o cube
v -0.30156580028521596 0.20496680193538847 -0.2335798335506327
v -0.34756377392408433 0.21112414594610984 -0.275442986034071
v -0.30156580028521596 0.20496680193538847 -0.2335798335506327
v -0.34756377392408433 0.21112414594610984 -0.275442986034071
v -0.3897479736388683 0.2092823440107214 -0.2293631524834383
v -0.34375 0.203125 -0.1875
v -0.3897479736388683 0.2092823440107214 -0.2293631524834383
v -0.34375 0.203125 -0.1875
vt 0 1
vt 0.125 1
vt 0.125 1
vt 0 1
vt 0 1
vt 0.03125 1
vt 0.03125 1
vt 0 1
vt 0 1
vt 0.125 1
vt 0.125 1
vt 0 1
vt 0 1
vt 0.03125 1
vt 0.03125 1
vt 0 1
vt 0.40625 0.15625
vt 0.5625 0.15625
vt 0.5625 0
vt 0.40625 0
vt 0 1
vt 0.125 1
vt 0.125 0.96875
