# Made in Blockbench 4.9.3

o cube
v -0.36460193404931385 1.0625 0.3646019340493133
v 0.34250484713723417 1.0625 -0.3425048471372337
v -0.36460193404931385 0 0.3646019340493133
v 0.34250484713723417 0 -0.3425048471372337
v 0.34250484713723417 1.0625 -0.3425048471372337
v -0.36460193404931385 1.0625 0.3646019340493133
v 0.34250484713723417 0 -0.3425048471372337
v -0.36460193404931385 0 0.3646019340493133
vt 0 1
vt 0 1
vt 0 0.8671875
vt 0 0.8671875
vt 0 1
vt 0.125 1
vt 0.125 0.8671875
vt 0 0.8671875
vt 0 1
vt 0 1
vt 0 0.8671875
vt 0 0.8671875
vt 0 1
vt 1 1
vt 1 0
vt 0 0
vt 0 1
vt 0 1
vt 0 0.875
vt 0 0.875
vt 0 1
vt 0 1
vt 0 0.875
vt 0 0.875
vn 0.707106781186548 0 -0.707106781186547
vn 0.707106781186547 0 0.707106781186548
vn -0.707106781186548 0 0.707106781186547
vn -0.707106781186547 0 -0.707106781186548
vn 0 1 0
vn 0 -1 0
g Trunk
f 4/4/1 7/3/1 5/2/1 2/1/1
f 3/8/2 4/7/2 2/6/2 1/5/2
f 8/12/3 3/11/3 1/10/3 6/9/3
f 7/16/4 8/15/4 6/14/4 5/13/4
f 6/20/5 1/19/5 2/18/5 5/17/5
f 7/24/6 4/23/6 3/22/6 8/21/6
o cube
v -0.3646019340493128 1.0625 -0.3646019340493141
v 0.3425048471372336 1.0625 0.3425048471372347
v -0.364601934049313 0 -0.36460193404931424
v 0.3425048471372334 0 0.3425048471372345
v 0.3425048471372336 1.0625 0.3425048471372347
v -0.3646019340493128 1.0625 -0.3646019340493141
v 0.3425048471372334 0 0.3425048471372345
v -0.364601934049313 0 -0.36460193404931424
vt 0 1
vt 0 1
vt 0 0.8671875
vt 0 0.8671875
vt 0 1
vt 0.125 1
vt 0.125 0.8671875
vt 0 0.8671875
vt 0 1
vt 0 1
vt 0 0.8671875
vt 0 0.8671875
vt 0 1
vt 1 1
vt 1 0
vt 0 0
vt 0 1
vt 0 1
vt 0 0.875
vt 0 0.875
vt 0 1
vt 0 1
vt 0 0.875
vt 0 0.875
vn 0.7071067811865464 0 0.7071067811865487
vn -0.7071067811865487 0 0.7071067811865464
vn -0.7071067811865464 0 -0.7071067811865487
vn 0.7071067811865487 0 -0.7071067811865464
vn 0 1 0
vn 0 -1 0
g Trunk
f 12/28/7 15/27/7 13/26/7 10/25/7
f 11/32/8 12/31/8 10/30/8 9/29/8
f 16/36/9 11/35/9 9/34/9 14/33/9
f 15/40/10 16/39/10 14/38/10 13/37/10
f 14/44/11 9/43/11 10/42/11 13/41/11
f 15/48/12 12/47/12 11/46/12 16/45/12
o cube
v 0.30722108012674343 0.5444838513476471 0.02465058178730095
v 0.2612792578628419 0.3256522089045987 -0.08716203482079865
v 0.30722108012674343 0.5444838513476471 0.02465058178730095
v 0.2612792578628419 0.3256522089045987 -0.08716203482079865
v 0.028109432969933068 0.3285520236182431 0.0029680036460565384
v 0.0740512552338346 0.5473836660612914 0.11478062025415614
v 0.028109432969933068 0.3285520236182431 0.0029680036460565384
v 0.0740512552338346 0.5473836660612914 0.11478062025415614
vt 0 1
vt 0.03125 1
vt 0.03125 1
vt 0 1
vt 0 1
vt 0.03125 1
vt 0.03125 1
vt 0 1
vt 0 1
vt 0.03125 1
vt 0.03125 1
vt 0 1
vt 0 1
vt 0.03125 1
vt 0.03125 1
vt 0 1
vt 0.4921875 0
vt 0.734375 0
vt 0.734375 0.25
vt 0.4921875 0.25
vt 0 1
vt 0.03125 1
vt 0.03125 0.96875
vt 0 0.96875
vn -0.18376728905560608 -0.8753265697721937 -0.4472504664323984
vn 0.9326792995716351 -0.011599258854577413 -0.3605201538674206
vn 0.18376728905560608 0.8753265697721937 0.4472504664323984
vn -0.9326792995716351 0.011599258854577413 0.3605201538674206
vn -0.3103850956855329 0.4833930630913824 -0.8185305363463318
vn 0.3103850956855329 -0.4833930630913824 0.8185305363463318
g Frond
f 20/52/13 23/51/13 21/50/13 18/49/13
f 19/56/14 20/55/14 18/54/14 17/53/14
f 24/60/15 19/59/15 17/58/15 22/57/15
f 23/64/16 24/63/16 22/62/16 21/61/16
f 22/68/17 17/67/17 18/66/17 21/65/17
f 23/72/18 20/71/18 19/70/18 24/69/18
o cube
v 0.3741310209360773 0.7257312768535531 0.16776735451144775
v 0.30696856989272425 0.5308208173186029 0.026349116883750745
v 0.3741310209360773 0.7257312768535531 0.16776735451144775
v 0.30696856989272425 0.5308208173186029 0.026349116883750745
v 0.07319707196915937 0.5483578647879221 0.11320151307770465
v 0.1403595230125123 0.7432683243228724 0.25461975070540166
v 0.07319707196915937 0.5483578647879221 0.11320151307770465
v 0.1403595230125123 0.7432683243228724 0.25461975070540166
vt 0 1
vt 0.03125 1
vt 0.03125 1
vt 0 1
vt 0 1
vt 0.03125 1
vt 0.03125 1
vt 0 1
vt 0 1
vt 0.03125 1
vt 0.03125 1
vt 0 1
vt 0 1
vt 0.03125 1
vt 0.03125 1
vt 0 1
vt 0.4921875 0.25
vt 0.734375 0.25
vt 0.734375 0.5
vt 0.4921875 0.5
vt 0 1
vt 0.03125 1
vt 0.03125 0.96875
vt 0 0.96875
vn -0.2686498041734118 -0.7796418381398009 -0.5656729505107878
vn 0.9350859916942595 -0.07014818987727704 -0.34740958477581574
vn 0.2686498041734118 0.7796418381398009 0.5656729505107878
vn -0.9350859916942595 0.07014818987727704 0.34740958477581574
vn -0.2311741137211316 0.6222843688209868 -0.7478774588569409
vn 0.2311741137211316 -0.6222843688209868 0.7478774588569409
g Frond
f 28/76/19 31/75/19 29/74/19 26/73/19
f 27/80/20 28/79/20 26/78/20 25/77/20
f 32/84/21 27/83/21 25/82/21 30/81/21
f 31/88/22 32/87/22 30/86/22 29/85/22
f 30/92/23 25/91/23 26/90/23 29/89/23
f 31/96/24 28/95/24 27/94/24 32/93/24
o cube
v 0.4637933258021908 0.8476109770751481 0.35205096872969355
v 0.37304473731348 0.6908274863603929 0.17976158795826314
v 0.4637933258021908 0.8476109770751481 0.35205096872969355
v 0.37304473731348 0.6908274863603929 0.17976158795826314
v 0.14034777239796525 0.7432603270301597 0.2546142414743988
v 0.23109636088667618 0.9000438177449146 0.4269036222458291
v 0.14034777239796525 0.7432603270301597 0.2546142414743988
v 0.23109636088667618 0.9000438177449146 0.4269036222458291
vt 0 1
vt 0.03125 1
vt 0.03125 1
vt 0 1
vt 0 1
vt 0.03125 1
vt 0.03125 1
vt 0 1
vt 0 1
vt 0.03125 1
vt 0.03125 1
vt 0 1
vt 0 1
vt 0.03125 1
vt 0.03125 1
vt 0 1
vt 0.4921875 0.5
vt 0.734375 0.5
vt 0.734375 0.75
vt 0.4921875 0.75
vt 0 1
vt 0.03125 1
vt 0.03125 0.96875
vt 0 0.96875
vn -0.3629943539548434 -0.6271339628590206 -0.6891575230857213
vn 0.9307878596620585 -0.20973136267906647 -0.29941061406454256
vn 0.3629943539548434 0.6271339628590206 0.6891575230857213
vn -0.9307878596620585 0.20973136267906647 0.29941061406454256
vn -0.043232618503050824 0.7501438183025456 -0.6598599795106893
vn 0.043232618503050824 -0.7501438183025456 0.6598599795106893
g Frond
f 36/100/25 39/99/25 37/98/25 34/97/25
f 35/104/26 36/103/26 34/102/26 33/101/26
f 40/108/27 35/107/27 33/106/27 38/105/27
f 39/112/28 40/111/28 38/110/28 37/109/28
f 38/116/29 33/115/29 34/114/29 37/113/29
f 39/120/30 36/119/30 35/118/30 40/117/30
o cube
v 0.07321418160484638 0.5483671069054024 0.11319983900925346
v 0.02727235934094485 0.3295354644623538 0.0013872224011537426
v 0.07321418160484638 0.5483671069054024 0.11319983900925346
v 0.02727235934094485 0.3295354644623538 0.0013872224011537426
v 0.016729966268283825 0.3283692007392216 0.00800143265103348
v 0.06267178853218525 0.5472008431822701 0.11981404925913308
v 0.016729966268283825 0.3283692007392216 0.00800143265103348
v 0.06267178853218525 0.5472008431822701 0.11981404925913308
vt 0 1
vt 0.03125 1
vt 0.03125 1
vt 0 1
vt 0 1
vt 0.03125 1
vt 0.03125 1
vt 0 1
vt 0 1
vt 0.03125 1
vt 0.03125 1
vt 0 1
vt 0 1
vt 0.03125 1
vt 0.03125 1
vt 0 1
vt 0.4921875 0.25
vt 0.484375 0.25
vt 0.484375 0
vt 0.4921875 0
vt 0 1
vt 0.03125 1
vt 0.03125 0.96875
vt 0 0.96875
vn -0.18376728905560608 -0.8753265697721938 -0.44725046643239846
vn 0.8433914458128856 0.09330109785058133 -0.529136819990375
vn 0.18376728905560608 0.8753265697721938 0.44725046643239846
vn -0.8433914458128856 -0.09330109785058133 0.529136819990375
vn -0.5048964771146691 0.47444525647404345 -0.7210972514206911
vn 0.5048964771146691 -0.47444525647404345 0.7210972514206911
g Frond
f 44/124/31 47/123/31 45/122/31 42/121/31
f 43/128/32 44/127/32 42/126/32 41/125/32
f 48/132/33 43/131/33 41/130/33 46/129/33
f 47/136/34 48/135/34 46/134/34 45/133/34
f 46/140/35 41/139/35 42/138/35 45/137/35
f 47/144/36 44/143/36 43/142/36 48/141/36
o cube
v 0.14037415881265414 0.7432685170040361 0.25461253792943705
v 0.07321170776930119 0.5483580574690858 0.11319430030174016
v 0.14037415881265414 0.7432685170040361 0.25461253792943705
v 0.07321170776930119 0.5483580574690858 0.11319430030174016
v 0.06266931469664017 0.5471917937459536 0.1198085105516199
v 0.129831765739993 0.7421022532809038 0.2612267481793168
v 0.06266931469664017 0.5471917937459536 0.1198085105516199
v 0.129831765739993 0.7421022532809038 0.2612267481793168
vt 0 1
vt 0.03125 1
vt 0.03125 1
vt 0 1
vt 0 1
vt 0.03125 1
vt 0.03125 1
vt 0 1
vt 0 1
vt 0.03125 1
vt 0.03125 1
vt 0 1
vt 0 1
vt 0.03125 1
vt 0.03125 1
vt 0 1
vt 0.4921875 0.25
vt 0.484375 0.25
vt 0.484375 0
vt 0.4921875 0
vt 0 1
vt 0.03125 1
vt 0.03125 0.96875
vt 0 0.96875
vn -0.26864980417341167 -0.7796418381398009 -0.5656729505107876
vn 0.8433914458128856 0.09330109785058133 -0.529136819990375
vn 0.26864980417341167 0.7796418381398009 0.5656729505107876
vn -0.8433914458128856 -0.09330109785058133 0.529136819990375
vn -0.4653151102717791 0.6192362306598902 -0.6324779354182196
vn 0.4653151102717791 -0.6192362306598902 0.6324779354182196
g Frond
f 52/148/37 55/147/37 53/146/37 50/145/37
f 51/152/38 52/151/38 50/150/38 49/149/38
f 56/156/39 51/155/39 49/154/39 54/153/39
f 55/160/40 56/159/40 54/158/40 53/157/40
f 54/164/41 49/163/41 50/162/41 53/161/41
f 55/168/42 52/167/42 51/166/42 56/165/42
o cube
v 0.23111842378328706 0.9000423785303806 0.4268933295574906
v 0.14036983529457614 0.7432588878156254 0.2546039487860601
v 0.23111842378328706 0.9000423785303806 0.4268933295574906
v 0.14036983529457614 0.7432588878156254 0.2546039487860601
v 0.129827442221915 0.7420926240924932 0.2612181590359399
v 0.22057603071062593 0.8988761148072484 0.4335075398073702
v 0.129827442221915 0.7420926240924932 0.2612181590359399
v 0.22057603071062593 0.8988761148072484 0.4335075398073702
vt 0 1
vt 0.03125 1
vt 0.03125 1
vt 0 1
vt 0 1
vt 0.03125 1
vt 0.03125 1
vt 0 1
vt 0 1
vt 0.03125 1
vt 0.03125 1
vt 0 1
vt 0 1
vt 0.03125 1
vt 0.03125 1
vt 0 1
vt 0.4921875 0.5078125
vt 0.484375 0.5078125
vt 0.484375 0.7421875
vt 0.4921875 0.7421875
vt 0 1
vt 0.03125 1
vt 0.03125 0.96875
vt 0 0.96875
vn -0.3629943539548435 -0.6271339628590205 -0.6891575230857215
vn 0.8433914458128857 0.09330109785058137 -0.5291368199903751
vn 0.3629943539548435 0.6271339628590205 0.6891575230857215
vn -0.8433914458128857 -0.09330109785058137 0.5291368199903751
vn -0.39613882431106917 0.7733032379142201 -0.4950516479164845
vn 0.39613882431106917 -0.7733032379142201 0.4950516479164845
g Frond
f 60/172/43 63/171/43 61/170/43 58/169/43
f 59/176/44 60/175/44 58/174/44 57/173/44
f 64/180/45 59/179/45 57/178/45 62/177/45
f 63/184/46 64/183/46 62/182/46 61/181/46
f 62/188/47 57/187/47 58/186/47 61/185/47
f 63/192/48 60/191/48 59/190/48 64/189/48
o cube
v 0.06530738680035053 0.5474924091130533 0.11816049669666318
v 0.019365564536448998 0.32866076667000477 0.006347880088563573
v 0.06530738680035053 0.5474924091130533 0.11816049669666318
v 0.019365564536448998 0.32866076667000477 0.006347880088563573
v -0.15916446106375615 0.280216207310646 0.1745149239100794
v -0.11322263879985461 0.49904784975369443 0.2863275405181791
v -0.15916446106375615 0.280216207310646 0.1745149239100794
v -0.11322263879985461 0.49904784975369443 0.2863275405181791
vt 0 1
vt 0.03125 1
vt 0.03125 1
vt 0 1
vt 0 1
vt 0.03125 1
vt 0.03125 1
vt 0 1
vt 0 1
vt 0.03125 1
vt 0.03125 1
vt 0 1
vt 0 1
vt 0.03125 1
vt 0.03125 1
vt 0 1
vt 0.2421875 0
vt 0.484375 0
vt 0.484375 0.25
vt 0.2421875 0.25
vt 0 1
vt 0.03125 1
vt 0.03125 0.96875
vt 0 0.96875
vn -0.18376728905560605 -0.875326569772194 -0.4472504664323985
vn 0.7141201024008208 0.19377823743743489 -0.6726681752860635
vn 0.18376728905560605 0.875326569772194 0.4472504664323985
vn -0.7141201024008208 -0.19377823743743489 0.6726681752860635
vn -0.6754717335464118 0.44300495589382044 -0.5894781982680274
vn 0.6754717335464118 -0.44300495589382044 0.5894781982680274
g Frond
f 68/196/49 71/195/49 69/194/49 66/193/49
f 67/200/50 68/199/50 66/198/50 65/197/50
f 72/204/51 67/203/51 65/202/51 70/201/51
f 71/208/52 72/207/52 70/206/52 69/205/52
f 70/212/53 65/211/53 66/210/53 69/209/53
f 71/216/54 68/215/54 67/214/54 72/213/54
o cube
v 0.1403868094042393 0.7432713428450262 0.2546026315379638
v 0.07322435836088637 0.5483608833100759 0.11318439391026691
v 0.1403868094042393 0.7432713428450262 0.2546026315379638
v 0.07322435836088637 0.5483608833100759 0.11318439391026691
v -0.10033093330652054 0.48576286582325656 0.28188545775089957
v -0.0331684822631676 0.6806733253582067 0.42330369537859647
v -0.10033093330652054 0.48576286582325656 0.28188545775089957
v -0.0331684822631676 0.6806733253582067 0.42330369537859647
vt 0 1
vt 0.03125 1
vt 0.03125 1
vt 0 1
vt 0 1
vt 0.03125 1
vt 0.03125 1
vt 0 1
vt 0 1
vt 0.03125 1
vt 0.03125 1
vt 0 1
vt 0 1
vt 0.03125 1
vt 0.03125 1
vt 0 1
vt 0.2421875 0.25
vt 0.484375 0.25
vt 0.484375 0.5
vt 0.2421875 0.5
vt 0 1
vt 0.03125 1
vt 0.03125 0.96875
vt 0 0.96875
vn -0.2686498041734118 -0.7796418381398009 -0.5656729505107878
vn 0.6942211666696276 0.25039206994727714 -0.6748042553625304
vn 0.2686498041734118 0.7796418381398009 0.5656729505107878
vn -0.6942211666696276 -0.25039206994727714 0.6748042553625304
vn -0.6677456510269825 0.5739881667155783 -0.4739760858999544
vn 0.6677456510269825 -0.5739881667155783 0.4739760858999544
g Frond
f 76/220/55 79/219/55 77/218/55 74/217/55
f 75/224/56 76/223/56 74/222/56 73/221/56
f 80/228/57 75/227/57 73/226/57 78/225/57
f 79/232/58 80/231/58 78/230/58 77/229/58
f 78/236/59 73/235/59 74/234/59 77/233/59
f 79/240/60 76/239/60 75/238/60 80/237/60
o cube
v 0.23113670534238628 0.9000482807778061 0.42687831057388825
v 0.14038811685367558 0.7432647900630509 0.25458892980245795
v 0.23113670534238628 0.9000482807778061 0.42687831057388825
v 0.14038811685367558 0.7432647900630509 0.25458892980245795
v -0.01651096557162346 0.6477324620607918 0.4241656152299307
v 0.07423762291708735 0.804515952775547 0.596454996001361
v -0.01651096557162346 0.6477324620607918 0.4241656152299307
v 0.07423762291708735 0.804515952775547 0.596454996001361
vt 0 1
vt 0.03125 1
vt 0.03125 1
vt 0 1
vt 0 1
vt 0.03125 1
vt 0.03125 1
vt 0 1
vt 0 1
vt 0.03125 1
vt 0.03125 1
vt 0 1
vt 0 1
vt 0.03125 1
vt 0.03125 1
vt 0 1
vt 0.2421875 0.5
vt 0.484375 0.5
vt 0.484375 0.75
vt 0.2421875 0.75
vt 0 1
vt 0.03125 1
vt 0.03125 0.96875
vt 0 0.96875
vn -0.36299435395484325 -0.6271339628590207 -0.6891575230857214
vn 0.6275963297011958 0.38212931200903644 -0.6783067417098909
vn 0.36299435395484325 0.6271339628590207 0.6891575230857214
vn -0.6275963297011958 -0.38212931200903644 0.6783067417098909
vn -0.6887364851251122 0.6787342495647625 -0.2548761905813586
vn 0.6887364851251122 -0.6787342495647625 0.2548761905813586
g Frond
f 84/244/61 87/243/61 85/242/61 82/241/61
f 83/248/62 84/247/62 82/246/62 81/245/62
f 88/252/63 83/251/63 81/250/63 86/249/63
f 87/256/64 88/255/64 86/254/64 85/253/64
f 86/260/65 81/259/65 82/258/65 85/257/65
f 87/264/66 84/263/66 83/262/66 88/261/66
o cube
v -0.002735652451777759 0.49551684676535124 0.3242656412520728
v 0.14333791043961996 0.3197276647060032 0.22297063794431715
v -0.002735652451777759 0.49551684676535124 0.3242656412520728
v 0.14333791043961996 0.3197276647060032 0.22297063794431715
v 0.005406950032177171 0.32521887771640867 0.014536243611820265
v -0.14066661285922055 0.5010080597757569 0.11583124691957591
v 0.005406950032177171 0.32521887771640867 0.014536243611820265
v -0.14066661285922055 0.5010080597757569 0.11583124691957591
vt 0 1
vt 0.03125 1
vt 0.03125 1
vt 0 1
vt 0 1
vt 0.03125 1
vt 0.03125 1
vt 0 1
vt 0 1
vt 0.03125 1
vt 0.03125 1
vt 0 1
vt 0 1
vt 0.03125 1
vt 0.03125 1
vt 0 1
vt 0.4921875 0
vt 0.734375 0
vt 0.734375 0.25
vt 0.4921875 0.25
vt 0 1
vt 0.03125 1
vt 0.03125 0.96875
vt 0 0.96875
vn 0.584294251565591 -0.7031567282373924 -0.40518001323102276
vn 0.5517238416297714 -0.021964852041622056 0.8337375773299874
vn -0.584294251565591 0.7031567282373924 0.40518001323102276
vn -0.5517238416297714 0.021964852041622056 -0.8337375773299874
vn 0.5951479061247659 0.7106955471995554 -0.37511439458654683
vn -0.5951479061247659 -0.7106955471995554 0.37511439458654683
g Frond
f 92/268/67 95/267/67 93/266/67 90/265/67
f 91/272/68 92/271/68 90/270/68 89/269/68
f 96/276/69 91/275/69 89/274/69 94/273/69
f 95/280/70 96/279/70 94/278/70 93/277/70
f 94/284/71 89/283/71 90/282/71 93/281/71
f 95/288/72 92/287/72 91/286/72 96/285/72
o cube
v -0.16515082974953088 0.6247885432085512 0.4455921377342472
v -0.0012563401890276493 0.4819977908371298 0.3221036875500075
v -0.16515082974953088 0.6247885432085512 0.4455921377342472
v -0.0012563401890276493 0.4819977908371298 0.3221036875500075
v -0.1395848577380348 0.5024476422902051 0.11486704791251201
v -0.3034793472985381 0.6452383946616267 0.23835549809675172
v -0.1395848577380348 0.5024476422902051 0.11486704791251201
v -0.3034793472985381 0.6452383946616267 0.23835549809675172
vt 0 1
vt 0.03125 1
vt 0.03125 1
vt 0 1
vt 0 1
vt 0.03125 1
vt 0.03125 1
vt 0 1
vt 0 1
vt 0.03125 1
vt 0.03125 1
vt 0 1
vt 0 1
vt 0.03125 1
vt 0.03125 1
vt 0 1
vt 0.4921875 0.25
vt 0.734375 0.25
vt 0.734375 0.5
vt 0.4921875 0.5
vt 0 1
vt 0.03125 1
vt 0.03125 0.96875
vt 0 0.96875
vn 0.6555779582420133 -0.571163009485686 -0.4939538007369591
vn 0.5533140701960286 -0.08179940581230186 0.8289465585499819
vn -0.6555779582420133 0.571163009485686 0.4939538007369591
vn -0.5533140701960286 0.08179940581230186 -0.8289465585499819
vn 0.5138687384832213 0.8167506803205056 -0.26240664207609904
vn -0.5138687384832213 -0.8167506803205056 0.26240664207609904
g Frond
f 100/292/73 103/291/73 101/290/73 98/289/73
f 99/296/74 100/295/74 98/294/74 97/293/74
f 104/300/75 99/299/75 97/298/75 102/297/75
f 103/304/76 104/303/76 102/302/76 101/301/76
f 102/308/77 97/307/77 98/306/77 101/305/77
f 103/312/78 100/311/78 99/310/78 104/309/78
o cube
v -0.3478407333498009 0.6838888374464303 0.5869639703349077
v -0.16872223829931215 0.5883167862389529 0.4410785777870472
v -0.3478407333498009 0.6838888374464303 0.5869639703349077
v -0.16872223829931215 0.5883167862389529 0.4410785777870472
v -0.3034749016279212 0.6452334659814274 0.23834177478142826
v -0.48259339667840995 0.7408055171889047 0.38422716732928874
v -0.3034749016279212 0.6452334659814274 0.23834177478142826
v -0.48259339667840995 0.7408055171889047 0.38422716732928874
vt 0 1
vt 0.03125 1
vt 0.03125 1
vt 0 1
vt 0 1
vt 0.03125 1
vt 0.03125 1
vt 0 1
vt 0 1
vt 0.03125 1
vt 0.03125 1
vt 0 1
vt 0 1
vt 0.03125 1
vt 0.03125 1
vt 0 1
vt 0.4921875 0.5
vt 0.734375 0.5
vt 0.734375 0.75
vt 0.4921875 0.75
vt 0 1
vt 0.03125 1
vt 0.03125 0.96875
vt 0 0.96875
vn 0.7164739802019551 -0.38228820482990944 -0.5835415701914423
vn 0.5390106533144361 -0.22766671896989799 0.8109472120224758
vn -0.7164739802019551 0.38228820482990944 0.5835415701914423
vn -0.5390106533144361 0.22766671896989799 -0.8109472120224758
vn 0.4428685485639202 0.8955576997164432 -0.04294013473988954
vn -0.4428685485639202 -0.8955576997164432 0.04294013473988954
g Frond
f 108/316/79 111/315/79 109/314/79 106/313/79
f 107/320/80 108/319/80 106/318/80 105/317/80
f 112/324/81 107/323/81 105/322/81 110/321/81
f 111/328/82 112/327/82 110/326/82 109/325/82
f 110/332/83 105/331/83 106/330/83 109/329/83
f 111/336/84 108/335/84 107/334/84 112/333/84
o cube
v -0.13958159231212092 0.502455028443505 0.11488481700385278
v 0.006491970579276751 0.32666584638415685 0.01358981369609702
v -0.13958159231212092 0.502455028443505 0.11488481700385278
v 0.006491970579276751 0.32666584638415685 0.01358981369609702
v -0.001851271503894858 0.3250111154776796 0.004430000533769851
v -0.14792483439529253 0.5008002975370276 0.10572500384152561
v -0.001851271503894858 0.3250111154776796 0.004430000533769851
v -0.14792483439529253 0.5008002975370276 0.10572500384152561
vt 0 1
vt 0.03125 1
vt 0.03125 1
vt 0 1
vt 0 1
vt 0.03125 1
vt 0.03125 1
vt 0 1
vt 0 1
vt 0.03125 1
vt 0.03125 1
vt 0 1
vt 0 1
vt 0.03125 1
vt 0.03125 1
vt 0 1
vt 0.4921875 0.25
vt 0.484375 0.25
vt 0.484375 0
vt 0.4921875 0
vt 0 1
vt 0.03125 1
vt 0.03125 0.96875
vt 0 0.96875
vn 0.5842942515655909 -0.7031567282373925 -0.40518001323102276
vn 0.6674593666537307 0.1323784725181848 0.7327850529861761
vn -0.5842942515655909 0.7031567282373925 0.40518001323102276
vn -0.6674593666537307 -0.1323784725181848 -0.7327850529861761
vn 0.461625629112603 0.6986032891049384 -0.5466765250110486
vn -0.461625629112603 -0.6986032891049384 0.5466765250110486
g Frond
f 116/340/85 119/339/85 117/338/85 114/337/85
f 115/344/86 116/343/86 114/342/86 113/341/86
f 120/348/87 115/347/87 113/346/87 118/345/87
f 119/352/88 120/351/88 118/350/88 117/349/88
f 118/356/89 113/355/89 114/354/89 117/353/89
f 119/360/90 116/359/90 115/358/90 120/357/90
o cube
v -0.3034693021996411 0.645238812781423 0.23836835068687667
v -0.1395748126391378 0.5024480604100017 0.11487990050263697
v -0.3034693021996411 0.645238812781423 0.23836835068687667
v -0.1395748126391378 0.5024480604100017 0.11487990050263697
v -0.1479180547223094 0.5007933295035243 0.1057200873403098
v -0.3118125442828127 0.6435840818749456 0.2292085375245495
v -0.1479180547223094 0.5007933295035243 0.1057200873403098
v -0.3118125442828127 0.6435840818749456 0.2292085375245495
vt 0 1
vt 0.03125 1
vt 0.03125 1
vt 0 1
vt 0 1
vt 0.03125 1
vt 0.03125 1
vt 0 1
vt 0 1
vt 0.03125 1
vt 0.03125 1
vt 0 1
vt 0 1
vt 0.03125 1
vt 0.03125 1
vt 0 1
vt 0.4921875 0.25
vt 0.484375 0.25
vt 0.484375 0
vt 0.4921875 0
vt 0 1
vt 0.03125 1
vt 0.03125 0.96875
vt 0 0.96875
vn 0.6555779582420133 -0.5711630094856861 -0.49395380073695894
vn 0.6674593666537308 0.13237847251818477 0.7327850529861761
vn -0.6555779582420133 0.5711630094856861 0.49395380073695894
vn -0.6674593666537308 -0.13237847251818477 -0.7327850529861761
vn 0.35315086653360167 0.8100918198630364 -0.468012509296023
vn -0.35315086653360167 -0.8100918198630364 0.468012509296023
g Frond
f 124/364/91 127/363/91 125/362/91 122/361/91
f 123/368/92 124/367/92 122/366/92 121/365/92
f 128/372/93 123/371/93 121/370/93 126/369/93
f 127/376/94 128/375/94 126/374/94 125/373/94
f 126/380/95 121/379/95 122/378/95 125/377/95
f 127/384/96 124/383/96 123/382/96 128/381/96
o cube
v -0.48257840574182037 0.7408043377454319 0.3842463679259418
v -0.30345991069133155 0.6452322865379545 0.2383609753780812
v -0.48257840574182037 0.7408043377454319 0.3842463679259418
v -0.30345991069133155 0.6452322865379545 0.2383609753780812
v -0.31180315277450316 0.6435775556314773 0.22920116221575404
v -0.490921647824992 0.7391496068389545 0.37508655476361463
v -0.31180315277450316 0.6435775556314773 0.22920116221575404
v -0.490921647824992 0.7391496068389545 0.37508655476361463
vt 0 1
vt 0.03125 1
vt 0.03125 1
vt 0 1
vt 0 1
vt 0.03125 1
vt 0.03125 1
vt 0 1
vt 0 1
vt 0.03125 1
vt 0.03125 1
vt 0 1
vt 0 1
vt 0.03125 1
vt 0.03125 1
vt 0 1
vt 0.4921875 0.5078125
vt 0.484375 0.5078125
vt 0.484375 0.7421875
vt 0.4921875 0.7421875
vt 0 1
vt 0.03125 1
vt 0.03125 0.96875
vt 0 0.96875
vn 0.7164739802019552 -0.3822882048299092 -0.5835415701914421
vn 0.6674593666537307 0.1323784725181848 0.732785052986176
vn -0.7164739802019552 0.3822882048299092 0.5835415701914421
vn -0.6674593666537307 -0.1323784725181848 -0.732785052986176
vn 0.20288674071946872 0.9145117104016098 -0.35000757417312195
vn -0.20288674071946872 -0.9145117104016098 0.35000757417312195
g Frond
f 132/388/97 135/387/97 133/386/97 130/385/97
f 131/392/98 132/391/98 130/390/98 129/389/98
f 136/396/99 131/395/99 129/394/99 134/393/99
f 135/400/100 136/399/100 134/398/100 133/397/100
f 134/404/101 129/403/101 130/402/101 133/401/101
f 135/408/102 132/407/102 131/406/102 136/405/102
o cube
v -0.14583902387449965 0.501213980263647 0.10801495713210729
v 0.0002345390168980721 0.3254247982042989 0.006719953824351643
v -0.14583902387449965 0.501213980263647 0.10801495713210729
v 0.0002345390168980721 0.3254247982042989 0.006719953824351643
v -0.1876534578650776 0.2553132981198235 -0.14255321249693764
v -0.3337270207564753 0.43110248017917163 -0.041258209189181994
v -0.1876534578650776 0.2553132981198235 -0.14255321249693764
v -0.3337270207564753 0.43110248017917163 -0.041258209189181994
vt 0 1
vt 0.03125 1
vt 0.03125 1
vt 0 1
vt 0 1
vt 0.03125 1
vt 0.03125 1
vt 0 1
vt 0 1
vt 0.03125 1
vt 0.03125 1
vt 0 1
vt 0 1
vt 0.03125 1
vt 0.03125 1
vt 0 1
vt 0.2421875 0
vt 0.484375 0
vt 0.484375 0.25
vt 0.2421875 0.25
vt 0 1
vt 0.03125 1
vt 0.03125 0.96875
vt 0 0.96875
vn 0.5842942515655908 -0.7031567282373925 -0.4051800132310228
vn 0.7515519875279028 0.28044600033790135 0.5970926652851576
vn -0.5842942515655908 0.7031567282373925 0.4051800132310228
vn -0.7515519875279028 -0.28044600033790135 -0.5970926652851576
vn 0.30621861084895735 0.6533916562284521 -0.6923218225224274
vn -0.30621861084895735 -0.6533916562284521 0.6923218225224274
g Frond
f 140/412/103 143/411/103 141/410/103 138/409/103
f 139/416/104 140/415/104 138/414/104 137/413/104
f 144/420/105 139/419/105 137/418/105 142/417/105
f 143/424/106 144/423/106 142/422/106 141/421/106
f 142/428/107 137/427/107 138/426/107 141/425/107
f 143/432/108 140/431/108 139/430/108 144/429/108
o cube
v -0.30345775293785504 0.6452426774404729 0.23837920602654927
v -0.13956326337735175 0.5024519250690513 0.11489075584230957
v -0.30345775293785504 0.6452426774404729 0.23837920602654927
v -0.13956326337735175 0.5024519250690513 0.11489075584230957
v -0.32359286595303616 0.41806818089096975 -0.03178060841917035
v -0.48748735551353944 0.5608589332623912 0.09170784176506941
v -0.32359286595303616 0.41806818089096975 -0.03178060841917035
v -0.48748735551353944 0.5608589332623912 0.09170784176506941
vt 0 1
vt 0.03125 1
vt 0.03125 1
vt 0 1
vt 0 1
vt 0.03125 1
vt 0.03125 1
vt 0 1
vt 0 1
vt 0.03125 1
vt 0.03125 1
vt 0 1
vt 0 1
vt 0.03125 1
vt 0.03125 1
vt 0 1
vt 0.2421875 0.25
vt 0.484375 0.25
vt 0.484375 0.5
vt 0.2421875 0.5
vt 0 1
vt 0.03125 1
vt 0.03125 0.96875
vt 0 0.96875
vn 0.6555779582420133 -0.571163009485686 -0.49395380073695905
vn 0.7361184103027376 0.3375349767123267 0.5866854570459197
vn -0.6555779582420133 0.571163009485686 0.49395380073695905
vn -0.7361184103027376 -0.3375349767123267 -0.5866854570459197
vn 0.1683663466391177 0.7482265406219317 -0.6417240974346634
vn -0.1683663466391177 -0.7482265406219317 0.6417240974346634
g Frond
f 148/436/109 151/435/109 149/434/109 146/433/109
f 147/440/110 148/439/110 146/438/110 145/437/110
f 152/444/111 147/443/111 145/442/111 150/441/111
f 151/448/112 152/447/112 150/446/112 149/445/112
f 150/452/113 145/451/113 146/450/113 149/449/113
f 151/456/114 148/455/114 147/454/114 152/453/114
o cube
v -0.4825614681796066 0.7408118495035332 0.38426222082071537
v -0.30344297312911783 0.6452397982960558 0.2383768282728549
v -0.4825614681796066 0.7408118495035332 0.38426222082071537
v -0.30344297312911783 0.6452397982960558 0.2383768282728549
v -0.477016333617673 0.5271722379012518 0.10261107518641044
v -0.6561348286681618 0.6227442891087291 0.24849646773427092
v -0.477016333617673 0.5271722379012518 0.10261107518641044
v -0.6561348286681618 0.6227442891087291 0.24849646773427092
vt 0 1
vt 0.03125 1
vt 0.03125 1
vt 0 1
vt 0 1
vt 0.03125 1
vt 0.03125 1
vt 0 1
vt 0 1
vt 0.03125 1
vt 0.03125 1
vt 0 1
vt 0 1
vt 0.03125 1
vt 0.03125 1
vt 0 1
vt 0.2421875 0.5
vt 0.484375 0.5
vt 0.484375 0.75
vt 0.2421875 0.75
vt 0 1
vt 0.03125 1
vt 0.03125 0.96875
vt 0 0.96875
vn 0.716473980201955 -0.3822882048299095 -0.5835415701914421
vn 0.6942934419542206 0.4722702415792158 0.5430630123457778
vn -0.716473980201955 0.3822882048299095 0.5835415701914421
vn -0.6942934419542206 -0.4722702415792158 -0.5430630123457778
vn -0.06798273422663717 0.7942396032474298 -0.6037895332650576
vn 0.06798273422663717 -0.7942396032474298 0.6037895332650576
g Frond
f 156/460/115 159/459/115 157/458/115 154/457/115
f 155/464/116 156/463/116 154/462/116 153/461/116
f 160/468/117 155/467/117 153/466/117 158/465/117
f 159/472/118 160/471/118 158/470/118 157/469/118
f 158/476/119 153/475/119 154/474/119 157/473/119
f 159/480/120 156/479/120 155/478/120 160/477/120
o cube
v -0.3075062819090129 0.4985121986295382 0.08634230557701883
v -0.18332333805179613 0.29372418755729 0.1580393555583679
v -0.3075062819090129 0.4985121986295382 0.08634230557701883
v -0.18332333805179613 0.29372418755729 0.1580393555583679
v -0.022900423557169536 0.3247603573825315 -0.031172812833700603
v -0.14708336741438632 0.5295483684547797 -0.10286986281504978
v -0.022900423557169536 0.3247603573825315 -0.031172812833700603
v -0.14708336741438632 0.5295483684547797 -0.10286986281504978
vt 0 1
vt 0.03125 1
vt 0.03125 1
vt 0 1
vt 0 1
vt 0.03125 1
vt 0.03125 1
vt 0 1
vt 0 1
vt 0.03125 1
vt 0.03125 1
vt 0 1
vt 0 1
vt 0.03125 1
vt 0.03125 1
vt 0 1
vt 0.4921875 0
vt 0.734375 0
vt 0.734375 0.25
vt 0.4921875 0.25
vt 0 1
vt 0.03125 1
vt 0.03125 0.96875
vt 0 0.96875
vn 0.4967317754288675 -0.8191520442889928 0.28678819992539684
vn -0.6416916579785064 -0.12414467930096562 0.7568486735682741
vn -0.4967317754288675 0.8191520442889928 -0.28678819992539684
vn 0.6416916579785064 0.12414467930096562 -0.7568486735682741
vn 0.5843709090638248 0.5599803808513513 0.5873096403955026
vn -0.5843709090638248 -0.5599803808513513 -0.5873096403955026
g Frond
f 164/484/121 167/483/121 165/482/121 162/481/121
f 163/488/122 164/487/122 162/486/122 161/485/122
f 168/492/123 163/491/123 161/490/123 166/489/123
f 167/496/124 168/495/124 166/494/124 165/493/124
f 166/500/125 161/499/125 162/498/125 165/497/125
f 167/504/126 164/503/126 163/502/126 168/501/126
o cube
v -0.4591967986877424 0.661728898662751 -0.003991940510900904
v -0.3061036871696343 0.4849522033661138 0.0843964026442009
v -0.4591967986877424 0.661728898662751 -0.003991940510900904
v -0.3061036871696343 0.4849522033661138 0.0843964026442009
v -0.1457395492662079 0.5307053830077033 -0.10185608680808883
v -0.298832660784316 0.7074820783043405 -0.19024442996319058
v -0.1457395492662079 0.5307053830077033 -0.10185608680808883
v -0.298832660784316 0.7074820783043405 -0.19024442996319058
vt 0 1
vt 0.03125 1
vt 0.03125 1
vt 0 1
vt 0 1
vt 0.03125 1
vt 0.03125 1
vt 0 1
vt 0 1
vt 0.03125 1
vt 0.03125 1
vt 0 1
vt 0 1
vt 0.03125 1
vt 0.03125 1
vt 0 1
vt 0.4921875 0.25
vt 0.734375 0.25
vt 0.734375 0.5
vt 0.4921875 0.5
vt 0 1
vt 0.03125 1
vt 0.03125 0.96875
vt 0 0.96875
vn 0.6123724460724325 -0.7071067811865487 0.3535533726204071
vn -0.6414565516137057 -0.18301271856635815 0.7450099578091586
vn -0.6123724460724325 0.7071067811865487 -0.3535533726204071
vn 0.6414565516137057 0.18301271856635815 -0.7450099578091586
vn 0.46209682933679547 0.683012697424396 0.5656502236134371
vn -0.46209682933679547 -0.683012697424396 -0.5656502236134371
g Frond
f 172/508/127 175/507/127 173/506/127 170/505/127
f 171/512/128 172/511/128 170/510/128 169/509/128
f 176/516/129 171/515/129 169/514/129 174/513/129
f 175/520/130 176/519/130 174/518/130 173/517/130
f 174/524/131 169/523/131 170/522/131 173/521/131
f 175/528/132 172/527/132 171/526/132 176/525/132
o cube
v -0.6414203223286966 0.7611129768314757 -0.12134539443440656
v -0.45882071554292136 0.6267880747447694 -0.0159214679230259
v -0.6414203223286966 0.7611129768314757 -0.12134539443440656
v -0.45882071554292136 0.6267880747447694 -0.0159214679230259
v -0.29881868089999786 0.7074760620596074 -0.19024529765724568
v -0.4814182876857731 0.8418009641463138 -0.29566922416862634
v -0.29881868089999786 0.7074760620596074 -0.19024529765724568
v -0.4814182876857731 0.8418009641463138 -0.29566922416862634
vt 0 1
vt 0.03125 1
vt 0.03125 1
vt 0 1
vt 0 1
vt 0.03125 1
vt 0.03125 1
vt 0 1
vt 0 1
vt 0.03125 1
vt 0.03125 1
vt 0 1
vt 0 1
vt 0.03125 1
vt 0.03125 1
vt 0 1
vt 0.4921875 0.5
vt 0.734375 0.5
vt 0.734375 0.75
vt 0.4921875 0.75
vt 0 1
vt 0.03125 1
vt 0.03125 0.96875
vt 0 0.96875
vn 0.7303984271431013 -0.5372996083468254 0.42169570604552253
vn -0.6400081385716943 -0.32275194925935197 0.6972953189368791
vn -0.7303984271431013 0.5372996083468254 -0.42169570604552253
vn 0.6400081385716943 0.32275194925935197 -0.6972953189368791
vn 0.23855339064636885 0.7791920880756149 0.5796136382897529
vn -0.23855339064636885 -0.7791920880756149 -0.5796136382897529
g Frond
f 180/532/133 183/531/133 181/530/133 178/529/133
f 179/536/134 180/535/134 178/534/134 177/533/134
f 184/540/135 179/539/135 177/538/135 182/537/135
f 183/544/136 184/543/136 182/542/136 181/541/136
f 182/548/137 177/547/137 178/546/137 181/545/137
f 183/552/138 180/551/138 179/550/138 184/549/138
o cube
v -0.14575500802270175 0.5307122246613918 -0.10184633091261441
v -0.02157206416548496 0.3259242135891436 -0.030149280931265232
v -0.14575500802270175 0.5307122246613918 -0.10184633091261441
v -0.02157206416548496 0.3259242135891436 -0.030149280931265232
v -0.015322064296333038 0.32592421380492287 -0.04097459855411584
v -0.13950500815354988 0.530712224877171 -0.11267164853546502
v -0.015322064296333038 0.32592421380492287 -0.04097459855411584
v -0.13950500815354988 0.530712224877171 -0.11267164853546502
vt 0 1
vt 0.03125 1
vt 0.03125 1
vt 0 1
vt 0 1
vt 0.03125 1
vt 0.03125 1
vt 0 1
vt 0 1
vt 0.03125 1
vt 0.03125 1
vt 0 1
vt 0 1
vt 0.03125 1
vt 0.03125 1
vt 0 1
vt 0.4921875 0.25
vt 0.484375 0.25
vt 0.484375 0
vt 0.4921875 0
vt 0 1
vt 0.03125 1
vt 0.03125 0.96875
vt 0 0.96875
vn 0.4967317754288675 -0.8191520442889928 0.28678819992539684
vn -0.4999999895321533 0 0.8660254098280527
vn -0.4967317754288675 0.8191520442889928 -0.28678819992539684
vn 0.4999999895321533 0 -0.8660254098280527
vn 0.709406479916227 0.5735764363510443 0.4095760221444906
vn -0.709406479916227 -0.5735764363510443 -0.4095760221444906
g Frond
f 188/556/139 191/555/139 189/554/139 186/553/139
f 187/560/140 188/559/140 186/558/140 185/557/140
f 192/564/141 187/563/141 185/562/141 190/561/141
f 191/568/142 192/567/142 190/566/142 189/565/142
f 190/572/143 185/571/143 186/570/143 189/569/143
f 191/576/144 188/575/144 187/574/144 192/573/144
o cube
v -0.2988420549126437 0.7074805743110804 -0.19023117265327594
v -0.14574894339453565 0.5307038790144432 -0.10184282949817419
v -0.2988420549126437 0.7074805743110804 -0.19023117265327594
v -0.14574894339453565 0.5307038790144432 -0.10184282949817419
v -0.13949894352538378 0.5307038792302223 -0.1126681471210248
v -0.2925920550434918 0.7074805745268598 -0.2010564902761266
v -0.13949894352538378 0.5307038792302223 -0.1126681471210248
v -0.2925920550434918 0.7074805745268598 -0.2010564902761266
vt 0 1
vt 0.03125 1
vt 0.03125 1
vt 0 1
vt 0 1
vt 0.03125 1
vt 0.03125 1
vt 0 1
vt 0 1
vt 0.03125 1
vt 0.03125 1
vt 0 1
vt 0 1
vt 0.03125 1
vt 0.03125 1
vt 0 1
vt 0.4921875 0.25
vt 0.484375 0.25
vt 0.484375 0
vt 0.4921875 0
vt 0 1
vt 0.03125 1
vt 0.03125 0.96875
vt 0 0.96875
vn 0.6123724460724324 -0.7071067811865487 0.3535533726204071
vn -0.4999999895321533 0 0.8660254098280527
vn -0.6123724460724324 0.7071067811865487 -0.3535533726204071
vn 0.4999999895321533 0 -0.8660254098280527
vn 0.612372433866118 0.7071067811865461 0.3535533937623698
vn -0.612372433866118 -0.7071067811865461 -0.3535533937623698
g Frond
f 196/580/145 199/579/145 197/578/145 194/577/145
f 195/584/146 196/583/146 194/582/146 193/581/146
f 200/588/147 195/587/147 193/586/147 198/585/147
f 199/592/148 200/591/148 198/590/148 197/589/148
f 198/596/149 193/595/149 194/594/149 197/593/149
f 199/600/150 196/599/150 195/598/150 200/597/150
o cube
v -0.48143247061500566 0.8417969586058431 -0.29564979269049174
v -0.2988328638292304 0.7074720565191368 -0.19022586617911108
v -0.48143247061500566 0.8417969586058431 -0.29564979269049174
v -0.2988328638292304 0.7074720565191368 -0.19022586617911108
v -0.29258286396007854 0.707472056734916 -0.20105118380196169
v -0.4751824707458538 0.8417969588216225 -0.3064751103133424
v -0.29258286396007854 0.707472056734916 -0.20105118380196169
v -0.4751824707458538 0.8417969588216225 -0.3064751103133424
vt 0 1
vt 0.03125 1
vt 0.03125 1
vt 0 1
vt 0 1
vt 0.03125 1
vt 0.03125 1
vt 0 1
vt 0 1
vt 0.03125 1
vt 0.03125 1
vt 0 1
vt 0 1
vt 0.03125 1
vt 0.03125 1
vt 0 1
vt 0.4921875 0.5078125
vt 0.484375 0.5078125
vt 0.484375 0.7421875
vt 0.4921875 0.7421875
vt 0 1
vt 0.03125 1
vt 0.03125 0.96875
vt 0 0.96875
vn 0.7303984271431013 -0.5372996083468252 0.42169570604552276
vn -0.49999998953215324 0 0.8660254098280524
vn -0.7303984271431013 0.5372996083468252 -0.42169570604552276
vn 0.49999998953215324 0 -0.8660254098280524
vn 0.46531510623955746 0.8433914458128846 0.2686498111574281
vn -0.46531510623955746 -0.8433914458128846 -0.2686498111574281
g Frond
f 204/604/151 207/603/151 205/602/151 202/601/151
f 203/608/152 204/607/152 202/606/152 201/605/152
f 208/612/153 203/611/153 201/610/153 206/609/153
f 207/616/154 208/615/154 206/614/154 205/613/154
f 206/620/155 201/619/155 202/618/155 205/617/155
f 207/624/156 204/623/156 203/622/156 208/621/156
o cube
v -0.14106750812083785 0.5307122248232261 -0.10996531912975238
v -0.01688456426362106 0.325924213750978 -0.0382682691484032
v -0.14106750812083785 0.5307122248232261 -0.10996531912975238
v -0.01688456426362106 0.325924213750978 -0.0382682691484032
v 0.06676651791187715 0.29488805235231297 -0.27180467559610044
v -0.05741642594533958 0.49967606342456117 -0.3435017255774496
v 0.06676651791187715 0.29488805235231297 -0.27180467559610044
v -0.05741642594533958 0.49967606342456117 -0.3435017255774496
vt 0 1
vt 0.03125 1
vt 0.03125 1
vt 0 1
vt 0 1
vt 0.03125 1
vt 0.03125 1
vt 0 1
vt 0 1
vt 0.03125 1
vt 0.03125 1
vt 0 1
vt 0 1
vt 0.03125 1
vt 0.03125 1
vt 0 1
vt 0.2421875 0
vt 0.484375 0
vt 0.484375 0.25
vt 0.2421875 0.25
vt 0 1
vt 0.03125 1
vt 0.03125 0.96875
vt 0 0.96875
vn 0.4967317754288675 -0.8191520442889928 0.28678819992539684
vn -0.33460432870199297 0.12414464559466014 0.934145625790789
vn -0.4967317754288675 0.8191520442889928 -0.28678819992539684
vn 0.33460432870199297 -0.12414464559466014 -0.934145625790789
vn 0.8008105184706142 0.5599803883238592 0.21242522966796057
vn -0.8008105184706142 -0.5599803883238592 -0.21242522966796057
g Frond
f 212/628/157 215/627/157 213/626/157 210/625/157
f 211/632/158 212/631/158 210/630/158 209/629/158
f 216/636/159 211/635/159 209/634/159 214/633/159
f 215/640/160 216/639/160 214/638/160 213/637/160
f 214/644/161 209/643/161 210/642/161 213/641/161
f 215/648/162 212/647/162 211/646/162 216/645/162
o cube
v -0.2988488374043303 0.7074820782356042 -0.19021641137100354
v -0.14575572588622226 0.530705382938967 -0.10182806821590185
v -0.2988488374043303 0.7074820782356042 -0.19021641137100354
v -0.14575572588622226 0.530705382938967 -0.10182806821590185
v -0.06463841227296341 0.484952211634447 -0.33383373355135754
v -0.21773152379107147 0.6617289069310841 -0.4222220767064592
v -0.06463841227296341 0.484952211634447 -0.33383373355135754
v -0.21773152379107147 0.6617289069310841 -0.4222220767064592
vt 0 1
vt 0.03125 1
vt 0.03125 1
vt 0 1
vt 0 1
vt 0.03125 1
vt 0.03125 1
vt 0 1
vt 0 1
vt 0.03125 1
vt 0.03125 1
vt 0 1
vt 0 1
vt 0.03125 1
vt 0.03125 1
vt 0 1
vt 0.2421875 0.25
vt 0.484375 0.25
vt 0.484375 0.5
vt 0.2421875 0.5
vt 0 1
vt 0.03125 1
vt 0.03125 0.96875
vt 0 0.96875
vn 0.6123724460724324 -0.7071067811865487 0.353553372620407
vn -0.3244692544530355 0.1830126852180797 0.9280226613418228
vn -0.6123724460724324 0.7071067811865487 -0.353553372620407
vn 0.3244692544530355 -0.1830126852180797 -0.9280226613418228
vn 0.72091586902076 0.6830127063600401 0.11736248440100555
vn -0.72091586902076 -0.6830127063600401 -0.11736248440100555
g Frond
f 220/652/163 223/651/163 221/650/163 218/649/163
f 219/656/164 220/655/164 218/654/164 217/653/164
f 224/660/165 219/659/165 217/658/165 222/657/165
f 223/664/166 224/663/166 222/662/166 221/661/166
f 222/668/167 217/667/167 218/666/167 221/665/167
f 223/672/168 220/671/168 219/670/168 224/669/168
o cube
v -0.4814422057077579 0.8418009640252535 -0.2956277970913711
v -0.29884259892198267 0.707476061938547 -0.19020387057999055
v -0.4814422057077579 0.8418009640252535 -0.2956277970913711
v -0.29884259892198267 0.707476061938547 -0.19020387057999055
v -0.22787475527259926 0.6267880825978698 -0.4159316162331891
v -0.4104743620583745 0.7611129846845763 -0.5213555427445697
v -0.22787475527259926 0.6267880825978698 -0.4159316162331891
v -0.4104743620583745 0.7611129846845763 -0.5213555427445697
vt 0 1
vt 0.03125 1
vt 0.03125 1
vt 0 1
vt 0 1
vt 0.03125 1
vt 0.03125 1
vt 0 1
vt 0 1
vt 0.03125 1
vt 0.03125 1
vt 0 1
vt 0 1
vt 0.03125 1
vt 0.03125 1
vt 0 1
vt 0.2421875 0.5
vt 0.484375 0.5
vt 0.484375 0.75
vt 0.2421875 0.75
vt 0 1
vt 0.03125 1
